Epoch Time,y
1710802119.1007974,4.075793955061171
1710802119.1009104,4.065284464094374
1710802119.1010232,4.051972760094537
1710802119.1011362,4.0369092093573675
1710802119.1012492,4.019743866390652
1710802119.1013622,4.001177416907416
1710802119.101475,3.9829611778259277
1710802119.101588,3.9636937777201333
1710802119.101701,3.9444266425238714
1710802119.101814,3.9248092969258623
1710802119.1019268,3.9023892084757485
1710802119.1020398,3.8778673277960882
1710802119.1021528,3.850192493862576
1710802119.1022658,3.8197154468960233
1710802119.1023786,3.785734971364339
1710802119.1024916,3.7507038646274142
1710802119.1026046,3.7135707007514105
1710802119.1027176,3.67608732647366
1710802119.1028304,3.6389541625976562
1710802119.1029434,3.6018209987216525
1710802119.1030564,3.5636369387308755
1710802119.1031694,3.524051507314046
1710802119.1032822,3.4827147589789496
1710802119.1033952,3.438225057390001
1710802119.1035082,3.3909328778584795
1710802119.1036212,3.342589537302653
1710802119.103734,3.2914439837137857
1710802119.103847,3.2395977444118924
1710802119.10396,3.187401294708252
1710802119.104073,3.134854369693332
1710802119.1041858,3.082657655080159
1710802119.1042988,3.029410309261746
1710802119.1044118,2.9747613271077475
1710802119.1045249,2.918361028035482
1710802119.1046376,2.8591582510206432
1710802119.1047506,2.7971529960632324
1710802119.1048636,2.7330456839667425
1710802119.1049767,2.667187054951986
1710802119.1050894,2.599927054511176
1710802119.1052024,2.5319663683573403
1710802119.1053154,2.463655471801758
1710802119.1054285,2.3953443103366427
1710802119.1055412,2.3252818319532604
1710802119.1056542,2.2548691431681314
1710802119.1057673,2.180602815416124
1710802119.1058803,2.1056359344058566
1710802119.105993,2.0275162325965033
1710802119.106106,1.9476449489593506
1710802119.106219,1.8642705016665988
1710802119.106332,1.7822974257998996
1710802119.1064448,1.6982224252488878
1710802119.1065578,1.6130963961283364
1710802119.1066709,1.5276201566060383
1710802119.1067839,1.441092888514201
1710802119.1068966,1.3542154100206163
1710802119.1070096,1.265236006842719
1710802119.1071227,1.1755560504065619
1710802119.1072357,1.0844747225443523
1710802119.1073484,0.9926928414238824
1710802119.1074615,0.8988090356190999
1710802119.1075745,0.8052755726708306
1710802119.1076875,0.7106912136077881
1710802119.1078002,0.6168074078030056
1710802119.1079133,0.5215223961406283
1710802119.1080263,0.4251864221360948
1710802119.1081393,0.3285001715024312
1710802119.108252,0.23181388775507608
1710802119.108365,0.13477729426489934
1710802119.108478,0.03563883403937022
1710802119.108591,-0.0627867215209537
1710802119.1087039,-0.16155554188622367
1710802119.1088169,-0.2606746223237779
1710802119.1089299,-0.3608444333076477
1710802119.109043,-0.4610142111778259
1710802119.1091557,-0.5615342987908257
1710802119.1092687,-0.6634552611245049
1710802119.1093817,-0.7636251052220662
1710802119.1094947,-0.8648456467522515
1710802119.1096075,-0.9643149375915527
1710802119.1097205,-1.0634340180291069
1710802119.1098335,-1.1611521244049072
1710802119.1099465,-1.2588702307807074
1710802119.1100593,-1.3562379942999945
1710802119.1101723,-1.4525551266140408
1710802119.1102853,-1.54852204852634
1710802119.1103983,-1.6455396016438801
1710802119.110511,-1.7418567339579263
1710802119.110624,-1.8378236558702257
1710802119.110737,-1.9313388400607638
1710802119.11085,-2.023803260591295
1710802119.1109629,-2.114866707060072
1710802119.1110759,-2.204178969065348
1710802119.111189,-2.289988729688856
1710802119.111302,-2.3761487007141113
1710802119.1114147,-2.4609078301323786
1710802119.1115277,-2.544966538747152
1710802119.1116407,-2.6276241408454046
1710802119.1117537,-2.7102814780341253
1710802119.1118665,-2.7901371320088706
1710802119.1119795,-2.8692923651801214
1710802119.1120925,-2.9452954398261175
1710802119.1122055,-3.0191969871520996
1710802119.1123183,-3.089595900641547
1710802119.1124313,-3.158593972524007
1710802119.1125443,-3.2251403066847057
1710802119.1126573,-3.28993558883667
1710802119.11277,-3.3536799748738604
1710802119.112883,-3.4170741505093045
1710802119.112996,-3.478717009226481
1710802119.113109,-3.540009922451443
1710802119.113222,-3.598500622643365
1710802119.113335,-3.6552400059170194
1710802119.113448,-3.709177705976698
1710802119.113561,-3.7603131930033364
1710802119.1136737,-3.8079465760125055
1710802119.1137867,-3.854178852505154
1710802119.1138997,-3.8986598120795355
1710802119.1140127,-3.94138945473565
1710802119.1141255,-3.9827182557847762
1710802119.1142385,-4.022646215226915
1710802119.1143515,-4.060822592841254
1710802119.1144645,-4.097248183356391
1710802119.1145773,-4.131571981641981
1710802119.1146903,-4.163444307115343
1710802119.1148033,-4.191463788350423
1710802119.1149163,-4.21738174226549
1710802119.115029,-4.2404980129665795
1710802119.115142,-4.2604618602328825
1710802119.115255,-4.2790248658921985
1710802119.1153681,-4.295136133829753
1710802119.115481,-4.31054671605428
1710802119.115594,-4.324556456671821
1710802119.115707,-4.337165355682373
1710802119.11582,-4.349073568979899
1710802119.1159327,-4.35782962375217
1710802119.1160457,-4.364834626515706
1710802119.1161587,-4.3690374162462025
1710802119.1162717,-4.3697381019592285
1710802119.1163845,-4.368336995442708
1710802119.1164975,-4.364834626515706
1710802119.1166105,-4.360631571875678
1710802119.1167235,-4.354327254825168
1710802119.1168363,-4.348022937774658
1710802119.1169493,-4.340667724609375
1710802119.1170623,-4.332612090640597
1710802119.1171753,-4.322805404663086
1710802119.117288,-4.31054671605428
1710802119.1174011,-4.295136133829753
1710802119.1175141,-4.27622291776869
1710802119.1176271,-4.254857963985867
1710802119.11774,-4.231041272481282
1710802119.117853,-4.206173949771457
1710802119.117966,-4.179555575052897
1710802119.118079,-4.1532871458265515
1710802119.1181917,-4.125968085394965
1710802119.1183047,-4.098649024963379
1710802119.1184177,-4.06922870212131
1710802119.1185308,-4.037706587049696
1710802119.1186435,-4.00268210305108
1710802119.1187565,-3.9659065670437283
1710802119.1188695,-3.9256283971998425
1710802119.1189826,-3.883248964945475
1710802119.1190953,-3.8387680053710938
1710802119.1192083,-3.7935866249932184
1710802119.1193213,-3.7484049797058105
1710802119.1194344,-3.7025231785244412
1710802119.1195471,-3.6566411124335394
1710802119.1196601,-3.6086575190226235
1710802119.1197731,-3.5599737697177463
1710802119.1198862,-3.5070869657728405
1710802119.119999,-3.451748424106174
1710802119.120112,-3.394308355119493
1710802119.120225,-3.335467179616292
1710802119.120338,-3.2731239000956216
1710802119.1204507,-3.2114807764689126
1710802119.1205637,-3.149137496948242
1710802119.1206768,-3.087144162919786
1710802119.1207898,-3.0241001976860895
1710802119.1209025,-2.9596553908454046
1710802119.1210155,-2.893459267086453
1710802119.1211286,-2.825161616007487
1710802119.1212416,-2.7544124921162925
1710802119.1213543,-2.682261996799045
1710802119.1214674,-2.6073098182678223
1710802119.1215804,-2.5313070085313583
1710802119.1216934,-2.4542533026801214
1710802119.1218061,-2.376498911115858
1710802119.1219192,-2.2976941532558866
1710802119.1220322,-2.2188891304863825
1710802119.1221452,-2.1383330557081432
1710802119.122258,-2.0567262172698975
1710802119.122371,-1.9723174307081435
1710802119.122484,-1.8865075376298692
1710802119.122597,-1.7992968029446073
1710802119.1227098,-1.709984540939331
1710802119.1228228,-1.6189210944705539
1710802119.1229358,-1.5271570947435167
1710802119.1230488,-1.4346926742129855
1710802119.1231616,-1.3408272796207004
1710802119.1232746,-1.2466116746266682
1710802119.1233876,-1.151695516374376
1710802119.1235006,-1.056429147720337
1710802119.1236134,-0.9587110413445367
1710802119.1237264,-0.8613432115978664
1710802119.1238394,-0.7625743415620592
1710802119.1239524,-0.6645060247845119
1710802119.1240652,-0.5646864573160807
1710802119.1241782,-0.4652171664767795
1710802119.1242912,-0.3657478425237867
1710802119.1244042,-0.26487754450904
1710802119.124517,-0.16400726305113897
1710802119.12463,-0.06348720855183071
1710802119.124743,0.03704008128907945
1710802119.124856,0.13722947902149624
1710802119.1249688,0.23741887675391302
1710802119.1250818,0.3365573618147108
1710802119.1251948,0.4356958137618171
1710802119.1253078,0.5341336462232802
1710802119.1254206,0.633272131284078
1710802119.1255336,0.7324105501174927
1710802119.1256466,0.8315490351782905
1710802119.1257596,0.9303371773825752
1710802119.1258724,1.0291253195868597
1710802119.1259854,1.1272128423055012
1710802119.1260984,1.2231985727945964
1710802119.1262114,1.3177829318576388
1710802119.1263242,1.4113163948059082
1710802119.1264372,1.5027479330698648
1710802119.1265502,1.5934789180755615
1710802119.1266632,1.683859560224745
1710802119.126776,1.7738898595174153
1710802119.126889,1.8625189198387992
1710802119.127002,1.9518486658732095
1710802119.127115,2.0401275157928467
1710802119.1272278,2.125954098171658
1710802119.1273408,2.210379441579183
1710802119.1274538,2.291651831732856
1710802119.1275668,2.3708224296569824
1710802119.1276796,2.4478912353515625
1710802119.1277926,2.5225077735053167
1710802119.1279056,2.5960734155442977
1710802119.1280186,2.668938636779785
1710802119.1281314,2.74180359310574
1710802119.1282444,2.8132674429151745
1710802119.1283574,2.883329921298557
1710802119.1284704,2.9502394464280868
1710802119.1285832,3.0167990260654025
1710802119.1286962,3.07950496673584
1710802119.1288092,3.139408429463704
1710802119.1289222,3.1965094142489963
1710802119.129035,3.2511581314934626
1710802119.129148,3.303705056508382
1710802119.129261,3.3559015062120223
1710802119.129374,3.4059961636861162
1710802119.1294868,3.4553904003567166
1710802119.1295998,3.502682579888238
1710802119.1297128,3.5492740737067328
1710802119.1298258,3.592362668779161
1710802119.1299386,3.633699417114258
1710802119.1300516,3.6722336875067816
1710802119.1301646,3.708315955268012
1710802119.1302776,3.742296430799696
1710802119.1303904,3.7741748491923013
1710802119.1305034,3.8043016857571073
1710802119.1306164,3.834428522321913
1710802119.1307294,3.8635044627719455
1710802119.1308422,3.889777925279405
1710802119.1309552,3.9171022839016385
1710802119.1310682,3.941624164581299
1710802119.1311812,3.9629933569166393
1710802119.131294,3.9836615986294217
1710802119.131407,4.0001265207926435
1710802119.13152,4.014489120907253
1710802119.131633,4.025348822275798
1710802119.1317458,4.034807417127821
1710802119.1318588,4.042864640553792
1710802119.1319718,4.050921599070231
1710802119.1320848,4.05617634455363
1710802119.1321976,4.060730404324001
1710802119.1323106,4.064934253692627
1710802119.1324236,4.0670360459221735
1710802119.1325366,4.066335360209147
1710802119.1326494,4.063182671864827
1710802119.1327624,4.057577715979682
1710802119.1328754,4.049170282151964
1710802119.1329885,4.039011001586914
1710802119.1331012,4.02675019370185
1710802119.1332142,4.0134382247924805
1710802119.1333272,4.0001265207926435
1710802119.1334403,3.9864640765719943
1710802119.133553,3.972451686859131
1710802119.133666,3.957037925720215
1710802119.133779,3.939872582753499
1710802119.133892,3.920605447557237
1710802119.1340048,3.8988860448201494
1710802119.1341178,3.8740139537387424
1710802119.1342309,3.8484411769443088
1710802119.1343439,3.8204161326090493
1710802119.1344566,3.792741298675537
1710802119.1345696,3.765066729651557
1710802119.1346827,3.7366912100050182
1710802119.1347957,3.709016640981038
1710802119.1349084,3.6792400148179794
1710802119.1350214,3.6477118068271213
1710802119.1351345,3.6137315962049694
1710802119.1352475,3.576948907640245
1710802119.1353602,3.5359621047973633
1710802119.1354733,3.493574460347493
1710802119.1355863,3.449084758758545
1710802119.1356993,3.403544161054823
1710802119.135812,3.357302877638075
1710802119.135925,3.311061594221327
1710802119.136038,3.2637694146898055
1710802119.136151,3.2168274455600314
1710802119.1362638,3.1674334737989636
1710802119.1363769,3.1155872344970703
1710802119.1364899,3.061638938056098
1710802119.1366029,3.0045379532708063
1710802119.1367157,2.945685386657715
1710802119.1368287,2.885081503126356
1710802119.1369417,2.8241271442837186
1710802119.1370547,2.7628223101298013
1710802119.1371675,2.7018679512871637
1710802119.1372805,2.6391620106167264
1710802119.1373935,2.576806280348036
1710802119.1375065,2.5119985474480524
1710802119.1376193,2.446139653523763
1710802119.1377323,2.37642765045166
1710802119.1378453,2.3049638006422253
1710802119.1379583,2.2313981586032443
1710802119.138071,2.157131830851237
1710802119.138184,2.0811140537261963
1710802119.138297,2.003694905175103
1710802119.13841,1.9269764423370361
1710802119.1385229,1.8488567405276828
1710802119.1386359,1.7696861426035562
1710802119.138749,1.6901652018229165
1710802119.138862,1.6088926792144775
1710802119.1389747,1.5248176786634657
1710802119.1390877,1.4393414391411674
1710802119.1392007,1.3524638281928167
1710802119.1393137,1.264535453584459
1710802119.1394265,1.1759062608083088
1710802119.1395395,1.0869269238577948
1710802119.1396525,0.9961959388520982
1710802119.1397655,0.9051146772172716
1710802119.1398783,0.8126321766111586
1710802119.1399913,0.7201496097776625
1710802119.1401043,0.62556525071462
1710802119.1402173,0.5309808254241943
1710802119.14033,0.4342945416768392
1710802119.140443,0.3376082910431756
1710802119.140556,0.24057169755299884
1710802119.140669,0.14283448457717896
1710802119.1407819,0.043345710469616786
1710802119.140895,-0.054731108248233795
1710802119.141008,-0.1545506715774536
1710802119.141121,-0.2543702224890391
1710802119.1412337,-0.3538395298851861
1710802119.1413467,-0.4529586103227403
1710802119.1414597,-0.5513772037294176
1710802119.1415727,-0.6497957971360948
1710802119.1416855,-0.7475138372845119
1710802119.1417985,-0.8445314566294352
1710802119.1419115,-0.9415490759743584
1710802119.1420245,-1.0385666953192816
1710802119.1421373,-1.1355842484368217
1710802119.1422503,-1.233302354812622
1710802119.1423633,-1.3299696975284152
1710802119.142476,-1.4259366194407146
1710802119.142589,-1.5215531984965005
1710802119.142702,-1.615068382687039
1710802119.142815,-1.708583566877577
1710802119.142928,-1.799997223748101
1710802119.143041,-1.8910608026716444
1710802119.143154,-1.9803729322221544
1710802119.143267,-2.0707359578874374
1710802119.1433797,-2.1593476666344538
1710802119.1434927,-2.2490101390414767
1710802119.1436057,-2.3369214269849987
1710802119.1437187,-2.424832714928521
1710802119.1438315,-2.510292265150282
1710802119.1439445,-2.593650288052029
1710802119.1440575,-2.674556838141547
1710802119.1441705,-2.753711806403266
1710802119.1442833,-2.8300650914510093
1710802119.1443963,-2.905017269982232
1710802119.1445093,-2.979969448513455
1710802119.1446223,-3.052470154232449
1710802119.144735,-3.1249705950419107
1710802119.144848,-3.1953695085313583
1710802119.144961,-3.2650682661268444
1710802119.1450741,-3.3316146002875433
1710802119.145187,-3.396409617529975
1710802119.1453,-3.458753161960178
1710802119.145413,-3.5175940725538464
1710802119.145526,-3.57468393113878
1710802119.1456387,-3.628621631198459
1710802119.1457517,-3.6822088559468584
1710802119.1458647,-3.73439523908827
1710802119.1459777,-3.785180515713162
1710802119.1460905,-3.8345649507310653
1710802119.1462035,-3.8821983337402344
1710802119.1463165,-3.9284303453233504
1710802119.1464295,-3.9732617802090116
1710802119.1465423,-4.013189474741618
1710802119.1466553,-4.050315486060248
1710802119.1467683,-4.086390601264106
1710802119.1468813,-4.119663768344455
1710802119.146994,-4.149434566497803
1710802119.1471071,-4.178504678938124
1710802119.1472201,-4.20582373936971
1710802119.1473331,-4.232442378997803
1710802119.147446,-4.257309701707628
1710802119.147559,-4.280775917900933
1710802119.147672,-4.301790661282009
1710802119.147785,-4.3200034565395775
1710802119.1478977,-4.335764249165853
1710802119.1480107,-4.347672727372911
1710802119.1481237,-4.358880519866943
1710802119.1482368,-4.364834626515706
1710802119.1483495,-4.371489153967963
1710802119.1484625,-4.374641312493218
1710802119.1485755,-4.378143946329753
1710802119.1486886,-4.380595684051514
1710802119.1488013,-4.382346736060248
1710802119.1489143,-4.381296104855007
1710802119.1490273,-4.378844367133246
1710802119.1491404,-4.3732404708862305
1710802119.1492531,-4.3655350473192005
1710802119.1493661,-4.354327254825168
1710802119.1494792,-4.339967303805881
1710802119.1495922,-4.3235058254665795
1710802119.149705,-4.3059934510125055
1710802119.149818,-4.28778092066447
1710802119.149931,-4.26851749420166
1710802119.150044,-4.248553646935357
1710802119.1501567,-4.2285895347595215
1710802119.1502697,-4.206173949771457
1710802119.1503828,-4.180606206258138
1710802119.1504958,-4.1532871458265515
1710802119.1506085,-4.1221155060662165
1710802119.1507215,-4.08849212858412
1710802119.1508346,-4.053117434183757
1710802119.1509476,-4.017042318979899
1710802119.1510603,-3.9795660972595215
1710802119.1511734,-3.942440350850423
1710802119.1512864,-3.9046139187282987
1710802119.1513994,-3.866437276204427
1710802119.1515121,-3.8261591063605414
1710802119.1516252,-3.783779674106174
1710802119.1517382,-3.7382478184170194
1710802119.1518512,-3.6902644899156356
1710802119.151964,-3.639129002888997
1710802119.152077,-3.5862419340345593
1710802119.15219,-3.53265470928616
1710802119.152303,-3.477316167619493
1710802119.1524158,-3.4216274155510797
1710802119.1525288,-3.3659383985731335
1710802119.1526418,-3.309199015299479
1710802119.1527548,-3.250357839796278
1710802119.1528676,-3.1890651914808483
1710802119.1529806,-3.125320805443658
1710802119.1530936,-3.058074050479465
1710802119.1532066,-2.988375292883979
1710802119.1533194,-2.9172759585910373
1710802119.1534324,-2.844074832068549
1710802119.1535454,-2.7698230743408203
1710802119.1536584,-2.6962717374165854
1710802119.1537712,-2.6216697692871094
1710802119.1538842,-2.5460171699523926
1710802119.1539972,-2.4693136745029025
1710802119.1541102,-2.3908591270446777
1710802119.154223,-2.3106532626681857
1710802119.154336,-2.227645185258653
1710802119.154449,-2.1439369519551597
1710802119.154562,-2.0581271913316512
1710802119.1546748,-1.9716168774498832
1710802119.1547878,-1.8837055895063612
1710802119.1549008,-1.795444091161092
1710802119.1550138,-1.706482172012329
1710802119.1551266,-1.6175201204087999
1710802119.1552396,-1.5264566739400227
1710802119.1553526,-1.4339922534094915
1710802119.1554656,-1.3401268588172064
1710802119.1555784,-1.2448604901631672
1710802119.1556914,-1.149594121509128
1710802119.1558044,-1.0508252514733207
1710802119.1559174,-0.9524066580666436
1710802119.1560302,-0.8532875776290894
1710802119.1561432,-0.7538182867897881
1710802119.1562562,-0.6529479556613498
1710802119.1563692,-0.5520776907602946
1710802119.156482,-0.4501566621992323
1710802119.156595,-0.34823563363817
1710802119.156708,-0.24526387453079224
1710802119.156821,-0.14334286252657572
1710802119.1569338,-0.04142183396551344
1710802119.1570468,0.06051102446185218
1710802119.1571598,0.1642035444577535
1710802119.1572728,0.26649483376079136
1710802119.1573856,0.36983705229229397
1710802119.1574986,0.4735295640097724
1710802119.1576116,0.5772221088409424
1710802119.1577246,0.6805643108155992
1710802119.1578374,0.7828556166754829
1710802119.1579504,0.8840958939658271
1710802119.1580634,0.9842853413687812
1710802119.1581764,1.0827231407165527
1710802119.1582892,1.179759767320421
1710802119.1584022,1.2764460510677762
1710802119.1585152,1.3706800672743056
1710802119.1586282,1.4659651120503743
1710802119.158741,1.560549471113417
1710802119.158854,1.6547836197747123
1710802119.158967,1.7472661866082084
1710802119.15908,1.8383473820156522
1710802119.1591928,1.9273267851935492
1710802119.1593058,2.0135037104288735
1710802119.1594188,2.0982793966929116
1710802119.1595318,2.180252472559611
1710802119.1596446,2.262575891282823
1710802119.1597576,2.3427976502312555
1710802119.1598706,2.423369354671902
1710802119.1599836,2.503591113620334
1710802119.1600964,2.5820610258314343
1710802119.1602094,2.6601807276407876
1710802119.1603224,2.735848161909315
1710802119.1604354,2.8087133831448026
1710802119.1605482,2.8780751758151584
1710802119.1606612,2.946386072370741
1710802119.1607742,3.011194070180257
1710802119.1608872,3.0742502212524414
1710802119.161,3.1359052658081055
1710802119.161113,3.1965094142489963
1710802119.161226,3.256412876976861
1710802119.161339,3.31526517868042
1710802119.1614518,3.3723661634657116
1710802119.1615648,3.427365356021457
1710802119.1616778,3.4785109096103244
1710802119.1617908,3.527554670969645
1710802119.1619036,3.573095268673367
1710802119.1620166,3.6161838637457953
1710802119.1621296,3.656469715966119
1710802119.1622427,3.6943035655551486
1710802119.1623554,3.731786939832899
1710802119.1624684,3.7671685218811035
1710802119.1625814,3.801499207814534
1710802119.1626945,3.8330274158053927
1710802119.1628072,3.8638546731736922
1710802119.1629202,3.891529507107205
1710802119.1630332,3.9174524943033853
1710802119.1631463,3.9402230580647783
1710802119.163259,3.96124177508884
1710802119.163372,3.9791075388590493
1710802119.163485,3.995221985710992
1710802119.163598,4.009935061136882
1710802119.1637108,4.023597240447998
1710802119.1638238,4.036558998955621
1710802119.1639369,4.048819806840685
1710802119.1640499,4.059329297807482
1710802119.1641626,4.068787627749972
1710802119.1642756,4.076494640774197
1710802119.1643887,4.081048700544569
1710802119.1645017,4.083500703175862
1710802119.1646144,4.0824498070610895
1710802119.1647274,4.07894664340549
1710802119.1648405,4.074042373233371
1710802119.1649535,4.067386521233453
1710802119.1650662,4.0596795082092285
1710802119.1651793,4.0516222847832575
1710802119.1652923,4.042864640553792
1710802119.1654053,4.033406045701769
1710802119.165518,4.022196133931478
1710802119.165631,4.008884165022108
1710802119.165744,3.9931201934814453
1710802119.165857,3.9738530582851834
1710802119.1659698,3.953184551662869
1710802119.1660829,3.930414252811008
1710802119.1661959,3.9065930578443737
1710802119.1663089,3.8824213875664606
1710802119.1664217,3.857549296485053
1710802119.1665347,3.8326769404941134
1710802119.1666477,3.807804849412706
1710802119.1667607,3.7808307011922198
1710802119.1668735,3.7528056568569608
1710802119.1669865,3.7212774488661022
1710802119.1670995,3.687297238243951
1710802119.1672125,3.6498138639662
1710802119.1673253,3.610929118262397
1710802119.1674383,3.570292790730794
1710802119.1675513,3.5289560423956976
1710802119.1676643,3.4869183434380426
1710802119.167777,3.445931805504693
1710802119.16789,3.404595057169596
1710802119.168003,3.3618569374084473
1710802119.168116,3.3173672358194985
1710802119.1682289,3.2704252666897244
1710802119.1683419,3.2210312949286566
1710802119.168455,3.168834580315484
1710802119.168568,3.115236759185791
1710802119.1686807,3.060237831539578
1710802119.1687937,3.005588849385579
1710802119.1689067,2.9495390256245932
1710802119.1690197,2.8931387265523276
1710802119.1691325,2.8363879521687827
1710802119.1692455,2.77963744269477
1710802119.1693585,2.719733979966905
1710802119.1694715,2.6570280392964682
1710802119.1695843,2.5911691453721786
1710802119.1696973,2.5232084592183432
1710802119.1698103,2.4520950847201877
1710802119.1699233,2.3813319206237793
1710802119.170036,2.3084669642978244
1710802119.170149,2.23525153266059
1710802119.170262,2.1620362334781222
1710802119.170375,2.087419695324368
1710802119.1704879,2.0121024714575872
1710802119.170601,1.9360845618777804
1710802119.170714,1.857264306810167
1710802119.170827,1.7770426803165011
1710802119.1709397,1.694719261593289
1710802119.1710527,1.611344814300537
1710802119.1711657,1.526218917634752
1710802119.1712787,1.4421439170837402
1710802119.1713915,1.3563173347049289
1710802119.1715045,1.2701404094696045
1710802119.1716175,1.1832629309760199
1710802119.1717305,1.0963853200276692
1710802119.1718433,1.0074059830771551
1710802119.1719563,0.9177259604136149
1710802119.1720693,0.8273452520370483
1710802119.1721823,0.7352130942874484
1710802119.172295,0.6430808703104655
1710802119.172408,0.5495474073621962
1710802119.172521,0.4553133249282837
1710802119.1726341,0.36037858989503646
1710802119.172747,0.2654438879754808
1710802119.17286,0.16945824027061462
1710802119.172973,0.07312228282292683
1710802119.173086,-0.023559385703669652
1710802119.1731987,-0.12162772317727406
1710802119.1733117,-0.2189955777592129
1710802119.1734247,-0.31636344061957467
1710802119.1735377,-0.41408151388168335
1710802119.1736505,-0.511449376742045
1710802119.1737635,-0.6091674831178453
1710802119.1738765,-0.7068855894936455
1710802119.1739895,-0.8056543933020698
1710802119.1741023,-0.9037227100796169
1710802119.1742153,-1.0017910930845473
1710802119.1743283,-1.0991589228312175
1710802119.1744413,-1.1951258447435167
1710802119.174554,-1.2910926342010498
1710802119.1746671,-1.384958028793335
1710802119.1747801,-1.4781230025821261
1710802119.1748931,-1.5705874231126573
1710802119.175006,-1.6616508695814345
1710802119.175119,-1.7534148693084717
1710802119.175232,-1.8451787365807426
1710802119.175345,-1.9355417622460258
1710802119.1754577,-2.0255544450547958
1710802119.1755707,-2.114866707060072
1710802119.1756837,-2.202427652147081
1710802119.1757967,-2.287887202368842
1710802119.1759095,-2.3712452252705893
1710802119.1760225,-2.453202406565348
1710802119.1761355,-2.53340827094184
1710802119.1762486,-2.6122132937113443
1710802119.1763613,-2.6903176307678223
1710802119.1764743,-2.7684222327338324
1710802119.1765873,-2.84512546327379
1710802119.1767004,-2.9207783275180392
1710802119.1768131,-2.9946798748440213
1710802119.1769261,-3.067180315653483
1710802119.1770391,-3.136178387535943
1710802119.1771522,-3.2027247216966415
1710802119.177265,-3.2675200038486056
1710802119.177378,-3.329863283369276
1710802119.177491,-3.390105300479465
1710802119.177604,-3.4499971071879068
1710802119.1777167,-3.5091882281833224
1710802119.1778297,-3.566628297170003
1710802119.1779428,-3.623017734951443
1710802119.1780558,-3.6783562766181097
1710802119.1781685,-3.7305426597595215
1710802119.1782815,-3.780977725982666
1710802119.1783946,-3.8282606336805554
1710802119.1785076,-3.8734422789679632
1710802119.1786203,-3.9144206047058105
1710802119.1787333,-3.954348564147949
1710802119.1788464,-3.9918245209587946
1710802119.1789594,-4.027549425760905
1710802119.1790721,-4.062223699357775
1710802119.1791852,-4.095146656036377
1710802119.1792982,-4.127018981509738
1710802119.1794112,-4.156439304351807
1710802119.179524,-4.183408154381646
1710802119.179637,-4.207575056287977
1710802119.17975,-4.228939745161268
1710802119.179863,-4.248203171624078
1710802119.1799757,-4.2639642291598845
1710802119.1800888,-4.277973969777425
1710802119.1802018,-4.290933079189724
1710802119.1803148,-4.301790661282009
1710802119.1804276,-4.311947822570801
1710802119.1805406,-4.321754508548312
1710802119.1806536,-4.32981014251709
1710802119.1807666,-4.336464934878879
1710802119.1808794,-4.341017935011122
1710802119.1809924,-4.3420688311258955
1710802119.1811054,-4.341017935011122
1710802119.1812184,-4.33751556608412
1710802119.1813312,-4.331561459435357
1710802119.1814442,-4.3235058254665795
1710802119.1815572,-4.315099981096056
1710802119.1816702,-4.3059934510125055
1710802119.181783,-4.2954863442315
1710802119.181896,-4.2846287621392145
1710802119.182009,-4.272370073530409
1710802119.182122,-4.256959491305881
1710802119.1822348,-4.239797327253553
1710802119.1823478,-4.218782848782009
1710802119.1824608,-4.194615946875678
1710802119.1825738,-4.167997307247585
1710802119.1826866,-4.1399778260125055
1710802119.1827996,-4.110207027859158
1710802119.1829126,-4.079735808902316
1710802119.1830256,-4.049614800347222
1710802119.1831384,-4.019143581390381
1710802119.1832514,-3.9872715208265515
1710802119.1833644,-3.953297668033176
1710802119.1834774,-3.9172225528293185
1710802119.1835902,-3.8786956999037
1710802119.1837032,-3.8359660572475858
1710802119.1838162,-3.792185518476698
1710802119.183929,-3.7463034523857965
1710802119.184042,-3.70007144080268
1710802119.184155,-3.652788268195258
1710802119.184268,-3.605505360497369
1710802119.1843808,-3.558222452799479
1710802119.1844938,-3.509538438585069
1710802119.1846068,-3.4591033723619247
1710802119.1847198,-3.406566778818766
1710802119.1848326,-3.3501776059468584
1710802119.1849456,-3.2916866408454046
1710802119.1850586,-3.230393992529975
1710802119.1851716,-3.1684009234110513
1710802119.1852844,-3.104306062062581
1710802119.1853974,-3.0402114656236434
1710802119.1855104,-2.975066237979465
1710802119.1856234,-2.910270955827501
1710802119.1857362,-2.843374411265055
1710802119.1858492,-2.7750767601860895
1710802119.1859622,-2.7036269505818686
1710802119.1860752,-2.63077629937066
1710802119.186188,-2.5554736455281577
1710802119.186301,-2.4770190980699325
1710802119.186414,-2.396813233693441
1710802119.186527,-2.3159066836039224
1710802119.1866398,-2.233599556816949
1710802119.1867528,-2.1505916118621826
1710802119.1868658,-2.0675837993621826
1710802119.1869788,-1.9824744595421684
1710802119.1870916,-1.8970149093204074
1710802119.1872046,-1.8087534109751382
1710802119.1873176,-1.7190909385681152
1710802119.1874306,-1.628027492099338
1710802119.1875434,-1.5362634923723009
1710802119.1876564,-1.4423980977800157
1710802119.1877694,-1.3485327031877306
1710802119.1878824,-1.2536165449354384
1710802119.1879952,-1.1594009399414062
1710802119.1881082,-1.063083741399977
1710802119.1882212,-0.9667666753133137
1710802119.1883342,-0.8697490559683906
1710802119.188447,-0.7713304625617133
1710802119.18856,-0.6732621457841661
1710802119.188673,-0.5734425783157349
1710802119.188786,-0.4743234978781806
1710802119.1888988,-0.37345319986343384
1710802119.1890118,-0.27363364895184833
1710802119.1891248,-0.17136237687534756
1710802119.1892378,-0.06979160010814667
1710802119.1893506,0.03248601944910155
1710802119.1894636,0.13477729426489934
1710802119.1895766,0.23741887675391302
1710802119.1896896,0.3393598397572835
1710802119.1898024,0.4406001832750108
1710802119.1899154,0.5411399073070949
1710802119.1900284,0.6420299079683092
1710802119.1901414,0.741168393029107
1710802119.1902542,0.8406571547190348
1710802119.1903672,0.9408465358946059
1710802119.1904802,1.0403353638119168
1710802119.1905932,1.1401744683583577
1710802119.190706,1.2400135729047987
1710802119.190819,1.3384513060251872
1710802119.190932,1.4354879326290555
1710802119.191045,1.5321742163764105
1710802119.1911578,1.6253573364681668
1710802119.1912708,1.717839903301663
1710802119.1913838,1.8085708883073595
1710802119.1914968,1.8986011876000297
1710802119.1916096,1.987580590777927
1710802119.1917226,2.076559993955824
1710802119.1918356,2.164138158162435
1710802119.1919487,2.2517161899142795
1710802119.1920614,2.336492008633084
1710802119.1921744,2.4195159806145563
1710802119.1922874,2.500087949964735
1710802119.1924005,2.5775069660610623
1710802119.1925132,2.652473979526096
1710802119.1926262,2.7249884605407715
1710802119.1927392,2.79575162463718
1710802119.1928523,2.865463892618815
1710802119.192965,2.9348256852891708
1710802119.193078,3.003487057156033
1710802119.193191,3.0703968471950955
1710802119.193304,3.1359052658081055
1710802119.1934168,3.1982609960767956
1710802119.1935298,3.2581644588046603
1710802119.1936429,3.315615653991699
1710802119.1937559,3.370264371236165
1710802119.1938686,3.4224608209398055
1710802119.1939816,3.4722052680121527
1710802119.1940947,3.5205483436584473
1710802119.1942077,3.5678407880995007
1710802119.1943204,3.614432281917996
1710802119.1944335,3.658921983506944
1710802119.1945465,3.7020103136698403
1710802119.1946595,3.742296430799696
1710802119.1947722,3.781180911593967
1710802119.1948853,3.8158620728386774
1710802119.1949983,3.8484411769443088
1710802119.1951113,3.8775171173943415
1710802119.195224,3.905191686418321
1710802119.195337,3.930414252811008
1710802119.19545,3.9542354477776422
1710802119.195563,3.97735595703125
1710802119.1956758,3.9990753597683377
1710802119.1957889,4.019393655988905
1710802119.1959019,4.039011001586914
1710802119.196015,4.055475658840603
1710802119.1961277,4.069838523864746
1710802119.1962407,4.081398910946316
1710802119.1963537,4.0905070304870605
1710802119.1964667,4.095061090257433
1710802119.1965795,4.099264939626058
1710802119.1966925,4.100315835740831
1710802119.1968055,4.101366731855604
1710802119.1969185,4.100315835740831
1710802119.1970313,4.098914464314778
1710802119.1971443,4.096462461683485
1710802119.1972573,4.092608822716607
1710802119.1973703,4.087704552544488
1710802119.197483,4.079997539520264
1710802119.197596,4.069138103061252
1710802119.197709,4.056877030266656
1710802119.197822,4.042514165242513
1710802119.1979349,4.026049507988824
1710802119.1980479,4.009935061136882
1710802119.198161,3.992769718170166
1710802119.198274,3.9752541648017035
1710802119.1983867,3.9573881361219616
1710802119.1984997,3.939171897040473
1710802119.1986127,3.918503655327691
1710802119.1987257,3.896083566877577
1710802119.1988385,3.870160314771864
1710802119.1989515,3.841434849633111
1710802119.1990645,3.811308013068305
1710802119.1991775,3.777327537536621
1710802119.1992903,3.7433473269144693
1710802119.1994033,3.7097173266940646
1710802119.1995163,3.6746859550476074
1710802119.1996293,3.6396548483106823
1710802119.199742,3.604623476664225
1710802119.199855,3.5674903127882214
1710802119.199968,3.5282553566826715
1710802119.200081,3.485517236921522
1710802119.200194,3.4399766392178006
1710802119.200307,3.3916332986619735
1710802119.20042,3.3415386411878796
1710802119.200533,3.2900428771972656
1710802119.2006457,3.238196637895372
1710802119.2007587,3.186350133683946
1710802119.2008717,3.1341536839803057
1710802119.2009847,3.080555862850613
1710802119.2010975,3.0262573560078936
1710802119.2012105,2.9698570569356284
1710802119.2013235,2.9106542799207897
1710802119.2014365,2.848649024963379
1710802119.2015493,2.7852423985799155
1710802119.2016623,2.719383504655626
1710802119.2017753,2.652473979526096
1710802119.2018883,2.5852139790852866
1710802119.202001,2.517953713734945
1710802119.202114,2.4503435028923883
1710802119.202227,2.3820326063368054
1710802119.2023401,2.3123203383551703
1710802119.202453,2.240156067742242
1710802119.202566,2.166239950391981
1710802119.202679,2.0895214875539145
1710802119.202792,2.011051575342814
1710802119.2029047,1.930479605992635
1710802119.2030177,1.849557426240709
1710802119.2031307,1.7668836646609836
1710802119.2032437,1.684209903081258
1710802119.2033565,1.6004851129319932
1710802119.2034695,1.5160597695244682
1710802119.2035825,1.43058353000217
1710802119.2036955,1.3437060515085857
1710802119.2038083,1.2547266483306885
1710802119.2039213,1.164696349038018
1710802119.2040343,1.0732647445466783
1710802119.2041473,0.9804319010840522
1710802119.20426,0.8861978186501397
1710802119.2043731,0.7923140128453572
1710802119.2044861,0.6970289680692885
1710802119.2045991,0.6013936466640896
1710802119.204712,0.5061086350017123
1710802119.204825,0.41012300385369194
1710802119.204938,0.3120354811350505
1710802119.205051,0.21499887108802795
1710802119.2051637,0.11656103862656488
1710802119.2052767,0.01882382772035069
1710802119.2053897,-0.07959843509727053
1710802119.2055027,-0.1776667767100864
1710802119.2056155,-0.27678584059079486
1710802119.2057285,-0.37485417392518783
1710802119.2058415,-0.4746737413936191
1710802119.2059546,-0.5727420912848579
1710802119.2060673,-0.6725616587532891
1710802119.2061803,-0.7709802521599664
1710802119.2062933,-0.8686982923083835
1710802119.2064064,-0.9653657012515597
1710802119.2065191,-1.061332556936476
1710802119.2066321,-1.1569492022196453
1710802119.2067451,-1.2529159916771782
1710802119.2068582,-1.3492331239912245
1710802119.206971,-1.4444994926452637
1710802119.207084,-1.5401162041558158
1710802119.207197,-1.635732783211602
1710802119.20731,-1.7313494947221544
1710802119.2074227,-1.8259153101179335
1710802119.2075357,-1.9183797306484647
1710802119.2076488,-2.0090929667154946
1710802119.2077618,-2.099105781979031
1710802119.2078745,-2.187717490726047
1710802119.2079875,-2.273527251349555
1710802119.2081006,-2.360037432776557
1710802119.2082136,-2.4458474583095975
1710802119.2083263,-2.530956533220079
1710802119.2084394,-2.6143148210313583
1710802119.2085524,-2.6962717374165854
1710802119.2086654,-2.7764778667026095
1710802119.2087781,-2.8538817829555936
1710802119.2088912,-2.929184171888563
1710802119.2090042,-3.001334402296278
1710802119.2091172,-3.071733580695258
1710802119.20923,-3.139680756462945
1710802119.209343,-3.2062270906236434
1710802119.209456,-3.2720730039808483
1710802119.209569,-3.3361678653293185
1710802119.2096817,-3.399211565653483
1710802119.2097948,-3.4619053204854326
1710802119.2099078,-3.5214469167921276
1710802119.2100208,-3.5792371961805554
1710802119.2101336,-3.6345757378472223
1710802119.2102466,-3.687112331390381
1710802119.2103596,-3.736496766408284
1710802119.2104726,-3.7848303053114147
1710802119.2105854,-3.8303621610005694
1710802119.2106984,-3.874843120574951
1710802119.2108114,-3.9172225528293185
1710802119.2109244,-3.959252039591471
1710802119.2110372,-3.9995299445258246
1710802119.2111502,-4.0370061662462025
1710802119.2112632,-4.073431491851807
1710802119.2113762,-4.106704658932156
1710802119.211489,-4.1378762986924915
1710802119.211602,-4.164494938320583
1710802119.211715,-4.189362261030409
1710802119.211828,-4.2124785317315
1710802119.2119408,-4.232442378997803
1710802119.2120538,-4.251705805460612
1710802119.2121668,-4.268867704603407
1710802119.2122798,-4.285329182942708
1710802119.2123926,-4.30038955476549
1710802119.2125056,-4.3143995602925616
1710802119.2126186,-4.324906667073567
1710802119.2127316,-4.334713617960612
1710802119.2128444,-4.339266883002387
1710802119.2129574,-4.3420688311258955
1710802119.2130704,-4.343119462331136
1710802119.2131834,-4.341017935011122
1710802119.2132962,-4.337165355682373
1710802119.2134092,-4.333312511444092
1710802119.2135222,-4.327358404795329
1710802119.2136352,-4.32210471895006
1710802119.213748,-4.315099981096056
1710802119.213861,-4.307394557529025
1710802119.213974,-4.2954863442315
1710802119.214087,-4.282177024417453
1710802119.2141998,-4.265015125274658
1710802119.2143128,-4.245751698811849
1710802119.2144258,-4.224386745029025
1710802119.2145388,-4.201971160040961
1710802119.2146516,-4.178504678938124
1710802119.2147646,-4.154688252343072
1710802119.2148776,-4.13052135043674
1710802119.2149906,-4.106354448530409
1710802119.2151034,-4.079735808902316
1710802119.2152164,-4.05136611726549
1710802119.2153294,-4.020544687906901
1710802119.2154424,-3.9869213104248047
1710802119.2155552,-3.950495719909668
1710802119.2156682,-3.9102178149753146
1710802119.2157812,-3.870990541246202
1710802119.2158942,-3.8289610544840493
1710802119.216007,-3.787982728746202
1710802119.21612,-3.7459532419840493
1710802119.216233,-3.7046244409349227
1710802119.216346,-3.6601434813605414
1710802119.2164588,-3.614611890580919
1710802119.2165718,-3.565577665964762
1710802119.2166848,-3.5133912828233504
1710802119.2167978,-3.4584029515584307
1710802119.2169106,-3.401663303375244
1710802119.2170236,-3.3431726031833224
1710802119.2171366,-3.2846819029914007
1710802119.2172496,-3.224089675479465
1710802119.2173624,-3.1634974479675293
1710802119.2174754,-3.1029052204555936
1710802119.2175884,-3.0405616760253906
1710802119.2177014,-2.9761168691847057
1710802119.2178142,-2.90922032462226
1710802119.2179272,-2.839171356625027
1710802119.2180402,-2.767371336619059
1710802119.2181532,-2.693469789293077
1710802119.218266,-2.618517610761854
1710802119.218379,-2.5421645906236434
1710802119.218492,-2.4665117263793945
1710802119.218605,-2.3891078101264105
1710802119.2187178,-2.3117038938734265
1710802119.2188308,-2.233599556816949
1710802119.2189438,-2.1533935599856906
1710802119.2190568,-2.0721369319491916
1710802119.2191696,-1.9884285661909316
1710802119.2192826,-1.9033192263709173
1710802119.2193956,-1.8171592553456624
1710802119.2195086,-1.7288977570003934
1710802119.2196214,-1.6399357053968642
1710802119.2197344,-1.551323996649848
1710802119.2198474,-1.4609609709845648
1710802119.2199605,-1.3698975245157878
1710802119.2200732,-1.2774331039852567
1710802119.2201862,-1.1846184730529785
1710802119.2202992,-1.0897023148006864
1710802119.2204123,-0.9937354591157701
1710802119.220525,-0.897068116399977
1710802119.220638,-0.7993500100241767
1710802119.220751,-0.7009314166174995
1710802119.220864,-0.6018123361799452
1710802119.2209768,-0.5023430122269524
1710802119.2210898,-0.4025234778722127
1710802119.2212029,-0.3020034233729045
1710802119.2213159,-0.2011331253581577
1710802119.2214286,-0.10166380968358782
1710802119.2215416,-0.0018442538566887379
1710802119.2216547,0.09869510100947486
1710802119.2217677,0.19713294174936083
1710802119.2218804,0.29627141025331283
1710802119.2219934,0.39435893297195435
1710802119.2221065,0.4924464556905958
1710802119.2222195,0.591234564781189
1710802119.2223322,0.6903730498419868
1710802119.2224452,0.7891611920462714
1710802119.2225583,0.8882996771070693
1710802119.2226713,0.9860368569691975
1710802119.222784,1.0830734835730658
1710802119.222897,1.1790590816073947
1710802119.22301,1.2736435731252034
1710802119.223123,1.3668266932169597
1710802119.2232358,1.4593091275956895
1710802119.2233489,1.5510911411709256
1710802119.2234619,1.6428730222913954
1710802119.2235749,1.733604007297092
1710802119.2236876,1.8243348598480225
1710802119.2238007,1.914365291595459
1710802119.2239137,2.002293666203817
1710802119.2240267,2.088120248582628
1710802119.2241395,2.171845038731893
1710802119.2242525,2.253117561340332
1710802119.2243655,2.331587473551432
1710802119.2244785,2.4097071753607855
1710802119.2245913,2.4857250849405923
1710802119.2247043,2.56139251920912
1710802119.2248173,2.63706021838718
1710802119.22493,2.7120269669426813
1710802119.225043,2.7862932946946883
1710802119.225156,2.857757144504123
1710802119.225269,2.927118937174479
1710802119.2253819,2.9943789376152887
1710802119.2254949,3.058486249711778
1710802119.2256079,3.119090133243137
1710802119.225721,3.1786433855692544
1710802119.2258337,3.23504368464152
1710802119.2259467,3.291794459025065
1710802119.2260597,3.346793386671278
1710802119.2261727,3.4007416831122503
1710802119.2262855,3.4518872367011175
1710802119.2263985,3.5016316837734647
1710802119.2265115,3.5485733879937067
1710802119.2266245,3.5941139856974282
1710802119.2267373,3.635450998942057
1710802119.2268503,3.673985269334581
1710802119.2269633,3.7097173266940646
1710802119.2270763,3.7447484334309893
1710802119.227189,3.776276641421848
1710802119.227302,3.807804849412706
1710802119.227415,3.837931685977512
1710802119.227528,3.8666574160257974
1710802119.2276409,3.8946821954515243
1710802119.2277539,3.9192040761311846
1710802119.227867,3.9430255360073514
1710802119.22798,3.96439446343316
1710802119.2280927,3.981910016801622
1710802119.2282057,3.997323777940538
1710802119.2283187,4.012387328677707
1710802119.2284317,4.024648401472303
1710802119.2285445,4.036558998955621
1710802119.2286575,4.046017328898112
1710802119.2287705,4.056526819864909
1710802119.2288835,4.06458404329088
1710802119.2289963,4.071940581003825
1710802119.2291093,4.078246222601996
1710802119.2292223,4.0817491213480634
1710802119.2293353,4.082099596659343
1710802119.229448,4.078596433003743
1710802119.229561,4.074042373233371
1710802119.229674,4.0659851498074
1710802119.229787,4.058278401692708
1710802119.2299,4.048119121127658
1710802119.230013,4.03796010547214
1710802119.230126,4.026049507988824
1710802119.230239,4.014489120907253
1710802119.2303517,4.00187783771091
1710802119.2304647,3.9871647622850204
1710802119.2305777,3.9689485232035318
1710802119.2306907,3.948980702294244
1710802119.2308035,3.9255097177293563
1710802119.2309165,3.900287416246202
1710802119.2310295,3.873663478427463
1710802119.2311425,3.847039805518256
1710802119.2312553,3.8197154468960233
1710802119.2313683,3.79239108827379
1710802119.2314813,3.764366043938531
1710802119.2315943,3.735640313890245
1710802119.231707,3.704462581210666
1710802119.23182,3.6715332667032876
1710802119.231933,3.6351007885403104
1710802119.2320461,3.5969167285495334
1710802119.232159,3.5552295049031573
1710802119.232272,3.5124913851420083
1710802119.232385,3.4687021043565536
1710802119.232498,3.4259639845954046
1710802119.2326107,3.3821749687194824
1710802119.2327237,3.338736163245307
1710802119.2328367,3.293195565541585
1710802119.2329497,3.24660407172309
1710802119.2330625,3.1972098350524902
1710802119.2331755,3.1450133853488498
1710802119.2332885,3.0903646681043835
1710802119.2334015,3.0336138937208386
1710802119.2335143,2.975111802419027
1710802119.2336273,2.915208339691162
1710802119.2337403,2.8549546665615506
1710802119.2338533,2.79435051812066
1710802119.233966,2.7330456839667425
1710802119.2340791,2.6713906394110785
1710802119.2341921,2.6065829065110946
1710802119.2343051,2.539673116472032
1710802119.234418,2.4706615342034235
1710802119.234531,2.398847473992242
1710802119.234644,2.3252818319532604
1710802119.234757,2.24996460808648
1710802119.2348697,2.173946830961439
1710802119.2349827,2.0961774720085993
1710802119.2350957,2.019108666314019
1710802119.2352087,1.9413393073611789
1710802119.2353215,1.8625189198387992
1710802119.2354345,1.7826477686564126
1710802119.2355475,1.7020757993062336
1710802119.2356606,1.6194020377265081
1710802119.2357733,1.534276141060723
1710802119.2358863,1.4480992158253987
1710802119.2359993,1.360871394475301
1710802119.2361124,1.272242334153917
1710802119.2362251,1.1846641699473064
1710802119.2363381,1.0942834615707397
1710802119.2364511,1.0046034389071994
1710802119.2365642,0.9135221772723727
1710802119.236677,0.8227911922666762
1710802119.23679,0.7285571098327637
1710802119.236903,0.6353739897410074
1710802119.237016,0.5393883254792955
1710802119.2371287,0.4430523845884535
1710802119.2372417,0.34636610084109837
1710802119.2373548,0.24897919760810003
1710802119.2374678,0.15089167488945854
1710802119.2375805,0.051402900781896375
1710802119.2376935,-0.04702573849095239
1710802119.2378066,-0.14789602822727627
1710802119.2379196,-0.24771559569570753
1710802119.2380323,-0.3478853901227315
1710802119.2381454,-0.4484054446220398
1710802119.2382584,-0.5475244919459025
1710802119.2383714,-0.6480445464452108
1710802119.2384841,-0.7468133502536349
1710802119.2385972,-0.8462827073203193
1710802119.2387102,-0.9457519981596205
1710802119.2388232,-1.0455715656280518
1710802119.238936,-1.1453910668690999
1710802119.239049,-1.2441599369049072
1710802119.239162,-1.3422282536824544
1710802119.239275,-1.4406469133165147
1710802119.2393878,-1.5369640456305609
1710802119.2395008,-1.63152986102634
1710802119.2396138,-1.7246948348151312
1710802119.2397268,-1.8164587020874023
1710802119.2398396,-1.9082227018144395
1710802119.2399526,-1.9989359378814697
1710802119.2400656,-2.0903495947519937
1710802119.2401786,-2.180712620417277
1710802119.2402914,-2.271425724029541
1710802119.2404044,-2.359337011973063
1710802119.2405174,-2.4468980895148382
1710802119.2406304,-2.530956533220079
1710802119.2407432,-2.6146650314331055
1710802119.2408562,-2.6952211062113443
1710802119.2409692,-2.772975232866075
1710802119.2410822,-2.8514300452338324
1710802119.241195,-2.9281335406833224
1710802119.241308,-3.003435929616292
1710802119.241421,-3.0783881081475153
1710802119.241534,-3.152289655473497
1710802119.2416468,-3.2244398858812118
1710802119.2417598,-3.293437957763672
1710802119.2418728,-3.3606847127278643
1710802119.2419858,-3.4254799948798285
1710802119.2420986,-3.487122853597005
1710802119.2422116,-3.5466644499037
1710802119.2423246,-3.603404098086887
1710802119.2424376,-3.6587426397535534
1710802119.2425504,-3.713030285305447
1710802119.2426634,-3.7662675645616317
1710802119.2427764,-3.8167026307847762
1710802119.2428894,-3.866437276204427
1710802119.2430022,-3.9130197630988226
1710802119.2431152,-3.958201143476698
1710802119.2432282,-3.999179734124078
1710802119.2433412,-4.03840700785319
1710802119.243454,-4.0741319126553
1710802119.243567,-4.107054869333903
1710802119.24368,-4.137526088290744
1710802119.243793,-4.167647096845839
1710802119.2439058,-4.195316367679172
1710802119.2440188,-4.222635428110759
1710802119.2441318,-4.247502750820583
1710802119.2442448,-4.271669652726915
1710802119.2443576,-4.293034606509738
1710802119.2444706,-4.312648243374294
1710802119.2445836,-4.329109721713595
1710802119.2446966,-4.343119462331136
1710802119.2448094,-4.353977044423421
1710802119.2449224,-4.363083309597439
1710802119.2450354,-4.370088312360975
1710802119.2451484,-4.376042419009738
1710802119.2452612,-4.380595684051514
1710802119.2453742,-4.384448263380262
1710802119.2454872,-4.387600421905518
1710802119.2456002,-4.389001528422038
1710802119.245713,-4.387950632307264
1710802119.245826,-4.384098052978516
1710802119.245939,-4.377443260616726
1710802119.246052,-4.36693615383572
1710802119.2461648,-4.354327254825168
1710802119.2462778,-4.339617093404134
1710802119.2463908,-4.323856035868327
1710802119.2465038,-4.306343926323785
1710802119.2466166,-4.289181762271457
1710802119.2467296,-4.270969231923421
1710802119.2468426,-4.251355595058865
1710802119.2469556,-4.2306910620795355
1710802119.2470684,-4.20582373936971
1710802119.2471814,-4.179555575052897
1710802119.2472944,-4.1497847768995495
1710802119.2474074,-4.117212030622694
1710802119.2475202,-4.082888232337104
1710802119.2476332,-4.04751353793674
1710802119.2477462,-4.0107377370198565
1710802119.2478592,-3.974662621815999
1710802119.247972,-3.938237296210395
1710802119.248085,-3.9007610744900174
1710802119.248198,-3.861884011162652
1710802119.248311,-3.8198547893100314
1710802119.2484238,-3.77537382973565
1710802119.2485368,-3.7280909220377603
1710802119.2486498,-3.6783562766181097
1710802119.2487628,-3.625819683074951
1710802119.2488756,-3.5736332999335394
1710802119.2489886,-3.5203960206773544
1710802119.2491016,-3.4654076894124346
1710802119.2492146,-3.4118204646640353
1710802119.2493274,-3.356481922997369
1710802119.2494404,-3.299041854010688
1710802119.2495534,-3.2402009434170194
1710802119.2496665,-3.177507188585069
1710802119.2497792,-3.1130623817443848
1710802119.2498922,-3.044414520263672
1710802119.2500052,-2.975766658782959
1710802119.2501183,-2.903616428375244
1710802119.250231,-2.8321666187710233
1710802119.250344,-2.7600163883633084
1710802119.250457,-2.687865893046061
1710802119.25057,-2.613614135318332
1710802119.2506828,-2.539012167188856
1710802119.2507958,-2.4619584613376193
1710802119.2509089,-2.382453282674154
1710802119.2510219,-2.3011965221828885
1710802119.2511346,-2.2178384992811413
1710802119.2512476,-2.1323789490593805
1710802119.2513607,-2.0465690559811063
1710802119.2514737,-1.959358321295844
1710802119.2515864,-1.8717973762088351
1710802119.2516994,-1.782835324605306
1710802119.2518125,-1.6935230626000297
1710802119.2519255,-1.6035103797912598
1710802119.2520382,-1.5117463800642226
1710802119.2521513,-1.4182311958736844
1710802119.2522643,-1.3240155908796523
1710802119.2523773,-1.2283990118238661
1710802119.25249,-1.1324320899115667
1710802119.252603,-1.0357647471957736
1710802119.252716,-0.9383968512217203
1710802119.252829,-0.8410290214750502
1710802119.2529418,-0.742610428068373
1710802119.2530549,-0.6438416242599487
1710802119.2531679,-0.5450727873378329
1710802119.2532809,-0.44630398352940875
1710802119.2533937,-0.3464844160609775
1710802119.2535067,-0.24666484859254625
1710802119.2536197,-0.14649505416552225
1710802119.2537327,-0.04632525146007538
1710802119.2538455,0.05420539942052629
1710802119.2539585,0.15509542491700914
1710802119.2540715,0.25703638792037964
1710802119.2541845,0.35827673143810695
1710802119.2542973,0.4609183139271206
1710802119.2544103,0.5625089671876695
1710802119.2545233,0.6640995873345269
1710802119.2546363,0.7649896542231241
1710802119.254749,0.864478415913052
1710802119.254862,0.9629162814882066
1710802119.254975,1.0596024990081787
1710802119.255088,1.156639125612047
1710802119.2552009,1.252975066502889
1710802119.2553139,1.3500116931067572
1710802119.255427,1.445997291141086
1710802119.25554,1.5426835748884413
1710802119.2556527,1.6372679339514837
1710802119.2557657,1.730451186498006
1710802119.2558787,1.8215323819054496
1710802119.2559917,1.9105117850833468
1710802119.2561045,1.9973892635769315
1710802119.2562175,2.0818146069844565
1710802119.2563305,2.164488368564182
1710802119.2564435,2.2475126054551864
1710802119.2565563,2.3287849956088595
1710802119.2566693,2.4093569649590387
1710802119.2567823,2.489578458997938
1710802119.2568953,2.5666472646925182
1710802119.257008,2.642665174272325
1710802119.257121,2.7162308163113065
1710802119.257234,2.7862932946946883
1710802119.257347,2.853203084733751
1710802119.2574599,2.9201126098632812
1710802119.257573,2.9824683401319714
1710802119.257686,3.045524491204156
1710802119.257799,3.106479114956326
1710802119.2579117,3.1667327880859375
1710802119.2580247,3.226986461215549
1710802119.2581377,3.285138342115614
1710802119.2582507,3.3408382203843856
1710802119.2583635,3.3940855662027993
1710802119.2584765,3.4445306989881725
1710802119.2585895,3.491822878519694
1710802119.2587025,3.5363125801086426
1710802119.2588153,3.578700224558512
1710802119.2589283,3.618285655975342
1710802119.2590413,3.658221297793918
1710802119.2591543,3.696405357784695
1710802119.259267,3.7328378359476724
1710802119.25938,3.768219417995877
1710802119.259493,3.800798522101508
1710802119.2596061,3.8323267300923662
1710802119.259719,3.8603517744276257
1710802119.259832,3.8859245512220593
1710802119.259945,3.9086948500739203
1710802119.260058,3.9290128813849554
1710802119.2601707,3.94652869966295
1710802119.2602837,3.9636937777201333
1710802119.2603967,3.9787573284573026
1710802119.2605097,3.993470403883192
1710802119.2606225,4.0067823727925616
1710802119.2607355,4.020094341701931
1710802119.2608485,4.030603567759196
1710802119.2609615,4.039361476898193
1710802119.2610743,4.045667118496365
1710802119.2611873,4.050221178266737
1710802119.2613003,4.050571388668484
1710802119.2614133,4.049870702955458
1710802119.261526,4.047418700324164
1710802119.261639,4.043565061357286
1710802119.2617521,4.03971168729994
1710802119.2618651,4.034106731414795
1710802119.261978,4.029202461242676
1710802119.262091,4.022896819644504
1710802119.262204,4.01518980662028
1710802119.262317,4.005731476677789
1710802119.2624297,3.992769718170166
1710802119.2625427,3.976655536227756
1710802119.2626557,3.958789507548014
1710802119.2627687,3.939872582753499
1710802119.2628815,3.918853865729438
1710802119.2629945,3.8978351487053766
1710802119.2631075,3.876115745968289
1710802119.2632205,3.854746553632948
1710802119.2633333,3.8326769404941134
1710802119.2634463,3.8085055351257324
1710802119.2635593,3.781881597306993
1710802119.2636724,3.7528056568569608
1710802119.2637851,3.7205770280626083
1710802119.2638981,3.6862463421291776
1710802119.2640111,3.6487629678514266
1710802119.2641242,3.6102284325493708
1710802119.264237,3.5716941621568465
1710802119.26435,3.5324592060512967
1710802119.264463,3.493574460347493
1710802119.264576,3.45468971464369
1710802119.2646887,3.414403862423367
1710802119.2648017,3.372015953063965
1710802119.2649148,3.3271760410732694
1710802119.2650278,3.2788327005174422
1710802119.2651405,3.2287380430433483
1710802119.2652535,3.176541593339708
1710802119.2653666,3.123644193013509
1710802119.2654796,3.0686452653672958
1710802119.2655923,3.014696968926324
1710802119.2657053,2.9607489373948837
1710802119.2658184,2.9050493240356445
1710802119.2659314,2.849699921078152
1710802119.2660441,2.7911975648668075
1710802119.2661572,2.7316445774502225
1710802119.2662702,2.667887740665012
1710802119.266383,2.6027295324537487
1710802119.266496,2.5361702177259655
1710802119.266609,2.4678590562608504
1710802119.266722,2.398847473992242
1710802119.2668347,2.3294856813218856
1710802119.2669477,2.2597734133402505
1710802119.2670608,2.189360592100355
1710802119.2671738,2.117896874745687
1710802119.2672865,2.045031785964966
1710802119.2673995,1.9693643516964383
1710802119.2675126,1.891594860288832
1710802119.2676256,1.811373366249932
1710802119.2677383,1.730100843641493
1710802119.2678514,1.6474270820617676
1710802119.2679644,1.5637022919125028
1710802119.2680774,1.479627291361491
1710802119.2681901,1.395201947953966
1710802119.2683032,1.3097257084316678
1710802119.2684162,1.2228482299380832
1710802119.2685292,1.1352700657314725
1710802119.268642,1.0466409391827054
1710802119.268755,0.9562602970335219
1710802119.268868,0.8655293782552083
1710802119.268981,0.7730468114217122
1710802119.2690938,0.6805643108155992
1710802119.2692068,0.587381190723843
1710802119.2693198,0.4924464556905958
1710802119.2694328,0.39821237325668335
1710802119.2695456,0.30292732848061454
1710802119.2696586,0.2076423168182373
1710802119.2697716,0.1120069788561927
1710802119.2698846,0.016021327012115054
1710802119.2699974,-0.08064916564358605
1710802119.2701104,-0.1780170202255249
1710802119.2702234,-0.27363364895184833
1710802119.2703364,-0.3710014952553643
1710802119.2704492,-0.4666181405385335
1710802119.2705622,-0.5646864573160807
1710802119.2706752,-0.6613538000318739
1710802119.2707882,-0.7597723934385512
1710802119.270901,-0.8567900127834743
1710802119.271014,-0.9541578425301446
1710802119.271127,-1.0511754618750677
1710802119.27124,-1.147492594189114
1710802119.2713528,-1.2434595161014133
1710802119.2714658,-1.3380253314971924
1710802119.2715788,-1.4322410689459906
1710802119.2716918,-1.5264566739400227
1710802119.2718046,-1.6206722789340549
1710802119.2719176,-1.715938647588094
1710802119.2720306,-1.8098041746351454
1710802119.2721436,-1.9036695692274306
1710802119.2722564,-1.9957837793562148
1710802119.2723694,-2.088248199886746
1710802119.2724824,-2.176509698232015
1710802119.2725954,-2.26407077577379
1710802119.2727082,-2.349530325995551
1710802119.2728212,-2.433588769700792
1710802119.2729342,-2.5158961613972983
1710802119.2730472,-2.5982035530938044
1710802119.27316,-2.679460048675537
1710802119.273273,-2.7600163883633084
1710802119.273386,-2.838120725419786
1710802119.273499,-2.9151744312710233
1710802119.2736118,-2.989426188998752
1710802119.2737248,-3.061576419406467
1710802119.2738378,-3.1305744912889266
1710802119.2739508,-3.1974710358513727
1710802119.2740636,-3.2619161076015897
1710802119.2741766,-3.324609597524007
1710802119.2742896,-3.38695314195421
1710802119.2744026,-3.446844948662652
1710802119.2745154,-3.5070869657728405
1710802119.2746284,-3.565577665964762
1710802119.2747414,-3.6223170492384167
1710802119.2748544,-3.6766049596998425
1710802119.2749672,-3.7287913428412542
1710802119.2750802,-3.778525988260905
1710802119.2751932,-3.8254586855570474
1710802119.2753062,-3.870289855533176
1710802119.275419,-3.912669552697076
1710802119.275532,-3.953297668033176
1710802119.275645,-3.9932256274753146
1710802119.275758,-4.0314022699991865
1710802119.2758708,-4.068528016408284
1710802119.2759838,-4.103902710808648
1710802119.2760968,-4.136475457085504
1710802119.2762098,-4.167647096845839
1710802119.2763226,-4.195316367679172
1710802119.2764356,-4.220533900790744
1710802119.2765486,-4.242249064975314
1710802119.2766616,-4.2618627018398705
1710802119.2767744,-4.2790248658921985
1710802119.2768874,-4.294435448116726
1710802119.2770004,-4.3080949783325195
1710802119.2771134,-4.32210471895006
1710802119.2772262,-4.333312511444092
1710802119.2773392,-4.344520303938124
1710802119.2774522,-4.352575937906901
1710802119.2775652,-4.358880519866943
1710802119.277678,-4.361332257588704
1710802119.277791,-4.3620326783921985
1710802119.277904,-4.360631571875678
1710802119.278017,-4.355728096432156
1710802119.2781298,-4.350474675496419
1710802119.2782428,-4.3420688311258955
1710802119.2783558,-4.334713617960612
1710802119.2784688,-4.326307773590088
1710802119.2785816,-4.317551718817817
1710802119.2786946,-4.306343926323785
1710802119.2788076,-4.293034606509738
1710802119.2789207,-4.277273548973931
1710802119.2790334,-4.259060753716363
1710802119.2791464,-4.237696064843072
1710802119.2792594,-4.214229583740234
1710802119.2793725,-4.189012050628662
1710802119.2794852,-4.16379451751709
1710802119.2795982,-4.137175877888997
1710802119.2797112,-4.111257923973931
1710802119.2798243,-4.083938863542345
1710802119.279937,-4.056269592709011
1710802119.28005,-4.02579837375217
1710802119.280163,-3.9925252066718206
1710802119.280276,-3.9564500914679632
1710802119.2803888,-3.9158217112223306
1710802119.2805018,-3.8734422789679632
1710802119.2806149,-3.8282606336805554
1710802119.2807279,-3.783429463704427
1710802119.2808406,-3.7361465560065374
1710802119.2809536,-3.6902644899156356
1710802119.2810667,-3.6419309510125055
1710802119.2811797,-3.5925465159946017
1710802119.2812924,-3.541760974460178
1710802119.2814054,-3.488173749711778
1710802119.2815185,-3.4314341015285916
1710802119.2816315,-3.3725931909349227
1710802119.2817442,-3.3116507530212402
1710802119.2818573,-3.2482565773857965
1710802119.2819703,-3.1845121913486056
1710802119.2820833,-3.1200671195983887
1710802119.282196,-3.055972523159451
1710802119.282309,-2.990476820203993
1710802119.282422,-2.924981117248535
1710802119.282535,-2.8563332557678223
1710802119.2826478,-2.7866347630818686
1710802119.2827609,-2.71378411187066
1710802119.2828739,-2.638831933339437
1710802119.2829869,-2.5614277521769204
1710802119.2830997,-2.482622994316949
1710802119.2832127,-2.4020669195387097
1710802119.2833257,-2.3215105798509383
1710802119.2834387,-2.2409545050726996
1710802119.2835515,-2.1589974562327066
1710802119.2836645,-2.0759896437327066
1710802119.2837775,-1.9912305143144395
1710802119.2838905,-1.9054207536909316
1710802119.2840033,-1.8171592553456624
1710802119.2841163,-1.7278469933403862
1710802119.2842293,-1.6364333364698622
1710802119.2843423,-1.543968915939331
1710802119.284455,-1.450103521347046
1710802119.284568,-1.3562379942999945
1710802119.284681,-1.2609716256459553
1710802119.284794,-1.1650048361884222
1710802119.2849069,-1.067636940214369
1710802119.2850199,-0.9706193208694458
1710802119.285133,-0.8711500300301446
1710802119.285246,-0.7716807391908433
1710802119.2853587,-0.6711606846915351
1710802119.2854717,-0.5695898665322198
1710802119.2855847,-0.46871960163116455
1710802119.2856977,-0.3660980860392253
1710802119.2858105,-0.26347657044728595
1710802119.2859235,-0.16050481133990818
1710802119.2860365,-0.05753306051095326
1710802119.2861495,0.0461482091082467
1710802119.2862623,0.15019105540381536
1710802119.2863753,0.2517816921075185
1710802119.2864883,0.3547736008961995
1710802119.2866013,0.4563642541567484
1710802119.286714,0.5569039450751411
1710802119.286827,0.6584946314493815
1710802119.28694,0.7583336697684394
1710802119.287053,0.8588733938005235
1710802119.2871659,0.9590628412034776
1710802119.287279,1.0596024990081787
1710802119.287392,1.1601422892676458
1710802119.287505,1.2596310509575737
1710802119.2876177,1.3584191269344754
1710802119.2877307,1.4551054106818304
1710802119.2878437,1.5503904554578993
1710802119.2879567,1.6432233651479085
1710802119.2880695,1.7353554566701253
1710802119.2881825,1.826436784532335
1710802119.2882955,1.9171677695380316
1710802119.2884085,2.0075484116872153
1710802119.2885213,2.0972283681233725
1710802119.2886343,2.1858575608995223
1710802119.2887473,2.271684010823568
1710802119.2888603,2.356810039944119
1710802119.288973,2.438783115810818
1710802119.289086,2.517953713734945
1710802119.289199,2.5936214129130044
1710802119.2893121,2.669639057583279
1710802119.289425,2.74180359310574
1710802119.289538,2.8139678637186685
1710802119.289651,2.884731027815077
1710802119.289764,2.9558446672227645
1710802119.2898767,3.0245057741800943
1710802119.2899897,3.09246646033393
1710802119.2901027,3.1562232971191406
1710802119.2902157,3.2192797131008573
1710802119.2903285,3.277431594000922
1710802119.2904415,3.3331312073601618
1710802119.2905545,3.3867290284898544
1710802119.2906675,3.436123000250922
1710802119.2907803,3.4862179226345487
1710802119.2908933,3.53351010216607
1710802119.2910063,3.579751385582818
1710802119.2911193,3.6242410871717663
1710802119.291232,3.667679627736409
1710802119.2913451,3.7086664305792914
1710802119.2914581,3.7475509113735623
1710802119.2915711,3.7822320726182723
1710802119.291684,3.815161387125651
1710802119.291797,3.845988909403483
1710802119.29191,3.874364164140489
1710802119.292023,3.900987837049696
1710802119.2921357,3.9276117748684354
1710802119.2922487,3.9521336555480957
1710802119.2923617,3.9763050609164767
1710802119.2924747,3.9987251493665905
1710802119.2925875,4.0207947625054254
1710802119.2927005,4.039011001586914
1710802119.2928135,4.055826134151882
1710802119.2929265,4.068787627749972
1710802119.2930393,4.079647329118517
1710802119.2931523,4.087704552544488
1710802119.2932653,4.092608822716607
1710802119.2933784,4.096812672085232
1710802119.2934911,4.099615150027804
1710802119.2936041,4.101716942257351
1710802119.2937171,4.10206741756863
1710802119.2938302,4.102417627970378
1710802119.293943,4.101016521453857
1710802119.294056,4.0971628824869795
1710802119.294169,4.0905070304870605
1710802119.294282,4.081048700544569
1710802119.2943947,4.069838523864746
1710802119.2945077,4.055475658840603
1710802119.2946208,4.040412373012966
1710802119.2947338,4.023597240447998
1710802119.2948465,4.0067823727925616
1710802119.2949595,3.9899672402275934
1710802119.2950726,3.9721014764573837
1710802119.2951856,3.9535347620646157
1710802119.2952983,3.9332167307535806
1710802119.2954113,3.9104464319017196
1710802119.2955244,3.8845231797960067
1710802119.2956374,3.8554472393459744
1710802119.2957501,3.8239192962646484
1710802119.2958632,3.79239108827379
1710802119.2959762,3.758410612742106
1710802119.2960892,3.7247806125217013
1710802119.296202,3.6911506123012967
1710802119.296315,3.656469715966119
1710802119.296428,3.6217888196309405
1710802119.296541,3.5864072375827365
1710802119.2966537,3.5475224918789334
1710802119.2967668,3.50723663965861
1710802119.2968798,3.4630971484714084
1710802119.2969928,3.416155179341634
1710802119.2971056,3.3685127894083657
1710802119.2972186,3.3187683423360186
1710802119.2973316,3.269374370574951
1710802119.2974446,3.2203306092156305
1710802119.2975574,3.170235951741536
1710802119.2976704,3.1201412942674422
1710802119.2977834,3.0679445796542697
1710802119.2978964,3.0143467585245767
1710802119.2980092,2.9565450880262585
1710802119.2981222,2.8969921006096735
1710802119.2982352,2.8335854742262097
1710802119.2983482,2.7701788478427463
1710802119.298461,2.7046704292297363
1710802119.298574,2.6391620106167264
1710802119.298687,2.572252220577664
1710802119.2988,2.5060431162516275
1710802119.2989128,2.438432905409071
1710802119.2990258,2.369771533542209
1710802119.2991388,2.29935884475708
1710802119.2992518,2.226143413119846
1710802119.2993646,2.1511765321095786
1710802119.2994776,2.0737575160132513
1710802119.2995906,1.995988024605645
1710802119.2997036,1.9161168734232583
1710802119.2998164,1.8362455897861056
1710802119.2999294,1.7556736204359267
1710802119.3000424,1.6754519939422607
1710802119.3001554,1.5938292609320746
1710802119.3002682,1.510805156495836
1710802119.3003812,1.4274307092030842
1710802119.3004942,1.3416041268242729
1710802119.3006072,1.2547266483306885
1710802119.30072,1.1660975880093045
1710802119.300833,1.0767678419748943
1710802119.300946,0.9867375426822238
1710802119.301059,0.8956562148200141
1710802119.3011718,0.803173714213901
1710802119.3012848,0.7106912136077881
1710802119.3013978,0.6175080272886488
1710802119.3015108,0.5232739448547363
1710802119.3016236,0.42763862344953746
1710802119.3017366,0.33095233970218235
1710802119.3018496,0.23461638225449455
1710802119.3019626,0.13687916927867466
1710802119.3020754,0.038791646560033165
1710802119.3021884,-0.06033501277367274
1710802119.3023014,-0.15945408079359266
1710802119.3024144,-0.25892340474658543
1710802119.3025272,-0.35909321573045516
1710802119.3026402,-0.4589127500851949
1710802119.3027532,-0.5583820740381876
1710802119.3028662,-0.6578513648774889
1710802119.302979,-0.7566202349132961
1710802119.303092,-0.8536377880308363
1710802119.303205,-0.9503051969740126
1710802119.303318,-1.0462720526589286
1710802119.3034308,-1.141188144683838
1710802119.3035438,-1.2364546457926433
1710802119.3036568,-1.3313706715901692
1710802119.3037698,-1.4269873831007216
1710802119.3038826,-1.5215531984965005
1710802119.3039956,-1.616119146347046
1710802119.3041086,-1.709284120135837
1710802119.3042216,-1.8010479874081082
1710802119.3043344,-1.8917612234751382
1710802119.3044474,-1.9800227218204074
1710802119.3045604,-2.0679340097639294
1710802119.3046734,-2.154794534047445
1710802119.3047862,-2.240604294670953
1710802119.3048992,-2.3264140552944608
1710802119.3050122,-2.4115233951144748
1710802119.3051252,-2.496632734934489
1710802119.305238,-2.579990757836236
1710802119.305351,-2.661597728729248
1710802119.305464,-2.7404024865892196
1710802119.305577,-2.818156878153483
1710802119.3056898,-2.8924086358812118
1710802119.3058028,-2.9645588662889266
1710802119.3059158,-3.0346075693766275
1710802119.3060288,-3.1032554308573403
1710802119.3061416,-3.170502185821533
1710802119.3062546,-3.237749205695258
1710802119.3063676,-3.303595119052463
1710802119.3064806,-3.367339505089654
1710802119.3065934,-3.429332574208577
1710802119.3067064,-3.4885239601135254
1710802119.3068194,-3.545964029100206
1710802119.3069324,-3.6002516746520996
1710802119.3070452,-3.6510372161865234
1710802119.3071582,-3.700771861606174
1710802119.3072712,-3.7477045589023166
1710802119.3073843,-3.793936835394965
1710802119.307497,-3.8380675845675998
1710802119.30761,-3.881497648027208
1710802119.307723,-3.9224762386745877
1710802119.3078358,-3.9624041981167264
1710802119.3079488,-3.9998801549275713
1710802119.3080618,-4.0349046389261884
1710802119.3081748,-4.067127174801296
1710802119.3082876,-4.097248183356391
1710802119.3084006,-4.123516347673204
1710802119.3085136,-4.149084356096056
1710802119.3086267,-4.1732509930928545
1710802119.3087394,-4.195666578080919
1710802119.3088524,-4.21738174226549
1710802119.3089654,-4.2383964856465655
1710802119.3090785,-4.257309701707628
1710802119.3091912,-4.275522232055664
1710802119.3093042,-4.291283289591472
1710802119.3094172,-4.304592609405518
1710802119.3095303,-4.315099981096056
1710802119.309643,-4.321754508548312
1710802119.309756,-4.326657983991835
1710802119.309869,-4.330160352918837
1710802119.309982,-4.332612090640597
1710802119.3100948,-4.332261880238851
1710802119.3102078,-4.331911669837104
1710802119.3103209,-4.330510563320583
1710802119.3104339,-4.327708615197076
1710802119.3105466,-4.32210471895006
1710802119.3106596,-4.314749770694308
1710802119.3107727,-4.303892188602023
1710802119.3108857,-4.289882447984484
1710802119.3109984,-4.273771180046929
1710802119.3111115,-4.254857963985867
1710802119.3112245,-4.2341934310065374
1710802119.3113375,-4.21352916293674
1710802119.3114502,-4.192164209153917
1710802119.3115633,-4.169398413764106
1710802119.3116763,-4.146982828776042
1710802119.3117893,-4.122465716467963
1710802119.311902,-4.0958470768398705
1710802119.312015,-4.066076278686523
1710802119.312128,-4.0328031116061736
1710802119.312241,-3.9974284172058105
1710802119.3123538,-3.960652881198459
1710802119.3124669,-3.9210753970675998
1710802119.3125799,-3.881497648027208
1710802119.3126929,-3.8415699534946017
1710802119.3128057,-3.8019924693637424
1710802119.3129187,-3.761013878716363
1710802119.3130317,-3.7196850776672363
1710802119.3131447,-3.6755543284946017
1710802119.3132575,-3.628621631198459
1710802119.3133705,-3.5792371961805554
1710802119.3134835,-3.5277512338426376
1710802119.3135965,-3.4734633233812118
1710802119.3137093,-3.4177745713127985
1710802119.3138223,-3.3620858192443848
1710802119.3139353,-3.305696646372477
1710802119.3140483,-3.2486067877875433
1710802119.314161,-3.1901160875956216
1710802119.314274,-3.1312749120924206
1710802119.314387,-3.069632053375244
1710802119.3145,-3.0058876673380532
1710802119.3146129,-2.9386406474643283
1710802119.3147259,-2.8699927859836154
1710802119.314839,-2.7981927659776473
1710802119.314952,-2.725342114766439
1710802119.3150647,-2.651440567440457
1710802119.3151777,-2.5775390201144748
1710802119.3152907,-2.5029370519849987
1710802119.3154037,-2.427284452650282
1710802119.3155165,-2.350230746799045
1710802119.3156295,-2.272826830546061
1710802119.3157425,-2.192620833714803
1710802119.3158555,-2.11066378487481
1710802119.3159683,-2.0273056295182967
1710802119.3160813,-1.942196422153049
1710802119.3161943,-1.8563865290747747
1710802119.3163073,-1.7695260047912598
1710802119.31642,-1.6819650597042508
1710802119.316533,-1.5933533509572346
1710802119.316646,-1.5054420630137124
1710802119.316759,-1.4150790373484294
1710802119.316872,-1.3240155908796523
1710802119.316985,-1.230850617090861
1710802119.317098,-1.137685775756836
1710802119.317211,-1.0424193408754137
1710802119.3173237,-0.9457519981596205
1710802119.3174367,-0.8497851424747043
1710802119.3175497,-0.7531177997589111
1710802119.3176627,-0.6546992063522339
1710802119.3177755,-0.5562806129455566
1710802119.3178885,-0.45681128899256385
1710802119.3180015,-0.3580424520704481
1710802119.3181145,-0.2571721706125471
1710802119.3182273,-0.15770286321640015
1710802119.3183403,-0.05788330402639177
1710802119.3184533,0.04264508270555072
1710802119.3185663,0.14353510406282213
1710802119.318679,0.24302388230959573
1710802119.318792,0.3439138995276557
1710802119.318905,0.4448039333025614
1710802119.3190181,0.5463945865631104
1710802119.319131,0.649036169052124
1710802119.319244,0.7502765125698513
1710802119.319357,0.8518671327167087
1710802119.31947,0.9520565801196628
1710802119.3195827,1.0501441028383043
1710802119.3196957,1.1471806632147894
1710802119.3198087,1.2428160508473713
1710802119.3199217,1.3384513060251872
1710802119.3200345,1.4319847689734564
1710802119.3201475,1.526919470893012
1710802119.3202605,1.6208032766977944
1710802119.3203735,1.7136361863878038
1710802119.3204863,1.8071696493360732
1710802119.3205993,1.8971999486287434
1710802119.3207123,1.9854786660936143
1710802119.3208253,2.072356277041965
1710802119.320938,2.1557305918799505
1710802119.3210511,2.237703800201416
1710802119.3211641,2.3189761903550887
1710802119.3212771,2.3977965778774686
1710802119.32139,2.476616965399848
1710802119.321503,2.555086877610948
1710802119.321616,2.632155683305528
1710802119.321729,2.7081735928853354
1710802119.3218417,2.782089445326063
1710802119.3219547,2.853203084733751
1710802119.3220677,2.92221466700236
1710802119.3221807,2.988073296017117
1710802119.3222935,3.0514799224005804
1710802119.3224065,3.112784491644965
1710802119.3225195,3.17268795437283
1710802119.3226326,3.2322412066989474
1710802119.3227453,3.2896924018859863
1710802119.3228583,3.3481947580973306
1710802119.3229713,3.402843475341797
1710802119.3230844,3.4567915068732367
1710802119.3231971,3.5079373253716364
1710802119.3233101,3.5555797153049045
1710802119.3234231,3.6014707883199053
1710802119.3235362,3.6438584327697754
1710802119.323649,3.6834438641866045
1710802119.323762,3.7216279241773815
1710802119.323875,3.7573597166273327
1710802119.323988,3.792741298675537
1710802119.3241007,3.826021088494195
1710802119.3242137,3.858249717288547
1710802119.3243268,3.889077239566379
1710802119.3244398,3.9174524943033853
1710802119.3245525,3.9430255360073514
1710802119.3246655,3.9664965205722384
1710802119.3247786,3.9868145518832736
1710802119.3248916,4.004680580563015
1710802119.3250043,4.020444552103679
1710802119.3251173,4.034106731414795
1710802119.3252304,4.047418700324164
1710802119.3253434,4.058628612094455
1710802119.3254561,4.070188999176025
1710802119.3255692,4.079647329118517
1710802119.3256822,4.088405238257514
1710802119.3257952,4.095061090257433
1710802119.325908,4.099264939626058
1710802119.326021,4.100666046142578
1710802119.326134,4.099264939626058
1710802119.326247,4.09541130065918
1710802119.3263597,4.090156820085314
1710802119.3264728,4.083500703175862
1710802119.3265858,4.076144165462917
1710802119.3266988,4.067386521233453
1710802119.3268116,4.0596795082092285
1710802119.3269246,4.050221178266737
1710802119.3270376,4.040062162611219
1710802119.3271506,4.025699297587077
1710802119.3272634,4.010635746849908
1710802119.3273764,3.9917188220553927
1710802119.3274894,3.9703498946295843
1710802119.3276024,3.947229120466444
1710802119.3277152,3.922357029385037
1710802119.3278282,3.896433777279324
1710802119.3279412,3.869810104370117
1710802119.3280542,3.842835956149631
1710802119.328167,3.8158620728386774
1710802119.32828,3.787837028503418
1710802119.328393,3.757710191938612
1710802119.328506,3.7247806125217013
1710802119.3286188,3.6883481343587237
1710802119.3287318,3.6484124925401473
1710802119.3288448,3.607075744205051
1710802119.3289578,3.564337624443902
1710802119.3290706,3.5208988189697266
1710802119.3291836,3.4771098030938044
1710802119.3292966,3.4333205223083496
1710802119.3294096,3.388480610317654
1710802119.3295224,3.3446915944417315
1710802119.3296354,3.2981001006232367
1710802119.3297484,3.24975676006741
1710802119.3298614,3.1979105207655163
1710802119.3299742,3.145714071061876
1710802119.3300872,3.090014192793104
1710802119.3302002,3.033263683319092
1710802119.3303132,2.9740609063042536
1710802119.330426,2.916609446207682
1710802119.330539,2.858457565307617
1710802119.330652,2.799254788292779
1710802119.330765,2.7400520112779403
1710802119.3308778,2.6773460706075034
1710802119.3309908,2.6128885481092663
1710802119.3311038,2.54527833726671
1710802119.3312168,2.4752155939737954
1710802119.3313296,2.4020004272460938
1710802119.3314426,2.3280843098958335
1710802119.3315556,2.2527670860290527
1710802119.3316686,2.176749308904012
1710802119.3317814,2.098979949951172
1710802119.3318944,2.022611829969618
1710802119.3320074,1.9441417853037515
1710802119.3321204,1.9441417853037515
1710802119.3322332,4.092959298027886
1710802119.3323462,4.091557926601833
1710802119.3324592,4.087003866831462
1710802119.3325722,4.080348014831543
1710802119.332685,4.070539209577772
1710802119.332798,4.0596795082092285
1710802119.332911,4.048119121127658
1710802119.333024,4.035507837931315
1710802119.3331368,4.022896819644504
1710802119.3332498,4.009584850735134
1710802119.3333628,3.995572461022271
1710802119.3334758,3.979808224572076
1710802119.3335886,3.9615919854905868
1710802119.3337016,3.939171897040473
1710802119.3338146,3.915000491672092
1710802119.3339276,3.8869754473368325
1710802119.3340404,3.857549296485053
1710802119.3341534,3.827422195010715
1710802119.3342664,3.7955437766181097
1710802119.3343794,3.764366043938531
1710802119.3344922,3.7328378359476724
1710802119.3346052,3.7013096279568143
1710802119.3347182,3.6680301030476885
1710802119.3348312,3.6329987314012313
1710802119.334944,3.5944644610087075
1710802119.335057,3.554178343878852
1710802119.33517,3.510739803314209
1710802119.335283,3.4666003121270075
1710802119.3353958,3.4203590287102594
1710802119.3355088,3.3748184310065374
1710802119.3356218,3.3278764618767633
1710802119.3357348,3.2816351784600153
1710802119.3358476,3.23504368464152
1710802119.3359606,3.1867006089952254
1710802119.3360736,3.1366059515211315
1710802119.3361866,3.0837085511949325
1710802119.3362994,3.02835914823744
1710802119.3364124,2.969506846533881
1710802119.3365254,2.909252908494737
1710802119.3366385,2.8479483392503524
1710802119.3367512,2.7866435050964355
1710802119.3368642,2.7246382501390243
1710802119.3369772,2.662282519870334
1710802119.3370903,2.59922636879815
1710802119.337203,2.534768846299913
1710802119.337316,2.4682095315721297
1710802119.337429,2.398847473992242
1710802119.337542,2.326683203379313
1710802119.3376548,2.2524168756273055
1710802119.3377678,2.176048755645752
1710802119.3378808,2.0972283681233725
1710802119.3379939,2.019108666314019
1710802119.3381066,1.9385368294186063
1710802119.3382196,1.8590158886379666
1710802119.3383327,1.7777433660295274
1710802119.3384457,1.6961205005645752
1710802119.3385584,1.6120455000135634
1710802119.3386714,1.5272698137495253
1710802119.3387845,1.4400419923994277
1710802119.3388975,1.3521134853363037
1710802119.3390102,1.2624335289001465
1710802119.3391232,1.172403229607476
1710802119.3392363,1.0816722446017795
1710802119.3393493,0.9895400206247965
1710802119.339462,0.8981084161334567
1710802119.339575,0.8049252960417006
1710802119.339688,0.7120924525790744
1710802119.339801,0.6171577506595187
1710802119.3399138,0.5218727058834499
1710802119.3400269,0.4255367318789164
1710802119.3401399,0.3277995189030965
1710802119.3402529,0.23006232248412237
1710802119.3403656,0.13127417200141483
1710802119.3404787,0.031084768060180876
1710802119.3405917,-0.06804038253095415
1710802119.3407047,-0.16961115929815504
1710802119.3408175,-0.2701312137974633
1710802119.3409305,-0.3713517387708028
1710802119.3410435,-0.4725722803009881
1710802119.3411565,-0.5741430653466119
1710802119.3412693,-0.6739626328150431
1710802119.3413823,-0.7734319236543443
1710802119.3414953,-0.8722007274627686
1710802119.3416083,-0.9713198079003228
1710802119.341721,-1.07008867793613
1710802119.341834,-1.1695579687754314
1710802119.341947,-1.2679764959547255
1710802119.34206,-1.3677961296505399
1710802119.3421729,-1.46551423602634
1710802119.3422859,-1.5628819995456271
1710802119.342399,-1.6591991318596733
1710802119.342512,-1.7537650797102187
1710802119.3426247,-1.8469300534990098
1710802119.3427377,-1.937993499967787
1710802119.3428507,-2.029056946436564
1710802119.3429637,-2.119069629245334
1710802119.3430765,-2.208031680848863
1710802119.3431895,-2.296293046739366
1710802119.3433025,-2.3852552307976618
1710802119.3434155,-2.4717654122246637
1710802119.3435283,-2.5561743312411838
1710802119.3436413,-2.6395323541429305
1710802119.3437543,-2.719388008117676
1710802119.3438673,-2.7971421347724066
1710802119.34398,-2.8724445237053766
1710802119.344093,-2.9459958606296115
1710802119.344206,-3.017795880635579
1710802119.344319,-3.0892456902398004
1710802119.3444319,-3.160345289442274
1710802119.344545,-3.229343361324734
1710802119.344658,-3.2976410124037
1710802119.344771,-3.363837136162652
1710802119.3448837,-3.4282819430033364
1710802119.3449967,-3.489574591318766
1710802119.3451097,-3.548065291510688
1710802119.3452227,-3.6051551500956216
1710802119.3453355,-3.658392164442274
1710802119.3454485,-3.711629443698459
1710802119.3455615,-3.7631151411268444
1710802119.3456745,-3.812499576144748
1710802119.3457873,-3.861183590359158
1710802119.3459003,-3.9081162876553006
1710802119.3460133,-3.953297668033176
1710802119.3461263,-3.995677365197076
1710802119.346239,-4.036305745442708
1710802119.346352,-4.07308128145006
1710802119.346465,-4.107054869333903
1710802119.3465781,-4.137175877888997
1710802119.346691,-4.1655455695258246
1710802119.346804,-4.192164209153917
1710802119.346917,-4.21738174226549
1710802119.34703,-4.240147802564833
1710802119.3471427,-4.26221317715115
1710802119.3472557,-4.282877445220947
1710802119.3473687,-4.301440450880262
1710802119.3474817,-4.318602350023058
1710802119.3475945,-4.331911669837104
1710802119.3477075,-4.3434696727328825
1710802119.3478205,-4.351875517103407
1710802119.3479335,-4.35782962375217
1710802119.3480463,-4.362382888793945
1710802119.3481593,-4.3641342057122126
1710802119.3482723,-4.365885257720947
1710802119.3483853,-4.366585678524441
1710802119.348498,-4.36693615383572
1710802119.348611,-4.3655350473192005
1710802119.3487241,-4.362733099195692
1710802119.3488371,-4.356778992546929
1710802119.34895,-4.348022937774658
1710802119.349063,-4.337865776485867
1710802119.349176,-4.32210471895006
1710802119.3492887,-4.304942819807264
1710802119.3494017,-4.2860296037462025
1710802119.3495147,-4.267466598086886
1710802119.3496277,-4.246452119615343
1710802119.3497405,-4.226137797037761
1710802119.3498535,-4.204422897762722
1710802119.3499665,-4.182007047865126
1710802119.3500795,-4.1574902004665795
1710802119.3501923,-4.129470454321967
1710802119.3503053,-4.098649024963379
1710802119.3504183,-4.065025647481282
1710802119.3505313,-4.029300742679172
1710802119.350644,-3.9918245209587946
1710802119.3507571,-3.953998353746202
1710802119.3508701,-3.915471500820584
1710802119.3509831,-3.8765944374932184
1710802119.351096,-3.8373668988545733
1710802119.351209,-3.7970889939202204
1710802119.351322,-3.7554099824693465
1710802119.351435,-3.711279233296712
1710802119.3515477,-3.6622450086805554
1710802119.3516607,-3.612510363260905
1710802119.3517737,-3.5592733489142523
1710802119.3518867,-3.5053356488545733
1710802119.3519995,-3.44964689678616
1710802119.3521125,-3.3939581447177463
1710802119.3522255,-3.338619338141547
1710802119.3523386,-3.2822301652696395
1710802119.3524513,-3.224790096282959
1710802119.3525643,-3.1652487648857965
1710802119.3526773,-3.104306062062581
1710802119.3527904,-3.038810624016656
1710802119.3529031,-2.972614500257704
1710802119.3530161,-2.903266217973497
1710802119.3531291,-2.83251682917277
1710802119.3532422,-2.761067019568549
1710802119.353355,-2.6889167891608343
1710802119.353468,-2.6167665587531195
1710802119.353581,-2.5435654322306314
1710802119.353694,-2.4696638849046493
1710802119.3538067,-2.3926101790534124
1710802119.3539197,-2.3145058419969344
1710802119.3540328,-2.2339497672186956
1710802119.3541458,-2.1519925859239364
1710802119.3542585,-2.0668832461039224
1710802119.3543715,-1.9807232750786674
1710802119.3544846,-1.8938627507951524
1710802119.3545976,-1.8059514628516302
1710802119.3547103,-1.716989411248101
1710802119.3548234,-1.627326938841078
1710802119.3549364,-1.5369640456305609
1710802119.3550494,-1.4452000459035237
1710802119.3551621,-1.3523854149712455
1710802119.3552752,-1.2567687034606934
1710802119.3553882,-1.1625530984666612
1710802119.3555012,-1.065535479121738
1710802119.355614,-0.9678173727459377
1710802119.355727,-0.8697490559683906
1710802119.35584,-0.7716807391908433
1710802119.355953,-0.6732621457841661
1710802119.3560658,-0.5741430653466119
1710802119.3561788,-0.4746737413936191
1710802119.3562918,-0.37485417392518783
1710802119.3564048,-0.2746843794981639
1710802119.3565176,-0.17451458507113987
1710802119.3566306,-0.07469501760270861
1710802119.3567436,0.024779143018854987
1710802119.3568566,0.1239176011747784
1710802119.3569694,0.2234063876999749
1710802119.3570824,0.3239460786183675
1710802119.3571954,0.42448580265045166
1710802119.3573084,0.5257261461681789
1710802119.3574212,0.6269664896859063
1710802119.3575342,0.7261049747467041
1710802119.3576472,0.8255937364366319
1710802119.3577602,0.9240315357844034
1710802119.357873,1.0210681623882718
1710802119.357986,1.1170538266499836
1710802119.358099,1.2119885285695393
1710802119.358212,1.3072735733456082
1710802119.3583248,1.4008070362938774
1710802119.3584378,1.495041052500407
1710802119.3585508,1.5889248583051894
1710802119.3586638,1.6821079783969455
1710802119.3587766,1.7735396491156683
1710802119.3588896,1.8635699484083388
1710802119.3590026,1.9507977697584364
1710802119.3591156,2.0352231131659613
1710802119.3592284,2.118597428003947
1710802119.3593414,2.199519740210639
1710802119.3594544,2.280091709560818
1710802119.3595674,2.359262307484945
1710802119.3596802,2.4391335911220975
1710802119.3597932,2.5169028176201715
1710802119.3599062,2.594322098626031
1710802119.3600192,2.668588161468506
1710802119.360132,2.742153803507487
1710802119.360245,2.811866071489122
1710802119.360358,2.8791260719299316
1710802119.360471,2.9432333840264215
1710802119.3605838,3.005588849385579
1710802119.3606968,3.0661929978264704
1710802119.3608098,3.1250455644395614
1710802119.3609228,3.1828472349378796
1710802119.3610356,3.239947954813639
1710802119.3611486,3.295998043484158
1710802119.3612616,3.3495958646138506
1710802119.3613746,3.400391207800971
1710802119.3614874,3.4487342834472656
1710802119.3616004,3.4949755668640137
1710802119.3617134,3.538064161936442
1710802119.3618264,3.5794009102715387
1710802119.3619392,3.618285655975342
1710802119.3620522,3.656820191277398
1710802119.3621652,3.6943035655551486
1710802119.3622782,3.7314367294311523
1710802119.362391,3.765767150455051
1710802119.362504,3.800798522101508
1710802119.362617,3.831976254781087
1710802119.36273,3.861752880944146
1710802119.3628428,3.888727029164632
1710802119.3629558,3.9128984345330133
1710802119.3630688,3.933917416466607
1710802119.3631818,3.9528340763515897
1710802119.3632946,3.9696492089165583
1710802119.3634076,3.9843622843424478
1710802119.3635206,3.9987251493665905
1710802119.3636336,4.011336432562934
1710802119.3637464,4.023947715759277
1710802119.3638594,4.034106731414795
1710802119.3639724,4.042864640553792
1710802119.3640854,4.049520492553711
1710802119.3641982,4.053373866611056
1710802119.3643112,4.05302365620931
1710802119.3644242,4.0516222847832575
1710802119.3645372,4.047418700324164
1710802119.36465,4.042514165242513
1710802119.364763,4.035858313242595
1710802119.364876,4.02850177552965
1710802119.364989,4.0207947625054254
1710802119.3651018,4.013088014390734
1710802119.3652148,4.003279209136963
1710802119.3653278,3.992069297366672
1710802119.3654408,3.9787573284573026
1710802119.3655536,3.96264288160536
1710802119.3656666,3.9440764321221247
1710802119.3657796,3.92340792549981
1710802119.3658926,3.9027394188774958
1710802119.3660054,3.880319595336914
1710802119.3661184,3.857549296485053
1710802119.3662314,3.835479418436686
1710802119.3663445,3.8134098052978516
1710802119.3664572,3.789238135019938
1710802119.3665702,3.7636653582255044
1710802119.3666832,3.735290103488498
1710802119.3667963,3.704112370808919
1710802119.366909,3.670131895277235
1710802119.367022,3.6333492067125106
1710802119.367135,3.5944644610087075
1710802119.367248,3.5552295049031573
1710802119.3673608,3.515994283888075
1710802119.3674738,3.475708431667752
1710802119.3675869,3.435072104136149
1710802119.3676999,3.394786251915826
1710802119.3678126,3.3516979217529297
1710802119.3679256,3.306507534450955
1710802119.3680387,3.2592153549194336
1710802119.3681517,3.2098211182488336
1710802119.3682644,3.157274193233914
1710802119.3683774,3.1040268474155
1710802119.3684905,3.050078550974528
1710802119.3686035,2.995429833730062
1710802119.3687162,2.940080430772569
1710802119.3688293,2.88578192392985
1710802119.3689423,2.8293816248575845
1710802119.3690553,2.7719304296705456
1710802119.369168,2.7120269669426813
1710802119.369281,2.6496712366739907
1710802119.369394,2.583462397257487
1710802119.369507,2.5165526072184243
1710802119.3696198,2.4468403392367892
1710802119.3697329,2.37642765045166
1710802119.3698459,2.3049638006422253
1710802119.3699589,2.233499950832791
1710802119.3700716,2.161685890621609
1710802119.3701847,2.0884705914391413
1710802119.3702977,2.0128030247158475
1710802119.3704107,1.937485933303833
1710802119.3705235,1.8583152029249403
1710802119.3706365,1.7780937088860405
1710802119.3707495,1.695770157708062
1710802119.3708625,1.6123958428700764
1710802119.3709753,1.5279704994625516
1710802119.3710883,1.441793574227227
1710802119.3712013,1.3563173347049289
1710802119.3713143,1.2690895133548312
1710802119.371427,1.1818615595499675
1710802119.37154,1.0925318797429402
1710802119.371653,1.0018009609646268
1710802119.371766,0.9096687369876437
1710802119.3718789,0.8164856168958876
1710802119.3719919,0.7215508487489488
1710802119.372105,0.6262658702002631
1710802119.372218,0.5302802059385512
1710802119.3723307,0.43149206373426646
1710802119.3724437,0.33480577998691136
1710802119.3725567,0.23671825726826984
1710802119.3726697,0.13828042480680677
1710802119.3727825,0.03914195630285475
1710802119.3728955,-0.059284282227357224
1710802119.3730085,-0.15805310673183864
1710802119.3731215,-0.2564716835816701
1710802119.3732343,-0.3552405039469401
1710802119.3733473,-0.4526083668073018
1710802119.3734603,-0.5513772037294176
1710802119.3735733,-0.6497957971360948
1710802119.373686,-0.7475138372845119
1710802119.373799,-0.8469831943511963
1710802119.373912,-0.9457519981596205
1710802119.374025,-1.0445208681954277
1710802119.3741379,-1.142238908343845
1710802119.374251,-1.2392565939161513
1710802119.374364,-1.3355735937754314
1710802119.374477,-1.4308400948842366
1710802119.3745897,-1.5257561206817627
1710802119.3747027,-1.6189210944705539
1710802119.3748157,-1.713487042321099
1710802119.3749287,-1.8073524369133842
1710802119.3750415,-1.9015680419074164
1710802119.3751545,-1.9936822520362005
1710802119.3752675,-2.086146672566732
1710802119.3753805,-2.1772101190355087
1710802119.3754933,-2.266172038184272
1710802119.3756063,-2.3526824845208063
1710802119.3757193,-2.4377918243408203
1710802119.3758323,-2.5207996368408203
1710802119.375945,-2.602756553226047
1710802119.376058,-2.683663103315565
1710802119.376171,-2.763168546888563
1710802119.3762841,-2.842673990461561
1710802119.376397,-2.9204281171162925
1710802119.37651,-2.997832033369276
1710802119.376623,-3.0713833702935114
1710802119.376736,-3.143883811102973
1710802119.3768487,-3.212531672583686
1710802119.3769617,-3.2794282171461315
1710802119.3770747,-3.3431726031833224
1710802119.3771877,-3.4055161476135254
1710802119.3773005,-3.466808795928955
1710802119.3774135,-3.5270508130391436
1710802119.3775265,-3.5858917236328125
1710802119.3776395,-3.642631371815999
1710802119.3777523,-3.6990205446879068
1710802119.3778653,-3.7533084551493325
1710802119.3779783,-3.805144627888997
1710802119.3780913,-3.8534781667921276
1710802119.378204,-3.8997104432847762
1710802119.378317,-3.943140771653917
1710802119.3784301,-3.98341867658827
1710802119.3785431,-4.022996425628662
1710802119.378656,-4.060122172037761
1710802119.378769,-4.096897972954644
1710802119.378882,-4.130871560838488
1710802119.378995,-4.164494938320583
1710802119.3791077,-4.194966157277425
1710802119.3792207,-4.2250871658325195
1710802119.3793337,-4.250654909345839
1710802119.3794467,-4.273771180046929
1710802119.3795595,-4.294785658518474
1710802119.3796725,-4.312648243374294
1710802119.3797855,-4.327708615197076
1710802119.3798985,-4.3420688311258955
1710802119.3800113,-4.353626834021674
1710802119.3801243,-4.364834626515706
1710802119.3802373,-4.3753419982062445
1710802119.3803504,-4.384098052978516
1710802119.3804631,-4.390752580430773
1710802119.3805761,-4.396006266276042
1710802119.3806891,-4.397757583194308
1710802119.3808022,-4.397056897481282
1710802119.380915,-4.39355452855428
1710802119.381028,-4.386549790700276
1710802119.381141,-4.377443260616726
1710802119.381254,-4.367286364237468
1710802119.3813667,-4.355728096432156
1710802119.3814797,-4.3434696727328825
1710802119.3815928,-4.33121124903361
1710802119.3817058,-4.316851033104791
1710802119.3818185,-4.301440450880262
1710802119.3819315,-4.282877445220947
1710802119.3820446,-4.2618627018398705
1710802119.3821576,-4.237696064843072
1710802119.3822703,-4.210727214813232
1710802119.3823833,-4.181306627061632
1710802119.3824964,-4.1511856185065374
1710802119.3826094,-4.120364189147949
1710802119.3827221,-4.089542759789361
1710802119.3828351,-4.058371120029025
1710802119.3829482,-4.026849004957411
1710802119.3830612,-3.9928754170735674
1710802119.383174,-3.957150512271457
1710802119.383287,-3.9179232385423446
1710802119.3834,-3.875893751780192
1710802119.383513,-3.8314127922058105
1710802119.3836257,-3.784480094909668
1710802119.3837388,-3.7361465560065374
1710802119.3838518,-3.687812752193875
1710802119.3839648,-3.638428317175971
1710802119.3840775,-3.5893940925598145
1710802119.3841906,-3.539659447140164
1710802119.3843036,-3.487122853597005
1710802119.3844166,-3.4335356288486056
1710802119.3845294,-3.375745349460178
1710802119.3846424,-3.316203753153483
1710802119.3847554,-3.2538604736328125
1710802119.3848684,-3.1894154018825955
1710802119.3849812,-3.1228690677218967
1710802119.3850942,-3.056672943962945
1710802119.3852072,-2.989426188998752
1710802119.3853202,-2.92182895872328
1710802119.385433,-2.853181097242567
1710802119.385546,-2.7834826045566134
1710802119.385659,-2.710982163747152
1710802119.385772,-2.6377810372246637
1710802119.3858848,-2.5607273313734265
1710802119.3859978,-2.481922573513455
1710802119.3861108,-2.4013662338256836
1710802119.3862238,-2.3197595278422036
1710802119.3863366,-2.237802346547445
1710802119.3864496,-2.1537437703874374
1710802119.3865626,-2.0707359578874374
1710802119.3866756,-1.9859768284691703
1710802119.3867884,-1.9001670678456624
1710802119.3869014,-1.8122557799021402
1710802119.3870144,-1.7243446244133842
1710802119.3871274,-1.632580624686347
1710802119.3872402,-1.5397659937540689
1710802119.3873532,-1.445900599161784
1710802119.3874662,-1.3509844409094915
1710802119.3875792,-1.2543169657389324
1710802119.387692,-1.1587003866831462
1710802119.387805,-1.0606320699055989
1710802119.387918,-0.9622134764989216
1710802119.388031,-0.8630943960613674
1710802119.3881438,-0.7636251052220662
1710802119.3882568,-0.6627547740936279
1710802119.3883698,-0.5615342987908257
1710802119.3884828,-0.4596132371160719
1710802119.3885956,-0.3569917215241326
1710802119.3887086,-0.25401997897360057
1710802119.3888216,-0.14999748931990728
1710802119.3889346,-0.04632525146007538
1710802119.3890474,0.05875946333010991
1710802119.3891604,0.16315261522928873
1710802119.3892734,0.2682463990317451
1710802119.3893864,0.3719389107492235
1710802119.3894992,0.47563145558039344
1710802119.3896122,0.5779227283265855
1710802119.3897252,0.6781121095021566
1710802119.3898382,0.7790021763907539
1710802119.389951,0.8788412147098117
1710802119.390064,0.9779796997706095
1710802119.390177,1.0757168796327379
1710802119.3902898,1.1748553646935356
1710802119.3904028,1.272942887412177
1710802119.3905158,1.368928485446506
1710802119.3906288,1.464213530222575
1710802119.3907416,1.5580973360273573
1710802119.3908546,1.6502295600043402
1710802119.3909676,1.7399095164404974
1710802119.3910806,1.8285387092166476
1710802119.3911934,1.9157665305667453
1710802119.3913064,2.002994351916843
1710802119.3914194,2.088120248582628
1710802119.3915324,2.1753480699327254
1710802119.3916452,2.2597734133402505
1710802119.3917582,2.3448994424608016
1710802119.3918712,2.42722299363878
1710802119.3919842,2.5070940123664007
1710802119.392097,2.5827617115444608
1710802119.39221,2.658078935411241
1710802119.392323,2.7298929956224227
1710802119.392436,2.8003056844075522
1710802119.3925488,2.86966774198744
1710802119.3926618,2.937628428141276
1710802119.3927748,3.005588849385579
1710802119.3928878,3.071447743309869
1710802119.3930006,3.1362554762098522
1710802119.3931136,3.199311892191569
1710802119.3932266,3.258514669206407
1710802119.3933396,3.3149149682786727
1710802119.3934524,3.3685127894083657
1710802119.3935654,3.418957922193739
1710802119.3936784,3.4676512082417803
1710802119.3937914,3.5131918059455023
1710802119.3939042,3.557681507534451
1710802119.3940172,3.6014707883199053
1710802119.3941302,3.642807536655002
1710802119.3942432,3.6830933888753252
1710802119.394356,3.7216279241773815
1710802119.394469,3.757009506225586
1710802119.394582,3.7902890311347113
1710802119.394695,3.8207663430107965
1710802119.3948078,3.8480907016330295
1710802119.3949208,3.873313268025716
1710802119.3950338,3.89713446299235
1710802119.3951468,3.9192040761311846
1710802119.3952596,3.9405732684665256
1710802119.3953726,3.9608912997775607
1710802119.3954856,3.980158699883355
1710802119.3955986,3.9983749389648438
1710802119.3957114,4.01518980662028
1710802119.3958244,4.02850177552965
1710802119.3959374,4.040412373012966
1710802119.3960505,4.049170282151964
1710802119.3961632,4.055125448438856
1710802119.3962762,4.057577715979682
1710802119.3963892,4.060380193922255
1710802119.3965023,4.060380193922255
1710802119.396615,4.059329297807482
1710802119.396728,4.057227240668403
1710802119.396841,4.055125448438856
1710802119.396954,4.0523229704962835
1710802119.3970668,4.046718014611138
1710802119.3971798,4.040412373012966
1710802119.3972929,4.029202461242676
1710802119.3974059,4.017291598849826
1710802119.3975186,4.00187783771091
1710802119.3976316,3.985413180457221
1710802119.3977447,3.9682478374905057
1710802119.3978577,3.949331177605523
1710802119.3979704,3.9314651489257812
1710802119.3980834,3.912548224131266
1710802119.3981965,3.893631299336751
1710802119.3983095,3.87261258231269
1710802119.3984222,3.8505429691738553
1710802119.3985353,3.8249701923794217
1710802119.3986483,3.7962444623311358
1710802119.3987613,3.7647162543402777
1710802119.398874,3.7314367294311523
1710802119.398987,3.696055147382948
1710802119.3991,3.660673565334744
1710802119.399213,3.6249415079752603
1710802119.3993258,3.5899104012383356
1710802119.3994389,3.553477923075358
1710802119.3995519,3.516344759199354
1710802119.3996649,3.478160699208577
1710802119.3997777,3.4378745820787215
1710802119.3998907,3.3944360415140786
1710802119.4000037,3.3478442827860513
1710802119.4001167,3.299851417541504
1710802119.4002295,3.2508076561821833
1710802119.4003425,3.201763894822862
1710802119.4004555,3.1520197126600475
1710802119.4005685,3.102275265587701
1710802119.4006813,3.0525308185153537
1710802119.4007943,3.001034789615207
1710802119.4009073,2.9470867580837674
1710802119.4010203,2.891387144724528
1710802119.401133,2.8328847885131836
1710802119.401246,2.7712297439575195
1710802119.401359,2.707122696770562
1710802119.401472,2.6416142781575522
1710802119.4015849,2.5757553842332626
1710802119.4016979,2.5084953837924533
1710802119.401811,2.44193606906467
1710802119.401924,2.3743255933125815
1710802119.4020367,2.3060146967569985
1710802119.4021497,2.2359522183736167
1710802119.4022627,2.1637878153059216
1710802119.4023757,2.0888209342956543
1710802119.4024885,2.0124528143141003
1710802119.4026015,1.9343331125047472
1710802119.4027145,1.8544618288675943
1710802119.4028275,1.7742402023739285
1710802119.4029403,1.6940185758802626
1710802119.4030533,1.6127460532718234
1710802119.4031663,1.530072291692098
1710802119.4032793,1.4480992158253987
1710802119.403392,1.3636738724178739
1710802119.403505,1.2788981861538358
1710802119.403618,1.1913200219472249
1710802119.403731,1.103391581111484
1710802119.4038439,1.0137115584479437
1710802119.403957,0.9233309162987603
1710802119.40407,0.8325999975204468
1710802119.404183,0.741168393029107
1710802119.4042957,0.648685892422994
1710802119.4044087,0.5562033255894979
1710802119.4045217,0.4619692431555854
1710802119.4046347,0.36703454123602974
1710802119.4047475,0.27245014905929565
1710802119.4048605,0.17576386531194052
1710802119.4049735,0.07907758984300825
1710802119.4050865,-0.01795548117823071
1710802119.4051993,-0.11602381865183511
1710802119.4053123,-0.21409215198622808
1710802119.4054253,-0.31286097235149807
1710802119.4055383,-0.4119800527890523
1710802119.405651,-0.510748889711168
1710802119.405764,-0.6098679701487223
1710802119.405877,-0.7096875376171535
1710802119.4059901,-0.8074055777655708
1710802119.406103,-0.905123684141371
1710802119.406216,-1.0021413034862943
1710802119.406329,-1.0981081591712103
1710802119.406442,-1.1933745278252494
1710802119.4065547,-1.2879404756757948
1710802119.4066677,-1.382856633928087
1710802119.4067807,-1.4777727921803792
1710802119.4068937,-1.5726889504326713
1710802119.4070065,-1.6665543450249565
1710802119.4071195,-1.7597191863589816
1710802119.4072325,-1.8511329756842718
1710802119.4073455,-1.942546632554796
1710802119.4074583,-2.030457920498318
1710802119.4075713,-2.11766865518358
1710802119.4076843,-2.2034784158070884
1710802119.4077973,-2.2882374127705893
1710802119.40791,-2.3726463317871094
1710802119.408023,-2.4570552508036294
1710802119.4081361,-2.539012167188856
1710802119.4082491,-2.621319558885362
1710802119.408362,-2.7011752128601074
1710802119.408475,-2.7796300252278647
1710802119.408588,-2.8545822037590876
1710802119.408701,-2.9281335406833224
1710802119.4088137,-2.999583085378011
1710802119.4089267,-3.068581157260471
1710802119.4090397,-3.136178387535943
1710802119.4091527,-3.2037756178114147
1710802119.4092655,-3.2703219519721136
1710802119.4093785,-3.335467179616292
1710802119.4094915,-3.400262461768256
1710802119.4096045,-3.4626057412889266
1710802119.4097173,-3.5231979688008623
1710802119.4098303,-3.58098824818929
1710802119.4099433,-3.635276158650716
1710802119.4100564,-3.688863648308648
1710802119.4101691,-3.737197187211778
1710802119.4102821,-3.785180515713162
1710802119.4103951,-3.8303621610005694
1710802119.4105082,-3.875543541378445
1710802119.410621,-3.9172225528293185
1710802119.410734,-3.958551353878445
1710802119.410847,-3.99777889251709
1710802119.41096,-4.035605059729682
1710802119.4110727,-4.0702793333265515
1710802119.4111857,-4.10250186920166
1710802119.4112988,-4.131571981641981
1710802119.4114118,-4.1574902004665795
1710802119.4115245,-4.182357523176405
1710802119.4116375,-4.204072422451443
1710802119.4117506,-4.225437376234266
1710802119.4118636,-4.244000381893581
1710802119.4119763,-4.263263808356391
1710802119.4120893,-4.280075497097439
1710802119.4122024,-4.295836554633246
1710802119.4123154,-4.30949608484904
1710802119.4124281,-4.32210471895006
1710802119.4125412,-4.32981014251709
1710802119.4126542,-4.336114459567599
1710802119.4127672,-4.338916407691108
1710802119.41288,-4.340667724609375
1710802119.412993,-4.339967303805881
1710802119.413106,-4.339266883002387
1710802119.413219,-4.336815145280626
1710802119.4133317,-4.334013197157118
1710802119.4134448,-4.329109721713595
1710802119.4135578,-4.324206246270074
1710802119.4136708,-4.3158004018995495
1710802119.4137836,-4.3059934510125055
1710802119.4138966,-4.291633499993218
1710802119.4140096,-4.275172021653917
1710802119.4141226,-4.255558384789361
1710802119.4142354,-4.2348941167195635
1710802119.4143484,-4.212828742133246
1710802119.4144614,-4.190413157145183
1710802119.4145744,-4.167296886444092
1710802119.4146872,-4.1434801949395075
1710802119.4148002,-4.119313557942708
1710802119.4149132,-4.091644287109375
1710802119.4150262,-4.062924120161268
1710802119.415139,-4.030351373884413
1710802119.415252,-3.994976944393582
1710802119.415365,-3.957500722673204
1710802119.415478,-3.9186236593458386
1710802119.4155908,-3.8786956999037
1710802119.4157038,-3.8380675845675998
1710802119.4158168,-3.7963885731167264
1710802119.4159298,-3.7554099824693465
1710802119.4160426,-3.713730971018473
1710802119.4161556,-3.6692497465345593
1710802119.4162686,-3.623017734951443
1710802119.4163816,-3.5732830895317926
1710802119.4164944,-3.5214469167921276
1710802119.4166074,-3.466458585527208
1710802119.4167204,-3.4097189373440213
1710802119.4168334,-3.3519286579555936
1710802119.4169462,-3.2937881681654186
1710802119.4170592,-3.236348099178738
1710802119.4171722,-3.1761063469780817
1710802119.4172852,-3.1169149610731335
1710802119.417398,-3.055272102355957
1710802119.417511,-2.99082703060574
1710802119.417624,-2.9232300652398004
1710802119.417737,-2.8538817829555936
1710802119.4178498,-2.7813810772365994
1710802119.4179628,-2.7071293195088706
1710802119.4180758,-2.6321771409776473
1710802119.4181888,-2.5558238559299045
1710802119.4183016,-2.479120625389947
1710802119.4184146,-2.4013662338256836
1710802119.4185276,-2.3232618967692056
1710802119.4186406,-2.242705821990967
1710802119.4187534,-2.1603984302944608
1710802119.4188664,-2.0763398541344538
1710802119.4189794,-1.9905300935109456
1710802119.4190924,-1.9026188055674234
1710802119.4192052,-1.8136567539638944
1710802119.4193182,-1.7229436503516302
1710802119.4194312,-1.632580624686347
1710802119.4195442,-1.5408166249593098
1710802119.419657,-1.449052757687039
1710802119.41977,-1.3562379942999945
1710802119.419883,-1.2620223893059623
1710802119.419996,-1.1681569947136772
1710802119.4201088,-1.071489651997884
1710802119.4202218,-0.9751725196838379
1710802119.4203348,-0.8778046899371676
1710802119.4204478,-0.7790358199013604
1710802119.4205606,-0.6802670160929362
1710802119.4206736,-0.5807977252536349
1710802119.4207866,-0.4806278811560737
1710802119.4208996,-0.38045810328589547
1710802119.4210124,-0.2792375617557102
1710802119.4211254,-0.17731653319464788
1710802119.4212384,-0.07609599166446261
1710802119.4213514,0.024779143018854987
1710802119.4214642,0.12707042197386423
1710802119.4215772,0.22796044747034708
1710802119.4216902,0.3292007909880744
1710802119.4218032,0.429740481906467
1710802119.421916,0.5320317546526591
1710802119.422029,0.6343230273988512
1710802119.422142,0.7369646098878648
1710802119.422255,0.8399565352333916
1710802119.4223678,0.941547155380249
1710802119.4224808,1.0427874988979764
1710802119.4225938,1.1419260501861572
1710802119.4227068,1.2403637833065457
1710802119.4228196,1.3370500670539007
1710802119.4229326,1.4323351118299696
1710802119.4230456,1.5272698137495253
1710802119.4231586,1.622204515669081
1710802119.4232714,1.7160883214738634
1710802119.4233844,1.8096217844221327
1710802119.4234974,1.9028049045138888
1710802119.4236104,1.9945867856343586
1710802119.4237232,2.0828656355539956
1710802119.4238362,2.1697431140475802
1710802119.4239492,2.2541684574551053
1710802119.4240623,2.3361415333218045
1710802119.424175,2.416012816958957
1710802119.424288,2.49448299407959
1710802119.424401,2.5719020101759167
1710802119.424514,2.6496712366739907
1710802119.4246268,2.7249884605407715
1710802119.4247398,2.799955474005805
1710802119.4248528,2.87282043033176
1710802119.4249659,2.944284280141195
1710802119.4250786,3.0125951766967773
1710802119.4251916,3.0774029095967608
1710802119.4253047,3.1401091151767306
1710802119.4254177,3.199662102593316
1710802119.4255304,3.2581644588046603
1710802119.4256434,3.314564757876926
1710802119.4257565,3.370264371236165
1710802119.4258695,3.4245628780788846
1710802119.4259822,3.477810223897298
1710802119.4260952,3.5282553566826715
1710802119.4262083,3.576248221927219
1710802119.4263213,3.6217888196309405
1710802119.426434,3.6648771497938366
1710802119.426547,3.704812791612413
1710802119.42666,3.742296430799696
1710802119.426773,3.776276641421848
1710802119.4268858,3.8099066416422525
1710802119.4269989,3.842135535346137
1710802119.4271119,3.87261258231269
1710802119.4272249,3.902038998074002
1710802119.4273376,3.930414252811008
1710802119.4274507,3.9563372400071883
1710802119.4275637,3.980158699883355
1710802119.4276767,4.001177416907416
1710802119.4277894,4.018692970275879
1710802119.4279025,4.034106731414795
1710802119.4280155,4.046718014611138
1710802119.4281285,4.056526819864909
1710802119.4282413,4.065284464094374
1710802119.4283543,4.071940581003825
1710802119.4284673,4.078246222601996
1710802119.4285803,4.083150492774116
1710802119.428693,4.086653656429714
1710802119.428806,4.0898063447740345
1710802119.428919,4.090156820085314
1710802119.429032,4.089456134372287
1710802119.4291449,4.084551599290636
1710802119.4292579,4.07894664340549
1710802119.4293709,4.069838523864746
1710802119.429484,4.061431090037028
1710802119.4295967,4.050571388668484
1710802119.4297097,4.03971168729994
1710802119.4298227,4.02850177552965
1710802119.4299357,4.016941388448079
1710802119.4300485,4.004330105251736
1710802119.4301615,3.9906679259406195
1710802119.4302745,3.973502582973904
1710802119.4303875,3.953184551662869
1710802119.4305003,3.931114938524034
1710802119.4306133,3.9065930578443737
1710802119.4307263,3.8796189096238876
1710802119.4308393,3.8505429691738553
1710802119.430952,3.8246197170681424
1710802119.431065,3.795193566216363
1710802119.431178,3.7668183114793563
1710802119.431291,3.7373918957180448
1710802119.4314039,3.7065643734402127
1710802119.431517,3.6729343732198076
1710802119.43163,3.6361516846550836
1710802119.4317427,3.5976171493530273
1710802119.4318557,3.554879029591878
1710802119.4319687,3.5117906994289823
1710802119.4320817,3.4648487302992077
1710802119.4321945,3.419308132595486
1710802119.4323075,3.373417059580485
1710802119.4324205,3.3271760410732694
1710802119.4325335,3.280584282345242
1710802119.4326463,3.2318909962972002
1710802119.4327593,3.180745177798801
1710802119.4328723,3.128198252783881
1710802119.4329853,3.0724986394246416
1710802119.433098,3.014696968926324
1710802119.433211,2.9544432957967124
1710802119.433324,2.893839147355821
1710802119.433437,2.832184102800157
1710802119.43355,2.7705293231540256
1710802119.433663,2.7095746994018555
1710802119.433776,2.6479199197557235
1710802119.433889,2.583812607659234
1710802119.4340017,2.518304189046224
1710802119.4341147,2.450693713294135
1710802119.4342277,2.3799305491977267
1710802119.4343407,2.3063649071587458
1710802119.4344535,2.2310479482014975
1710802119.4345665,2.1550300386216903
1710802119.4346795,2.077610890070597
1710802119.4347925,2.000542084376017
1710802119.4349053,1.9217218293084037
1710802119.4350183,1.842551098929511
1710802119.4351313,1.7626799477471244
1710802119.4352443,1.6807067394256592
1710802119.435357,1.5966317388746474
1710802119.43547,1.510805156495836
1710802119.435583,1.4239276780022514
1710802119.4356961,1.3352984852261014
1710802119.435809,1.2456185287899442
1710802119.435922,1.1555882294972737
1710802119.436035,1.064506901635064
1710802119.436148,0.9730752971437242
1710802119.4362607,0.8809431393941243
1710802119.4363737,0.7881102959314982
1710802119.4364867,0.6938762134975857
1710802119.4365997,0.5992917882071601
1710802119.4367125,0.5036564668019613
1710802119.4368255,0.4073204927974277
1710802119.4369385,0.310283899307251
1710802119.4370515,0.21289699607425266
1710802119.4371643,0.11551010111967722
1710802119.4372773,0.017422578401035733
1710802119.4373903,-0.08134965267446306
1710802119.4375033,-0.18011848131815592
1710802119.437616,-0.2792375617557102
1710802119.4377291,-0.37765612204869586
1710802119.4378421,-0.4764249589708116
1710802119.4379551,-0.5748435523774889
1710802119.438068,-0.6718611717224121
1710802119.438181,-0.7692290014690822
1710802119.438294,-0.8658963441848755
1710802119.438407,-0.9632642401589288
1710802119.4385197,-1.0620330439673529
1710802119.4386327,-1.1594009399414062
1710802119.4387457,-1.2571190463172064
1710802119.4388587,-1.3551873630947537
1710802119.4389715,-1.4518547058105469
1710802119.4390845,-1.547471284866333
1710802119.4391975,-1.6423874431186252
1710802119.4393106,-1.7359026273091633
1710802119.4394233,-1.8280168374379475
1710802119.4395363,-1.9194304943084717
1710802119.4396493,-2.010493940777249
1710802119.4397624,-2.101557387246026
1710802119.4398751,-2.191570202509562
1710802119.4399881,-2.2812326749165854
1710802119.4401011,-2.3698443836636014
1710802119.4402142,-2.45670477549235
1710802119.440327,-2.5411136945088706
1710802119.44044,-2.6234210862053766
1710802119.440553,-2.7029265297783747
1710802119.440666,-2.7796300252278647
1710802119.4407787,-2.8549324141608343
1710802119.4408917,-2.9288339614868164
1710802119.4410048,-3.002034823099772
1710802119.4411178,-3.07383484310574
1710802119.4412305,-3.143883811102973
1710802119.4413435,-3.21323209338718
1710802119.4414566,-3.2804788483513727
1710802119.4415696,-3.3452741305033364
1710802119.4416823,-3.40726719962226
1710802119.4417953,-3.467159006330702
1710802119.4419084,-3.5242488649156356
1710802119.4420214,-3.5788869857788086
1710802119.4421341,-3.632824420928955
1710802119.4422472,-3.6857112248738604
1710802119.4423602,-3.7368469768100314
1710802119.4424732,-3.7869318326314287
1710802119.442586,-3.8359660572475858
1710802119.442699,-3.883248964945475
1710802119.442812,-3.9277299245198565
1710802119.442925,-3.9704598320855036
1710802119.4430377,-4.0093368954128685
1710802119.4431508,-4.045412010616726
1710802119.4432638,-4.079035388098823
1710802119.4433768,-4.109156396653917
1710802119.4434896,-4.139277405209011
1710802119.4436026,-4.165896044837104
1710802119.4437156,-4.192164209153917
1710802119.4438286,-4.215980900658502
1710802119.4439414,-4.238746696048312
1710802119.4440544,-4.2604618602328825
1710802119.4441674,-4.277973969777425
1710802119.4442804,-4.294785658518474
1710802119.4443932,-4.306694136725532
1710802119.4445062,-4.3179019292195635
1710802119.4446192,-4.323856035868327
1710802119.4447322,-4.32981014251709
1710802119.444845,-4.333662721845839
1710802119.444958,-4.336114459567599
1710802119.445071,-4.338215986887614
1710802119.445184,-4.339266883002387
1710802119.4452968,-4.338916407691108
1710802119.4454098,-4.33751556608412
1710802119.4455228,-4.333312511444092
1710802119.4456358,-4.325957563188341
1710802119.4457486,-4.316500822703044
1710802119.4458616,-4.304242399003771
1710802119.4459746,-4.289882447984484
1710802119.4460876,-4.274471600850423
1710802119.4462004,-4.2583603329128685
1710802119.4463134,-4.241198433770074
1710802119.4464264,-4.224386745029025
1710802119.4465394,-4.206524160173204
1710802119.4466522,-4.186910523308648
1710802119.4467652,-4.165195359124078
1710802119.4468782,-4.1420793533325195
1710802119.4469912,-4.114059872097439
1710802119.447104,-4.084289073944092
1710802119.447217,-4.051716327667236
1710802119.44733,-4.01809295018514
1710802119.447443,-3.9837691518995495
1710802119.4475558,-3.94909487830268
1710802119.4476688,-3.9140703943040633
1710802119.4477818,-3.877995279100206
1710802119.4478948,-3.8408695326911078
1710802119.4480076,-3.800941573248969
1710802119.4481206,-3.7582119305928545
1710802119.4482336,-3.713030285305447
1710802119.4483466,-3.6650469568040633
1710802119.4484594,-3.6139112048678927
1710802119.4485724,-3.5620752970377603
1710802119.4486854,-3.5084878073798285
1710802119.4487984,-3.455250793033176
1710802119.4489112,-3.402013513776991
1710802119.4490242,-3.3473756578233504
1710802119.4491372,-3.292037116156684
1710802119.4492502,-3.234246836768256
1710802119.449363,-3.1743550300598145
1710802119.449476,-3.1113110648261175
1710802119.449589,-3.04581536187066
1710802119.449702,-2.97821839650472
1710802119.4498148,-2.90922032462226
1710802119.4499278,-2.83882114622328
1710802119.4500408,-2.7687724431355796
1710802119.4501538,-2.6980230543348522
1710802119.4502666,-2.6265732447306314
1710802119.4503796,-2.5540728039211698
1710802119.4504926,-2.4805214669969344
1710802119.4506056,-2.403117550743951
1710802119.4507184,-2.325713634490967
1710802119.4508314,-2.245157559712728
1710802119.4509444,-2.1632003784179688
1710802119.4510574,-2.0798423555162215
1710802119.4511702,-1.9961339897579617
1710802119.4512832,-1.9106744395362005
1710802119.4513962,-1.8252148893144395
1710802119.4515092,-1.7401055494944253
1710802119.451622,-1.6521942615509033
1710802119.451735,-1.5632323424021402
1710802119.451848,-1.473219527138604
1710802119.451961,-1.381455659866333
1710802119.4520738,-1.2879404756757948
1710802119.4521868,-1.1944252914852567
1710802119.4522998,-1.0988086462020874
1710802119.4524128,-1.0028417905171711
1710802119.4525256,-0.905123684141371
1710802119.4526386,-0.8091568284564548
1710802119.4527516,-0.7100377480189005
1710802119.4528646,-0.6116191546122233
1710802119.4529774,-0.512850350803799
1710802119.4530904,-0.41408151388168335
1710802119.4532034,-0.31426194641325206
1710802119.4533165,-0.21409215198622808
1710802119.4534292,-0.11497308810551961
1710802119.4535422,-0.01550377243094974
1710802119.4536552,0.08363165789180331
1710802119.4537683,0.18452167510986328
1710802119.453881,0.2847110893991258
1710802119.453994,0.38560112317403156
1710802119.454107,0.48684143357806736
1710802119.45422,0.5866805050108168
1710802119.4543328,0.6861693329281277
1710802119.4544458,0.7842568556467692
1710802119.4545588,0.8816437588797675
1710802119.4546719,0.9779796997706095
1710802119.4547846,1.0732647445466783
1710802119.4548976,1.168549723095364
1710802119.4550107,1.2631340821584065
1710802119.4551237,1.3573682308197021
1710802119.4552364,1.4516023794809978
1710802119.4553494,1.5461867385440402
1710802119.4554625,1.6383189625210233
1710802119.4555755,1.7290499475267198
1710802119.4556882,1.8173286649915907
1710802119.4558012,1.9045564863416884
1710802119.4559143,1.9903830687204995
1710802119.4560273,2.0744580692715116
1710802119.45614,2.1581828594207764
1710802119.456253,2.240856488545736
1710802119.456366,2.324230935838487
1710802119.456479,2.4062040117051864
1710802119.4565918,2.488177352481418
1710802119.4567049,2.5669974750942655
1710802119.4568179,2.644416756100125
1710802119.4569309,2.719033294253879
1710802119.4570436,2.7897964583502874
1710802119.4571567,2.8591582510206432
1710802119.4572697,2.924666669633653
1710802119.4573827,2.9901750882466636
1710802119.4574955,3.0528810289171004
1710802119.4576085,3.114886548784044
1710802119.4577215,3.176541593339708
1710802119.4578345,3.2357443703545465
1710802119.4579473,3.292144669426812
1710802119.4580603,3.3474940723843045
1710802119.4581733,3.3993403116861978
1710802119.4582863,3.4483840730455184
1710802119.458399,3.4946253564622665
1710802119.458512,3.538414372338189
1710802119.458625,3.580101595984565
1710802119.458738,3.6203874482048883
1710802119.4588509,3.6603230900234647
1710802119.4589639,3.6985071500142412
1710802119.459077,3.735640313890245
1710802119.45919,3.769970999823676
1710802119.4593027,3.8036010000440807
1710802119.4594157,3.8337278366088867
1710802119.4595287,3.861752880944146
1710802119.4596417,3.8873256577385797
1710802119.4597545,3.9104464319017196
1710802119.4598675,3.9314651489257812
1710802119.4599805,3.9500315984090166
1710802119.4600935,3.9682478374905057
1710802119.4602063,3.986113866170247
1710802119.4603193,4.002928998735216
1710802119.4604323,4.017992284562853
1710802119.4605453,4.032004939185248
1710802119.460658,4.044616222381592
1710802119.460771,4.05442476272583
1710802119.460884,4.060730404324001
1710802119.460997,4.064934253692627
1710802119.4611099,4.065634939405653
1710802119.461223,4.064934253692627
1710802119.461336,4.063182671864827
1710802119.461449,4.0589788224962025
1710802119.4615617,4.054074552324083
1710802119.4616747,4.049520492553711
1710802119.4617877,4.043214850955539
1710802119.4619007,4.035507837931315
1710802119.4620135,4.02675019370185
1710802119.4621265,4.014839596218533
1710802119.4622395,3.999425835079617
1710802119.4623525,3.9829611778259277
1710802119.4624653,3.9640442530314126
1710802119.4625783,3.9444266425238714
1710802119.4626913,3.92340792549981
1710802119.4628043,3.9023892084757485
1710802119.462917,3.881020016140408
1710802119.46303,3.860701984829373
1710802119.463143,3.8382818963792587
1710802119.4632561,3.8134098052978516
1710802119.463369,3.7874865531921387
1710802119.463482,3.757710191938612
1710802119.463595,3.7254812982347274
1710802119.463708,3.6904501914978027
1710802119.4638207,3.6543679237365723
1710802119.4639337,3.6168845494588213
1710802119.4640467,3.5794009102715387
1710802119.4641597,3.542267746395535
1710802119.4642725,3.5044341617160373
1710802119.4643855,3.465899626413981
1710802119.4644985,3.4245628780788846
1710802119.4646115,3.381474283006456
1710802119.4647243,3.335583474900987
1710802119.4648373,3.2865397135416665
1710802119.4649503,3.23504368464152
1710802119.4650633,3.1821465492248535
1710802119.465176,3.128198252783881
1710802119.465289,3.0742502212524414
1710802119.4654021,3.019601504007975
1710802119.4655151,2.9649527867635093
1710802119.465628,2.907851801978217
1710802119.465741,2.8504006067911782
1710802119.465854,2.7901466687520347
1710802119.465967,2.7277912033928766
1710802119.4660797,2.66158209906684
1710802119.4661927,2.5929207271999783
1710802119.4663057,2.5239091449313693
1710802119.4664187,2.453145980834961
1710802119.4665315,2.3813319206237793
1710802119.4666445,2.3109189669291177
1710802119.4667575,2.2387546963161893
1710802119.4668705,2.1669406361050076
1710802119.4669833,2.09197375509474
1710802119.4670963,2.0170068740844727
1710802119.4672093,1.9392373826768663
1710802119.4673223,1.8597164418962266
1710802119.4674351,1.7784439192877874
1710802119.4675481,1.6961205005645752
1710802119.4676611,1.6127460532718234
1710802119.4677742,1.529371738433838
1710802119.467887,1.4438954989115398
1710802119.468,1.3591198126475017
1710802119.468113,1.272242334153917
1710802119.468226,1.1853647232055664
1710802119.4683387,1.094984081056383
1710802119.4684517,1.0053040583928425
1710802119.4685647,0.9128215577867296
1710802119.4686778,0.8199887143241035
1710802119.4687905,0.7250540124045478
1710802119.4689035,0.6301193104849921
1710802119.4690166,0.5337833364804586
1710802119.4691296,0.43744736247592503
1710802119.4692423,0.3400604592429267
1710802119.4693553,0.24197295308113098
1710802119.4694684,0.14353510406282213
1710802119.4695814,0.04509727160135905
1710802119.4696941,-0.05368037356270684
1710802119.4698071,-0.1531496975156996
1710802119.4699202,-0.2522687613964081
1710802119.4700332,-0.3527887993388706
1710802119.470146,-0.4522581232918633
1710802119.470259,-0.5524279342757331
1710802119.470372,-0.6529479556613498
1710802119.470485,-0.7538182867897881
1710802119.4705977,-0.8536377880308363
1710802119.4707108,-0.9541578425301446
1710802119.4708238,-1.053627199596829
1710802119.4709368,-1.15309649043613
1710802119.4710495,-1.2515150176154242
1710802119.4711626,-1.3478321499294705
1710802119.4712756,-1.4434488614400227
1710802119.4713886,-1.5397659937540689
1710802119.4715014,-1.6360831260681152
1710802119.4716144,-1.7302987310621474
1710802119.4717274,-1.8259153101179335
1710802119.4718404,-1.9211816787719727
1710802119.4719532,-2.015397416220771
1710802119.4720662,-2.107511626349555
1710802119.4721792,-2.197874519560072
1710802119.4722922,-2.287186781565348
1710802119.472405,-2.372996542188856
1710802119.472518,-2.458806302812364
1710802119.472631,-2.5425148010253906
1710802119.472744,-2.6262230343288846
1710802119.4728568,-2.7088806364271374
1710802119.4729698,-2.7915382385253906
1710802119.4730828,-2.8713938925001354
1710802119.4731956,-2.9512495464748807
1710802119.4733086,-3.0290036731296115
1710802119.4734216,-3.1036056412590876
1710802119.4735346,-3.175405661265055
1710802119.4736474,-3.2451044188605414
1710802119.4737604,-3.312000963422987
1710802119.4738734,-3.377146191067166
1710802119.4739864,-3.4401901563008623
1710802119.4740992,-3.5025337007310653
1710802119.4742122,-3.563125928243001
1710802119.4743252,-3.622667524549696
1710802119.4744382,-3.6790566974216037
1710802119.474551,-3.735095659891764
1710802119.474664,-3.787282043033176
1710802119.474777,-3.8366664780510797
1710802119.47489,-3.8828987545437283
1710802119.4750028,-3.926329082912869
1710802119.4751158,-3.967657883961995
1710802119.4752288,-4.006534947289361
1710802119.4753418,-4.044361379411486
1710802119.4754546,-4.080436494615343
1710802119.4755676,-4.11511050330268
1710802119.4756806,-4.149084356096056
1710802119.4757936,-4.1809564166598845
1710802119.4759064,-4.210727214813232
1710802119.4760194,-4.237345854441325
1710802119.4761324,-4.2618627018398705
1710802119.4762454,-4.282877445220947
1710802119.4763582,-4.301790661282009
1710802119.4764712,-4.318602350023058
1710802119.4765842,-4.333312511444092
1710802119.4766972,-4.347672727372911
1710802119.47681,-4.359580940670437
1710802119.476923,-4.3711389435662165
1710802119.477036,-4.380595684051514
1710802119.477149,-4.389001528422038
1710802119.4772618,-4.3953058454725475
1710802119.4773748,-4.398458003997803
1710802119.4774878,-4.398107793596056
1710802119.4776008,-4.396006266276042
1710802119.4777136,-4.390402370029025
1710802119.4778266,-4.383047156863742
1710802119.4779396,-4.374991522894965
1710802119.4780526,-4.365184836917453
1710802119.4781654,-4.356078571743435
1710802119.4782784,-4.344520303938124
1710802119.4783914,-4.332962301042345
1710802119.4785044,-4.318602350023058
1710802119.4786172,-4.301790661282009
1710802119.4787302,-4.282177024417453
1710802119.4788432,-4.2583603329128685
1710802119.4789562,-4.233493010203044
1710802119.479069,-4.205473528967963
1710802119.479182,-4.176753626929389
1710802119.479295,-4.146632618374294
1710802119.479408,-4.117212030622694
1710802119.4795208,-4.087091022067599
1710802119.4796338,-4.0569700135125055
1710802119.4797468,-4.023696846432156
1710802119.4798598,-3.989022572835286
1710802119.4799726,-3.9515466160244412
1710802119.4800856,-3.9112684461805554
1710802119.4801986,-3.8678381178114147
1710802119.4803116,-3.823006947835286
1710802119.4804244,-3.7760742505391436
1710802119.4805374,-3.729491763644748
1710802119.4806504,-3.6818586455451117
1710802119.4807634,-3.635276158650716
1710802119.4808762,-3.5872928301493325
1710802119.4809892,-3.537558184729682
1710802119.4811022,-3.48397069507175
1710802119.4812152,-3.4279317326015897
1710802119.481328,-3.3690908220079208
1710802119.481441,-3.3081481191847057
1710802119.481554,-3.244753943549262
1710802119.481667,-3.1799589263068304
1710802119.4817798,-3.1144632233513727
1710802119.4818928,-3.0489675203959146
1710802119.4820058,-2.981720765431722
1710802119.4821188,-2.914824220869276
1710802119.4822316,-2.846876780192057
1710802119.4823446,-2.7754269705878363
1710802119.4824576,-2.7025763193766275
1710802119.4825706,-2.6269234551323786
1710802119.4826834,-2.5491693284776473
1710802119.4827964,-2.4696638849046493
1710802119.4829094,-2.3880571789211698
1710802119.4830225,-2.3068004184299045
1710802119.4831352,-2.2237926059299045
1710802119.4832482,-2.1411350038316512
1710802119.4833612,-2.0567262172698975
1710802119.4834743,-1.9719670878516302
1710802119.483587,-1.8840557999081082
1710802119.4837,-1.795794301562839
1710802119.483813,-1.7057816187540689
1710802119.483926,-1.614017751481798
1710802119.4840388,-1.5208527776930068
1710802119.4841518,-1.4276878039042156
1710802119.4842649,-1.3331219885084364
1710802119.4843779,-1.238906251059638
1710802119.4844906,-1.143289672003852
1710802119.4846036,-1.0487237903806899
1710802119.4847167,-0.9517061710357666
1710802119.4848297,-0.8553890387217203
1710802119.4849424,-0.7576709323459201
1710802119.4850554,-0.66030310259925
1710802119.4851685,-0.5611840221616957
1710802119.4852815,-0.4624151852395799
1710802119.4853942,-0.3622454073694017
1710802119.4855072,-0.26172535287009346
1710802119.4856203,-0.16085505485534668
1710802119.4857333,-0.058583791057268776
1710802119.485846,0.04299539658758375
1710802119.485959,0.14633761511908636
1710802119.486072,0.24827857812245685
1710802119.486185,0.34951892164018417
1710802119.4862978,0.4511095749007331
1710802119.4864109,0.5519995755619472
1710802119.4865239,0.6518386469946967
1710802119.4866369,0.7523783710267808
1710802119.4867496,0.8518671327167087
1710802119.4868627,0.9520565801196628
1710802119.4869757,1.0515453418095906
1710802119.4870887,1.1517347229851616
1710802119.4872015,1.2512234846750896
1710802119.4873145,1.3486104541354709
1710802119.4874275,1.4445960521697998
1710802119.4875405,1.5391804112328422
1710802119.4876533,1.6313126352098253
1710802119.4877663,1.7213430669572618
1710802119.4878793,1.8106726805369058
1710802119.4879923,1.898951530456543
1710802119.488105,1.987230247921414
1710802119.488218,2.0744580692715116
1710802119.488331,2.160284651650323
1710802119.488444,2.2454105483161078
1710802119.4885569,2.3277340994940863
1710802119.4886699,2.4083060688442655
1710802119.488783,2.4857250849405923
1710802119.488896,2.560692098405626
1710802119.4890087,2.6332065794203015
1710802119.4891217,2.7046704292297363
1710802119.4892347,2.7743826972113714
1710802119.4893477,2.8437444898817272
1710802119.4894605,2.9113549656338162
1710802119.4895735,2.980016072591146
1710802119.4896865,3.0451742808024087
1710802119.4897995,3.1096318033006454
1710802119.4899123,3.170235951741536
1710802119.4900253,3.2287380430433483
1710802119.4901383,3.283737235599094
1710802119.4902513,3.3366343710157604
1710802119.490364,3.3870792388916016
1710802119.490477,3.435072104136149
1710802119.49059,3.4827147589789496
1710802119.490703,3.5286055670844183
1710802119.4908159,3.5744966400994196
1710802119.490929,3.6172347598605685
1710802119.491042,3.658571508195665
1710802119.491155,3.6974562538994684
1710802119.4912677,3.7331883112589517
1710802119.4913807,3.7654169400533037
1710802119.4914937,3.7962444623311358
1710802119.4916067,3.8239192962646484
1710802119.4917195,3.849842283460829
1710802119.4918325,3.873313268025716
1710802119.4919455,3.8967842525906033
1710802119.4920585,3.919554551442464
1710802119.4921713,3.9395223723517523
1710802119.4922843,3.9584392971462674
1710802119.4923973,3.9763050609164767
1710802119.4925103,3.992069297366672
1710802119.492623,4.004680580563015
1710802119.492736,4.0155402819315595
1710802119.492849,4.022896819644504
1710802119.4929621,4.02815130021837
1710802119.493075,4.032004939185248
1710802119.493188,4.0362085236443415
1710802119.493301,4.03796010547214
1710802119.493414,4.040412373012966
1710802119.4935267,4.041113058725993
1710802119.4936397,4.04146326912774
1710802119.4937527,4.039011001586914
1710802119.4938657,4.035157627529568
1710802119.4939785,4.02815130021837
1710802119.4940915,4.018692970275879
1710802119.4942045,4.006431897481282
1710802119.4943175,3.993470403883192
1710802119.4944303,3.9787573284573026
1710802119.4945433,3.9629933569166393
1710802119.4946563,3.9475795957777233
1710802119.4947693,3.931114938524034
1710802119.494882,3.9142998059590655
1710802119.494995,3.89573335647583
1710802119.4951081,3.8750648498535156
1710802119.4952211,3.8519440756903753
1710802119.495334,3.826021088494195
1710802119.495447,3.7969451480441623
1710802119.49556,3.7654169400533037
1710802119.495673,3.7331883112589517
1710802119.4957857,3.7013096279568143
1710802119.4958987,3.6683803134494357
1710802119.4960117,3.635450998942057
1710802119.4961247,3.6025216844346786
1710802119.4962375,3.568190998501248
1710802119.4963505,3.5321087307400174
1710802119.4964635,3.493574460347493
1710802119.4965765,3.4518872367011175
1710802119.4966893,3.407747745513916
1710802119.4968023,3.361506462097168
1710802119.4969153,3.314564757876926
1710802119.4970284,3.2662214173210993
1710802119.4971411,3.218228816986084
1710802119.4972541,3.1705861621432834
1710802119.4973671,3.122243086496989
1710802119.4974802,3.072848849826389
1710802119.497593,3.021002610524495
1710802119.497706,2.9670545789930554
1710802119.497819,2.9106542799207897
1710802119.497932,2.8514515029059515
1710802119.4980447,2.7911975648668075
1710802119.4981577,2.72884209950765
1710802119.4982708,2.6661361588372126
1710802119.4983838,2.6027295324537487
1710802119.4984965,2.5389726956685386
1710802119.4986095,2.4752155939737954
1710802119.4987226,2.4097071753607855
1710802119.4988356,2.3427976502312555
1710802119.4989483,2.273435592651367
1710802119.4990613,2.2005706363254123
1710802119.4991744,2.126304308573405
1710802119.4992874,2.0499361885918512
1710802119.4994001,1.972166829639011
1710802119.4995131,1.8936967849731445
1710802119.4996262,1.814526187049018
1710802119.4997392,1.734304560555352
1710802119.499852,1.6537327236599393
1710802119.499965,1.5721098581949868
1710802119.500078,1.4894360966152616
1710802119.500191,1.4046604103512235
1710802119.5003037,1.3184834851158989
1710802119.5004168,1.2302047676510282
1710802119.5005298,1.141225364473131
1710802119.5006428,1.0511949989530776
1710802119.5007555,0.960814356803894
1710802119.5008686,0.8693828185399373
1710802119.5009816,0.7772505945629543
1710802119.5010946,0.6847680277294582
1710802119.5012074,0.5922855271233453
1710802119.5013204,0.4984017544322544
1710802119.5014334,0.4038173622555203
1710802119.5015464,0.30818204085032147
1710802119.5016592,0.21324732237392002
1710802119.5017722,0.11796229415469699
1710802119.5018852,0.020925702734125983
1710802119.5019982,-0.07539550463358562
1710802119.502111,-0.17311359445254007
1710802119.502224,-0.2708317008283403
1710802119.502337,-0.36890003416273326
1710802119.50245,-0.4673186275694105
1710802119.5025628,-0.5653869443469577
1710802119.5026758,-0.6634552611245049
1710802119.5027888,-0.7615236441294352
1710802119.5029018,-0.8592417505052354
1710802119.5030146,-0.9562593036227756
1710802119.5031276,-1.0532769229676988
1710802119.5032406,-1.149594121509128
1710802119.5033536,-1.2469618850284152
1710802119.5034664,-1.3443297810024686
1710802119.5035794,-1.4416975445217557
1710802119.5036924,-1.5376644664340549
1710802119.5038054,-1.633631388346354
1710802119.5039182,-1.7278469933403862
1710802119.5040312,-1.8203114138709173
1710802119.5041442,-1.9113748603396945
1710802119.5042572,-2.0006871223449707
1710802119.50437,-2.08894862069024
1710802119.504483,-2.176509698232015
1710802119.504596,-2.263370090060764
1710802119.504709,-2.349530325995551
1710802119.5048218,-2.4363907178243003
1710802119.5049348,-2.520449426439073
1710802119.5050478,-2.6038074493408203
1710802119.5051608,-2.684363524119059
1710802119.5052736,-2.7635187572903104
1710802119.5053866,-2.8398720423380532
1710802119.5054996,-2.913773324754503
1710802119.5056126,-2.98592382007175
1710802119.5057254,-3.055622312757704
1710802119.5058384,-3.1256710158454046
1710802119.5059514,-3.193268246120877
1710802119.5060644,-3.261215421888563
1710802119.5061772,-3.3274115456475153
1710802119.5062902,-3.391506406995985
1710802119.5064032,-3.4534994761149087
1710802119.5065162,-3.5137414932250977
1710802119.506629,-3.571181562211778
1710802119.506742,-3.625819683074951
1710802119.506855,-3.6790566974216037
1710802119.506968,-3.729491763644748
1710802119.5070808,-3.778175777859158
1710802119.5071938,-3.8272100024753146
1710802119.5073068,-3.87379248936971
1710802119.5074198,-3.9193240801493325
1710802119.5075326,-3.962754408518473
1710802119.5076456,-4.004783630371094
1710802119.5077586,-4.044010904100206
1710802119.5078716,-4.079735808902316
1710802119.5079844,-4.112658765580919
1710802119.5080974,-4.142779774136013
1710802119.5082104,-4.170098834567599
1710802119.5083234,-4.194966157277425
1710802119.5084362,-4.21983347998725
1710802119.5085492,-4.241548644171821
1710802119.5086622,-4.2618627018398705
1710802119.5087752,-4.281476603613959
1710802119.508888,-4.299689133961995
1710802119.509001,-4.315450191497803
1710802119.509114,-4.329459932115343
1710802119.509227,-4.339617093404134
1710802119.5093398,-4.348022937774658
1710802119.5094528,-4.353626834021674
1710802119.5095658,-4.356778992546929
1710802119.5096788,-4.358880519866943
1710802119.5097916,-4.359580940670437
1710802119.5099046,-4.359580940670437
1710802119.5100176,-4.358530309465197
1710802119.5101306,-4.357129202948676
1710802119.5102434,-4.353626834021674
1710802119.5103564,-4.348022937774658
1710802119.5104694,-4.339266883002387
1710802119.5105824,-4.327358404795329
1710802119.5106952,-4.312998453776042
1710802119.5108082,-4.296186765034993
1710802119.5109212,-4.277623759375678
1710802119.5110343,-4.258710543314616
1710802119.511147,-4.238746696048312
1710802119.51126,-4.218782848782009
1710802119.511373,-4.197768105400933
1710802119.511486,-4.175702730814616
1710802119.5115988,-4.1511856185065374
1710802119.5117118,-4.125267664591472
1710802119.5118248,-4.095146656036377
1710802119.5119379,-4.0611730681525335
1710802119.5120506,-4.025448163350423
1710802119.5121636,-3.9879719416300454
1710802119.5122766,-3.9480442470974393
1710802119.5123897,-3.9077660772535534
1710802119.5125024,-3.868889013926188
1710802119.5126154,-3.8275602128770614
1710802119.5127285,-3.7855309910244412
1710802119.5128415,-3.7410497665405273
1710802119.5129542,-3.695167965359158
1710802119.5130672,-3.6454333199395075
1710802119.5131803,-3.5928967263963485
1710802119.5132933,-3.537558184729682
1710802119.513406,-3.481869167751736
1710802119.513519,-3.4233784675598145
1710802119.513632,-3.36663908428616
1710802119.513745,-3.308498594495985
1710802119.5138578,-3.2510585255093045
1710802119.5139709,-3.1911667188008623
1710802119.5140839,-3.1305744912889266
1710802119.5141969,-3.066479894849989
1710802119.5143096,-3.0009841918945312
1710802119.5144227,-2.9323363304138184
1710802119.5145357,-2.8615869416130915
1710802119.5146484,-2.7883860800001354
1710802119.5147614,-2.7148347430759006
1710802119.5148745,-2.6402327749464245
1710802119.5149875,-2.5652805964152017
1710802119.5151002,-2.490328417883979
1710802119.5152133,-2.413274712032742
1710802119.5153263,-2.334469689263238
1710802119.5154393,-2.254263824886746
1710802119.515552,-2.1716062227884927
1710802119.515665,-2.0868472258249917
1710802119.515778,-2.0006871223449707
1710802119.515891,-1.9131261772579617
1710802119.5160038,-1.8241641256544325
1710802119.5161169,-1.7348518636491563
1710802119.5162299,-1.6437884171803792
1710802119.5163429,-1.5520245499081082
1710802119.5164557,-1.459910339779324
1710802119.5165687,-1.3653443919287787
1710802119.5166817,-1.2704282336764865
1710802119.5167947,-1.1741111013624403
1710802119.5169075,-1.07674327161577
1710802119.5170205,-0.9776241911782159
1710802119.5171335,-0.8785051769680446
1710802119.5172465,-0.7776348458396064
1710802119.5173593,-0.6767645809385512
1710802119.5174723,-0.5748435523774889
1710802119.5175853,-0.4729225238164266
1710802119.5176983,-0.3703010082244873
1710802119.517811,-0.26837997966342503
1710802119.517924,-0.165408237112893
1710802119.518037,-0.0624364780055152
1710802119.51815,0.03949227018488778
1710802119.5182629,0.14108291930622524
1710802119.5183759,0.24302388230959573
1710802119.518489,0.344964861869812
1710802119.518602,0.4472561346160041
1710802119.5187147,0.5491970976193746
1710802119.5188277,0.6518386469946967
1710802119.5189407,0.7551809151967366
1710802119.5190537,0.8574721548292372
1710802119.5191665,0.9587124983469645
1710802119.5192795,1.0578509834077623
1710802119.5193925,1.157339678870307
1710802119.5195055,1.2543763054741752
1710802119.5196183,1.3507122463650174
1710802119.5197313,1.4473985301123724
1710802119.5198443,1.5440848138597276
1710802119.5199573,1.6400705443488226
1710802119.52007,1.7353554566701253
1710802119.520183,1.829939948187934
1710802119.520296,1.9231230682796903
1710802119.520409,2.01490494940016
1710802119.5205219,2.103534009721544
1710802119.520635,2.1897109349568686
1710802119.520748,2.2737860679626465
1710802119.520861,2.3554086685180664
1710802119.5209737,2.4356304274664984
1710802119.5210867,2.5151512357923718
1710802119.5211997,2.5936214129130044
1710802119.5213127,2.6706902186075845
1710802119.5214255,2.7477590243021646
1710802119.5215385,2.8220250871446395
1710802119.5216515,2.893839147355821
1710802119.5217645,2.9625005192226834
1710802119.5218773,3.02835914823744
1710802119.5219903,3.0914155642191568
1710802119.5221033,3.1516692373487682
1710802119.5222163,3.2098211182488336
1710802119.522329,3.2662214173210993
1710802119.522442,3.3222715059916177
1710802119.522555,3.376920223236084
1710802119.5226681,3.429817623562283
1710802119.522781,3.480612701839871
1710802119.522894,3.5296564631991916
1710802119.523007,3.5751973258124456
1710802119.52312,3.618986341688368
1710802119.5232327,3.6596226692199707
1710802119.5233457,3.697106043497721
1710802119.5234587,3.733538521660699
1710802119.5235717,3.7678692075941296
1710802119.5236845,3.801499207814534
1710802119.5237975,3.8337278366088867
1710802119.5239105,3.865606255001492
1710802119.5240235,3.8950326707628036
1710802119.5241363,3.9227072397867837
1710802119.5242493,3.949331177605523
1710802119.5243623,3.9721014764573837
1710802119.5244753,3.992419507768419
1710802119.524588,4.010285536448161
1710802119.524701,4.025348822275798
1710802119.5248141,4.03831058078342
1710802119.5249271,4.050221178266737
1710802119.52504,4.060730404324001
1710802119.525153,4.071239895290798
1710802119.525266,4.079297118716769
1710802119.525379,4.087354342142741
1710802119.5254917,4.092959298027886
1710802119.5256047,4.096462461683485
1710802119.5257177,4.0978635682000055
1710802119.5258307,4.095061090257433
1710802119.5259435,4.090156820085314
1710802119.5260565,4.0824498070610895
1710802119.5261695,4.073341687520345
1710802119.5262825,4.063182671864827
1710802119.5263953,4.051972760094537
1710802119.5265083,4.03971168729994
1710802119.5266213,4.027801089816623
1710802119.5267344,4.0141389105055065
1710802119.5268471,3.999425835079617
1710802119.5269601,3.981559806399875
1710802119.5270731,3.961942195892334
1710802119.5271862,3.939171897040473
1710802119.527299,3.9142998059590655
1710802119.527412,3.888026343451606
1710802119.527525,3.8610521952311196
1710802119.527638,3.83477873272366
1710802119.5277507,3.80710416369968
1710802119.5278637,3.7801300154791937
1710802119.5279768,3.7524554464552136
1710802119.5280898,3.723029030693902
1710802119.5282025,3.6904501914978027
1710802119.5283155,3.6561195055643716
1710802119.5284286,3.6186358663770886
1710802119.5285416,3.5779998037550182
1710802119.5286543,3.535611894395616
1710802119.5287673,3.492173088921441
1710802119.5288804,3.4480338626437717
1710802119.5289934,3.4049452675713434
1710802119.5291061,3.3601053555806475
1710802119.5292192,3.3149149682786727
1710802119.5293322,3.269023895263672
1710802119.5294452,3.2203306092156305
1710802119.529558,3.168834580315484
1710802119.529671,3.1145360734727645
1710802119.529784,3.057785563998752
1710802119.529897,2.999283207787408
1710802119.5300097,2.9397302203708224
1710802119.5301228,2.8791260719299316
1710802119.5302358,2.819573084513346
1710802119.5303488,2.757918039957682
1710802119.5304615,2.6987149980333114
1710802119.5305746,2.6356588469611273
1710802119.5306876,2.5712013244628906
1710802119.5308006,2.504992220136854
1710802119.5309134,2.4359806378682456
1710802119.5310264,2.3652174737718368
1710802119.5311394,2.2930532031589084
1710802119.5312524,2.219137218263414
1710802119.5313652,2.145571576224433
1710802119.5314782,2.0706046952141657
1710802119.5315912,1.995637814203898
1710802119.5317042,1.9199702474806044
1710802119.531817,1.842551098929511
1710802119.53193,1.7644313971201577
1710802119.532043,1.6828086641099718
1710802119.532156,1.6004851129319932
1710802119.5322688,1.5164101123809814
1710802119.5323818,1.43058353000217
1710802119.5324948,1.3430053657955594
1710802119.5326078,1.2557775444454617
1710802119.5327206,1.1671484841240776
1710802119.5328336,1.0778188043170505
1710802119.5329466,0.9877884387969971
1710802119.5330596,0.8967071771621704
1710802119.5331724,0.8045749531851875
1710802119.5332854,0.7110414902369181
1710802119.5333984,0.617858370145162
1710802119.5335114,0.5225733253690932
1710802119.5336242,0.4262373844782511
1710802119.5337372,0.3292007909880744
1710802119.5338502,0.23286481698354083
1710802119.5339632,0.1340766665008333
1710802119.534076,0.036339457664224833
1710802119.534189,-0.061735990974638194
1710802119.534302,-0.16015456782446966
1710802119.534415,-0.2592736482620239
1710802119.5345278,-0.3573419650395711
1710802119.5346408,-0.45576055844624835
1710802119.5347538,-0.5534786648220485
1710802119.5348668,-0.6508464945687188
1710802119.5349796,-0.747864113913642
1710802119.5350926,-0.8448817332585652
1710802119.5352056,-0.9429500500361124
1710802119.5353186,-1.0410183668136597
1710802119.5354314,-1.137685775756836
1710802119.5355444,-1.235053671730889
1710802119.5356574,-1.3313706715901692
1710802119.5357704,-1.4273375935024686
1710802119.5358832,-1.5212029880947537
1710802119.5359962,-1.614367961883545
1710802119.5361092,-1.7061318291558158
1710802119.5362222,-1.7975456184811063
1710802119.536335,-1.8875583012898762
1710802119.536448,-1.9793223010169134
1710802119.536561,-2.0696851942274304
1710802119.536674,-2.1600482198927136
1710802119.5367868,-2.24865992863973
1710802119.5368998,-2.3362210061815047
1710802119.5370128,-2.421680556403266
1710802119.5371258,-2.505038579305013
1710802119.5372386,-2.5866455501980252
1710802119.5373516,-2.6654503080579968
1710802119.5374646,-2.742504013909234
1710802119.5375776,-2.819557719760471
1710802119.5376904,-2.895560794406467
1710802119.5378034,-2.969462341732449
1710802119.5379164,-3.042312992943658
1710802119.5380294,-3.1141130129496255
1710802119.5381422,-3.1831110848320856
1710802119.5382552,-3.2514087359110513
1710802119.5383682,-3.314802911546495
1710802119.5384812,-3.3767959806654186
1710802119.538594,-3.4366877873738604
1710802119.538707,-3.4934274355570474
1710802119.53882,-3.549116187625461
1710802119.538933,-3.6023532019721136
1710802119.5390458,-3.6545395851135254
1710802119.5391588,-3.705675337049696
1710802119.5392718,-3.7557601928710938
1710802119.5393848,-3.8026928901672363
1710802119.5394976,-3.8485746913486056
1710802119.5396106,-3.891654809315999
1710802119.5397236,-3.9315827687581377
1710802119.5398366,-3.969058725568983
1710802119.5399494,-4.004083209567599
1710802119.5400624,-4.037356376647949
1710802119.5401754,-4.06922870212131
1710802119.5402884,-4.099699921078152
1710802119.5404012,-4.12912024392022
1710802119.5405142,-4.157840410868327
1710802119.5406272,-4.184808995988634
1710802119.5407403,-4.210026794009738
1710802119.540853,-4.232442378997803
1710802119.540966,-4.253456857469347
1710802119.541079,-4.270268546210395
1710802119.541192,-4.284978972540961
1710802119.5413048,-4.296186765034993
1710802119.5414178,-4.306694136725532
1710802119.5415308,-4.314749770694308
1710802119.5416439,-4.32210471895006
1710802119.5417566,-4.327708615197076
1710802119.5418696,-4.333312511444092
1710802119.5419827,-4.33751556608412
1710802119.5420957,-4.339617093404134
1710802119.5422084,-4.338215986887614
1710802119.5423214,-4.334013197157118
1710802119.5424345,-4.328058825598823
1710802119.5425475,-4.3179019292195635
1710802119.5426602,-4.307394557529025
1710802119.5427732,-4.294435448116726
1710802119.5428863,-4.2804257074991865
1710802119.5429993,-4.26711638768514
1710802119.543112,-4.252406226264106
1710802119.543225,-4.236995379130046
1710802119.543338,-4.21983347998725
1710802119.543451,-4.2009202639261884
1710802119.5435638,-4.17780425813463
1710802119.5436769,-4.15223651462131
1710802119.5437899,-4.123166137271457
1710802119.5439029,-4.0937455495198565
1710802119.5440156,-4.0611730681525335
1710802119.5441287,-4.028950532277425
1710802119.5442417,-3.9960275755988226
1710802119.5443547,-3.962754408518473
1710802119.5444674,-3.929131031036377
1710802119.5445805,-3.8937563366360135
1710802119.5446935,-3.856980800628662
1710802119.5448065,-3.81740305158827
1710802119.5449193,-3.77537382973565
1710802119.5450323,-3.729491763644748
1710802119.5451453,-3.6832597520616317
1710802119.5452583,-3.6345757378472223
1710802119.545371,-3.5862419340345593
1710802119.545484,-3.536157078213162
1710802119.545597,-3.4864224327935114
1710802119.54571,-3.4356371561686196
1710802119.5458229,-3.383450773027208
1710802119.5459359,-3.3295130729675293
1710802119.5460489,-3.2717227935791016
1710802119.546162,-3.2114807764689126
1710802119.5462747,-3.1477363904317217
1710802119.5463877,-3.082240687476264
1710802119.5465007,-3.014993932512071
1710802119.5466137,-2.9470464918348522
1710802119.5467265,-2.8780484199523926
1710802119.5468395,-2.8090503480699325
1710802119.5469525,-2.739001644982232
1710802119.5470655,-2.6682522561815047
1710802119.5471783,-2.595751815372043
1710802119.5472913,-2.5215000576443143
1710802119.5474043,-2.444446351793077
1710802119.5475173,-2.3663420147365994
1710802119.54763,-2.2861361503601074
1710802119.547743,-2.2045291794670954
1710802119.547856,-2.123622761832343
1710802119.547969,-2.0402647389305963
1710802119.5480819,-1.957607136832343
1710802119.548195,-1.872497797012329
1710802119.548308,-1.7873884571923149
1710802119.548421,-1.700878275765313
1710802119.5485337,-1.6119162241617837
1710802119.5486467,-1.5222537517547607
1710802119.5487597,-1.4308400948842366
1710802119.5488727,-1.3373249106936984
1710802119.5489855,-1.2431091732449002
1710802119.5490985,-1.149594121509128
1710802119.5492115,-1.0543276866277058
1710802119.5493245,-0.9583607647154067
1710802119.5494373,-0.8620436986287434
1710802119.5495503,-0.7650260792838203
1710802119.5496633,-0.66765824953715
1710802119.5497763,-0.5685391690995958
1710802119.549889,-0.47012057569291854
1710802119.550002,-0.3713517387708028
1710802119.550115,-0.27153218785921734
1710802119.550228,-0.17171262039078605
1710802119.550341,-0.07049208713902368
1710802119.550454,0.030734456247753568
1710802119.550567,0.13302572899394566
1710802119.55068,0.23566732803980509
1710802119.5507927,0.3376082910431756
1710802119.5509057,0.4398995637893677
1710802119.5510187,0.5425411462783813
1710802119.5511317,0.6430808703104655
1710802119.5512445,0.7429199748569064
1710802119.5513575,0.8424087365468342
1710802119.5514705,0.9408465358946059
1710802119.5515835,1.0382334391276042
1710802119.5516963,1.1356204085879855
1710802119.5518093,1.233707931306627
1710802119.5519223,1.3307444254557292
1710802119.5520353,1.4267301559448242
1710802119.552148,1.5216648578643799
1710802119.552261,1.614847977956136
1710802119.5523741,1.7048782772488065
1710802119.5524871,1.794908708996243
1710802119.5526,1.8821365303463407
1710802119.552713,1.968663665983412
1710802119.552826,2.05413990550571
1710802119.552939,2.1403168307410345
1710802119.5530517,2.2250925170050726
1710802119.5531647,2.3084669642978244
1710802119.5532777,2.391841411590576
1710802119.5533907,2.473113801744249
1710802119.5535035,2.5522843996683755
1710802119.5536165,2.6279520988464355
1710802119.5537295,2.702918847401937
1710802119.5538425,2.773331801096598
1710802119.5539553,2.8433942794799805
1710802119.5540683,2.9106542799207897
1710802119.5541813,2.978264490763346
1710802119.5542943,3.0444735950893826
1710802119.5544071,3.1089311175876193
1710802119.5545201,3.173038429684109
1710802119.5546331,3.234342998928494
1710802119.5547462,3.293195565541585
1710802119.554859,3.3495958646138506
1710802119.554972,3.4021427896287704
1710802119.555085,3.4525879224141436
1710802119.555198,3.500230312347412
1710802119.5553107,3.5450702243381076
1710802119.5554237,3.5906110869513617
1710802119.5555367,3.6329987314012313
1710802119.5556495,3.6746859550476074
1710802119.5557625,3.71532228257921
1710802119.5558755,3.753506342569987
1710802119.5559886,3.7899388207329645
1710802119.5561013,3.823218610551622
1710802119.5562143,3.853345447116428
1710802119.5563273,3.8813704914516873
1710802119.5564404,3.906943268246121
1710802119.5565531,3.9290128813849554
1710802119.5566661,3.951432969835069
1710802119.5567791,3.9721014764573837
1710802119.5568922,3.9913686116536455
1710802119.557005,4.008884165022108
1710802119.557118,4.026049507988824
1710802119.557231,4.041113058725993
1710802119.557344,4.054775238037109
1710802119.5574567,4.065634939405653
1710802119.5575697,4.073692162831624
1710802119.5576828,4.07894664340549
1710802119.5577958,4.082099596659343
1710802119.5579085,4.083150492774116
1710802119.5580215,4.082800282372369
1710802119.5581346,4.0817491213480634
1710802119.5582476,4.079997539520264
1710802119.5583603,4.07754553688897
1710802119.5584733,4.0743925836351185
1710802119.5585864,4.069838523864746
1710802119.5586994,4.061431090037028
1710802119.5588121,4.0516222847832575
1710802119.5589252,4.037609895070394
1710802119.5590382,4.022196133931478
1710802119.5591512,4.004680580563015
1710802119.559264,3.984712759653727
1710802119.559377,3.964744938744439
1710802119.55949,3.9440764321221247
1710802119.559603,3.92340792549981
1710802119.5597157,3.9016885227627225
1710802119.5598288,3.8789182239108615
1710802119.5599418,3.854746553632948
1710802119.5600548,3.8277726703219943
1710802119.5601676,3.7979960441589355
1710802119.5602806,3.764366043938531
1710802119.5603936,3.730736043718126
1710802119.5605066,3.6943035655551486
1710802119.5606194,3.657170401679145
1710802119.5607324,3.6207379235161676
1710802119.5608454,3.583604759640164
1710802119.5609584,3.5457709100511337
1710802119.5610712,3.508988221486409
1710802119.5611842,3.4687021043565536
1710802119.5612972,3.427365356021457
1710802119.5614102,3.381824758317735
1710802119.561523,3.334882789187961
1710802119.561636,3.2854888174268932
1710802119.561749,3.2339927885267468
1710802119.561862,3.1828472349378796
1710802119.5619748,3.130650520324707
1710802119.5620878,3.0791544914245605
1710802119.5622008,3.02695804172092
1710802119.5623138,2.973360220591227
1710802119.5624266,2.9173101319207086
1710802119.5625396,2.8595087263319225
1710802119.5626526,2.7985541025797525
1710802119.5627656,2.734797265794542
1710802119.5628784,2.668588161468506
1710802119.5629914,2.6002772649129233
1710802119.5631044,2.5316161579555936
1710802119.5632174,2.461553414662679
1710802119.5633302,2.391841411590576
1710802119.5634432,2.321078247494168
1710802119.5635562,2.2503150833977594
1710802119.5636692,2.176749308904012
1710802119.563782,2.1010818746354842
1710802119.563895,2.024013068940904
1710802119.564008,1.9448424710167778
1710802119.564121,1.8632196055518255
1710802119.5642338,1.7808961868286133
1710802119.5643468,1.6975217395358615
1710802119.5644598,1.6134467389848497
1710802119.5645728,1.5283207098642984
1710802119.5646856,1.4428444703420003
1710802119.5647986,1.357017887963189
1710802119.5649116,1.2697900666130912
1710802119.5650246,1.1811610062917073
1710802119.5651374,1.0900797446568806
1710802119.5652504,0.9979475206798977
1710802119.5653634,0.9051146772172716
1710802119.5654764,0.810880594783359
1710802119.5655892,0.7159458928638034
1710802119.5657022,0.6199602286020914
1710802119.5658152,0.5239745643403795
1710802119.5659282,0.4269380039638943
1710802119.566041,0.32990141047371757
1710802119.566154,0.23181388775507608
1710802119.566267,0.1337263567580117
1710802119.56638,0.03423758265044954
1710802119.5664928,-0.06453794323735766
1710802119.5666058,-0.16365701953570047
1710802119.5667188,-0.26312632693184745
1710802119.5668318,-0.36364638143115574
1710802119.5669446,-0.46451667944590247
1710802119.5670576,-0.5650367339452108
1710802119.5671706,-0.665906998846266
1710802119.5672836,-0.7674777507781982
1710802119.5673964,-0.8686982923083835
1710802119.5675094,-0.9688681364059448
1710802119.5676224,-1.069738401307
1710802119.5677354,-1.1685072051154242
1710802119.5678482,-1.2672760751512315
1710802119.5679612,-1.364643971125285
1710802119.5680742,-1.461661524242825
1710802119.5681872,-1.5590294202168782
1710802119.5683,-1.6553464200761583
1710802119.568413,-1.7513133419884575
1710802119.568526,-1.8465797106424966
1710802119.568639,-1.941145658493042
1710802119.5687518,-2.033259868621826
1710802119.5688648,-2.123973104688856
1710802119.5689778,-2.211534049775865
1710802119.5690908,-2.2976941532558866
1710802119.5692036,-2.3817525969611273
1710802119.5693166,-2.4658113055759006
1710802119.5694296,-2.5481186972724066
1710802119.5695426,-2.63077629937066
1710802119.5696554,-2.7120327949523926
1710802119.5697684,-2.793289555443658
1710802119.5698814,-2.8720943133036294
1710802119.5699944,-2.9494982295566134
1710802119.5701072,-3.0241001976860895
1710802119.5702202,-3.0962506930033364
1710802119.5703332,-3.1669998168945312
1710802119.5704463,-3.233896361456977
1710802119.570559,-3.300793170928955
1710802119.570672,-3.3648877673678927
1710802119.570785,-3.4289823638068304
1710802119.570898,-3.4906254874335394
1710802119.5710108,-3.5515679253472223
1710802119.5711238,-3.6114594671461315
1710802119.5712368,-3.6681991153293185
1710802119.5713499,-3.7224870257907443
1710802119.5714626,-3.773622512817383
1710802119.5715756,-3.8223065270317926
1710802119.5716887,-3.868188593122694
1710802119.5718017,-3.9119688669840493
1710802119.5719144,-3.9536481433444552
1710802119.5720274,-3.9935758378770614
1710802119.5721405,-4.0328031116061736
1710802119.5722535,-4.070629543728298
1710802119.5723662,-4.105654027726915
1710802119.5724792,-4.1399778260125055
1710802119.5725923,-4.17149994108412
1710802119.5727053,-4.2009202639261884
1710802119.572818,-4.226137797037761
1710802119.572931,-4.249254067738851
1710802119.573044,-4.268867704603407
1710802119.573157,-4.28778092066447
1710802119.5732698,-4.303191502888997
1710802119.5733829,-4.31720150841607
1710802119.5734959,-4.33121124903361
1710802119.5736089,-4.34381988313463
1710802119.5737216,-4.353977044423421
1710802119.5738347,-4.362733099195692
1710802119.5739477,-4.3697381019592285
1710802119.5740607,-4.373590681287977
1710802119.5741735,-4.3753419982062445
1710802119.5742865,-4.3732404708862305
1710802119.5743995,-4.370088312360975
1710802119.5745125,-4.363783730400933
1710802119.5746253,-4.357479413350423
1710802119.5747383,-4.349423779381646
1710802119.5748513,-4.340667724609375
1710802119.5749643,-4.332612090640597
1710802119.575077,-4.322454929351807
1710802119.57519,-4.30949608484904
1710802119.575303,-4.294435448116726
1710802119.575416,-4.276573128170437
1710802119.5755289,-4.255208174387614
1710802119.5756419,-4.231041272481282
1710802119.575755,-4.2051233185662165
1710802119.575868,-4.17780425813463
1710802119.5759807,-4.150134987301296
1710802119.5760937,-4.123166137271457
1710802119.5762067,-4.09479644563463
1710802119.5763197,-4.065375857883029
1710802119.5764325,-4.034204218122694
1710802119.5765455,-4.000931051042345
1710802119.5766585,-3.9645057254367404
1710802119.5767715,-3.9252781867980957
1710802119.5768843,-3.8828987545437283
1710802119.5769973,-3.8384177949693465
1710802119.5771103,-3.793236149681939
1710802119.5772233,-3.7473543485005694
1710802119.577336,-3.700771861606174
1710802119.577449,-3.6545395851135254
1710802119.577562,-3.607606887817383
1710802119.577675,-3.5571718215942383
1710802119.5777879,-3.5060360696580672
1710802119.577901,-3.4527990553114147
1710802119.578014,-3.396059407128228
1710802119.578127,-3.3365180757310653
1710802119.5782397,-3.2766262690226235
1710802119.5783527,-3.214632934994168
1710802119.5784657,-3.152639865875244
1710802119.5785787,-3.0906467967563205
1710802119.5786915,-3.0279530419243708
1710802119.5788045,-2.9645588662889266
1710802119.5789175,-2.9001137945387097
1710802119.5790305,-2.833567460378011
1710802119.5791433,-2.763868967692057
1710802119.5792563,-2.6927693684895835
1710802119.5793693,-2.6181674003601074
1710802119.5794823,-2.5425148010253906
1710802119.579595,-2.465461095174154
1710802119.579708,-2.3866560724046493
1710802119.579821,-2.3089019457499185
1710802119.5799341,-2.2286960813734265
1710802119.580047,-2.1477896637386746
1710802119.58016,-2.0654822720421686
1710802119.580273,-1.9814236958821614
1710802119.580386,-1.8956139352586534
1710802119.5804987,-1.8070022265116372
1710802119.5806117,-1.7176899645063612
1710802119.5807247,-1.626626518037584
1710802119.5808377,-1.534162097507053
1710802119.5809505,-1.4406469133165147
1710802119.5810635,-1.3471317291259766
1710802119.5811765,-1.2529159916771782
1710802119.5812895,-1.157649623023139
1710802119.5814023,-1.061332556936476
1710802119.5815153,-0.9650154246224297
1710802119.5816283,-0.8676475948757595
1710802119.5817413,-0.7699294884999592
1710802119.581854,-0.6715108950932821
1710802119.581967,-0.5720416042539809
1710802119.5820801,-0.47362301084730357
1710802119.5821931,-0.37345319986343384
1710802119.582306,-0.2743341359827253
1710802119.582419,-0.17311359445254007
1710802119.582532,-0.07294380002551608
1710802119.582645,0.027581643727090623
1710802119.5827577,0.12812135948075187
1710802119.5828707,0.22796044747034708
1710802119.5829837,0.32709889941745335
1710802119.5830967,0.42658769422107273
1710802119.5832095,0.5253758364253573
1710802119.5833225,0.6238136688868204
1710802119.5834355,0.7226018110911051
1710802119.5835485,0.8220905727810329
1710802119.5836613,0.9219296773274739
1710802119.5837743,1.0214184390174017
1710802119.5838873,1.1195059617360432
1710802119.5840003,1.2168929311964247
1710802119.5841131,1.3135792149437797
1710802119.5842261,1.4081635740068223
1710802119.5843391,1.4992447694142659
1710802119.5844522,1.591026782989502
1710802119.584565,1.6814074251386855
1710802119.584678,1.7710873815748427
1710802119.584791,1.8593662314944797
1710802119.584904,1.9490461879306369
1710802119.5850167,2.0359236664242215
1710802119.5851297,2.122450934516059
1710802119.5852427,2.2061755922105575
1710802119.5853558,2.288499143388536
1710802119.5854685,2.368370427025689
1710802119.5855815,2.445439232720269
1710802119.5856946,2.519705295562744
1710802119.5858076,2.593270937601725
1710802119.5859203,2.6650849978129068
1710802119.5860333,2.7361986372205944
1710802119.5861464,2.80731201171875
1710802119.5862594,2.875973383585612
1710802119.5863721,2.9439340697394476
1710802119.5864851,3.0090920130411782
1710802119.5865982,3.071447743309869
1710802119.5867112,3.1320518917507596
1710802119.586824,3.1884521908230252
1710802119.586937,3.243100908067491
1710802119.58705,3.295998043484158
1710802119.587163,3.3471438619825573
1710802119.5872757,3.396888044145372
1710802119.5873888,3.445581595102946
1710802119.5875018,3.493223985036214
1710802119.5876148,3.5401659541659884
1710802119.5877275,3.5839549700419107
1710802119.5878406,3.6256421936882868
1710802119.5879536,3.665577835506863
1710802119.5880666,3.7020103136698403
1710802119.5881793,3.7363409996032715
1710802119.5882924,3.7671685218811035
1710802119.5884054,3.7979960441589355
1710802119.5885184,3.8263712988959417
1710802119.5886312,3.853345447116428
1710802119.5887442,3.8799691200256348
1710802119.5888572,3.905191686418321
1710802119.5889702,3.9283121956719294
1710802119.589083,3.9500315984090166
1710802119.589196,3.968598312801785
1710802119.589309,3.9843622843424478
1710802119.589422,3.9976742532518172
1710802119.5895348,4.007833268907335
1710802119.5896478,4.016240702735053
1710802119.5897608,4.022196133931478
1710802119.5898738,4.0288519859313965
1710802119.5899866,4.033406045701769
1710802119.5900996,4.037259419759114
1710802119.5902126,4.040412373012966
1710802119.5903256,4.042163954840766
1710802119.5904384,4.042514165242513
1710802119.5905514,4.040412373012966
1710802119.5906644,4.035157627529568
1710802119.5907774,4.02815130021837
1710802119.5908902,4.018342759874132
1710802119.5910032,4.007132583194308
1710802119.5911162,3.995572461022271
1710802119.5912292,3.981910016801622
1710802119.591342,3.968598312801785
1710802119.591455,3.955286343892415
1710802119.591568,3.9405732684665256
1710802119.591681,3.9248092969258623
1710802119.5917938,3.906943268246121
1710802119.5919068,3.885223865509033
1710802119.5920198,3.861752880944146
1710802119.5921328,3.8351292080349393
1710802119.5922456,3.807804849412706
1710802119.5923586,3.778028223249647
1710802119.5924716,3.7493024932013617
1710802119.5925846,3.718825446234809
1710802119.5926974,3.689399030473497
1710802119.5928104,3.6592721939086914
1710802119.5929234,3.627743985917833
1710802119.5930364,3.5934135648939343
1710802119.5931492,3.5580319828457303
1710802119.5932622,3.5184465514289007
1710802119.5933752,3.4771098030938044
1710802119.5934882,3.4322696261935763
1710802119.593601,3.3870792388916016
1710802119.593714,3.341188430786133
1710802119.593827,3.2945969369676376
1710802119.59394,3.2476549678378634
1710802119.5940528,3.201763894822862
1710802119.5941658,3.15482219060262
1710802119.5942788,3.104377057817247
1710802119.5943918,3.0521806081136065
1710802119.5945046,2.996831205156114
1710802119.5946176,2.9393800099690757
1710802119.5947306,2.8791260719299316
1710802119.5948436,2.819222609202067
1710802119.5949564,2.756867143842909
1710802119.5950694,2.695912520090739
1710802119.5951824,2.634607950846354
1710802119.5952954,2.5719020101759167
1710802119.5954082,2.5091960695054794
1710802119.5955212,2.4436876508924694
1710802119.5956342,2.37642765045166
1710802119.5957472,2.3063649071587458
1710802119.59586,2.23385042614407
1710802119.595973,2.1595840983920627
1710802119.596086,2.084967427783542
1710802119.596199,2.008248964945475
1710802119.5963118,1.9315305021074083
1710802119.5964248,1.8537611431545682
1710802119.5965378,1.7759917842017279
1710802119.5966508,1.6961205005645752
1710802119.5967636,1.614497635099623
1710802119.5968766,1.5314735306633842
1710802119.5969896,1.445646948284573
1710802119.5971024,1.3587694697909884
1710802119.5972154,1.2697900666130912
1710802119.5973284,1.180460320578681
1710802119.5974414,1.0893791251712375
1710802119.5975542,0.9975971778233845
1710802119.5976672,0.9058152967029147
1710802119.5977802,0.8126321766111586
1710802119.5978932,0.7190987136628892
1710802119.598006,0.6241640117433336
1710802119.598119,0.5295795864529079
1710802119.598232,0.43254299296273124
1710802119.598345,0.33690767155753243
1710802119.5984578,0.23882013228204516
1710802119.5985708,0.14178353879186842
1710802119.5986838,0.043345710469616786
1710802119.5987968,-0.054731108248233795
1710802119.5989096,-0.1538501845465766
1710802119.5990226,-0.2526190049118466
1710802119.5991356,-0.3524385558234321
1710802119.5992486,-0.45085714923010933
1710802119.5993614,-0.549625986152225
1710802119.5994744,-0.6480445464452108
1710802119.5995874,-0.7454123761918809
1710802119.5997005,-0.8427802721659342
1710802119.5998132,-0.9394476148817275
1710802119.5999262,-1.0371657212575276
1710802119.6000392,-1.1338330639733207
1710802119.6001523,-1.230850617090861
1710802119.600265,-1.3278683026631672
1710802119.600378,-1.4259366194407146
1710802119.600491,-1.5215531984965005
1710802119.600604,-1.617169910007053
1710802119.6007168,-1.711735725402832
1710802119.6008298,-1.8045504887898762
1710802119.6009429,-1.8959641456604004
1710802119.6010559,-1.9870275921291776
1710802119.6011686,-2.0773906177944608
1710802119.6012816,-2.168454064263238
1710802119.6013947,-2.257766193813748
1710802119.6015077,-2.348129219479031
1710802119.6016204,-2.436040507422553
1710802119.6017334,-2.522550688849555
1710802119.6018465,-2.606959607866075
1710802119.6019595,-2.6896172099643283
1710802119.6020722,-2.7687724431355796
1710802119.6021852,-2.8465265697903104
1710802119.6022983,-2.92182895872328
1710802119.6024113,-2.995030085245768
1710802119.602524,-3.067880736456977
1710802119.602637,-3.1393305460611978
1710802119.60275,-3.209729724460178
1710802119.602863,-3.2790780067443848
1710802119.6029758,-3.3459745513068304
1710802119.6030889,-3.4107698334587946
1710802119.6032019,-3.472762902577718
1710802119.6033149,-3.533355130089654
1710802119.6034276,-3.5904449886745877
1710802119.6035407,-3.6450831095377603
1710802119.6036537,-3.69867033428616
1710802119.6037667,-3.7498060862223306
1710802119.6038795,-3.8005913628472223
1710802119.6039925,-3.8492753770616317
1710802119.6041055,-3.8972587055630155
1710802119.6042185,-3.943490982055664
1710802119.6043313,-3.9872715208265515
1710802119.6044443,-4.0278999010721845
1710802119.6045573,-4.0667769643995495
1710802119.6046703,-4.101450973086886
1710802119.604783,-4.13437392976549
1710802119.604896,-4.164144727918837
1710802119.605009,-4.19321510526869
1710802119.605122,-4.21983347998725
1710802119.6052349,-4.245751698811849
1710802119.6053479,-4.270268546210395
1710802119.605461,-4.293384816911486
1710802119.605574,-4.314749770694308
1710802119.6056867,-4.334363407558865
1710802119.6057997,-4.350824885898166
1710802119.6059127,-4.364834626515706
1710802119.6060257,-4.374291102091472
1710802119.6061385,-4.382696946461995
1710802119.6062515,-4.387600421905518
1710802119.6063645,-4.390752580430773
1710802119.6064775,-4.39250389734904
1710802119.6065903,-4.39355452855428
1710802119.6067033,-4.39355452855428
1710802119.6068163,-4.390752580430773
1710802119.6069293,-4.387950632307264
1710802119.607042,-4.381646315256755
1710802119.607155,-4.372890260484484
1710802119.607268,-4.360981782277425
1710802119.607381,-4.346621831258138
1710802119.6074939,-4.329109721713595
1710802119.607607,-4.3115973472595215
1710802119.60772,-4.292333920796712
1710802119.607833,-4.273070759243435
1710802119.6079457,-4.253456857469347
1710802119.6080587,-4.233843220604791
1710802119.6081717,-4.211427635616726
1710802119.6082847,-4.188311629825168
1710802119.6083975,-4.162393411000569
1710802119.6085105,-4.132973088158502
1710802119.6086235,-4.100750552283393
1710802119.6087365,-4.066426753997803
1710802119.6088493,-4.030701849195692
1710802119.6089623,-3.9928754170735674
1710802119.6090753,-3.955749405754937
1710802119.6091883,-3.917573028140598
1710802119.609301,-3.879046175214979
1710802119.609414,-3.8391182157728405
1710802119.609527,-3.797789414723714
1710802119.6096401,-3.7533084551493325
1710802119.609753,-3.705325126647949
1710802119.609866,-3.655590216318766
1710802119.609979,-3.6023532019721136
1710802119.610092,-3.5466644499037
1710802119.6102047,-3.4913259082370334
1710802119.6103177,-3.435286945766873
1710802119.6104307,-3.3788975079854326
1710802119.6105437,-3.321807649400499
1710802119.6106565,-3.263316949208577
1710802119.6107695,-3.2030749320983887
1710802119.6108825,-3.140381442175971
1710802119.6109955,-3.074535528818766
1710802119.6111083,-3.0062378777398004
1710802119.6112213,-2.9351382785373263
1710802119.6113343,-2.8622876273261175
1710802119.6114473,-2.7894367112053766
1710802119.61156,-2.7148347430759006
1710802119.611673,-2.6402327749464245
1710802119.6117861,-2.564930386013455
1710802119.6118991,-2.488927311367459
1710802119.612012,-2.410122553507487
1710802119.612125,-2.3299164242214627
1710802119.612238,-2.247959507836236
1710802119.612351,-2.1635505888197155
1710802119.6124637,-2.0777408281962075
1710802119.6125767,-1.9898295402526855
1710802119.6126897,-1.9012178315056694
1710802119.6128027,-1.8129563331604004
1710802119.6129155,-1.7225933074951172
1710802119.6130285,-1.6322304142846
1710802119.6131415,-1.541166967815823
1710802119.6132545,-1.447651783625285
1710802119.6133673,-1.3544868098364935
1710802119.6134803,-1.2581696775224473
1710802119.6135933,-1.1611521244049072
1710802119.6137064,-1.0634340180291069
1710802119.6138191,-0.9646652142206827
1710802119.6139321,-0.8651958571539985
1710802119.6140451,-0.7639753156238132
1710802119.6141582,-0.6645060247845119
1710802119.614271,-0.5625849962234497
1710802119.614384,-0.46031372414694893
1710802119.614497,-0.3573419650395711
1710802119.61461,-0.2550707095199161
1710802119.6147227,-0.1527994540002611
1710802119.6148357,-0.050528177784548864
1710802119.6149487,0.05245383828878403
1710802119.6150618,0.15439480543136597
1710802119.6151745,0.2577370074060228
1710802119.6152875,0.3596779704093933
1710802119.6154006,0.46266986264122856
1710802119.6155136,0.5660120646158854
1710802119.6156263,0.6690039899614122
1710802119.6157393,0.7702443334791396
1710802119.6158524,0.8725356393390231
1710802119.6159654,0.9716740581724379
1710802119.6160781,1.0701119237475925
1710802119.6161911,1.1671484841240776
1710802119.6163042,1.2638347678714328
1710802119.6164172,1.3584191269344754
1710802119.61653,1.4537041717105441
1710802119.616643,1.5489892164866128
1710802119.616756,1.6432233651479085
1710802119.616869,1.7367568280961778
1710802119.6169817,1.8292392624749076
1710802119.6170948,1.9203205903371174
1710802119.6172078,2.008599307801988
1710802119.6173208,2.0940755473242865
1710802119.6174335,2.1785008907318115
1710802119.6175466,2.260474099053277
1710802119.6176596,2.342096964518229
1710802119.6177726,2.422668933868408
1710802119.6178854,2.503941324022081
1710802119.6179984,2.5827617115444608
1710802119.6181114,2.660881413353814
1710802119.6182244,2.737599743737115
1710802119.6183372,2.812216281890869
1710802119.6184502,2.8836801317003036
1710802119.6185632,2.9516408178541393
1710802119.6186762,3.0174997117784286
1710802119.618789,3.0798551771375866
1710802119.618902,3.141160011291504
1710802119.619015,3.200362788306342
1710802119.619128,3.2588648796081543
1710802119.6192408,3.3166665501064725
1710802119.6193538,3.373066849178738
1710802119.6194668,3.4259639845954046
1710802119.6195798,3.477460013495551
1710802119.6196926,3.5254528787400985
1710802119.6198056,3.570292790730794
1710802119.6199186,3.61198001437717
1710802119.6200316,3.6515654457939997
1710802119.6201444,3.688698609670003
1710802119.6202574,3.723729716406928
1710802119.6203704,3.757710191938612
1710802119.6204834,3.7902890311347113
1710802119.6205962,3.8218172391255694
1710802119.6207092,3.8519440756903753
1710802119.6208222,3.8796189096238876
1710802119.6209352,3.9058923721313477
1710802119.621048,3.9286626709832086
1710802119.621161,3.949331177605523
1710802119.621274,3.9671969413757324
1710802119.621387,3.9836615986294217
1710802119.6214998,3.9976742532518172
1710802119.6216128,4.010285536448161
1710802119.6217258,4.021845658620198
1710802119.6218388,4.033406045701769
1710802119.6219516,4.042864640553792
1710802119.6220646,4.05267318089803
1710802119.6221776,4.059329297807482
1710802119.6222906,4.064934253692627
1710802119.6224034,4.066335360209147
1710802119.6225164,4.065634939405653
1710802119.6226294,4.062481986151801
1710802119.6227424,4.056877030266656
1710802119.6228552,4.049520492553711
1710802119.6229682,4.041813479529487
1710802119.6230812,4.032355149586995
1710802119.6231942,4.023247030046251
1710802119.623307,4.0134382247924805
1710802119.62342,4.002228313022189
1710802119.623533,3.9892668194240994
1710802119.623646,3.9745534790886774
1710802119.6237588,3.957037925720215
1710802119.6238718,3.9356689982944064
1710802119.6239848,3.9121980137295194
1710802119.6240978,3.888026343451606
1710802119.6242106,3.862803777058919
1710802119.6243236,3.8365303145514593
1710802119.6244366,3.8102568520439997
1710802119.6245496,3.784333864847819
1710802119.6246624,3.7566590309143066
1710802119.6247754,3.7286342514885797
1710802119.6248884,3.6981569396124945
1710802119.6250014,3.6641767289903426
1710802119.6251142,3.628094461229112
1710802119.6252272,3.5899104012383356
1710802119.6253402,3.5506754451327853
1710802119.6254532,3.509688642289903
1710802119.625566,3.46940279006958
1710802119.625679,3.4287664625379772
1710802119.625792,3.388130399915907
1710802119.625905,3.3471438619825573
1710802119.6260178,3.304405477311876
1710802119.6261308,3.2592153549194336
1710802119.6262438,3.2112224896748858
1710802119.6263568,3.161127832200792
1710802119.6264696,3.1075300110710993
1710802119.6265826,3.0521806081136065
1710802119.6266956,2.9957803090413413
1710802119.6268086,2.9397302203708224
1710802119.6269214,2.8815783394707575
1710802119.6270344,2.8244773546854653
1710802119.6271474,2.765975263383653
1710802119.6272604,2.7057213253445096
1710802119.6273732,2.6433658599853516
1710802119.6274862,2.579608758290609
1710802119.6275992,2.511297861735026
1710802119.6277122,2.44193606906467
1710802119.627825,2.370472219255235
1710802119.627938,2.298307948642307
1710802119.628051,2.2250925170050726
1710802119.628164,2.1515268749660916
1710802119.6282768,2.0783115757836237
1710802119.6283898,2.0043955908881292
1710802119.6285028,1.9283778137630887
1710802119.6286159,1.8520095613267686
1710802119.6287286,1.7721382776896157
1710802119.6288416,1.691916783650716
1710802119.6289546,1.6095932324727376
1710802119.6290677,1.526218917634752
1710802119.6291804,1.441793574227227
1710802119.6292934,1.357017887963189
1710802119.6294065,1.2708409627278645
1710802119.6295195,1.1846641699473064
1710802119.6296322,1.0977866252263386
1710802119.6297452,1.0098581181632147
1710802119.6298583,0.9201780954996744
1710802119.6299713,0.8297974533504909
1710802119.630084,0.7383659150865343
1710802119.630197,0.645182728767395
1710802119.63031,0.5512989560763041
1710802119.630423,0.4570648736423916
1710802119.6305358,0.3617798619800144
1710802119.6306489,0.2657941977183024
1710802119.6307619,0.16945824027061462
1710802119.6308749,0.07242165505886078
1710802119.6309876,-0.02496036183502939
1710802119.6311007,-0.12197796669271257
1710802119.6312137,-0.2196960647900899
1710802119.6313267,-0.31776441468132866
1710802119.6314394,-0.41513224442799884
1710802119.6315525,-0.512850350803799
1710802119.6316655,-0.6102181805504693
1710802119.6317785,-0.7075860765245225
1710802119.6318913,-0.8049539062711928
1710802119.6320043,-0.90337249967787
1710802119.6321173,-1.0017910930845473
1710802119.6322303,-1.0991589228312175
1710802119.632343,-1.1961764759487576
1710802119.632456,-1.2921433978610568
1710802119.632569,-1.386359002855089
1710802119.632682,-1.480224397447374
1710802119.6327949,-1.5730391608344183
1710802119.6329079,-1.6644528177049425
1710802119.6330209,-1.7565670278337266
1710802119.633134,-1.8465797106424966
1710802119.6332467,-1.9386939207712808
1710802119.6333597,-2.028006182776557
1710802119.6334727,-2.117318444781833
1710802119.6335857,-2.204879389868842
1710802119.6336985,-2.29068915049235
1710802119.6338115,-2.3733467525906033
1710802119.6339245,-2.4546035130818686
1710802119.6340375,-2.5344591670566134
1710802119.6341503,-2.6129137145148382
1710802119.6342633,-2.689967420366075
1710802119.6343763,-2.766670915815565
1710802119.6344893,-2.8437246216668024
1710802119.634602,-2.919727431403266
1710802119.634715,-2.993628978729248
1710802119.634828,-3.066479894849989
1710802119.634941,-3.1368788083394366
1710802119.6350539,-3.2051764594184027
1710802119.635167,-3.2706721623738604
1710802119.63528,-3.3340663380093045
1710802119.635393,-3.396409617529975
1710802119.6355057,-3.4563014242384167
1710802119.6356187,-3.515492810143365
1710802119.6357317,-3.5729326142205133
1710802119.6358447,-3.628971841600206
1710802119.6359575,-3.683609962463379
1710802119.6360705,-3.7368469768100314
1710802119.6361835,-3.786231411827935
1710802119.6362965,-3.8335143195258246
1710802119.6364093,-3.877995279100206
1710802119.6365223,-3.9193240801493325
1710802119.6366353,-3.957500722673204
1710802119.6367483,-3.9939260482788086
1710802119.636861,-4.029300742679172
1710802119.636974,-4.0625739097595215
1710802119.637087,-4.09479644563463
1710802119.6372,-4.125968085394965
1710802119.637313,-4.154337777031793
1710802119.637426,-4.182007047865126
1710802119.637539,-4.206524160173204
1710802119.637652,-4.229640430874294
1710802119.6377647,-4.247852961222331
1710802119.6378777,-4.264314439561632
1710802119.6379907,-4.278674655490451
1710802119.6381037,-4.290933079189724
1710802119.6382165,-4.301790661282009
1710802119.6383295,-4.311947822570801
1710802119.6384425,-4.320703877343072
1710802119.6385553,-4.329109721713595
1710802119.6386683,-4.335764249165853
1710802119.6387813,-4.339617093404134
1710802119.6388943,-4.342419041527642
1710802119.639007,-4.3413681454128685
1710802119.63912,-4.33751556608412
1710802119.639233,-4.331561459435357
1710802119.6393461,-4.3235058254665795
1710802119.639459,-4.314049084981282
1710802119.639572,-4.304242399003771
1710802119.639685,-4.293034606509738
1710802119.639798,-4.281476603613959
1710802119.6399107,-4.268867704603407
1710802119.6400237,-4.254857963985867
1710802119.6401367,-4.237696064843072
1710802119.6402497,-4.218432638380262
1710802119.6403625,-4.194615946875678
1710802119.6404755,-4.168697992960612
1710802119.6405885,-4.140678246815999
1710802119.6407015,-4.111958344777425
1710802119.6408143,-4.081837336222331
1710802119.6409273,-4.05136611726549
1710802119.6410403,-4.020544687906901
1710802119.6411533,-3.9897232585483127
1710802119.641266,-3.9560998810662165
1710802119.641379,-3.9217758178710938
1710802119.6414921,-3.8835991753472223
1710802119.6416051,-3.8426205846998425
1710802119.641718,-3.798840045928955
1710802119.641831,-3.7543590863545733
1710802119.641944,-3.707076178656684
1710802119.642057,-3.660493691762288
1710802119.6421697,-3.612160152859158
1710802119.6422827,-3.5648772451612682
1710802119.6423957,-3.5158430205451117
1710802119.6425087,-3.465758164723714
1710802119.6426215,-3.4135717815823026
1710802119.6427345,-3.3589336607191296
1710802119.6428475,-3.300442960527208
1710802119.6429605,-3.239850733015272
1710802119.6430733,-3.1771569781833224
1710802119.6431863,-3.1134125921461315
1710802119.6432993,-3.0482670995924206
1710802119.6434124,-2.983472082349989
1710802119.6435251,-2.9179763793945312
1710802119.6436381,-2.8510798348320856
1710802119.6437511,-2.7831323941548667
1710802119.6438642,-2.713083691067166
1710802119.643977,-2.6402327749464245
1710802119.64409,-2.5659810172186956
1710802119.644203,-2.488226890563965
1710802119.644316,-2.4083712365892196
1710802119.6444287,-2.3271144760979547
1710802119.6445417,-2.2455077701144748
1710802119.6446548,-2.1624999576144748
1710802119.6447678,-2.0791418022579617
1710802119.6448805,-1.9940324624379475
1710802119.6449935,-1.9085729122161865
1710802119.6451066,-1.8206616242726643
1710802119.6452196,-1.7316997051239014
1710802119.6453323,-1.6399357053968642
1710802119.6454453,-1.54852204852634
1710802119.6455584,-1.4546566539340549
1710802119.6456714,-1.3600907060835097
1710802119.6457841,-1.2644741270277235
1710802119.6458972,-1.1688574155171711
1710802119.6460102,-1.073240836461385
1710802119.6461232,-0.9758730067147149
1710802119.646236,-0.8795558744006686
1710802119.646349,-0.7804367939631144
1710802119.646462,-0.6827186875873141
1710802119.646575,-0.5832493967480129
1710802119.6466877,-0.4841303163104587
1710802119.6468008,-0.3839605384402805
1710802119.6469138,-0.2841409709718492
1710802119.6470268,-0.18221994241078696
1710802119.6471395,-0.08064916564358605
1710802119.6472526,0.021276016616159014
1710802119.6473656,0.12426791919602288
1710802119.6474786,0.22690950168503654
1710802119.6475914,0.3292007909880744
1710802119.6477044,0.43219268321990967
1710802119.6478174,0.5337833364804586
1710802119.6479304,0.6353739897410074
1710802119.6480432,0.7355633709165785
1710802119.6481562,0.8364534378051758
1710802119.6482692,0.9359421994951036
1710802119.6483822,1.0368322001563177
1710802119.648495,1.1363209618462455
1710802119.648608,1.236860752105713
1710802119.648721,1.3363495137956407
1710802119.648834,1.434086693657769
1710802119.6489468,1.5304226345486112
1710802119.6490598,1.6246567832099066
1710802119.6491728,1.7167890071868896
1710802119.6492858,1.8071696493360732
1710802119.6493986,1.8968496057722304
1710802119.6495116,1.9847781128353543
1710802119.6496246,2.072005934185452
1710802119.6497376,2.1599343087938094
1710802119.6498504,2.2454105483161078
1710802119.6499634,2.330886787838406
1710802119.6500764,2.4139110247294107
1710802119.6501894,2.49448299407959
1710802119.6503022,2.57295290629069
1710802119.6504152,2.6482701301574707
1710802119.6505282,2.7207848760816784
1710802119.6506412,2.7915480401780868
1710802119.650754,2.861610518561469
1710802119.650867,2.930622100830078
1710802119.65098,2.9989329973856607
1710802119.651093,3.0668936835394964
1710802119.6512058,3.1324021021525064
1710802119.6513188,3.1958087285359698
1710802119.6514318,3.256412876976861
1710802119.6515448,3.31526517868042
1710802119.6516576,3.3699141608344183
1710802119.6517706,3.4221106105380588
1710802119.6518836,3.4722052680121527
1710802119.6519966,3.5198479228549533
1710802119.6521094,3.5667896270751953
1710802119.6522224,3.6133813858032227
1710802119.6523354,3.657871087392171
1710802119.6524484,3.700959417555067
1710802119.6525612,3.7419459554884167
1710802119.6526742,3.7815313869052463
1710802119.6527872,3.8172631793551974
1710802119.6529002,3.8512436548868814
1710802119.653013,3.880669805738661
1710802119.653126,3.907994164360894
1710802119.653239,3.9321658346388073
1710802119.653352,3.955286343892415
1710802119.6534648,3.976655536227756
1710802119.6535778,3.997323777940538
1710802119.6536908,4.016240702735053
1710802119.6538038,4.032705359988742
1710802119.6539166,4.048469596438937
1710802119.6540296,4.061080879635281
1710802119.6541426,4.071940581003825
1710802119.6542556,4.079297118716769
1710802119.6543684,4.084902074601915
1710802119.6544814,4.086303181118435
1710802119.6545944,4.087704552544488
1710802119.6547074,4.088054762946235
1710802119.6548202,4.085952970716688
1710802119.6549332,4.085252285003662
1710802119.6550462,4.082800282372369
1710802119.6551592,4.079297118716769
1710802119.655272,4.075443479749891
1710802119.655385,4.069138103061252
1710802119.655498,4.060029718610975
1710802119.655611,4.049520492553711
1710802119.6557238,4.034106731414795
1710802119.6558368,4.019043180677626
1710802119.6559498,4.001177416907416
1710802119.6560628,3.984712759653727
1710802119.6561756,3.9671969413757324
1710802119.6562886,3.9486304918924966
1710802119.6564016,3.9297135670979815
1710802119.6565146,3.9093955357869463
1710802119.6566274,3.8869754473368325
1710802119.6567404,3.861752880944146
1710802119.6568534,3.8333776262071395
1710802119.6569664,3.8021998935275607
1710802119.6570792,3.768920103708903
1710802119.6571922,3.7331883112589517
1710802119.6573052,3.697106043497721
1710802119.6574183,3.6603230900234647
1710802119.657531,3.6242410871717663
1710802119.657644,3.5874581336975098
1710802119.657757,3.551025655534532
1710802119.65787,3.511440224117703
1710802119.6579828,3.4704536861843533
1710802119.6580958,3.4252635637919107
1710802119.6582088,3.3783215946621366
1710802119.6583219,3.328927357991536
1710802119.6584346,3.277431594000922
1710802119.6585476,3.2262857755025225
1710802119.6586607,3.1744395362006292
1710802119.6587737,3.122593296898736
1710802119.6588864,3.0703968471950955
1710802119.6589994,3.0171492364671493
1710802119.6591125,2.961799833509657
1710802119.6592255,2.9046988487243652
1710802119.6593382,2.8440949651930065
1710802119.6594512,2.781389024522569
1710802119.6595643,2.71553013059828
1710802119.6596773,2.6496712366739907
1710802119.65979,2.581010129716661
1710802119.659903,2.5133996539645724
1710802119.660016,2.44508875740899
1710802119.660129,2.37642765045166
1710802119.6602418,2.306715382470025
1710802119.6603549,2.234550846947564
1710802119.6604679,2.160985337363349
1710802119.6605809,2.085668113496568
1710802119.6606936,2.0078987545437283
1710802119.6608067,1.9276771280500624
1710802119.6609197,1.8460542625851102
1710802119.6610327,1.7637308438618977
1710802119.6611454,1.6810570822821722
1710802119.6612585,1.5962813960181341
1710802119.6613715,1.5122063954671223
1710802119.6614845,1.426379813088311
1710802119.6615973,1.3402028878529866
1710802119.6617103,1.2515738275316026
1710802119.6618233,1.1611931853824191
1710802119.6619363,1.0697615808910794
1710802119.662049,0.9765784607993232
1710802119.662162,0.8833952744801838
1710802119.662275,0.787409676445855
1710802119.662388,0.6928252511554294
1710802119.6625009,0.5964893102645874
1710802119.6626139,0.5005036460028754
1710802119.6627269,0.4038173622555203
1710802119.66284,0.306430459022522
1710802119.6629527,0.20939388208919102
1710802119.6630657,0.1120069788561927
1710802119.6631787,0.01391945199833976
1710802119.6632917,-0.08415160907639398
1710802119.6634045,-0.18151945537990993
1710802119.6635175,-0.2795878052711487
1710802119.6636305,-0.37800636556413436
1710802119.6637435,-0.4771254460016886
1710802119.6638563,-0.5751937627792358
1710802119.6639693,-0.6746631198459201
1710802119.6640823,-0.7734319236543443
1710802119.6641953,-0.8711500300301446
1710802119.664308,-0.9695686234368218
1710802119.664421,-1.066936453183492
1710802119.664534,-1.1636038621266682
1710802119.664647,-1.2595706515842013
1710802119.6647599,-1.3562379942999945
1710802119.664873,-1.4518547058105469
1710802119.664986,-1.54852204852634
1710802119.665099,-1.6437884171803792
1710802119.6652117,-1.7401055494944253
1710802119.6653247,-1.8346714973449707
1710802119.6654377,-1.9285368919372559
1710802119.6655507,-2.020300759209527
1710802119.6656635,-2.110313574473063
1710802119.6657765,-2.198224729961819
1710802119.6658895,-2.28438483344184
1710802119.6660025,-2.370194594065348
1710802119.6661153,-2.4556541442871094
1710802119.6662283,-2.5400630633036294
1710802119.6663413,-2.6234210862053766
1710802119.6664543,-2.7057284779018826
1710802119.666567,-2.7862845526801214
1710802119.66668,-2.8643888897365994
1710802119.666793,-2.9407421747843423
1710802119.666906,-3.014293511708577
1710802119.667019,-3.0846924251980252
1710802119.667132,-3.152990076276991
1710802119.667245,-3.219186200035943
1710802119.667358,-3.2839814821879068
1710802119.6674707,-3.3473756578233504
1710802119.6675837,-3.4104196230570474
1710802119.6676967,-3.471712271372477
1710802119.6678097,-3.5316038131713867
1710802119.6679225,-3.5897445678710938
1710802119.6680355,-3.644382423824734
1710802119.6681485,-3.6965688069661455
1710802119.6682615,-3.7459532419840493
1710802119.6683743,-3.792535728878445
1710802119.6684873,-3.8380675845675998
1710802119.6686003,-3.881497648027208
1710802119.6687133,-3.923527134789361
1710802119.668826,-3.964155250125461
1710802119.668939,-4.003382788764106
1710802119.6690521,-4.041559431287977
1710802119.6691651,-4.076583650377062
1710802119.669278,-4.1109077135721845
1710802119.669391,-4.141028722127278
1710802119.669504,-4.169398413764106
1710802119.669617,-4.1939155260721845
1710802119.6697297,-4.216331111060248
1710802119.6698427,-4.236645168728298
1710802119.6699557,-4.254857963985867
1710802119.6700687,-4.272370073530409
1710802119.6701815,-4.28778092066447
1710802119.6702945,-4.302491082085504
1710802119.6704075,-4.316150612301296
1710802119.6705205,-4.327708615197076
1710802119.6706333,-4.337165355682373
1710802119.6707463,-4.3434696727328825
1710802119.6708593,-4.347322252061632
1710802119.6709723,-4.347322252061632
1710802119.6710851,-4.345921410454644
1710802119.6711981,-4.3420688311258955
1710802119.6713111,-4.336815145280626
1710802119.6714242,-4.331911669837104
1710802119.671537,-4.324906667073567
1710802119.67165,-4.317551718817817
1710802119.671763,-4.308795399136013
1710802119.671876,-4.297587606641981
1710802119.6719887,-4.284278551737468
1710802119.6721017,-4.26851749420166
1710802119.6722147,-4.249604278140597
1710802119.6723278,-4.227889113956027
1710802119.6724405,-4.20582373936971
1710802119.6725535,-4.182007047865126
1710802119.6726665,-4.1574902004665795
1710802119.6727796,-4.133323298560248
1710802119.6728923,-4.108455975850423
1710802119.6730053,-4.083238442738851
1710802119.6731184,-4.055919382307264
1710802119.6732314,-4.026498794555664
1710802119.6733441,-3.9932256274753146
1710802119.6734571,-3.957150512271457
1710802119.6735702,-3.9186236593458386
1710802119.6736832,-3.878345489501953
1710802119.673796,-3.8366664780510797
1710802119.673909,-3.794637256198459
1710802119.674022,-3.752257823944092
1710802119.674135,-3.709177705976698
1710802119.6742477,-3.6650469568040633
1710802119.6743608,-3.620565997229682
1710802119.6744738,-3.5708313518100314
1710802119.6745868,-3.5200458102756076
1710802119.6746995,-3.465758164723714
1710802119.6748126,-3.4090185165405273
1710802119.6749256,-3.3501776059468584
1710802119.6750386,-3.2902857992384167
1710802119.6751513,-3.230393992529975
1710802119.6752644,-3.169451554616292
1710802119.6753774,-3.1081589063008623
1710802119.6754904,-3.0461655722724066
1710802119.6756032,-2.9824211862352157
1710802119.6757162,-2.916225062476264
1710802119.6758292,-2.847577200995551
1710802119.6759422,-2.7768280771043563
1710802119.676055,-2.7050280570983887
1710802119.676168,-2.6290249824523926
1710802119.676281,-2.5544230143229165
1710802119.676394,-2.4780697292751737
1710802119.6765068,-2.400315602620443
1710802119.6766198,-2.323612107170953
1710802119.6767328,-2.2458579805162215
1710802119.6768458,-2.1660023265414767
1710802119.6769586,-2.0847456985049777
1710802119.6770716,-2.0020880964067245
1710802119.6771846,-1.9166285461849637
1710802119.6772976,-1.8308187855614555
1710802119.6774104,-1.7425572872161865
1710802119.6775234,-1.6535952356126573
1710802119.6776364,-1.564282973607381
1710802119.6777494,-1.473219527138604
1710802119.6778622,-1.382156080669827
1710802119.6779752,-1.2893414497375488
1710802119.6780882,-1.1965268188052707
1710802119.6782012,-1.1019608709547255
1710802119.678314,-1.0066945023006864
1710802119.678427,-0.91002709335751
1710802119.67854,-0.8123090532090929
1710802119.678653,-0.7145909468332926
1710802119.6787658,-0.6154718663957384
1710802119.6788788,-0.5163527859581841
1710802119.6789918,-0.4175839490360684
1710802119.6791048,-0.31706392765045166
1710802119.6792176,-0.2158433695634206
1710802119.6793306,-0.11532333162095812
1710802119.6794436,-0.01550377243094974
1710802119.6795566,0.08468259539869097
1710802119.6796694,0.1838210556242201
1710802119.6797824,0.28401046991348267
1710802119.6798954,0.38174768288930255
1710802119.6800082,0.481586754322052
1710802119.6801212,0.579323967297872
1710802119.6802342,0.6777618328730265
1710802119.6803472,0.776199632220798
1710802119.68046,0.8742871549394395
1710802119.680573,0.972374677658081
1710802119.680686,1.0690609614054363
1710802119.680799,1.164346006181505
1710802119.6809118,1.2582298119862874
1710802119.6810248,1.3507122463650174
1710802119.6811378,1.4421439170837402
1710802119.6812508,1.534276141060723
1710802119.6813636,1.6253573364681668
1710802119.6814766,1.7160883214738634
1710802119.6815896,1.8075198597378201
1710802119.6817026,1.8975502914852567
1710802119.6818154,1.98793093363444
1710802119.6819284,2.0751587549845376
1710802119.6820414,2.160634994506836
1710802119.6821544,2.2440094417995877
1710802119.6822672,2.3249316215515137
1710802119.6823802,2.403051323360867
1710802119.6824932,2.480820814768473
1710802119.6826062,2.5564882490370007
1710802119.682719,2.6318054729037814
1710802119.682832,2.7064220110575357
1710802119.682945,2.779987653096517
1710802119.683058,2.8514515029059515
1710802119.6831708,2.9201126098632812
1710802119.6832838,2.9870223999023438
1710802119.6833968,3.050078550974528
1710802119.6835098,3.1106826994154186
1710802119.6836226,3.168834580315484
1710802119.6837356,3.2248846689860025
1710802119.6838486,3.2791831758287215
1710802119.6839616,3.3327809969584146
1710802119.6840744,3.3846272362603083
1710802119.6841874,3.4354225794474282
1710802119.6843004,3.485517236921522
1710802119.6844134,3.5321087307400174
1710802119.6845262,3.577299118041992
1710802119.6846392,3.618986341688368
1710802119.6847522,3.658221297793918
1710802119.6848652,3.6950042512681747
1710802119.684978,3.7286342514885797
1710802119.685091,3.761563565995958
1710802119.685204,3.793441984388563
1710802119.685317,3.8239192962646484
1710802119.6854298,3.8529952367146807
1710802119.6855428,3.8813704914516873
1710802119.6856558,3.907994164360894
1710802119.6857688,3.9321658346388073
1710802119.6858816,3.9549361334906683
1710802119.6859946,3.97420326868693
1710802119.6861076,3.9906679259406195
1710802119.6862206,4.005030790964763
1710802119.6863334,4.017291598849826
1710802119.6864464,4.027450879414876
1710802119.6865594,4.0369092093573675
1710802119.6866724,4.044616222381592
1710802119.6867852,4.0523229704962835
1710802119.6868982,4.058278401692708
1710802119.6870112,4.062481986151801
1710802119.6871243,4.065634939405653
1710802119.687237,4.065284464094374
1710802119.68735,4.063182671864827
1710802119.687463,4.057227240668403
1710802119.687576,4.049870702955458
1710802119.6876888,4.040412373012966
1710802119.6878018,4.0295526716444225
1710802119.6879148,4.018342759874132
1710802119.6880279,4.006431897481282
1710802119.6881406,3.9948717753092446
1710802119.6882536,3.9808591206868487
1710802119.6883667,3.9675474166870117
1710802119.6884797,3.950732284122043
1710802119.6885924,3.931114938524034
1710802119.6887054,3.9093955357869463
1710802119.6888185,3.884873655107286
1710802119.6889315,3.8586001925998263
1710802119.6890442,3.8312758339775934
1710802119.6891572,3.8036010000440807
1710802119.6892703,3.7755759557088213
1710802119.6893833,3.7479013866848416
1710802119.689496,3.7191756566365557
1710802119.689609,3.689399030473497
1710802119.689722,3.656820191277398
1710802119.689835,3.6217888196309405
1710802119.6899478,3.585005866156684
1710802119.6900609,3.5443698035346136
1710802119.6901739,3.502682579888238
1710802119.6902869,3.4595939848158093
1710802119.6903996,3.415804968939887
1710802119.6905127,3.3716657426622176
1710802119.6906257,3.3278764618767633
1710802119.6907387,3.283737235599094
1710802119.6908514,3.2378461625840926
1710802119.6909645,3.1898532973395453
1710802119.6910775,3.138007058037652
1710802119.6911905,3.0847597122192383
1710802119.6913033,3.027308252122667
1710802119.6914163,2.967755264706082
1710802119.6915293,2.9064504305521646
1710802119.6916423,2.8458465470208063
1710802119.691755,2.7834908167521157
1710802119.691868,2.721485561794705
1710802119.691981,2.6591298315260143
1710802119.692094,2.595022519429525
1710802119.6922069,2.5295141008165145
1710802119.6923199,2.461203204260932
1710802119.6924329,2.3904400401645236
1710802119.692546,2.318275769551595
1710802119.6926587,2.2436589664883084
1710802119.6927717,2.1676411893632674
1710802119.6928847,2.091273069381714
1710802119.6929977,2.014554606543647
1710802119.6931105,1.93783614370558
1710802119.6932235,1.8597164418962266
1710802119.6933365,1.7808961868286133
1710802119.6934495,1.699973874621921
1710802119.6935623,1.6180007987552218
1710802119.6936753,1.534276141060723
1710802119.6937883,1.4477488729688857
1710802119.6939013,1.361221604877048
1710802119.694014,1.2732932302686903
1710802119.694127,1.1850143803490532
1710802119.69424,1.094984081056383
1710802119.694353,1.0053040583928425
1710802119.6944659,0.914573139614529
1710802119.694579,0.8220905727810329
1710802119.694692,0.7292577293184068
1710802119.694805,0.6353739897410074
1710802119.6949177,0.5407895975642734
1710802119.6950307,0.4434026943312751
1710802119.6951437,0.34566548135545516
1710802119.6952567,0.24792826837963527
1710802119.6953695,0.14914010961850485
1710802119.6954825,0.04930102162890964
1710802119.6955955,-0.051578912470075816
1710802119.6957085,-0.15209895041253832
1710802119.6958213,-0.2529692484272851
1710802119.6959343,-0.3541897734006246
1710802119.6960473,-0.45470982789993286
1710802119.6961603,-0.5555801259146796
1710802119.696273,-0.6553996933831109
1710802119.696386,-0.7555694712532891
1710802119.696499,-0.8539880646599664
1710802119.6966121,-0.9538076321283976
1710802119.696725,-1.0532769229676988
1710802119.696838,-1.152045726776123
1710802119.696951,-1.2515150176154242
1710802119.697064,-1.3495834668477376
1710802119.6971767,-1.447651783625285
1710802119.6972897,-1.543968915939331
1710802119.6974027,-1.6385347313351102
1710802119.6975157,-1.7331006791856554
1710802119.6976285,-1.8255650997161865
1710802119.6977415,-1.9176793098449707
1710802119.6978545,-2.0090929667154946
1710802119.6979675,-2.100856966442532
1710802119.6980803,-2.1919204129113092
1710802119.6981933,-2.282633516523573
1710802119.6983063,-2.3719459109836154
1710802119.6984193,-2.4605576197306314
1710802119.698532,-2.5467175907558866
1710802119.698645,-2.6304260889689126
1710802119.6987581,-2.7116825845506454
1710802119.6988711,-2.7911880281236434
1710802119.698984,-2.8685919443766275
1710802119.699097,-2.9449452294243708
1710802119.69921,-3.0205978287590876
1710802119.699323,-3.094499376085069
1710802119.6994357,-3.1680507130093045
1710802119.6995487,-3.239850733015272
1710802119.6996617,-3.309899436102973
1710802119.6997747,-3.377496666378445
1710802119.6998875,-3.442291683620877
1710802119.7000005,-3.5046352280510797
1710802119.7001135,-3.563476138644748
1710802119.7002265,-3.6209162076314287
1710802119.7003393,-3.6748536427815752
1710802119.7004523,-3.7284411324395075
1710802119.7005653,-3.780277305179172
1710802119.7006783,-3.8310625818040633
1710802119.7007911,-3.879746596018473
1710802119.7009041,-3.9259788725111218
1710802119.7010171,-3.9704598320855036
1710802119.7011302,-4.011087947421603
1710802119.701243,-4.050315486060248
1710802119.701356,-4.085339705149333
1710802119.701469,-4.118262661827935
1710802119.701582,-4.149084356096056
1710802119.7016947,-4.1774540477328825
1710802119.7018077,-4.20477310816447
1710802119.7019207,-4.2306910620795355
1710802119.7020338,-4.255558384789361
1710802119.7021465,-4.278324180179172
1710802119.7022595,-4.300740030076769
1710802119.7023726,-4.3200034565395775
1710802119.7024856,-4.337165355682373
1710802119.7025983,-4.351175096299913
1710802119.7027113,-4.362382888793945
1710802119.7028244,-4.371489153967963
1710802119.7029374,-4.378143946329753
1710802119.7030501,-4.383747842576769
1710802119.7031631,-4.387600421905518
1710802119.7032762,-4.390402370029025
1710802119.7033892,-4.392854107750787
1710802119.703502,-4.39355452855428
1710802119.703615,-4.391803476545546
1710802119.703728,-4.388300842709011
1710802119.703841,-4.381646315256755
1710802119.7039537,-4.371489153967963
1710802119.7040668,-4.359580940670437
1710802119.7041798,-4.3434696727328825
1710802119.7042928,-4.327008194393581
1710802119.7044055,-4.308445188734266
1710802119.7045186,-4.289882447984484
1710802119.7046316,-4.271319442325168
1710802119.7047446,-4.251705805460612
1710802119.7048573,-4.2306910620795355
1710802119.7049704,-4.2072248458862305
1710802119.7050834,-4.181656837463379
1710802119.7051964,-4.152586725023058
1710802119.7053092,-4.12141482035319
1710802119.7054222,-4.087441232469347
1710802119.7055352,-4.05241674847073
1710802119.7056482,-4.016341633266872
1710802119.705761,-3.9795660972595215
1710802119.705874,-3.94279056125217
1710802119.705987,-3.906014760335286
1710802119.7061,-3.867487907409668
1710802119.7062128,-3.8261591063605414
1710802119.7063258,-3.78307925330268
1710802119.7064388,-3.736496766408284
1710802119.7065518,-3.6867621209886337
1710802119.7066646,-3.634225527445475
1710802119.7067776,-3.5799376169840493
1710802119.7068906,-3.5249492857191296
1710802119.7070036,-3.4685601128472223
1710802119.7071164,-3.412170675065782
1710802119.7072294,-3.3561317125956216
1710802119.7073424,-3.298341433207194
1710802119.7074554,-3.238799836900499
1710802119.7075682,-3.1778573989868164
1710802119.7076812,-3.1130623817443848
1710802119.7077942,-3.0468662579854326
1710802119.7079072,-2.9775177107916937
1710802119.70802,-2.906418376498752
1710802119.708133,-2.8356689876980252
1710802119.708246,-2.763168546888563
1710802119.708359,-2.690667841169569
1710802119.7084718,-2.6174669795566134
1710802119.7085848,-2.5428650114271374
1710802119.7086978,-2.4665117263793945
1710802119.7088108,-2.3884073893229165
1710802119.7089236,-2.3075008392333984
1710802119.7090366,-2.2237926059299045
1710802119.7091496,-2.1386832661098905
1710802119.7092626,-2.0528735054863825
1710802119.7093754,-1.9653124279446073
1710802119.7094884,-1.877401272455851
1710802119.7096014,-1.7880890104505751
1710802119.7097144,-1.698776748445299
1710802119.7098272,-1.6084137227800157
1710802119.7099402,-1.5173502763112385
1710802119.7100532,-1.4252361986372206
1710802119.7101662,-1.3317210144466824
1710802119.710279,-1.237155066596137
1710802119.710392,-1.141888697942098
1710802119.710505,-1.0459218422571819
1710802119.710618,-0.9489042229122585
1710802119.7107308,-0.8518866035673354
1710802119.7108438,-0.7545187738206651
1710802119.7109568,-0.6557499037848579
1710802119.7110698,-0.5573313103781806
1710802119.7111826,-0.4578620195388794
1710802119.7112956,-0.3573419650395711
1710802119.7114086,-0.2564716835816701
1710802119.7115216,-0.15595164563920763
1710802119.7116344,-0.055431595279110804
1710802119.7117474,0.04649852299027973
1710802119.7118604,0.1477388540903727
1710802119.7119734,0.25038045313623214
1710802119.7120862,0.3530220521820916
1710802119.7121992,0.45671456389957005
1710802119.7123122,0.5593561463885837
1710802119.7124252,0.6626983483632406
1710802119.712538,0.7639386918809679
1710802119.712651,0.8648287587695651
1710802119.712764,0.9639671776029799
1710802119.712877,1.0613540808359783
1710802119.7129898,1.1583907074398465
1710802119.7131028,1.2547266483306885
1710802119.7132158,1.3510625892215304
1710802119.7133288,1.4470481872558594
1710802119.7134416,1.5426835748884413
1710802119.7135546,1.6365673806932237
1710802119.7136676,1.730451186498006
1710802119.7137806,1.8215323819054496
1710802119.7138934,1.9108621279398599
1710802119.7140064,1.9973892635769315
1710802119.7141194,2.0821649498409696
1710802119.7142324,2.164488368564182
1710802119.7143452,2.245761023627387
1710802119.7144582,2.32703341378106
1710802119.7145712,2.407255172729492
1710802119.7146842,2.4860752953423395
1710802119.714797,2.565246158175998
1710802119.71491,2.641263802846273
1710802119.715023,2.7137785487704806
1710802119.715136,2.7855926089816623
1710802119.7152488,2.853553295135498
1710802119.7153618,2.9194121890597873
1710802119.7154748,2.9824683401319714
1710802119.7155879,3.0444735950893826
1710802119.7157006,3.10542795393202
1710802119.7158136,3.1649812062581377
1710802119.7159266,3.224534193674723
1710802119.7160397,3.2816351784600153
1710802119.7161524,3.3376852671305337
1710802119.7162654,3.3902321921454535
1710802119.7163785,3.4420784314473467
1710802119.7164915,3.488669925265842
1710802119.7166042,3.5342105229695635
1710802119.7167172,3.5755475362141924
1710802119.7168303,3.615483178032769
1710802119.7169433,3.6529665523105197
1710802119.717056,3.6908004018995495
1710802119.717169,3.7258315086364746
1710802119.717282,3.7598119841681585
1710802119.717395,3.79239108827379
1710802119.7175078,3.823218610551622
1710802119.7176208,3.850893179575602
1710802119.7177339,3.8775171173943415
1710802119.7178469,3.8999369409349227
1710802119.7179596,3.919904761844211
1710802119.7180727,3.9370701048109265
1710802119.7181857,3.953184551662869
1710802119.7182987,3.9678976270887585
1710802119.7184114,3.981559806399875
1710802119.7185245,3.9941710895962186
1710802119.7186375,4.005381001366509
1710802119.7187505,4.0155402819315595
1710802119.7188632,4.023947715759277
1710802119.7189763,4.031304253472222
1710802119.7190893,4.034807417127821
1710802119.7192023,4.037259419759114
1710802119.719315,4.036558998955621
1710802119.719428,4.033756521013048
1710802119.719541,4.029902882046169
1710802119.719654,4.026049507988824
1710802119.7197669,4.020094341701931
1710802119.7198799,4.01518980662028
1710802119.7199929,4.009584850735134
1710802119.720106,4.002228313022189
1710802119.7202187,3.992419507768419
1710802119.7203317,3.981559806399875
1710802119.7204447,3.9664965205722384
1710802119.7205577,3.9500315984090166
1710802119.7206705,3.9300637774997287
1710802119.7207835,3.908344374762641
1710802119.7208965,3.8866252369350858
1710802119.7210093,3.8638546731736922
1710802119.7211223,3.8417850600348578
1710802119.7212353,3.8183140754699707
1710802119.7213483,3.7948430909050836
1710802119.721461,3.768920103708903
1710802119.721574,3.7405448489718967
1710802119.721687,3.709016640981038
1710802119.7218,3.673985269334581
1710802119.7219129,3.6372025807698565
1710802119.7220259,3.5993687311808267
1710802119.722139,3.5601337750752764
1710802119.722252,3.5201981332567
1710802119.7223647,3.4802624914381237
1710802119.7224777,3.4413777457343206
1710802119.7225907,3.4007416831122503
1710802119.7227037,3.3594046698676214
1710802119.7228165,3.315615653991699
1710802119.7229295,3.269023895263672
1710802119.7230425,3.2203306092156305
1710802119.7231555,3.16953526602851
1710802119.7232683,3.1173385514153376
1710802119.7233813,3.065142101711697
1710802119.7234943,3.011194070180257
1710802119.7236073,2.957245773739285
1710802119.72372,2.9039984279208713
1710802119.723833,2.8489992353651257
1710802119.723946,2.7929491466946073
1710802119.724059,2.734096580081516
1710802119.7241719,2.673492696550157
1710802119.724285,2.609735859764947
1710802119.724398,2.542475594414605
1710802119.724511,2.4745151731703015
1710802119.7246237,2.404452429877387
1710802119.7247367,2.3343899514940047
1710802119.7248497,2.2636267873975964
1710802119.7249627,2.192163070042928
1710802119.7250755,2.1199987994299994
1710802119.7251885,2.046783367792765
1710802119.7253015,1.9714661439259846
1710802119.7254145,1.8943974706861708
1710802119.7255273,1.814526187049018
1710802119.7256403,1.734304560555352
1710802119.7257533,1.6516307989756265
1710802119.7258663,1.568606694539388
1710802119.725979,1.4841813511318631
1710802119.726092,1.4001063505808513
1710802119.726205,1.3149804539150662
1710802119.7263181,1.2288035286797416
1710802119.726431,1.1419260501861572
1710802119.726544,1.0539975431230333
1710802119.726657,0.964667797088623
1710802119.72677,0.8735865354537964
1710802119.7268827,0.7818046543333266
1710802119.7269957,0.6893221537272135
1710802119.7271087,0.5964893102645874
1710802119.7272217,0.5019048849741617
1710802119.7273345,0.4069701830546061
1710802119.7274475,0.31133482853571576
1710802119.7275605,0.21675043635898167
1710802119.7276735,0.12076478865411547
1710802119.7277863,0.02407851732439465
1710802119.7278993,-0.07259355651007758
1710802119.7280123,-0.16926091578271654
1710802119.7281253,-0.2659282750553555
1710802119.728238,-0.36294589440027875
1710802119.728351,-0.4599634806315104
1710802119.7284641,-0.5573313103781806
1710802119.7285771,-0.6557499037848579
1710802119.72869,-0.7545187738206651
1710802119.728803,-0.8529373009999592
1710802119.728916,-0.9513558944066365
1710802119.729029,-1.0501247644424438
1710802119.7291417,-1.1481930149926078
1710802119.7292547,-1.2441599369049072
1710802119.7293677,-1.3408272796207004
1710802119.7294807,-1.4353932274712455
1710802119.7295935,-1.5310098065270317
1710802119.7297065,-1.625575754377577
1710802119.7298195,-1.7208421230316162
1710802119.7299325,-1.8154080708821614
1710802119.7300453,-1.9089231226179335
1710802119.7301583,-2.001387675603231
1710802119.7302713,-2.092801332473755
1710802119.7303843,-2.181413041220771
1710802119.7304971,-2.268623775906033
1710802119.7306101,-2.354083326127794
1710802119.7307231,-2.437091138627794
1710802119.7308362,-2.519748740726047
1710802119.730949,-2.599604394700792
1710802119.731062,-2.680861155192057
1710802119.731175,-2.7600163883633084
1710802119.731288,-2.838470935821533
1710802119.7314007,-2.91552464167277
1710802119.7315137,-2.990126609802246
1710802119.7316267,-3.062977261013455
1710802119.7317398,-3.133026229010688
1710802119.7318525,-3.2006231943766275
1710802119.7319655,-3.2657686869303384
1710802119.7320786,-3.3295130729675293
1710802119.7321916,-3.3918566173977323
1710802119.7323043,-3.452448844909668
1710802119.7324173,-3.5123406516181097
1710802119.7325304,-3.5708313518100314
1710802119.7326434,-3.6279209454854326
1710802119.7327561,-3.6832597520616317
1710802119.7328691,-3.7361465560065374
1710802119.7329822,-3.786581622229682
1710802119.7330952,-3.8335143195258246
1710802119.733208,-3.879046175214979
1710802119.733321,-3.9207251866658526
1710802119.733434,-3.9617037773132324
1710802119.733547,-4.000580840640597
1710802119.7336597,-4.03840700785319
1710802119.7337728,-4.074832598368327
1710802119.7338858,-4.109856817457411
1710802119.7339988,-4.1420793533325195
1710802119.7341115,-4.173601203494601
1710802119.7342246,-4.2016209496392145
1710802119.7343376,-4.2271886931525335
1710802119.7344506,-4.248903857337104
1710802119.7345634,-4.269217915005154
1710802119.7346764,-4.286730024549696
1710802119.7347894,-4.302491082085504
1710802119.7349024,-4.316500822703044
1710802119.7350152,-4.329109721713595
1710802119.7351282,-4.341718355814616
1710802119.7352412,-4.352575937906901
1710802119.7353542,-4.3620326783921985
1710802119.735467,-4.368687205844455
1710802119.73558,-4.373590681287977
1710802119.735693,-4.374991522894965
1710802119.735806,-4.374641312493218
1710802119.7359188,-4.370088312360975
1710802119.7360318,-4.364834626515706
1710802119.7361448,-4.35782962375217
1710802119.7362578,-4.35012420018514
1710802119.7363706,-4.341017935011122
1710802119.7364836,-4.330860773722331
1710802119.7365966,-4.321054087744819
1710802119.7367096,-4.3080949783325195
1710802119.7368224,-4.293384816911486
1710802119.7369354,-4.274471600850423
1710802119.7370484,-4.253807332780626
1710802119.7371614,-4.229640430874294
1710802119.7372742,-4.203722212049696
1710802119.7373872,-4.176753626929389
1710802119.7375002,-4.148383670383029
1710802119.7376132,-4.120364189147949
1710802119.737726,-4.092694918314616
1710802119.737839,-4.063274330563015
1710802119.737952,-4.03210269080268
1710802119.738065,-3.9988295237223306
1710802119.7381778,-3.9631046189202204
1710802119.7382908,-3.923527134789361
1710802119.7384038,-3.881497648027208
1710802119.7385168,-3.8366664780510797
1710802119.7386296,-3.791134887271457
1710802119.7387426,-3.7442021899753146
1710802119.7388556,-3.6969190173678927
1710802119.7389686,-3.6489356888665094
1710802119.7390814,-3.601302570766873
1710802119.7391944,-3.550517029232449
1710802119.7393074,-3.4986811214023166
1710802119.7394204,-3.4433423148261175
1710802119.7395332,-3.384851614634196
1710802119.7396462,-3.32425938712226
1710802119.7397592,-3.2615658971998425
1710802119.7398722,-3.1971208254496255
1710802119.739985,-3.132676018608941
1710802119.740098,-3.067180315653483
1710802119.740211,-3.002034823099772
1710802119.740324,-2.9358386993408203
1710802119.7404368,-2.8685919443766275
1710802119.7405498,-2.798893451690674
1710802119.7406628,-2.7277938524881997
1710802119.7407758,-2.652140988243951
1710802119.7408886,-2.576488388909234
1710802119.7410016,-2.49768336613973
1710802119.7411146,-2.418528397878011
1710802119.7412276,-2.3376218477884927
1710802119.7413404,-2.257065773010254
1710802119.7414534,-2.1744081709120007
1710802119.7415664,-2.0921007792154946
1710802119.7416794,-2.006641228993734
1710802119.7417922,-1.9211816787719727
1710802119.7419052,-1.8325699700249565
1710802119.7420182,-1.7429074976179335
1710802119.7421312,-1.6511434978908963
1710802119.742244,-1.5579786565568712
1710802119.742357,-1.463412708706326
1710802119.74247,-1.3684965504540336
1710802119.742583,-1.2725297609965007
1710802119.7426958,-1.1755120754241943
1710802119.7428088,-1.078144245677524
1710802119.7429218,-0.9797256522708468
1710802119.7430348,-0.8806066380606757
1710802119.7431476,-0.7804367939631144
1710802119.7432606,-0.6799167394638062
1710802119.7433736,-0.5786961979336208
1710802119.7434866,-0.47747568951712716
1710802119.7435994,-0.37485417392518783
1710802119.7437124,-0.27293316192097133
1710802119.7438254,-0.17031164632903203
1710802119.7439384,-0.06769013901551564
1710802119.7440512,0.036339457664224833
1710802119.7441642,0.14038229982058206
1710802119.7442772,0.2437245017952389
1710802119.7443902,0.3460157910982768
1710802119.744503,0.44900768333011204
1710802119.744616,0.5505983365906609
1710802119.744729,0.6521889898512099
1710802119.744842,0.753078990512424
1710802119.7449548,0.8539690574010212
1710802119.7450678,0.9548590580622355
1710802119.7451808,1.0557490587234497
1710802119.7452939,1.156639125612047
1710802119.7454066,1.256828573015001
1710802119.7455196,1.3552663061353896
1710802119.7456326,1.4526532755957708
1710802119.7457457,1.5486388736300998
1710802119.7458584,1.6421723365783691
1710802119.7459714,1.7346549034118652
1710802119.7460845,1.8257360988193088
1710802119.7461975,1.9164670838250053
1710802119.7463102,2.006497515572442
1710802119.7464232,2.0968781577216253
1710802119.7465363,2.1858575608995223
1710802119.7466493,2.2748369640774198
1710802119.746762,2.3603132035997176
1710802119.746875,2.4436876508924694
1710802119.746988,2.5249600410461426
1710802119.747101,2.6023790571424694
1710802119.7472138,2.67769628100925
1710802119.7473269,2.750561502244737
1710802119.7474399,2.8220250871446395
1710802119.7475529,2.891737355126275
1710802119.7476656,2.96144962310791
1710802119.7477787,3.0287096235487194
1710802119.7478917,3.0942180421617294
1710802119.7480047,3.15797487894694
1710802119.7481174,3.2185790273878307
1710802119.7482305,3.2760302225748696
1710802119.7483435,3.329978519015842
1710802119.7484565,3.3821749687194824
1710802119.7485693,3.43156894048055
1710802119.7486823,3.4792115953233504
1710802119.7487953,3.5258030891418457
1710802119.7489083,3.572394847869873
1710802119.749021,3.6168845494588213
1710802119.749134,3.6603230900234647
1710802119.749247,3.7016601032680936
1710802119.74936,3.7412452697753906
1710802119.7494729,3.7776780128479004
1710802119.7495859,3.811658223470052
1710802119.7496989,3.842485745747884
1710802119.749812,3.8708610004848905
1710802119.7499247,3.8974849383036294
1710802119.7500377,3.9227072397867837
1710802119.7501507,3.947229120466444
1710802119.7502637,3.9703498946295843
1710802119.7503765,3.9917188220553927
1710802119.7504895,4.011686642964681
1710802119.7506025,4.030603567759196
1710802119.7507155,4.046718014611138
1710802119.7508283,4.0596795082092285
1710802119.7509413,4.069488313462999
1710802119.7510543,4.077195061577691
1710802119.7511673,4.0817491213480634
1710802119.75128,4.084551599290636
1710802119.751393,4.085952970716688
1710802119.751506,4.085952970716688
1710802119.751619,4.085602760314941
1710802119.7517319,4.084551599290636
1710802119.751845,4.0817491213480634
1710802119.751958,4.07754553688897
1710802119.752071,4.071239895290798
1710802119.7521837,4.062131775750054
1710802119.7522967,4.050221178266737
1710802119.7524097,4.036558998955621
1710802119.7525227,4.020094341701931
1710802119.7526355,4.003279209136963
1710802119.7527485,3.9850629700554743
1710802119.7528615,3.9678976270887585
1710802119.7529745,3.9500315984090166
1710802119.7530873,3.931114938524034
1710802119.7532003,3.9121980137295194
1710802119.7533133,3.8904786109924316
1710802119.7534263,3.8659567303127713
1710802119.753539,3.839332792494032
1710802119.753652,3.8085055351257324
1710802119.753765,3.7766268518235946
1710802119.753878,3.74299685160319
1710802119.753991,3.7086664305792914
1710802119.754104,3.673635058932834
1710802119.754217,3.6396548483106823
1710802119.75433,3.604623476664225
1710802119.7544427,3.5685412089029946
1710802119.7545557,3.531057834625244
1710802119.7546687,3.491122192806668
1710802119.7547817,3.447333176930745
1710802119.7548945,3.4021427896287704
1710802119.7550075,3.3545003996955023
1710802119.7551205,3.3051061630249023
1710802119.7552335,3.2550115055508084
1710802119.7553463,3.2049168480767145
1710802119.7554593,3.15482219060262
1710802119.7555723,3.104377057817247
1710802119.7556853,3.0525308185153537
1710802119.755798,2.999983893500434
1710802119.755911,2.944284280141195
1710802119.7560241,2.8861323992411294
1710802119.7561371,2.8241271442837186
1710802119.75625,2.7603700425889754
1710802119.756363,2.695562309688992
1710802119.756476,2.629002994961209
1710802119.756589,2.561742994520399
1710802119.7567017,2.495183414883084
1710802119.7568147,2.4282738897535534
1710802119.7569277,2.3589118321736655
1710802119.7570407,2.2902507252163358
1710802119.7571535,2.2177359792921276
1710802119.7572665,2.144870890511407
1710802119.7573795,2.068502770529853
1710802119.7574925,1.991784307691786
1710802119.7576053,1.9122633669111464
1710802119.7577183,1.8334429793887668
1710802119.7578313,1.7535718282063801
1710802119.7579443,1.6737005445692275
1710802119.758057,1.591727336247762
1710802119.7581701,1.5101044707828097
1710802119.7582831,1.4267301559448242
1710802119.7583961,1.3416041268242729
1710802119.758509,1.2543763054741752
1710802119.758622,1.1657472451527913
1710802119.758735,1.0757168796327379
1710802119.758848,0.9846356179979112
1710802119.7589607,0.8918027745352851
1710802119.7590737,0.7986196544435289
1710802119.7591867,0.7054365343517727
1710802119.7592998,0.6115527285469903
1710802119.7594125,0.5166180266274346
1710802119.7595255,0.42098267210854423
1710802119.7596385,0.3249970409605238
1710802119.7597516,0.22866106695599026
1710802119.7598643,0.13092385398017034
1710802119.7599773,0.033536956955989204
1710802119.7600904,-0.06418769558270772
1710802119.7602034,-0.1619057854016622
1710802119.7603161,-0.2603243788083394
1710802119.7604291,-0.35909321573045516
1710802119.7605422,-0.4585625065697564
1710802119.7606552,-0.5566308233473036
1710802119.760768,-0.6564503908157349
1710802119.760881,-0.7541684971915351
1710802119.760994,-0.8518866035673354
1710802119.761107,-0.9489042229122585
1710802119.7612197,-1.0452213552263048
1710802119.7613328,-1.140487723880344
1710802119.7614458,-1.23610430293613
1710802119.7615588,-1.3313706715901692
1710802119.7616715,-1.4273375935024686
1710802119.7617846,-1.5219035413530138
1710802119.7618976,-1.616819699605306
1710802119.7620106,-1.710685094197591
1710802119.7621233,-1.8031495147281222
1710802119.7622364,-1.8949133820003934
1710802119.7623494,-1.9838754336039224
1710802119.7624621,-2.0721369319491916
1710802119.7625751,-2.1582969029744468
1710802119.7626882,-2.2441066635979547
1710802119.7628012,-2.3285155826144748
1710802119.762914,-2.4143253432379828
1710802119.763027,-2.49768336613973
1710802119.76314,-2.581742074754503
1710802119.763253,-2.662648359934489
1710802119.7633657,-2.742504013909234
1710802119.7634788,-2.8199079301622176
1710802119.7635918,-2.895560794406467
1710802119.7637048,-2.967711024814182
1710802119.7638175,-3.0381099383036294
1710802119.7639306,-3.1060573789808483
1710802119.7640436,-3.1740048196580672
1710802119.7641566,-3.240551153818766
1710802119.7642694,-3.3053461710611978
1710802119.7643824,-3.3697912428114147
1710802119.7644954,-3.4317843119303384
1710802119.7646084,-3.4927267498440213
1710802119.7647212,-3.550867239634196
1710802119.7648342,-3.605505360497369
1710802119.7649472,-3.6573415332370334
1710802119.7650602,-3.707076178656684
1710802119.765173,-3.7547092967563205
1710802119.765286,-3.7998909420437283
1710802119.765399,-3.8443719016181097
1710802119.765512,-3.8874520195855036
1710802119.7656248,-3.929131031036377
1710802119.7657378,-3.969058725568983
1710802119.7658508,-4.006184736887614
1710802119.7659638,-4.041909641689724
1710802119.7660766,-4.074482123057048
1710802119.7661896,-4.104953606923421
1710802119.7663026,-4.132622877756755
1710802119.7664156,-4.158190621270074
1710802119.7665284,-4.180606206258138
1710802119.7666414,-4.203372001647949
1710802119.7667544,-4.224736955430773
1710802119.7668674,-4.244700802697076
1710802119.7669802,-4.263263808356391
1710802119.7670932,-4.280775917900933
1710802119.7672062,-4.296186765034993
1710802119.7673192,-4.30949608484904
1710802119.767432,-4.3193027708265515
1710802119.767545,-4.326307773590088
1710802119.767658,-4.33121124903361
1710802119.767771,-4.332962301042345
1710802119.7678838,-4.333662721845839
1710802119.7679968,-4.332612090640597
1710802119.7681098,-4.330160352918837
1710802119.7682228,-4.327708615197076
1710802119.7683356,-4.324206246270074
1710802119.7684486,-4.31825213962131
1710802119.7685616,-4.31054671605428
1710802119.7686746,-4.301090240478516
1710802119.7687874,-4.28778092066447
1710802119.7689004,-4.270969231923421
1710802119.7690134,-4.252406226264106
1710802119.7691264,-4.232442378997803
1710802119.7692392,-4.210026794009738
1710802119.7693522,-4.187961419423421
1710802119.7694652,-4.165195359124078
1710802119.7695782,-4.142779774136013
1710802119.769691,-4.118963347540961
1710802119.769804,-4.093045128716363
1710802119.769917,-4.065375857883029
1710802119.77003,-4.034204218122694
1710802119.7701428,-4.000931051042345
1710802119.7702558,-3.9645057254367404
1710802119.7703688,-3.927029503716363
1710802119.7704818,-3.8892030715942383
1710802119.7705946,-3.8492753770616317
1710802119.7707076,-3.8103983137342663
1710802119.7708206,-3.770820564693875
1710802119.7709336,-3.7308928701612682
1710802119.7710464,-3.6881629625956216
1710802119.7711594,-3.643331792619493
1710802119.7712724,-3.5953484641181097
1710802119.7713854,-3.544212712181939
1710802119.7714982,-3.49027501212226
1710802119.7716112,-3.4342360496520996
1710802119.7717242,-3.3767959806654186
1710802119.7718372,-3.319355911678738
1710802119.77195,-3.261215421888563
1710802119.772063,-3.2027247216966415
1710802119.772176,-3.142482704586453
1710802119.772289,-3.082240687476264
1710802119.7724018,-3.017795880635579
1710802119.7725148,-2.9519499672783747
1710802119.7726278,-2.884002791510688
1710802119.7727408,-2.813253402709961
1710802119.7728536,-2.741103172302246
1710802119.7729666,-2.667902045779758
1710802119.7730796,-2.594350708855523
1710802119.7731926,-2.519748740726047
1710802119.7733054,-2.4458474583095975
1710802119.7734184,-2.3691439628601074
1710802119.7735314,-2.2924404674106174
1710802119.7736444,-2.2129350238376193
1710802119.7737572,-2.1327291594611273
1710802119.7738702,-2.049020793702867
1710802119.7739832,-1.9642617967393663
1710802119.7740963,-1.877751482857598
1710802119.774209,-1.790540748172336
1710802119.774322,-1.7029796706305609
1710802119.774435,-1.614017751481798
1710802119.774548,-1.5247054894765217
1710802119.7746608,-1.4343424638112385
1710802119.7747738,-1.3425785965389676
1710802119.7748868,-1.2501140435536702
1710802119.7749999,-1.1565989918178983
1710802119.7751126,-1.061332556936476
1710802119.7752256,-0.9657159116533067
1710802119.7753386,-0.8686982923083835
1710802119.7754517,-0.7713304625617133
1710802119.7755644,-0.6729118691550361
1710802119.7756774,-0.5741430653466119
1710802119.7757905,-0.47397325436274207
1710802119.7759035,-0.37345319986343384
1710802119.7760162,-0.27363364895184833
1710802119.7761292,-0.17171262039078605
1710802119.7762423,-0.07049208713902368
1710802119.7763553,0.03143508194221391
1710802119.776468,0.1316244817442364
1710802119.776581,0.23321512672636244
1710802119.776694,0.33480577998691136
1710802119.776807,0.4356958137618171
1710802119.7769198,0.5376367767651876
1710802119.7770329,0.6392274300257365
1710802119.7771459,0.7422193553712633
1710802119.7772589,0.8431093560324775
1710802119.7773716,0.9439993566936916
1710802119.7774847,1.0424372222688463
1710802119.7775977,1.1405246787601047
1710802119.7777107,1.2354595131344266
1710802119.7778234,1.3321456644270155
1710802119.7779365,1.425679127375285
1710802119.7780495,1.519212590323554
1710802119.7781625,1.6127460532718234
1710802119.7782753,1.7062795162200928
1710802119.7783883,1.7984117401970756
1710802119.7785013,1.8891427252027724
1710802119.7786143,1.9788228140936956
1710802119.778727,2.0653499497307672
1710802119.77884,2.149424950281779
1710802119.778953,2.2320988443162704
1710802119.779066,2.3123203383551703
1710802119.7791789,2.391841411590576
1710802119.7792919,2.4706615342034235
1710802119.7794049,2.548781236012777
1710802119.779518,2.625850041707357
1710802119.7796307,2.702918847401937
1710802119.7797437,2.7785862816704645
1710802119.7798567,2.8514515029059515
1710802119.7799697,2.92221466700236
1710802119.7800825,2.9898248778449164
1710802119.7801955,3.0539321899414062
1710802119.7803085,3.1166381306118436
1710802119.7804215,3.1761911180284286
1710802119.7805343,3.23504368464152
1710802119.7806473,3.292494879828559
1710802119.7807603,3.349245654212104
1710802119.7808733,3.40389437145657
1710802119.780986,3.457141982184516
1710802119.781099,3.5079373253716364
1710802119.781212,3.554879029591878
1710802119.781325,3.599719206492106
1710802119.7814379,3.642457326253255
1710802119.781551,3.6813420719570584
1710802119.781664,3.7177745501200357
1710802119.781777,3.753506342569987
1710802119.7818897,3.7874865531921387
1710802119.7820027,3.82006565729777
1710802119.7821157,3.8526447614034014
1710802119.7822287,3.8827715979682074
1710802119.7823415,3.911497328016493
1710802119.7824545,3.938471476236979
1710802119.7825675,3.9622926712036133
1710802119.7826805,3.9826107025146484
1710802119.7827933,4.001177416907416
1710802119.7829063,4.017291598849826
1710802119.7830193,4.030603567759196
1710802119.7831323,4.043214850955539
1710802119.783245,4.053724341922336
1710802119.783358,4.06283246146308
1710802119.783471,4.071239895290798
1710802119.783584,4.079647329118517
1710802119.783697,4.084902074601915
1710802119.78381,4.088405238257514
1710802119.783923,4.0898063447740345
1710802119.784036,4.088755448659261
1710802119.7841487,4.084201388888888
1710802119.7842617,4.079297118716769
1710802119.7843747,4.072290791405572
1710802119.7844877,4.063883357577853
1710802119.7846005,4.055125448438856
1710802119.7847135,4.046367539299859
1710802119.7848265,4.0369092093573675
1710802119.7849395,4.025699297587077
1710802119.7850523,4.013088014390734
1710802119.7851653,3.9983749389648438
1710802119.7852783,3.979808224572076
1710802119.7853913,3.958789507548014
1710802119.785504,3.9346178372701006
1710802119.785617,3.907994164360894
1710802119.7857301,3.880319595336914
1710802119.7858431,3.8522945510016546
1710802119.785956,3.823218610551622
1710802119.786069,3.7955437766181097
1710802119.786182,3.766467836168077
1710802119.786295,3.735640313890245
1710802119.7864077,3.7037618954976397
1710802119.7865207,3.6683803134494357
1710802119.7866337,3.630546728769938
1710802119.7867467,3.5909612973531084
1710802119.7868595,3.5492740737067328
1710802119.7869725,3.506535953945584
1710802119.7870855,3.464498519897461
1710802119.7871985,3.4210597144232855
1710802119.7873113,3.3783215946621366
1710802119.7874243,3.334532578786214
1710802119.7875373,3.2900428771972656
1710802119.7876503,3.2427506976657443
1710802119.787763,3.192655775282118
1710802119.7878761,3.1404593255784774
1710802119.7879891,3.0854601330227323
1710802119.7881021,3.0280089378356934
1710802119.788215,2.969506846533881
1710802119.788328,2.911004490322537
1710802119.788441,2.8514515029059515
1710802119.788554,2.791898250579834
1710802119.7886667,2.7319947878519693
1710802119.7887797,2.6706902186075845
1710802119.7888927,2.6065829065110946
1710802119.7890058,2.5410744878980847
1710802119.7891185,2.472413116031223
1710802119.7892315,2.4009495311313205
1710802119.7893445,2.32703341378106
1710802119.7894576,2.2520666652255588
1710802119.7895703,2.176399098502265
1710802119.7896833,2.1000309785207114
1710802119.7897964,2.0233125156826444
1710802119.7899094,1.9444921281602647
1710802119.7900221,1.865671740637885
1710802119.7901351,1.7843992180294461
1710802119.7902482,1.70277648501926
1710802119.7903612,1.6173001130421956
1710802119.790474,1.5314735306633842
1710802119.790587,1.4431948131985135
1710802119.7907,1.3552663061353896
1710802119.790813,1.2659366925557454
1710802119.7909257,1.1759062608083088
1710802119.7910388,1.0858759615156386
1710802119.7911518,0.995145042737325
1710802119.7912648,0.9044140577316284
1710802119.7913775,0.8115812142690022
1710802119.7914906,0.718047751320733
1710802119.7916036,0.6234633260303073
1710802119.7917166,0.5281783474816216
1710802119.7918293,0.43044113450580174
1710802119.7919424,0.333404541015625
1710802119.7920554,0.23531700174013773
1710802119.7921684,0.13582823177178702
1710802119.7922812,0.036339457664224833
1710802119.7923942,-0.06383745206726922
1710802119.7925072,-0.1643575065665775
1710802119.7926202,-0.2652277880244785
1710802119.792733,-0.3664483295546638
1710802119.792846,-0.466968384053972
1710802119.792959,-0.5671381950378418
1710802119.793072,-0.66765824953715
1710802119.7931848,-0.7667772637473212
1710802119.7932978,-0.8669471078448825
1710802119.7934108,-0.9671168857150607
1710802119.7935238,-1.067636940214369
1710802119.7936366,-1.1685072051154242
1710802119.7937496,-1.2679764959547255
1710802119.7938626,-1.3670955763922796
1710802119.7939756,-1.46551423602634
1710802119.7940884,-1.5625317891438801
1710802119.7942014,-1.6574479473961723
1710802119.7943144,-1.7520138952467177
1710802119.7944274,-1.8444783157772489
1710802119.7945402,-1.936592525906033
1710802119.7946532,-2.028706603580051
1710802119.7947662,-2.1204706033070884
1710802119.7948792,-2.211534049775865
1710802119.794992,-2.3004961013793945
1710802119.795105,-2.3884073893229165
1710802119.795218,-2.4742171499464245
1710802119.795331,-2.5575751728481717
1710802119.7954438,-2.6381312476264105
1710802119.7955568,-2.7176366911994085
1710802119.7956698,-2.793989976247152
1710802119.7957828,-2.8706934716966415
1710802119.7958956,-2.9452954398261175
1710802119.7960086,-3.0202476183573403
1710802119.7961216,-3.0941491656833224
1710802119.7962346,-3.1662993960910373
1710802119.7963474,-3.238099416097005
1710802119.7964604,-3.3053461710611978
1710802119.7965734,-3.3715422948201494
1710802119.7966864,-3.4342360496520996
1710802119.7967992,-3.495178487565782
1710802119.7969122,-3.553669187757704
1710802119.7970252,-3.609708415137397
1710802119.7971382,-3.6650469568040633
1710802119.797251,-3.718283971150716
1710802119.797364,-3.770820564693875
1710802119.797477,-3.8212558958265515
1710802119.79759,-3.8699396451314287
1710802119.7977028,-3.9158217112223306
1710802119.7978158,-3.959252039591471
1710802119.7979288,-3.9988295237223306
1710802119.7980418,-4.036305745442708
1710802119.7981546,-4.069929122924805
1710802119.7982676,-4.102852079603407
1710802119.7983806,-4.132973088158502
1710802119.7984936,-4.161342779795329
1710802119.7986064,-4.188311629825168
1710802119.7987194,-4.215280479855007
1710802119.7988324,-4.239447116851807
1710802119.7989454,-4.262913597954644
1710802119.7990582,-4.283577866024441
1710802119.7991712,-4.301440450880262
1710802119.7992842,-4.316851033104791
1710802119.7993972,-4.329109721713595
1710802119.79951,-4.339266883002387
1710802119.799623,-4.347322252061632
1710802119.799736,-4.353626834021674
1710802119.799849,-4.358530309465197
1710802119.7999618,-4.3634335199991865
1710802119.8000748,-4.36693615383572
1710802119.8001878,-4.3697381019592285
1710802119.8003008,-4.370438522762722
1710802119.8004136,-4.367986785040961
1710802119.8005266,-4.362733099195692
1710802119.8006396,-4.354327254825168
1710802119.8007526,-4.34381988313463
1710802119.8008654,-4.330160352918837
1710802119.8009784,-4.3158004018995495
1710802119.8010914,-4.300039344363742
1710802119.8012044,-4.283577866024441
1710802119.8013172,-4.266415966881646
1710802119.8014302,-4.248553646935357
1710802119.8015432,-4.229640430874294
1710802119.8016562,-4.2072248458862305
1710802119.801769,-4.183408154381646
1710802119.801882,-4.15608909395006
1710802119.801995,-4.125968085394965
1710802119.802108,-4.09339533911811
1710802119.8022208,-4.059421751234266
1710802119.8023338,-4.024747477637397
1710802119.8024468,-3.989022572835286
1710802119.8025599,-3.9536481433444552
1710802119.8026726,-3.917573028140598
1710802119.8027856,-3.880797227223714
1710802119.8028986,-3.8419201638963485
1710802119.8030117,-3.799540731641981
1710802119.8031244,-3.7554099824693465
1710802119.8032374,-3.7074263890584307
1710802119.8033504,-3.65769174363878
1710802119.8034635,-3.606906467013889
1710802119.8035762,-3.554720083872477
1710802119.8036892,-3.5018332799275713
1710802119.8038023,-3.4489462110731335
1710802119.803915,-3.396409617529975
1710802119.804028,-3.341421286265055
1710802119.804141,-3.2853823237948947
1710802119.804254,-3.2265414132012262
1710802119.8043668,-3.1648982895745172
1710802119.8044798,-3.101504113939073
1710802119.8045928,-3.0349577797783747
1710802119.8047059,-2.9680612352159286
1710802119.8048186,-2.899063163333469
1710802119.8049316,-2.830415301852756
1710802119.8050447,-2.7607168091668024
1710802119.8051577,-2.6913685268825955
1710802119.8052704,-2.6195685068766275
1710802119.8053834,-2.5467175907558866
1710802119.8054965,-2.4714152018229165
1710802119.8056095,-2.3936610751681857
1710802119.8057222,-2.3141556315951877
1710802119.8058352,-2.2318482398986816
1710802119.8059483,-2.1484900845421686
1710802119.8060613,-2.0644315083821616
1710802119.806174,-1.9786217477586534
1710802119.806287,-1.8928119871351454
1710802119.8064,-1.8066518836551242
1710802119.806513,-1.7190909385681152
1710802119.8066258,-1.629078123304579
1710802119.8067389,-1.5387152300940619
1710802119.8068519,-1.4466010199652777
1710802119.8069649,-1.3537863890329997
1710802119.8070776,-1.2581696775224473
1710802119.8071907,-1.1629033088684082
1710802119.8073037,-1.066235966152615
1710802119.8074167,-0.9695686234368218
1710802119.8075294,-0.8718505170610216
1710802119.8076425,-0.7741324106852213
1710802119.8077555,-0.6757138172785441
1710802119.8078685,-0.5769450134701198
1710802119.8079813,-0.47782593303256565
1710802119.8080943,-0.37835660907957286
1710802119.8082073,-0.2799380487865872
1710802119.8083203,-0.17976823780271742
1710802119.808433,-0.08029892212814754
1710802119.808546,0.019524453414811026
1710802119.808659,0.11971385114722781
1710802119.808772,0.22025356690088907
1710802119.8088849,0.3200926383336385
1710802119.8089979,0.42098267210854423
1710802119.8091109,0.5225733253690932
1710802119.809224,0.622062087059021
1710802119.8093367,0.7215508487489488
1710802119.8094497,0.8199887143241035
1710802119.8095627,0.9173756175571017
1710802119.8096757,1.0144121779335868
1710802119.8097885,1.110748185051812
1710802119.8099015,1.2070841259426541
1710802119.8100145,1.3030697239769828
1710802119.8101275,1.399405797322591
1710802119.8102403,1.4946907096438937
1710802119.8103533,1.5889248583051894
1710802119.8104663,1.6814074251386855
1710802119.8105793,1.7714377244313557
1710802119.810692,1.8590158886379666
1710802119.810805,1.945893367131551
1710802119.810918,2.0292678144243026
1710802119.811031,2.1129924721188016
1710802119.8111439,2.195666233698527
1710802119.811257,2.2786903381347656
1710802119.81137,2.3596125178866916
1710802119.811483,2.4401844872368708
1710802119.8115957,2.519355085160997
1710802119.8117087,2.595372994740804
1710802119.8118217,2.669288847181532
1710802119.8119347,2.7400520112779403
1710802119.8120475,2.8087133831448026
1710802119.8121605,2.8745720121595593
1710802119.8122735,2.9393800099690757
1710802119.8123865,3.0024361610412598
1710802119.8124993,3.06479189130995
1710802119.8126123,3.125746250152588
1710802119.8127253,3.184949027167426
1710802119.8128383,3.242400222354465
1710802119.812951,3.2973994149102106
1710802119.813064,3.3495958646138506
1710802119.813177,3.398990101284451
1710802119.81329,3.445931805504693
1710802119.813403,3.4897210862901473
1710802119.813516,3.5331596268547907
1710802119.813629,3.5744966400994196
1710802119.813742,3.615833388434516
1710802119.8138547,3.6557690302530923
1710802119.8139677,3.6957046720716686
1710802119.8140807,3.7328378359476724
1710802119.8141937,3.768219417995877
1710802119.8143065,3.801499207814534
1710802119.8144195,3.83162604437934
1710802119.8145325,3.858950403001573
1710802119.8146455,3.8838224940829806
1710802119.8147583,3.9058923721313477
1710802119.8148713,3.926210403442383
1710802119.8149843,3.9454775386386447
1710802119.8150973,3.96264288160536
1710802119.81521,3.9794580141703286
1710802119.815323,3.9938208791944714
1710802119.8154361,4.008183479309082
1710802119.8155491,4.019393655988905
1710802119.815662,4.0295526716444225
1710802119.815775,4.035858313242595
1710802119.815888,4.040062162611219
1710802119.816001,4.042163954840766
1710802119.8161137,4.040762583414714
1710802119.8162267,4.039361476898193
1710802119.8163397,4.0369092093573675
1710802119.8164527,4.033055835300021
1710802119.8165655,4.0288519859313965
1710802119.8166785,4.023247030046251
1710802119.8167915,4.018342759874132
1710802119.8169045,4.010285536448161
1710802119.8170173,4.00047673119439
1710802119.8171303,3.9864640765719943
1710802119.8172433,3.9710505803426104
1710802119.8173563,3.955286343892415
1710802119.8174691,3.936019208696153
1710802119.8175821,3.9160513877868652
1710802119.8176951,3.896433777279324
1710802119.8178082,3.8775171173943415
1710802119.817921,3.857549296485053
1710802119.818034,3.8365303145514593
1710802119.818147,3.8134098052978516
1710802119.81826,3.7895886103312173
1710802119.8183727,3.7601621945699053
1710802119.8184857,3.7293346722920733
1710802119.8185987,3.6957046720716686
1710802119.8187118,3.6596226692199707
1710802119.8188245,3.6245912975735135
1710802119.8189375,3.5874581336975098
1710802119.8190506,3.5506754451327853
1710802119.8191636,3.5142429669698076
1710802119.8192763,3.4760586420694985
1710802119.8193893,3.4368236859639483
1710802119.8195024,3.394786251915826
1710802119.8196154,3.350646760728624
1710802119.8197281,3.303004370795356
1710802119.8198411,3.2532599237230087
1710802119.8199542,3.203515476650662
1710802119.8200672,3.1523699230617948
1710802119.82018,3.099822998046875
1710802119.820293,3.0476265483432345
1710802119.820406,2.996130519443088
1710802119.820519,2.9421824879116483
1710802119.8206317,2.8871832953559027
1710802119.8207448,2.8304327858818903
1710802119.8208578,2.7712297439575195
1710802119.8209708,2.7078233824835882
1710802119.8210835,2.6433658599853516
1710802119.8211966,2.576456069946289
1710802119.8213096,2.5088455941942
1710802119.8214226,2.4405346976386175
1710802119.8215353,2.3715231153700085
1710802119.8216484,2.3025115331014
1710802119.8217614,2.2320988443162704
1710802119.8218744,2.160634994506836
1710802119.8219872,2.0867190096113415
1710802119.8221002,2.011401785744561
1710802119.8222132,1.9336324267917209
1710802119.8223262,1.8544618288675943
1710802119.822439,1.7738898595174153
1710802119.822552,1.691916783650716
1710802119.822665,1.6092430220709906
1710802119.822778,1.526218917634752
1710802119.8228908,1.441793574227227
1710802119.8230038,1.357017887963189
1710802119.8231168,1.2704907523261175
1710802119.8232298,1.1832629309760199
1710802119.8233426,1.0921816031138103
1710802119.8234556,1.0011003414789836
1710802119.8235686,0.9082674980163574
1710802119.8236816,0.8147340350680881
1710802119.8237944,0.7194489902920193
1710802119.8239074,0.6238136688868204
1710802119.8240204,0.5278280046251085
1710802119.8241334,0.43044113450580174
1710802119.8242462,0.33410516050126815
1710802119.8243592,0.23671825726826984
1710802119.8244722,0.13898104429244995
1710802119.8245852,0.040893521573808454
1710802119.824698,-0.05683257348007626
1710802119.824811,-0.1549009150928921
1710802119.824924,-0.2529692484272851
1710802119.825037,-0.35138782527711654
1710802119.8251498,-0.4498064186837938
1710802119.8252628,-0.5485752556059096
1710802119.8253758,-0.6469938490125868
1710802119.8254888,-0.7464631398518881
1710802119.8256016,-0.8448817332585652
1710802119.8257146,-0.9436505370669894
1710802119.8258276,-1.0417188538445366
1710802119.8259406,-1.139787170622084
1710802119.8260534,-1.235403882132636
1710802119.8261664,-1.3317210144466824
1710802119.8262794,-1.4273375935024686
1710802119.8263924,-1.5233045154147677
1710802119.8265052,-1.618570884068807
1710802119.8266182,-1.714888016382853
1710802119.8267312,-1.8094538317786322
1710802119.8268442,-1.9033192263709173
1710802119.826957,-1.9968344105614555
1710802119.82707,-2.087897857030233
1710802119.827183,-2.177560329437256
1710802119.827296,-2.265121406979031
1710802119.8274088,-2.350931167602539
1710802119.8275218,-2.4363907178243003
1710802119.8276348,-2.520098951127794
1710802119.8277478,-2.6038074493408203
1710802119.8278606,-2.6868152618408203
1710802119.8279736,-2.7684222327338324
1710802119.8280866,-2.8486280971103244
1710802119.8281996,-2.927082644568549
1710802119.8283124,-3.003435929616292
1710802119.8284254,-3.076286580827501
1710802119.8285384,-3.147386180029975
1710802119.8286514,-3.214632934994168
1710802119.8287642,-3.2815297444661455
1710802119.8288772,-3.3459745513068304
1710802119.8289902,-3.4107698334587946
1710802119.8291032,-3.472762902577718
1710802119.829216,-3.534756236606174
1710802119.829329,-3.5939473576015897
1710802119.829442,-3.6517376369900174
1710802119.829555,-3.706725968254937
1710802119.8296678,-3.7596127721998425
1710802119.8297808,-3.8082967864142523
1710802119.8298938,-3.8562801149156356
1710802119.8300068,-3.9007610744900174
1710802119.8301196,-3.943490982055664
1710802119.8302326,-3.9858704143100314
1710802119.8303456,-4.025097952948676
1710802119.8304586,-4.064325226677789
1710802119.8305714,-4.101801183488634
1710802119.8306844,-4.137175877888997
1710802119.8307974,-4.170449044969347
1710802119.8309104,-4.201270474327935
1710802119.8310232,-4.2292902204725475
1710802119.8311362,-4.254157543182373
1710802119.8312492,-4.275872707366943
1710802119.8313622,-4.296186765034993
1710802119.831475,-4.312998453776042
1710802119.831588,-4.329459932115343
1710802119.831701,-4.344520303938124
1710802119.831814,-4.358530309465197
1710802119.8319268,-4.3711389435662165
1710802119.8320398,-4.381646315256755
1710802119.8321528,-4.389701949225532
1710802119.8322659,-4.396006266276042
1710802119.8323786,-4.397757583194308
1710802119.8324916,-4.397056897481282
1710802119.8326046,-4.394605424669054
1710802119.8327177,-4.389001528422038
1710802119.8328304,-4.382346736060248
1710802119.8329434,-4.374291102091472
1710802119.8330564,-4.366235468122694
1710802119.8331695,-4.357479413350423
1710802119.8332822,-4.3469720416598845
1710802119.8333952,-4.335063828362359
1710802119.8335083,-4.320703877343072
1710802119.8336213,-4.30284129248725
1710802119.833734,-4.282877445220947
1710802119.833847,-4.260111649831136
1710802119.83396,-4.2341934310065374
1710802119.834073,-4.207925266689724
1710802119.8341858,-4.181306627061632
1710802119.8342988,-4.153987566630046
1710802119.8344119,-4.127369191911486
1710802119.8345249,-4.098649024963379
1710802119.8346376,-4.068878226810031
1710802119.8347507,-4.035955270131429
1710802119.8348637,-4.000580840640597
1710802119.8349767,-3.962053987714979
1710802119.8350894,-3.9214256074693465
1710802119.8352025,-3.877995279100206
1710802119.8353155,-3.8335143195258246
1710802119.8354285,-3.787982728746202
1710802119.8355412,-3.7428010834587946
1710802119.8356543,-3.6969190173678927
1710802119.8357673,-3.64998632007175
1710802119.8358803,-3.6016527811686196
1710802119.835993,-3.550867239634196
1710802119.836106,-3.4969298044840493
1710802119.836219,-3.4391395250956216
1710802119.836332,-3.380298614501953
1710802119.8364449,-3.31795507007175
1710802119.8365579,-3.2545608944363065
1710802119.8366709,-3.1901160875956216
1710802119.836784,-3.1256710158454046
1710802119.8368967,-3.060875998602973
1710802119.8370097,-2.996781137254503
1710802119.8371227,-2.9281335406833224
1710802119.8372357,-2.8594856792026095
1710802119.8373485,-2.7880358695983887
1710802119.8374615,-2.7151849534776473
1710802119.8375745,-2.6391821437411838
1710802119.8376875,-2.5607273313734265
1710802119.8378003,-2.483323415120443
1710802119.8379133,-2.403117550743951
1710802119.8380263,-2.323612107170953
1710802119.8381393,-2.242705821990967
1710802119.838252,-2.1617994043562145
1710802119.838365,-2.0777408281962075
1710802119.838478,-1.9936822520362005
1710802119.838591,-1.9068217277526855
1710802119.8387039,-1.8185602294074164
1710802119.838817,-1.7274967829386392
1710802119.83893,-1.6360831260681152
1710802119.839043,-1.5418673886193168
1710802119.8391557,-1.4480019940270317
1710802119.8392687,-1.3523854149712455
1710802119.8393817,-1.2574692567189534
1710802119.8394947,-1.1604515711466472
1710802119.8396075,-1.063083741399977
1710802119.8397205,-0.9646652142206827
1710802119.8398335,-0.8658963441848755
1710802119.8399465,-0.7653762896855671
1710802119.8400593,-0.665206511815389
1710802119.8401723,-0.5636357598834567
1710802119.8402853,-0.4617146982087029
1710802119.8403983,-0.35944345924589366
1710802119.840511,-0.2561214400662316
1710802119.840624,-0.15244919392797682
1710802119.840737,-0.04877696020735635
1710802119.84085,0.05595696055226856
1710802119.840963,0.1599997944302029
1710802119.841076,0.2633420129617055
1710802119.841189,0.3656333022647434
1710802119.841302,0.46792457501093543
1710802119.8414147,0.5695152282714844
1710802119.8415277,0.6700549523035685
1710802119.8416407,0.7705946101082696
1710802119.8417537,0.8711343341403537
1710802119.8418665,0.9713237815433078
1710802119.8419795,1.0711628198623657
1710802119.8420925,1.1699509620666504
1710802119.8422055,1.2673379315270317
1710802119.8423183,1.3633235295613606
1710802119.8424313,1.4579078886244032
1710802119.8425443,1.5503904554578993
1710802119.8426573,1.641471783320109
1710802119.84277,1.7318524254692924
1710802119.842883,1.8215323819054496
1710802119.8429961,1.9108621279398599
1710802119.8431091,2.00089242723253
1710802119.843222,2.0888209342956543
1710802119.843335,2.176749308904012
1710802119.843448,2.262575891282823
1710802119.843561,2.3466510242886014
1710802119.8436737,2.42722299363878
1710802119.8437867,2.504992220136854
1710802119.8438997,2.581360340118408
1710802119.8440127,2.6559768782721624
1710802119.8441255,2.7295425203111434
1710802119.8442385,2.802407741546631
1710802119.8443515,2.873521116044786
1710802119.8444645,2.9446344905429416
1710802119.8445773,3.0143467585245767
1710802119.8446903,3.080555862850613
1710802119.8448033,3.1443126996358233
1710802119.8449163,3.2045666376749673
1710802119.845029,3.2630687289767795
1710802119.8451421,3.3177174462212458
1710802119.8452551,3.369563685523139
1710802119.845368,3.419308132595486
1710802119.845481,3.4680016835530596
1710802119.845594,3.515293863084581
1710802119.845707,3.5611846711900497
1710802119.8458197,3.6049736870659723
1710802119.8459327,3.646660910712348
1710802119.8460457,3.685545656416151
1710802119.8461587,3.722678820292155
1710802119.8462715,3.757009506225586
1710802119.8463845,3.787837028503418
1710802119.8464975,3.8169129689534502
1710802119.8466105,3.843536641862657
1710802119.8467233,3.86945989396837
1710802119.8468363,3.8939817746480303
1710802119.8469493,3.9192040761311846
1710802119.8470623,3.941624164581299
1710802119.8471751,3.9636937777201333
1710802119.8472881,3.9829611778259277
1710802119.8474011,4.001177416907416
1710802119.8475142,4.015890492333306
1710802119.847627,4.027801089816623
1710802119.84774,4.037259419759114
1710802119.847853,4.043214850955539
1710802119.847966,4.048819806840685
1710802119.8480787,4.051972760094537
1710802119.8481917,4.055125448438856
1710802119.8483047,4.056526819864909
1710802119.8484178,4.057227240668403
1710802119.8485305,4.056526819864909
1710802119.8486435,4.055125448438856
1710802119.8487566,4.050221178266737
1710802119.8488696,4.042864640553792
1710802119.8489823,4.033406045701769
1710802119.8490953,4.0214954482184515
1710802119.8492084,4.007483058505588
1710802119.8493214,3.992769718170166
1710802119.8494341,3.97735595703125
1710802119.8495471,3.9622926712036133
1710802119.8496602,3.9461782243516708
1710802119.8497732,3.930414252811008
1710802119.849886,3.9128984345330133
1710802119.849999,3.892580403221978
1710802119.850112,3.8705107900831432
1710802119.850225,3.8449380132887097
1710802119.8503377,3.8176136546664767
1710802119.8504508,3.7871363427903915
1710802119.8505638,3.7563088205125594
1710802119.8506768,3.723729716406928
1710802119.8507895,3.6918512980143228
1710802119.8509026,3.658921983506944
1710802119.8510156,3.627043565114339
1710802119.8511286,3.592712879180908
1710802119.8512414,3.557681507534451
1710802119.8513544,3.5201981332567
1710802119.8514674,3.4795618057250977
1710802119.8515804,3.4375243716769748
1710802119.8516932,3.3916332986619735
1710802119.8518062,3.3457424905565047
1710802119.8519192,3.29915099673801
1710802119.8520322,3.2518588172064886
1710802119.852145,3.2052670584784613
1710802119.852258,3.157274193233914
1710802119.852371,3.1096318033006454
1710802119.852484,3.058486249711778
1710802119.8525968,3.0059393246968584
1710802119.8527098,2.949188550313314
1710802119.8528228,2.8903362486097546
1710802119.8529358,2.8293816248575845
1710802119.8530486,2.7670261594984265
1710802119.8531616,2.7032693227132163
1710802119.8532746,2.6391620106167264
1710802119.8533876,2.575405173831516
1710802119.8535004,2.510947651333279
1710802119.8536134,2.44508875740899
1710802119.8537264,2.37782875696818
1710802119.8538394,2.3084669642978244
1710802119.8539522,2.2366529040866427
1710802119.8540652,2.1627369191911483
1710802119.8541782,2.087069352467855
1710802119.8542912,2.010350889629788
1710802119.854404,1.9318808449639213
1710802119.854517,1.853060589896308
1710802119.85463,1.7749408880869546
1710802119.854743,1.694719261593289
1710802119.8548558,1.614497635099623
1710802119.8549688,1.5335754553476968
1710802119.8550818,1.4498507976531982
1710802119.8551948,1.364724768532647
1710802119.8553076,1.2781976328955755
1710802119.8554206,1.1902691258324516
1710802119.8555336,1.1009394460254245
1710802119.8556466,1.0116096999910142
1710802119.8557594,0.9212290578418307
1710802119.8558724,0.8308484156926472
1710802119.8559854,0.7390665345721774
1710802119.8560984,0.6462336911095513
1710802119.8562112,0.5537511573897468
1710802119.8563242,0.46056800418429905
1710802119.8564372,0.3652829925219218
1710802119.8565502,0.27034827404552036
1710802119.856663,0.1740123000409868
1710802119.856776,0.07732603285047743
1710802119.856889,-0.019006213794151943
1710802119.857002,-0.11672430568271212
1710802119.8571148,-0.2144423955016666
1710802119.8572278,-0.31321121586693657
1710802119.8573408,-0.4126805398199293
1710802119.8574538,-0.5103986461957296
1710802119.8575666,-0.6084669960869683
1710802119.8576796,-0.7061850362353854
1710802119.8577926,-0.8035529322094387
1710802119.8579056,-0.8995197878943549
1710802119.8580184,-0.9968876176410251
1710802119.8581314,-1.0928545395533245
1710802119.8582444,-1.1888213952382405
1710802119.8583574,-1.2854887379540336
1710802119.8584702,-1.3811053170098198
1710802119.8585832,-1.4774224493238661
1710802119.8586962,-1.5716381867726643
1710802119.8588092,-1.6658537917666965
1710802119.858922,-1.7576177914937336
1710802119.859035,-1.8483310275607638
1710802119.859148,-1.9362421830495198
1710802119.859261,-2.024153470993042
1710802119.8593738,-2.111364205678304
1710802119.8594868,-2.197524309158325
1710802119.8595998,-2.28298372692532
1710802119.8597128,-2.3691439628601074
1710802119.8598256,-2.452501985761854
1710802119.8599386,-2.536210219065348
1710802119.8600516,-2.6171167691548667
1710802119.8601646,-2.6955713166130915
1710802119.8602774,-2.7719246016608343
1710802119.8603904,-2.847577200995551
1710802119.8605034,-2.9204281171162925
1710802119.8606164,-2.9925783475240073
1710802119.8607292,-3.063327736324734
1710802119.8608422,-3.133726649814182
1710802119.8609552,-3.2027247216966415
1710802119.8610682,-3.2717227935791016
1710802119.861181,-3.3382691277398004
1710802119.861294,-3.40236398908827
1710802119.861407,-3.464707268608941
1710802119.86152,-3.5235484441121416
1710802119.8616328,-3.5795874065823026
1710802119.8617458,-3.6338753170437283
1710802119.8618588,-3.685010804070367
1710802119.8619719,-3.735095659891764
1710802119.8620846,-3.78307925330268
1710802119.8621976,-3.829661740197076
1710802119.8623106,-3.875193330976698
1710802119.8624237,-3.9189738697475858
1710802119.8625364,-3.960652881198459
1710802119.8626494,-3.998479313320584
1710802119.8627625,-4.035254849327935
1710802119.8628755,-4.0681778060065374
1710802119.8629882,-4.099349445766872
1710802119.8631012,-4.127369191911486
1710802119.8632143,-4.153987566630046
1710802119.8633273,-4.178504678938124
1710802119.86344,-4.2030217912462025
1710802119.863553,-4.224736955430773
1710802119.863666,-4.246452119615343
1710802119.863779,-4.266065756479899
1710802119.8638918,-4.284278551737468
1710802119.8640049,-4.299689133961995
1710802119.8641179,-4.3122980329725475
1710802119.8642309,-4.3214042981465655
1710802119.8643436,-4.32981014251709
1710802119.8644567,-4.334713617960612
1710802119.8645697,-4.338215986887614
1710802119.8646827,-4.340317514207628
1710802119.8647954,-4.341718355814616
1710802119.8649085,-4.3420688311258955
1710802119.8650215,-4.3413681454128685
1710802119.8651345,-4.339266883002387
1710802119.8652472,-4.334713617960612
1710802119.8653603,-4.327008194393581
1710802119.8654733,-4.316500822703044
1710802119.8655863,-4.303892188602023
1710802119.865699,-4.287430710262722
1710802119.865812,-4.270268546210395
1710802119.865925,-4.250654909345839
1710802119.866038,-4.232092168596056
1710802119.8661509,-4.211427635616726
1710802119.8662639,-4.19181399875217
1710802119.8663769,-4.170098834567599
1710802119.86649,-4.146632618374294
1710802119.8666027,-4.1200139787462025
1710802119.8667157,-4.091294076707628
1710802119.8668287,-4.058721330430773
1710802119.8669417,-4.024747477637397
1710802119.8670545,-3.9886723624335394
1710802119.8671675,-3.951896826426188
1710802119.8672805,-3.9144206047058105
1710802119.8673935,-3.8765944374932184
1710802119.8675063,-3.8387680053710938
1710802119.8676193,-3.7998909420437283
1710802119.8677323,-3.7592625617980957
1710802119.8678453,-3.716182443830702
1710802119.867958,-3.6696002218458386
1710802119.868071,-3.621266418033176
1710802119.868184,-3.5694302452935114
1710802119.868297,-3.5168936517503524
1710802119.8684099,-3.46225553088718
1710802119.868523,-3.40866830613878
1710802119.868636,-3.3536799748738604
1710802119.868749,-3.298691643608941
1710802119.8688617,-3.24265268113878
1710802119.8689747,-3.1841617160373263
1710802119.8690877,-3.1235694885253906
1710802119.8692007,-3.0605257882012262
1710802119.8693135,-2.993278768327501
1710802119.8694265,-2.924981117248535
1710802119.8695395,-2.8538817829555936
1710802119.8696525,-2.7813810772365994
1710802119.8697653,-2.7078300052218967
1710802119.8698783,-2.6342786682976618
1710802119.8699913,-2.559326489766439
1710802119.8701043,-2.4840238359239364
1710802119.870217,-2.4062697092692056
1710802119.87033,-2.3271144760979547
1710802119.870443,-2.2458579805162215
1710802119.870556,-2.1624999576144748
1710802119.870669,-2.0773906177944608
1710802119.870782,-1.9901797506544325
1710802119.870895,-1.9029690159691703
1710802119.871008,-1.8147075176239014
1710802119.8711207,-1.7260958088768852
1710802119.8712337,-1.6367835468716092
1710802119.8713467,-1.546770864062839
1710802119.8714597,-1.4550068643358018
1710802119.8715725,-1.3621922334035237
1710802119.8716855,-1.2679764959547255
1710802119.8717985,-1.1723599168989394
1710802119.8719115,-1.07674327161577
1710802119.8720243,-0.9793754418690999
1710802119.8721373,-0.8813071250915527
1710802119.8722503,-0.7825382550557454
1710802119.8723633,-0.6841196616490682
1710802119.872476,-0.583599673377143
1710802119.872589,-0.48342982927958167
1710802119.8727021,-0.38326005140940345
1710802119.8728151,-0.2820395098792182
1710802119.872928,-0.1804687248335944
1710802119.873041,-0.07994867861270905
1710802119.873154,0.020575390921698675
1710802119.873267,0.12321698168913522
1710802119.8733797,0.22445731692843968
1710802119.8734927,0.32709889941745335
1710802119.8736057,0.4290398624208238
1710802119.8737187,0.5323820975091722
1710802119.8738315,0.6357242663701376
1710802119.8739445,0.7397671540578207
1710802119.8740575,0.8420583936903212
1710802119.8741705,0.9432987372080485
1710802119.8742833,1.0424372222688463
1710802119.8743963,1.141575707329644
1710802119.8745093,1.2393128871917725
1710802119.8746223,1.3359991709391277
1710802119.874735,1.4319847689734564
1710802119.8748481,1.5290213955773246
1710802119.8749611,1.6246567832099066
1710802119.8750741,1.7195914851294622
1710802119.875187,1.8127746052212186
1710802119.8753,1.9049068291982014
1710802119.875413,1.9935358895195854
1710802119.875526,2.0807637108696833
1710802119.8756387,2.1658897399902344
1710802119.8757517,2.248913711971707
1710802119.8758647,2.3312372631496854
1710802119.8759778,2.411108546786838
1710802119.8760905,2.492380936940511
1710802119.8762035,2.572602695888943
1710802119.8763165,2.6510726081000433
1710802119.8764296,2.7274407280815973
1710802119.8765423,2.802407741546631
1710802119.8766553,2.873521116044786
1710802119.8767684,2.9428829087151422
1710802119.8768814,3.0090920130411782
1710802119.8769941,3.072848849826389
1710802119.8771071,3.135204580095079
1710802119.8772202,3.194757832421197
1710802119.8773332,3.253960609436035
1710802119.877446,3.3117622799343533
1710802119.877559,3.369563685523139
1710802119.877672,3.4242124027676053
1710802119.877785,3.476409117380778
1710802119.8778977,3.526853985256619
1710802119.8780107,3.573795954386393
1710802119.8781238,3.6168845494588213
1710802119.8782368,3.658571508195665
1710802119.8783495,3.6978067292107477
1710802119.8784626,3.734939893086751
1710802119.8785756,3.7717225816514754
1710802119.8786886,3.8067539532979326
1710802119.8788013,3.8407341639200845
1710802119.8789144,3.872262371910943
1710802119.8790274,3.903440104590522
1710802119.8791404,3.9314651489257812
1710802119.8792531,3.9573881361219616
1710802119.8793662,3.9777064323425293
1710802119.8794792,3.9980244636535645
1710802119.8795922,4.013088014390734
1710802119.879705,4.027450879414876
1710802119.879818,4.040412373012966
1710802119.879931,4.050921599070231
1710802119.880044,4.060029718610975
1710802119.8801568,4.069138103061252
1710802119.8802698,4.077195061577691
1710802119.8803828,4.0824498070610895
1710802119.8804958,4.087354342142741
1710802119.8806086,4.088755448659261
1710802119.8807216,4.088755448659261
1710802119.8808346,4.085252285003662
1710802119.8809476,4.079997539520264
1710802119.8810604,4.074743058946398
1710802119.8811734,4.0670360459221735
1710802119.8812864,4.0596795082092285
1710802119.8813994,4.051972760094537
1710802119.8815122,4.042864640553792
1710802119.8816252,4.033406045701769
1710802119.8817382,4.0214954482184515
1710802119.8818512,4.007483058505588
1710802119.881964,3.9903177155388727
1710802119.882077,3.9696492089165583
1710802119.88219,3.9479298061794705
1710802119.882303,3.92340792549981
1710802119.8824158,3.8981853591071234
1710802119.8825288,3.87261258231269
1710802119.8826418,3.8477404912312823
1710802119.8827548,3.8211165534125433
1710802119.8828676,3.7944928805033364
1710802119.8829806,3.7671685218811035
1710802119.8830936,3.7359907892015243
1710802119.8832066,3.7030612097846136
1710802119.8833194,3.666278521219889
1710802119.8834324,3.627743985917833
1710802119.8835454,3.5853563414679632
1710802119.8836584,3.5433189074198403
1710802119.8837712,3.500230312347412
1710802119.8838842,3.4567915068732367
1710802119.8839972,3.4140533871120877
1710802119.8841102,3.369563685523139
1710802119.884223,3.3236728774176703
1710802119.884336,3.276380697886149
1710802119.884449,3.2262857755025225
1710802119.884562,3.1737391153971353
1710802119.8846748,3.1180392371283636
1710802119.8847878,3.061638938056098
1710802119.8849008,3.004187742869059
1710802119.8850138,2.945685386657715
1710802119.8851266,2.888234191470676
1710802119.8852396,2.829732100168864
1710802119.8853526,2.7712297439575195
1710802119.8854656,2.711676756540934
1710802119.8855784,2.649321026272244
1710802119.8856914,2.5848635037740073
1710802119.8858044,2.518304189046224
1710802119.8859174,2.448241710662842
1710802119.8860302,2.37642765045166
1710802119.8861432,2.303212218814426
1710802119.8862562,2.2285956806606717
1710802119.886369,2.153628799650404
1710802119.886482,2.0786617861853705
1710802119.886595,2.002994351916843
1710802119.886708,1.9255752033657498
1710802119.8868208,1.845703919728597
1710802119.8869338,1.765132082833184
1710802119.8870468,1.6814074251386855
1710802119.8871598,1.5962813960181341
1710802119.8872726,1.5094039175245497
1710802119.8873856,1.4218257533179388
1710802119.8874986,1.3338972462548149
1710802119.8876116,1.245268185933431
1710802119.8877244,1.1548875437842474
1710802119.8878374,1.0652075211207073
1710802119.8879504,0.9741262594858805
1710802119.8880634,0.8812934160232544
1710802119.8881762,0.7881102959314982
1710802119.8882892,0.6938762134975857
1710802119.8884022,0.598941445350647
1710802119.8885152,0.5029558142026266
1710802119.888628,0.40591925382614136
1710802119.888741,0.3088826603359646
1710802119.888854,0.2111454473601447
1710802119.888967,0.11270759834183587
1710802119.8890798,0.014269764845569927
1710802119.8891928,-0.08450185259183247
1710802119.8893058,-0.18327067295710245
1710802119.8894188,-0.2827399969100952
1710802119.8895316,-0.38115859031677246
1710802119.8896446,-0.47922690709431964
1710802119.8897576,-0.577645500500997
1710802119.8898706,-0.6760640939076742
1710802119.8899834,-0.7741324106852213
1710802119.8900964,-0.8729012144936455
1710802119.8902094,-0.9720202949311998
1710802119.8903224,-1.0707891649670072
1710802119.8904352,-1.1692077583736844
1710802119.8905482,-1.2672760751512315
1710802119.8906612,-1.3639434178670247
1710802119.8907743,-1.4606107605828178
1710802119.890887,-1.5551767084333632
1710802119.891,-1.649742523829142
1710802119.891113,-1.7422070768144395
1710802119.891226,-1.8353719181484647
1710802119.8913388,-1.9274861282772489
1710802119.8914518,-2.019600338406033
1710802119.8915648,-2.111364205678304
1710802119.8916779,-2.202427652147081
1710802119.8917906,-2.2903389400906033
1710802119.8919036,-2.3782502280341253
1710802119.8920166,-2.4626591470506454
1710802119.8921297,-2.544966538747152
1710802119.8922424,-2.624821927812364
1710802119.8923554,-2.7032767401801214
1710802119.8924685,-2.7810308668348522
1710802119.8925815,-2.8566837310791016
1710802119.8926942,-2.9323363304138184
1710802119.8928072,-3.006588088141547
1710802119.8929203,-3.078037897745768
1710802119.8930333,-3.149837917751736
1710802119.893146,-3.217785358428955
1710802119.893259,-3.2839814821879068
1710802119.893372,-3.3473756578233504
1710802119.893485,-3.4083180957370334
1710802119.8935978,-3.466458585527208
1710802119.8937109,-3.5242488649156356
1710802119.8938239,-3.5806380377875433
1710802119.8939369,-3.635276158650716
1710802119.8940496,-3.6895640691121416
1710802119.8941627,-3.74069955613878
1710802119.8942757,-3.791835308074951
1710802119.8943887,-3.8398186365763345
1710802119.8945014,-3.8864011234707303
1710802119.8946145,-3.9284303453233504
1710802119.8947275,-3.9680080943637424
1710802119.8948405,-4.004783630371094
1710802119.8949533,-4.03980811436971
1710802119.8950663,-4.072731071048312
1710802119.8951793,-4.104603131612142
1710802119.8952923,-4.13437392976549
1710802119.895405,-4.163094096713595
1710802119.895518,-4.190413157145183
1710802119.895631,-4.215980900658502
1710802119.895744,-4.238746696048312
1710802119.8958569,-4.259060753716363
1710802119.8959699,-4.275872707366943
1710802119.8960829,-4.289882447984484
1710802119.896196,-4.301790661282009
1710802119.8963087,-4.310896926456027
1710802119.8964217,-4.318602350023058
1710802119.8965347,-4.3256073527865935
1710802119.8966477,-4.33121124903361
1710802119.8967605,-4.336114459567599
1710802119.8968735,-4.339967303805881
1710802119.8969865,-4.3413681454128685
1710802119.8970995,-4.3413681454128685
1710802119.8972123,-4.337865776485867
1710802119.8973253,-4.331911669837104
1710802119.8974383,-4.323155615064833
1710802119.8975513,-4.312998453776042
1710802119.897664,-4.30038955476549
1710802119.897777,-4.28883155186971
1710802119.89789,-4.275522232055664
1710802119.898003,-4.262563387552897
1710802119.8981159,-4.248203171624078
1710802119.898229,-4.232092168596056
1710802119.898342,-4.213879373338488
1710802119.898455,-4.1939155260721845
1710802119.8985677,-4.170098834567599
1710802119.8986807,-4.142429563734266
1710802119.8987937,-4.114059872097439
1710802119.8989067,-4.083938863542345
1710802119.8990195,-4.053117434183757
1710802119.8991325,-4.021245108710395
1710802119.8992455,-3.9897232585483127
1710802119.8993585,-3.95680030186971
1710802119.8994713,-3.923527134789361
1710802119.8995843,-3.886751333872477
1710802119.8996973,-3.8485746913486056
1710802119.8998103,-3.805845048692491
1710802119.899923,-3.7617142995198565
1710802119.900036,-3.7140811814202204
1710802119.900149,-3.6653971672058105
1710802119.900262,-3.61566252178616
1710802119.900375,-3.566628297170003
1710802119.900488,-3.5165434413486056
1710802119.900601,-3.464707268608941
1710802119.900714,-3.4132215711805554
1710802119.9008267,-3.3589336607191296
1710802119.9009397,-3.302194012535943
1710802119.9010527,-3.2430028915405273
1710802119.9011657,-3.1799589263068304
1710802119.9012785,-3.1158643298678927
1710802119.9013915,-3.049317995707194
1710802119.9015045,-2.982771396636963
1710802119.9016175,-2.914824220869276
1710802119.9017303,-2.8479274113972983
1710802119.9018433,-2.7796300252278647
1710802119.9019563,-2.7099312676323786
1710802119.9020693,-2.638831933339437
1710802119.902182,-2.565630806816949
1710802119.902295,-2.490678628285726
1710802119.9024081,-2.4125740263197155
1710802119.9025211,-2.3348198996649847
1710802119.902634,-2.253563404083252
1710802119.902747,-2.172306776046753
1710802119.90286,-2.090699805153741
1710802119.902973,-2.007691992653741
1710802119.9030857,-1.9239836268954806
1710802119.9031987,-1.8392246299319797
1710802119.9033117,-1.7537650797102187
1710802119.9034247,-1.6651533709632025
1710802119.9035375,-1.5758411089579263
1710802119.9036505,-1.484077109230889
1710802119.9037635,-1.391962899102105
1710802119.9038765,-1.297397083706326
1710802119.9039893,-1.2028311358557806
1710802119.9041023,-1.1075647672017415
1710802119.9042153,-1.0119481219185722
1710802119.9043283,-0.914930502573649
1710802119.904441,-0.8179129494561089
1710802119.9045541,-0.7201948430803087
1710802119.9046671,-0.6217762496736314
1710802119.9047801,-0.5230074127515157
1710802119.904893,-0.42458885245853
1710802119.905006,-0.3247692849900987
1710802119.905119,-0.22459947400622898
1710802119.905232,-0.125830653640959
1710802119.9053447,-0.025660850935512118
1710802119.9054577,0.07557446757952373
1710802119.9055707,0.17646448479758367
1710802119.9056838,0.2780551380581326
1710802119.9057965,0.37894517183303833
1710802119.9059095,0.47983520560794407
1710802119.9060225,0.5779227283265855
1710802119.9061356,0.6767108705308702
1710802119.9062483,0.7747983932495117
1710802119.9063613,0.8718349536259968
1710802119.9064744,0.9681709607442219
1710802119.9065874,1.0648572444915771
1710802119.9067001,1.1611931853824191
1710802119.9068131,1.257529126273261
1710802119.9069262,1.35351472430759
1710802119.9070392,1.4480992158253987
1710802119.907152,1.5412823359171548
1710802119.907265,1.6323636637793646
1710802119.907378,1.7220436202155218
1710802119.907491,1.8099721272786458
1710802119.9076037,1.8975502914852567
1710802119.9077168,1.9833768738640678
1710802119.9078298,2.070254352357652
1710802119.9079428,2.1557305918799505
1710802119.9080555,2.2419073846605087
1710802119.9081686,2.326683203379313
1710802119.9082816,2.410057650672065
1710802119.9083946,2.4899289343092175
1710802119.9085073,2.568048636118571
1710802119.9086204,2.6430153846740723
1710802119.9087334,2.715179920196533
1710802119.9088464,2.7855926089816623
1710802119.9089592,2.853903505537245
1710802119.9090722,2.9211635059780545
1710802119.9091852,2.9873726103040905
1710802119.9092982,3.0528810289171004
1710802119.909411,3.114886548784044
1710802119.909524,3.176541593339708
1710802119.909637,3.2353938950432672
1710802119.90975,3.291093773312039
1710802119.9098628,3.3439909087287054
1710802119.9099758,3.3944360415140786
1710802119.9100888,3.442428641849094
1710802119.9102018,3.488669925265842
1710802119.9103146,3.5331596268547907
1710802119.9104276,3.577299118041992
1710802119.9105406,3.6196870274013944
1710802119.9106536,3.6603230900234647
1710802119.9107664,3.7006092071533203
1710802119.9108794,3.737742371029324
1710802119.9109924,3.772423267364502
1710802119.9111054,3.804651896158854
1710802119.9112182,3.8337278366088867
1710802119.9113312,3.8603517744276257
1710802119.9114442,3.885223865509033
1710802119.9115572,3.9086948500739203
1710802119.91167,3.9314651489257812
1710802119.911783,3.9521336555480957
1710802119.911896,3.9728018972608776
1710802119.912009,3.9913686116536455
1710802119.9121218,4.008884165022108
1710802119.9122348,4.02499861187405
1710802119.9123478,4.03796010547214
1710802119.9124608,4.047768910725911
1710802119.9125736,4.05442476272583
1710802119.9126866,4.059329297807482
1710802119.9127996,4.061080879635281
1710802119.9129126,4.06283246146308
1710802119.9130254,4.06283246146308
1710802119.9131384,4.061781300438775
1710802119.9132514,4.060029718610975
1710802119.9133644,4.057227240668403
1710802119.9134772,4.053724341922336
1710802119.9135902,4.046367539299859
1710802119.9137032,4.03796010547214
1710802119.9138162,4.026399718390571
1710802119.913929,4.012387328677707
1710802119.914042,3.9962728818257647
1710802119.914155,3.9791075388590493
1710802119.914268,3.961942195892334
1710802119.9143808,3.9440764321221247
1710802119.9144938,3.9258601930406356
1710802119.9146068,3.9072934786478677
1710802119.9147198,3.888026343451606
1710802119.9148326,3.866306940714518
1710802119.9149456,3.842135535346137
1710802119.9150586,3.815511597527398
1710802119.9151716,3.786085446675618
1710802119.9152844,3.753856552971734
1710802119.9153974,3.7205770280626083
1710802119.9155104,3.685545656416151
1710802119.9156234,3.6505145496792264
1710802119.9157362,3.616534074147542
1710802119.9158492,3.5815029674106174
1710802119.9159622,3.545420699649387
1710802119.9160752,3.5079373253716364
1710802119.916188,3.4680016835530596
1710802119.916301,3.4249130884806314
1710802119.916414,3.37937249077691
1710802119.916527,3.331379625532362
1710802119.9166398,3.2809347576565213
1710802119.9167528,3.230839835272895
1710802119.9168658,3.1796942816840277
1710802119.9169788,3.1288989384969073
1710802119.9170916,3.077052699195014
1710802119.9172046,3.0252064598931208
1710802119.9173176,2.9705577426486545
1710802119.9174306,2.9131065474616156
1710802119.9175434,2.854253980848524
1710802119.9176564,2.7911975648668075
1710802119.9177694,2.726039621565077
1710802119.9178824,2.6594800419277616
1710802119.9179952,2.591519355773926
1710802119.9181082,2.5232084592183432
1710802119.9182212,2.4548975626627603
1710802119.9183342,2.3848350842793784
1710802119.918447,2.3158235020107694
1710802119.91856,2.2454105483161078
1710802119.918673,2.171845038731893
1710802119.918786,2.0975787109798856
1710802119.9188988,2.0208602481418185
1710802119.9190118,1.9427405463324652
1710802119.9191248,1.8621687094370523
1710802119.9192379,1.7815967400868733
1710802119.9193506,1.699623664220174
1710802119.9194636,1.6183511416117349
1710802119.9195766,1.53462635146247
1710802119.9196897,1.4519525898827446
1710802119.9198024,1.3668266932169597
1710802119.9199154,1.280299425125122
1710802119.9200284,1.1913200219472249
1710802119.9201415,1.1016400655110676
1710802119.9202542,1.0098581181632147
1710802119.9203672,0.9173756175571017
1710802119.9204803,0.8238421546088325
1710802119.9205933,0.7292577293184068
1710802119.920706,0.633272131284078
1710802119.920819,0.5383373962508308
1710802119.920932,0.4420014222462972
1710802119.921045,0.344964861869812
1710802119.9211578,0.24757794207996792
1710802119.9212708,0.14878979987568325
1710802119.9213839,0.0500016493929757
1710802119.9214969,-0.04877696020735635
1710802119.9216096,-0.14789602822727627
1710802119.9217227,-0.24771559569570753
1710802119.9218357,-0.3478853901227315
1710802119.9219487,-0.4491059316529168
1710802119.9220614,-0.549625986152225
1710802119.9221745,-0.6508464945687188
1710802119.9222875,-0.751366549068027
1710802119.9224005,-0.8511861165364583
1710802119.9225132,-0.9513558944066365
1710802119.9226263,-1.0494242774115667
1710802119.9227393,-1.147842804590861
1710802119.9228523,-1.2448604901631672
1710802119.922965,-1.3422282536824544
1710802119.923078,-1.4381951755947537
1710802119.923191,-1.5362634923723009
1710802119.923304,-1.633281045489841
1710802119.9234169,-1.7295981778038871
1710802119.9235299,-1.8252148893144395
1710802119.9236429,-1.9194304943084717
1710802119.923756,-2.012595468097263
1710802119.9238687,-2.10365891456604
1710802119.9239817,-2.193321386973063
1710802119.9240947,-2.2808824645148382
1710802119.9242077,-2.3677428563435874
1710802119.9243205,-2.4546035130818686
1710802119.9244335,-2.5400630633036294
1710802119.9245465,-2.6258728239271374
1710802119.9246595,-2.7099312676323786
1710802119.9247723,-2.7929390801323786
1710802119.9248853,-2.8727947341071234
1710802119.9249983,-2.9512495464748807
1710802119.9251113,-3.0269021458095975
1710802119.925224,-3.1001032723320856
1710802119.925337,-3.1691013442145453
1710802119.92545,-3.238449626498752
1710802119.925563,-3.304995960659451
1710802119.9256759,-3.3715422948201494
1710802119.9257889,-3.435987366570367
1710802119.925902,-3.4990313318040633
1710802119.926015,-3.560323980119493
1710802119.9261277,-3.6195151011149087
1710802119.9262407,-3.6755543284946017
1710802119.9263537,-3.729491763644748
1710802119.9264667,-3.780627515580919
1710802119.9265795,-3.8282606336805554
1710802119.9266925,-3.87379248936971
1710802119.9268055,-3.917573028140598
1710802119.9269185,-3.9596022499932184
1710802119.9270313,-4.001281261444092
1710802119.9271443,-4.040508535173204
1710802119.9272573,-4.078334967295329
1710802119.9273703,-4.114059872097439
1710802119.927483,-4.148033459981282
1710802119.927596,-4.1788548893398705
1710802119.927709,-4.207575056287977
1710802119.9278219,-4.2327925893995495
1710802119.927935,-4.255558384789361
1710802119.928048,-4.276573128170437
1710802119.928161,-4.2954863442315
1710802119.9282737,-4.312648243374294
1710802119.9283867,-4.329109721713595
1710802119.9284997,-4.34381988313463
1710802119.9286127,-4.357479413350423
1710802119.9287255,-4.369387626647949
1710802119.9288385,-4.379194577534993
1710802119.9289515,-4.38584910498725
1710802119.9290645,-4.389351738823785
1710802119.9291773,-4.390052159627278
1710802119.9292903,-4.389351738823785
1710802119.9294033,-4.385498894585504
1710802119.9295163,-4.38094589445326
1710802119.929629,-4.3753419982062445
1710802119.929742,-4.368687205844455
1710802119.929855,-4.361682467990451
1710802119.929968,-4.352926148308648
1710802119.930081,-4.342419041527642
1710802119.930194,-4.328409300910102
1710802119.930307,-4.3122980329725475
1710802119.93042,-4.292333920796712
1710802119.9305327,-4.269568125406901
1710802119.9306457,-4.245401223500569
1710802119.9307587,-4.21983347998725
1710802119.9308717,-4.19321510526869
1710802119.9309845,-4.166246255238851
1710802119.9310975,-4.139627615610759
1710802119.9312105,-4.111958344777425
1710802119.9313235,-4.082888232337104
1710802119.9314363,-4.05136611726549
1710802119.9315493,-4.01669184366862
1710802119.9316623,-3.9792158868577743
1710802119.9317753,-3.9392879274156356
1710802119.931888,-3.8986598120795355
1710802119.932001,-3.8555796941121416
1710802119.9321141,-3.812499576144748
1710802119.9322271,-3.768719302283393
1710802119.93234,-3.7245885531107583
1710802119.932453,-3.6797571182250977
1710802119.932566,-3.633174631330702
1710802119.932679,-3.5844908820258246
1710802119.9327917,-3.531954288482666
1710802119.9329047,-3.4762652715047198
1710802119.9330177,-3.4181247817145453
1710802119.9331307,-3.3578827646043563
1710802119.9332435,-3.29623990588718
1710802119.9333565,-3.234246836768256
1710802119.9334695,-3.1715530819363065
1710802119.9335825,-3.1085091167026095
1710802119.9336953,-3.044414520263672
1710802119.9338083,-2.9796192381117077
1710802119.9339213,-2.911321587032742
1710802119.9340343,-2.841973304748535
1710802119.9341471,-2.769472863939073
1710802119.9342601,-2.6941704750061035
1710802119.9343731,-2.6181674003601074
1710802119.9344862,-2.5400630633036294
1710802119.934599,-2.4609078301323786
1710802119.934712,-2.3817525969611273
1710802119.934825,-2.3011965221828885
1710802119.934938,-2.2213408682081432
1710802119.9350507,-2.1386832661098905
1710802119.9351637,-2.0546246899498835
1710802119.9352767,-1.9684647189246283
1710802119.9353898,-1.8812538517846
1710802119.9355025,-1.792642143037584
1710802119.9356155,-1.7019289069705539
1710802119.9357285,-1.6101650396982827
1710802119.9358416,-1.5184010399712455
1710802119.9359543,-1.4262868298424614
1710802119.9360673,-1.3341726197136772
1710802119.9361804,-1.2399570147196453
1710802119.9362934,-1.14609162012736
1710802119.9364061,-1.0508252514733207
1710802119.9365191,-0.9538076321283976
1710802119.9366322,-0.8574904998143513
1710802119.9367452,-0.7601226700676812
1710802119.936858,-0.6620542870627509
1710802119.936971,-0.5629352728525797
1710802119.937084,-0.4627654287550184
1710802119.937197,-0.3625956508848402
1710802119.9373097,-0.2606746223237779
1710802119.9374228,-0.15840335024727714
1710802119.9375358,-0.056482329964637756
1710802119.9376488,0.04544758548339208
1710802119.9377615,0.1477388540903727
1710802119.9378746,0.24932950735092163
1710802119.9379876,0.3509201606114705
1710802119.9381006,0.45181019438637626
1710802119.9382133,0.5530505379041036
1710802119.9383264,0.6535902288224962
1710802119.9384394,0.7555311918258667
1710802119.9385524,0.8571218782001071
1710802119.9386652,0.9580118788613213
1710802119.9387782,1.0585516028934054
1710802119.9388912,1.1580403645833333
1710802119.9390042,1.2557775444454617
1710802119.939117,1.3514129320780437
1710802119.93923,1.445296737882826
1710802119.939343,1.5391804112328422
1710802119.939456,1.6292108429802787
1710802119.9395688,1.7213430669572618
1710802119.9396818,1.810322470135159
1710802119.9397948,1.9017540083991156
1710802119.9399078,1.9896825154622395
1710802119.9400206,2.0786617861853705
1710802119.9401336,2.1630871295928955
1710802119.9402466,2.2475126054551864
1710802119.9403596,2.32703341378106
1710802119.9404724,2.4058538013034396
1710802119.9405854,2.481521235571967
1710802119.9406984,2.5557875633239746
1710802119.9408114,2.6293532053629556
1710802119.9409242,2.7022181616889105
1710802119.9410372,2.7736820114983454
1710802119.9411502,2.8458465470208063
1710802119.9412632,2.914858129289415
1710802119.941376,2.9828185505337186
1710802119.941489,3.046925862630208
1710802119.941602,3.1092815928988986
1710802119.941715,3.1681338946024575
1710802119.9418278,3.2248846689860025
1710802119.9419408,3.2788327005174422
1710802119.9420538,3.3320803112453885
1710802119.9421668,3.3828756544325085
1710802119.9422796,3.4329703119066024
1710802119.9423926,3.4820140732659235
1710802119.9425056,3.5293062527974444
1710802119.9426186,3.573795954386393
1710802119.9427314,3.6175849702623153
1710802119.9428444,3.656469715966119
1710802119.9429574,3.6943035655551486
1710802119.9430704,3.727583090464274
1710802119.9431832,3.7591112984551325
1710802119.9432962,3.788537714216444
1710802119.9434092,3.8176136546664767
1710802119.9435222,3.8442373275756836
1710802119.943635,3.8708610004848905
1710802119.943748,3.8946821954515243
1710802119.943861,3.9181531800164118
1710802119.943974,3.9395223723517523
1710802119.9440868,3.9591397179497614
1710802119.9441998,3.9756046401129828
1710802119.9443128,3.9892668194240994
1710802119.9444258,4.000826941596137
1710802119.9445386,4.009935061136882
1710802119.9446516,4.017291598849826
1710802119.9447646,4.023947715759277
1710802119.9448776,4.029902882046169
1710802119.9449904,4.034807417127821
1710802119.9451034,4.03831058078342
1710802119.9452164,4.041113058725993
1710802119.9453294,4.042163954840766
1710802119.9454422,4.040762583414714
1710802119.9455552,4.037609895070394
1710802119.9456682,4.030603567759196
1710802119.9457812,4.022546344333224
1710802119.945894,4.012387328677707
1710802119.946007,4.001177416907416
1710802119.94612,3.989617029825846
1710802119.946233,3.97735595703125
1710802119.9463458,3.965095149146186
1710802119.9464588,3.950732284122043
1710802119.9465718,3.936019208696153
1710802119.9466848,3.9192040761311846
1710802119.9467976,3.8988860448201494
1710802119.9469106,3.8750648498535156
1710802119.9470236,3.8491415977478027
1710802119.9471366,3.8211165534125433
1710802119.9472494,3.791690402560764
1710802119.9473624,3.761563565995958
1710802119.9474754,3.7314367294311523
1710802119.9475884,3.700959417555067
1710802119.9477012,3.669431209564209
1710802119.9478142,3.637903266482883
1710802119.9479272,3.603922790951199
1710802119.9480402,3.5685412089029946
1710802119.948153,3.5296564631991916
1710802119.948266,3.4883197148640948
1710802119.948379,3.4448809093899198
1710802119.948492,3.400391207800971
1710802119.9486048,3.3552008204989963
1710802119.9487178,3.3096602227952743
1710802119.9488308,3.265871206919352
1710802119.9489439,3.2199801339043512
1710802119.9490566,3.173388640085856
1710802119.9491696,3.1250455644395614
1710802119.9492826,3.073900010850694
1710802119.9493957,3.021002610524495
1710802119.9495084,2.9649527867635093
1710802119.9496214,2.907151116265191
1710802119.9497344,2.8472476535373263
1710802119.9498475,2.787694401211209
1710802119.9499602,2.72709051767985
1710802119.9500732,2.6661361588372126
1710802119.9501863,2.6051817999945746
1710802119.9502993,2.543176280127631
1710802119.950412,2.4783685472276473
1710802119.950525,2.411809232499864
1710802119.950638,2.3427976502312555
1710802119.950751,2.270983590020074
1710802119.9508638,2.197067472669813
1710802119.9509768,2.121750248803033
1710802119.9510899,2.045732471677992
1710802119.9512029,1.969014008839925
1710802119.9513156,1.891945203145345
1710802119.9514287,1.8134751584794786
1710802119.9515417,1.7346549034118652
1710802119.9516547,1.6547836197747123
1710802119.9517674,1.5724602010515
1710802119.9518805,1.4887354109022353
1710802119.9519935,1.402908828523424
1710802119.9521065,1.3167319032880995
1710802119.9522192,1.2288035286797416
1710802119.9523323,1.1401744683583577
1710802119.9524453,1.0508447223239474
1710802119.9525583,0.9622156620025635
1710802119.952671,0.87218529648251
1710802119.952784,0.7811040348476833
1710802119.952897,0.6896724303563436
1710802119.95301,0.5971899297502306
1710802119.9531229,0.5040067765447829
1710802119.9532359,0.4094223512543572
1710802119.9533489,0.31518826882044476
1710802119.953462,0.2199032571580675
1710802119.9535747,0.1239176011747784
1710802119.9536877,0.026881018032630283
1710802119.9538007,-0.06979160010814667
1710802119.9539137,-0.16821018523640102
1710802119.9540265,-0.2659282750553555
1710802119.9541395,-0.36504735549290973
1710802119.9542525,-0.4638161924150255
1710802119.9543655,-0.5622347858217027
1710802119.9544783,-0.66030310259925
1710802119.9545913,-0.7587216960059272
1710802119.9547043,-0.8564398023817275
1710802119.9548173,-0.9548583295610216
1710802119.95493,-1.053627199596829
1710802119.955043,-1.151695516374376
1710802119.955156,-1.2497638331519232
1710802119.955269,-1.3485327031877306
1710802119.9553819,-1.445900599161784
1710802119.9554949,-1.5415171782175698
1710802119.955608,-1.637133757273356
1710802119.955721,-1.7299485206604004
1710802119.9558337,-1.8217123879326713
1710802119.9559467,-1.9127758344014485
1710802119.9560597,-2.003138860066732
1710802119.9561727,-2.0931515428755016
1710802119.9562855,-2.182113594479031
1710802119.9563985,-2.271075513627794
1710802119.9565115,-2.359337011973063
1710802119.9566245,-2.4458474583095975
1710802119.9567373,-2.5299059020148382
1710802119.9568503,-2.6115128729078503
1710802119.9569633,-2.6917187372843423
1710802119.9570763,-2.7684222327338324
1710802119.957189,-2.844074832068549
1710802119.957302,-2.917626168992784
1710802119.957415,-2.991177241007487
1710802119.957528,-3.062977261013455
1710802119.957641,-3.1340768602159286
1710802119.957754,-3.2027247216966415
1710802119.957867,-3.2710223727756076
1710802119.95798,-3.3368682861328125
1710802119.9580927,-3.400262461768256
1710802119.9582057,-3.461204899681939
1710802119.9583187,-3.5200458102756076
1710802119.9584317,-3.5764352480570474
1710802119.9585445,-3.6310733689202204
1710802119.9586575,-3.684310383266873
1710802119.9587705,-3.736496766408284
1710802119.9588835,-3.7876322534349227
1710802119.9589963,-3.8387680053710938
1710802119.9591093,-3.8864011234707303
1710802119.9592223,-3.931932979159885
1710802119.9593353,-3.9750128322177463
1710802119.959448,-4.016341633266872
1710802119.959561,-4.05241674847073
1710802119.9596741,-4.086040390862359
1710802119.9597871,-4.1179124514261884
1710802119.9599,-4.148383670383029
1710802119.960013,-4.175702730814616
1710802119.960126,-4.201270474327935
1710802119.960239,-4.226838482750787
1710802119.9603517,-4.249254067738851
1710802119.9604647,-4.271669652726915
1710802119.9605777,-4.290582868787977
1710802119.9606907,-4.308445188734266
1710802119.9608035,-4.32210471895006
1710802119.9609165,-4.334713617960612
1710802119.9610295,-4.34381988313463
1710802119.9611425,-4.350824885898166
1710802119.9612553,-4.356078571743435
1710802119.9613683,-4.361332257588704
1710802119.9614813,-4.364834626515706
1710802119.9615943,-4.367986785040961
1710802119.961707,-4.370088312360975
1710802119.9618201,-4.370088312360975
1710802119.9619331,-4.368336995442708
1710802119.9620461,-4.3634335199991865
1710802119.962159,-4.355027675628662
1710802119.962272,-4.344170093536377
1710802119.962385,-4.330510563320583
1710802119.962498,-4.316500822703044
1710802119.9626107,-4.301090240478516
1710802119.9627237,-4.284278551737468
1710802119.9628367,-4.267817073398166
1710802119.9629498,-4.249954488542345
1710802119.9630625,-4.231041272481282
1710802119.9631755,-4.210377004411486
1710802119.9632885,-4.186910523308648
1710802119.9634016,-4.159591462877062
1710802119.9635143,-4.129820929633246
1710802119.9636273,-4.097248183356391
1710802119.9637403,-4.062924120161268
1710802119.9638534,-4.027199215359158
1710802119.9639661,-3.9907738897535534
1710802119.9640791,-3.953998353746202
1710802119.9641922,-3.9168723424275713
1710802119.9643052,-3.878345489501953
1710802119.964418,-3.8370166884528265
1710802119.964531,-3.7935866249932184
1710802119.964644,-3.7480547693040633
1710802119.964757,-3.6990205446879068
1710802119.9648697,-3.6478850576612682
1710802119.9649827,-3.5949979888068304
1710802119.9650958,-3.5414107640584307
1710802119.9652088,-3.4864224327935114
1710802119.9653215,-3.432484997643365
1710802119.9654346,-3.378547297583686
1710802119.9655476,-3.322858545515272
1710802119.9656606,-3.2643678453233504
1710802119.9657733,-3.204826249016656
1710802119.9658864,-3.141782283782959
1710802119.9659994,-3.0769872665405273
1710802119.9661124,-3.009390036265055
1710802119.9662251,-2.938990857866075
1710802119.9663382,-2.8682417339748807
1710802119.9664512,-2.79679192437066
1710802119.9665642,-2.7242914835611978
1710802119.966677,-2.652140988243951
1710802119.96679,-2.5775390201144748
1710802119.966903,-2.5029370519849987
1710802119.967016,-2.424832714928521
1710802119.9671288,-2.344977060953776
1710802119.9672418,-2.263019879659017
1710802119.9673548,-2.1789613034990096
1710802119.9674678,-2.0931515428755016
1710802119.9675806,-2.006641228993734
1710802119.9676936,-1.9190802839067247
1710802119.9678066,-1.8311689959632025
1710802119.9679196,-1.7415065235561795
1710802119.9680324,-1.6518440511491563
1710802119.9681454,-1.5611308150821261
1710802119.9682584,-1.467965973748101
1710802119.9683714,-1.3734000258975558
1710802119.9684842,-1.2770828935835097
1710802119.9685972,-1.1800653404659696
1710802119.9687102,-1.0830476548936632
1710802119.9688232,-0.9835783640543619
1710802119.968936,-0.8837587965859307
1710802119.969049,-0.7842895057466295
1710802119.969162,-0.6837694512473212
1710802119.9692748,-0.582198699315389
1710802119.9693878,-0.4809781246715122
1710802119.9695008,-0.3790570961104499
1710802119.9696138,-0.27748632762167186
1710802119.9697266,-0.17556531561745536
1710802119.9698396,-0.07329404354095459
1710802119.9699526,0.02863258123397827
1710802119.9700656,0.13092385398017034
1710802119.9701784,0.2335654530260298
1710802119.9702914,0.3365573618147108
1710802119.9704044,0.4388486345609029
1710802119.9705174,0.5425411462783813
1710802119.9706302,0.6462336911095513
1710802119.9707432,0.7481746541129218
1710802119.9708562,0.8501156171162922
1710802119.9709692,0.9503049982918633
1710802119.971082,1.0490931404961479
1710802119.971195,1.1478813489278157
1710802119.971308,1.2459688716464572
1710802119.971421,1.3440563943650987
1710802119.9715338,1.4421439170837402
1710802119.9716468,1.5402314398023818
1710802119.9717598,1.6372679339514837
1710802119.9718728,1.733253664440579
1710802119.9719856,1.8271374702453613
1710802119.9720986,1.9192695617675781
1710802119.9722116,2.0078987545437283
1710802119.9723246,2.095827129152086
1710802119.9724374,2.1813035011291504
1710802119.9725504,2.265028158823649
1710802119.9726634,2.3484026061164007
1710802119.9727764,2.4310763676961265
1710802119.9728892,2.5130494435628257
1710802119.9730022,2.593270937601725
1710802119.9731152,2.672792010837131
1710802119.9732282,2.7484594451056585
1710802119.973341,2.822725772857666
1710802119.973454,2.891387144724528
1710802119.973567,2.9593475659688315
1710802119.97368,3.0245057741800943
1710802119.9737928,3.086861504448785
1710802119.9739058,3.1474656528896756
1710802119.9740188,3.20736911561754
1710802119.9741318,3.2655209965176053
1710802119.9742446,3.322972191704644
1710802119.9743576,3.37762090894911
1710802119.9744706,3.430518044365777
1710802119.9745836,3.4795618057250977
1710802119.9746964,3.527554670969645
1710802119.9748094,3.5713436868455672
1710802119.9749224,3.6133813858032227
1710802119.9750354,3.653317027621799
1710802119.9751482,3.6918512980143228
1710802119.9752612,3.7296851476033526
1710802119.9753742,3.7661176257663302
1710802119.9754872,3.801499207814534
1710802119.9756,3.835479418436686
1710802119.975713,3.8677083121405706
1710802119.975826,3.89713446299235
1710802119.975939,3.9241086112128363
1710802119.9760518,3.9486304918924966
1710802119.9761648,3.9696492089165583
1710802119.9762778,3.987865447998047
1710802119.9763908,4.004680580563015
1710802119.9765036,4.020094341701931
1710802119.9766166,4.033406045701769
1710802119.9767296,4.046718014611138
1710802119.9768426,4.057927926381429
1710802119.9769554,4.068086942036946
1710802119.9770684,4.076844851175944
1710802119.9771814,4.083150492774116
1710802119.9772944,4.086303181118435
1710802119.9774072,4.087003866831462
1710802119.9775202,4.084902074601915
1710802119.9776332,4.081048700544569
1710802119.9777462,4.074743058946398
1710802119.977859,4.067386521233453
1710802119.977972,4.060029718610975
1710802119.978085,4.051272074381511
1710802119.978198,4.042163954840766
1710802119.9783108,4.032355149586995
1710802119.9784238,4.020444552103679
1710802119.9785368,4.0067823727925616
1710802119.9786499,3.989617029825846
1710802119.9787626,3.9703498946295843
1710802119.9788756,3.9479298061794705
1710802119.9789886,3.9248092969258623
1710802119.9791017,3.900987837049696
1710802119.9792144,3.876816431681315
1710802119.9793274,3.8515938652886286
1710802119.9794405,3.827422195010715
1710802119.9795535,3.8036010000440807
1710802119.9796662,3.7766268518235946
1710802119.9797792,3.7468504905700684
1710802119.9798923,3.7160229682922363
1710802119.9800053,3.680991596645779
1710802119.980118,3.643157747056749
1710802119.980231,3.6042732662624783
1710802119.980344,3.5646878348456488
1710802119.980457,3.5247521930270724
1710802119.9805698,3.4834154446919756
1710802119.9806828,3.442779117160373
1710802119.9807959,3.401091893513997
1710802119.9809089,3.3594046698676214
1710802119.9810216,3.3131633864508734
1710802119.9811347,3.265871206919352
1710802119.9812477,3.214725653330485
1710802119.9813607,3.1607773568895126
1710802119.9814734,3.1057784292432995
1710802119.9815865,3.0490276548597546
1710802119.9816995,2.9908757739596896
1710802119.9818125,2.9334245787726507
1710802119.9819252,2.875973383585612
1710802119.9820383,2.817821502685547
1710802119.9821513,2.758618460761176
1710802119.9822643,2.6966132058037653
1710802119.982377,2.6328563690185547
1710802119.98249,2.5662970542907715
1710802119.982603,2.4979858928256564
1710802119.982716,2.427923414442274
1710802119.9828289,2.357510725657145
1710802119.9829419,2.28464576933119
1710802119.9830549,2.2131819195217557
1710802119.983168,2.141017516454061
1710802119.9832807,2.06815242767334
1710802119.9833937,1.994937128490872
1710802119.9835067,1.9182186656528049
1710802119.9836197,1.8397486209869385
1710802119.9837325,1.7598773373497856
1710802119.9838455,1.6779042614830864
1710802119.9839585,1.5938292609320746
1710802119.9840715,1.5094039175245497
1710802119.9841843,1.4239276780022514
1710802119.9842973,1.337750752766927
1710802119.9844103,1.2505229314168294
1710802119.9845233,1.1618937386406791
1710802119.984636,1.0732647445466783
1710802119.984749,0.9839349985122681
1710802119.984862,0.8921531173917983
1710802119.984975,0.799320273929172
1710802119.9850879,0.7061371538374159
1710802119.985201,0.6115527285469903
1710802119.985314,0.516267716884613
1710802119.985427,0.4202820526229011
1710802119.9855397,0.3235957688755459
1710802119.9856527,0.22690950168503654
1710802119.9857657,0.12882197896639505
1710802119.9858787,0.03178539375464121
1710802119.9859915,-0.06663940432998869
1710802119.9861045,-0.16400726305113897
1710802119.9862175,-0.26242583990097046
1710802119.9863305,-0.3601439462767707
1710802119.9864433,-0.4578620195388794
1710802119.9865563,-0.5548796388838027
1710802119.9866693,-0.6525977452596029
1710802119.9867823,-0.750315851635403
1710802119.986895,-0.8480338917838203
1710802119.987008,-0.9464524851904975
1710802119.987121,-1.0438203149371676
1710802119.987234,-1.140487723880344
1710802119.987347,-1.23680485619439
1710802119.98746,-1.3317210144466824
1710802119.987573,-1.4259366194407146
1710802119.987686,-1.5187512503729925
1710802119.9877987,-1.6112156709035237
1710802119.9879117,-1.7036802238888211
1710802119.9880247,-1.796144644419352
1710802119.9881377,-1.8889592753516302
1710802119.9882505,-1.9810734854804144
1710802119.9883635,-2.0721369319491916
1710802119.9884765,-2.1628501680162215
1710802119.9885895,-2.2497105598449707
1710802119.9887023,-2.3362210061815047
1710802119.9888153,-2.420980135599772
1710802119.9889283,-2.502586841583252
1710802119.9890413,-2.583493126763238
1710802119.989154,-2.662998570336236
1710802119.989267,-2.741453382703993
1710802119.9893801,-2.820258140563965
1710802119.9894931,-2.8966114256117077
1710802119.989606,-2.9715636041429305
1710802119.989719,-3.0447647306654186
1710802119.989832,-3.1158643298678927
1710802119.989945,-3.183811505635579
1710802119.9900577,-3.2493072085910373
1710802119.9901707,-3.312000963422987
1710802119.9902837,-3.37294340133667
1710802119.9903967,-3.4317843119303384
1710802119.9905095,-3.489574591318766
1710802119.9906225,-3.545964029100206
1710802119.9907355,-3.6016527811686196
1710802119.9908485,-3.6552400059170194
1710802119.9909613,-3.706725968254937
1710802119.9910743,-3.7561104032728405
1710802119.9911873,-3.8026928901672363
1710802119.9913003,-3.8464734289381237
1710802119.991413,-3.888152440388997
1710802119.9915261,-3.927029503716363
1710802119.9916391,-3.963805039723714
1710802119.9917521,-3.9995299445258246
1710802119.991865,-4.033854007720947
1710802119.991978,-4.0667769643995495
1710802119.992091,-4.098649024963379
1710802119.992204,-4.129470454321967
1710802119.9923167,-4.158190621270074
1710802119.9924297,-4.184458785586886
1710802119.9925427,-4.208275477091472
1710802119.9926558,-4.229640430874294
1710802119.9927685,-4.248903857337104
1710802119.9928815,-4.264664649963379
1710802119.9929945,-4.279375076293945
1710802119.9931076,-4.292684396107991
1710802119.9932203,-4.304242399003771
1710802119.9933333,-4.315099981096056
1710802119.9934464,-4.324206246270074
1710802119.9935594,-4.332612090640597
1710802119.9936721,-4.337865776485867
1710802119.9937851,-4.3413681454128685
1710802119.9938982,-4.341017935011122
1710802119.9940112,-4.338215986887614
1710802119.994124,-4.331561459435357
1710802119.994237,-4.324206246270074
1710802119.99435,-4.3136988745795355
1710802119.994463,-4.303191502888997
1710802119.9945757,-4.291633499993218
1710802119.9946887,-4.279725286695692
1710802119.9948018,-4.266766177283393
1710802119.9949148,-4.252056015862359
1710802119.9950275,-4.23524432712131
1710802119.9951406,-4.216331111060248
1710802119.9952536,-4.193565315670437
1710802119.9953666,-4.169048203362359
1710802119.9954793,-4.141378932529025
1710802119.9955924,-4.112658765580919
1710802119.9957054,-4.083938863542345
1710802119.9958184,-4.05381785498725
1710802119.9959311,-4.025448163350423
1710802119.9960442,-3.9953271547953286
1710802119.9961572,-3.963805039723714
1710802119.9962702,-3.9301816622416177
1710802119.996383,-3.8937563366360135
1710802119.996496,-3.854879273308648
1710802119.996609,-3.8128500514560275
1710802119.996722,-3.769419723086887
1710802119.9968348,-3.7231874465942383
1710802119.9969478,-3.6776555909050836
1710802119.9970608,-3.630722893608941
1710802119.9971738,-3.5837901963127985
1710802119.9972866,-3.5365072886149087
1710802119.9973996,-3.487122853597005
1710802119.9975126,-3.4363375769721136
1710802119.9976256,-3.382049666510688
1710802119.9977384,-3.32566049363878
1710802119.9978514,-3.2657686869303384
1710802119.9979644,-3.2030749320983887
1710802119.9980774,-3.139680756462945
1710802119.9981902,-3.075586160024007
1710802119.9983032,-3.010440667470296
1710802119.9984162,-2.9449452294243708
1710802119.9985292,-2.879099316067166
1710802119.998642,-2.8122025065951877
1710802119.998755,-2.7435549100240073
1710802119.998868,-2.672105100419786
1710802119.998981,-2.598553763495551
1710802119.9990938,-2.5229011641608343
1710802119.9992068,-2.4458474583095975
1710802119.9993198,-2.3663420147365994
1710802119.9994328,-2.2875369919670954
1710802119.9995456,-2.20768133799235
1710802119.9996586,-2.1271252632141113
1710802119.9997716,-2.045518424775865
1710802119.9998846,-1.962510479821099
1710802119.9999974,-1.877751482857598
1710802120.0001104,-1.792291932635837
1710802120.0002234,-1.7050811979505751
1710802120.0003364,-1.615068382687039
1710802120.0004492,-1.5247054894765217
1710802120.0005622,-1.4329414897494845
1710802120.0006752,-1.3404770692189534
1710802120.0007882,-1.2469618850284152
1710802120.000901,-1.15379704369439
1710802120.001014,-1.058180332183838
1710802120.001127,-0.9629139635297987
1710802120.00124,-0.8665968312157525
1710802120.0013528,-0.7695792118708292
1710802120.0014658,-0.6711606846915351
1710802120.0015788,-0.5727420912848579
1710802120.0016918,-0.4722220367855496
1710802120.0018046,-0.37240246931711835
1710802120.0019176,-0.2711819443437788
1710802120.0020306,-0.16961115929815504
1710802120.0021436,-0.06663940432998869
1710802120.0022564,0.036339457664224833
1710802120.0023694,0.13968166377809313
1710802120.0024824,0.24267357256677416
1710802120.0025954,0.3453151716126336
1710802120.0027082,0.4476064443588257
1710802120.0028212,0.5484964781337314
1710802120.0029342,0.649036169052124
1710802120.0030472,0.7485249307420518
1710802120.00316,0.8480136924319797
1710802120.003273,0.9475025203492906
1710802120.003386,1.0466409391827054
1710802120.003499,1.14542908138699
1710802120.0036118,1.2435166041056316
1710802120.0037248,1.3398525449964735
1710802120.0038378,1.4351375897725422
1710802120.0039508,1.5286710527208116
1710802120.0040636,1.6211536195543077
1710802120.0041766,1.710483365588718
1710802120.0042896,1.8001633220248752
1710802120.0044026,1.8877414862314859
1710802120.0045154,1.97637054655287
1710802120.0046284,2.0635983679029675
1710802120.0047414,2.1504759788513184
1710802120.0048544,2.2363024287753634
1710802120.0049672,2.3203775617811413
1710802120.0050802,2.40270111295912
1710802120.0051932,2.4822219212849936
1710802120.0053062,2.5592907269795737
1710802120.005419,2.633907265133328
1710802120.005532,2.707122696770562
1710802120.005645,2.7785862816704645
1710802120.005758,2.849699921078152
1710802120.0058708,2.919762399461534
1710802120.0059838,2.9894746674431696
1710802120.0060968,3.057435088687473
1710802120.0062099,3.1229437722100153
1710802120.0063226,3.185649712880452
1710802120.0064356,3.245903386010064
1710802120.0065486,3.302654160393609
1710802120.0066617,3.356602191925049
1710802120.0067744,3.408448431226942
1710802120.0068874,3.457141982184516
1710802120.0070004,3.5061857435438366
1710802120.0071135,3.5524270269605847
1710802120.0072262,3.5979676246643066
1710802120.0073392,3.642457326253255
1710802120.0074522,3.684494760301378
1710802120.0075653,3.724430402119954
1710802120.007678,3.761563565995958
1710802120.007791,3.795894251929389
1710802120.007904,3.827071984608968
1710802120.008017,3.8561479250590005
1710802120.0081298,3.8834722836812334
1710802120.0082428,3.909045060475667
1710802120.0083559,3.9328662554423013
1710802120.0084689,3.9559870296054416
1710802120.0085816,3.9791075388590493
1710802120.0086946,3.9990753597683377
1710802120.0088077,4.018692970275879
1710802120.0089207,4.035157627529568
1710802120.0090334,4.049870702955458
1710802120.0091465,4.061431090037028
1710802120.0092595,4.070539209577772
1710802120.0093725,4.077195061577691
1710802120.0094852,4.082099596659343
1710802120.0095983,4.085602760314941
1710802120.0097113,4.088054762946235
1710802120.0098243,4.0905070304870605
1710802120.009937,4.091207716200087
1710802120.01005,4.09225861231486
1710802120.010163,4.0898063447740345
1710802120.010276,4.086303181118435
1710802120.0103889,4.079997539520264
1710802120.0105019,4.070539209577772
1710802120.0106149,4.057927926381429
1710802120.0107276,4.042864640553792
1710802120.0108407,4.027100404103597
1710802120.0109537,4.009234640333387
1710802120.0110667,3.992069297366672
1710802120.0111794,3.973152372572157
1710802120.0112925,3.955286343892415
1710802120.0114055,3.9346178372701006
1710802120.0115185,3.9132489098442926
1710802120.0116313,3.888026343451606
1710802120.0117443,3.8600012991163464
1710802120.0118573,3.8302246729532876
1710802120.0119703,3.7976458337571883
1710802120.012083,3.7636653582255044
1710802120.012196,3.7289844618903265
1710802120.012309,3.6943035655551486
1710802120.012422,3.6592721939086914
1710802120.0125349,3.6249415079752603
1710802120.0126479,3.5895599259270563
1710802120.0127609,3.5531274477640786
1710802120.012874,3.5135422812567816
1710802120.0129867,3.471855057610406
1710802120.0130997,3.427014880710178
1710802120.0132127,3.380773862202962
1710802120.0133257,3.333831893073188
1710802120.0134385,3.283737235599094
1710802120.0135515,3.2353938950432672
1710802120.0136645,3.185649712880452
1710802120.0137775,3.1369561619228787
1710802120.0138903,3.0865112940470376
1710802120.0140033,3.034664789835612
1710802120.0141163,2.980016072591146
1710802120.0142293,2.9218641916910806
1710802120.014342,2.860909832848443
1710802120.014455,2.797503206464979
1710802120.014568,2.7323452631632485
1710802120.014681,2.6664863692389593
1710802120.0147939,2.599927054511176
1710802120.014907,2.53371795018514
1710802120.01502,2.4664579497443304
1710802120.015133,2.3974463674757214
1710802120.0152457,2.3277340994940863
1710802120.0153587,2.255569828881158
1710802120.0154717,2.1813035011291504
1710802120.0155847,2.1045850382910833
1710802120.0156975,2.0250639650556774
1710802120.0158105,1.945192813873291
1710802120.0159235,1.8632196055518255
1710802120.0160365,1.7815967400868733
1710802120.0161493,1.6989229785071478
1710802120.0162623,1.6162492169274223
1710802120.0163753,1.5321742163764105
1710802120.0164883,1.4477488729688857
1710802120.016601,1.361221604877048
1710802120.016714,1.272942887412177
1710802120.016827,1.18396348423428
1710802120.01694,1.091831260257297
1710802120.017053,1.0003997219933403
1710802120.017166,0.906866259045071
1710802120.017279,0.8140334155824449
1710802120.017392,0.7190987136628892
1710802120.0175047,0.6248646312289767
1710802120.0176177,0.5288789669672648
1710802120.0177307,0.4328933027055528
1710802120.0178437,0.3355063994725545
1710802120.0179565,0.23882013228204516
1710802120.0180695,0.13968166377809313
1710802120.0181825,0.040893521573808454
1710802120.0182955,-0.05788330402639177
1710802120.0184083,-0.15910383727815416
1710802120.0185213,-0.2592736482620239
1710802120.0186343,-0.3597937027613322
1710802120.0187473,-0.4610142111778259
1710802120.01886,-0.5622347858217027
1710802120.018973,-0.6641557481553819
1710802120.0190861,-0.7650260792838203
1710802120.0191991,-0.8655461337831285
1710802120.019312,-0.9653657012515597
1710802120.019425,-1.065185268719991
1710802120.019538,-1.1636038621266682
1710802120.019651,-1.2616721789042156
1710802120.0197637,-1.3604410489400227
1710802120.0198767,-1.4578088124593098
1710802120.0199897,-1.5572781032986112
1710802120.0201027,-1.6539454460144043
1710802120.0202155,-1.7509631315867105
1710802120.0203285,-1.8458792898390028
1710802120.0204415,-1.939744684431288
1710802120.0205545,-2.029757367240058
1710802120.0206673,-2.119069629245334
1710802120.0207803,-2.208031680848863
1710802120.0208933,-2.2938413090176053
1710802120.0210063,-2.3800015449523926
1710802120.021119,-2.4651108847724066
1710802120.0212321,-2.550570434994168
1710802120.0213451,-2.6339284578959146
1710802120.0214581,-2.7162358495924206
1710802120.021571,-2.796091503567166
1710802120.021684,-2.8752464718288846
1710802120.021797,-2.9501989152696395
1710802120.02191,-3.0244504080878363
1710802120.0220227,-3.094499376085069
1710802120.0221357,-3.1634974479675293
1710802120.0222487,-3.231795099046495
1710802120.0223618,-3.299041854010688
1710802120.0224745,-3.3652379777696395
1710802120.0225875,-3.4296830495198565
1710802120.0227005,-3.4927267498440213
1710802120.0228136,-3.55296876695421
1710802120.0229263,-3.611809942457411
1710802120.0230393,-3.6667982737223306
1710802120.0231524,-3.71898439195421
1710802120.0232654,-3.768719302283393
1710802120.0233781,-3.8163524203830295
1710802120.0234911,-3.8622342215643988
1710802120.0236042,-3.906014760335286
1710802120.0237172,-3.949795299106174
1710802120.02383,-3.9907738897535534
1710802120.023943,-4.031052059597439
1710802120.024056,-4.06922870212131
1710802120.024169,-4.104252921210395
1710802120.0242817,-4.137175877888997
1710802120.0243948,-4.166946676042345
1710802120.0245078,-4.1939155260721845
1710802120.0246208,-4.218082427978516
1710802120.0247335,-4.239447116851807
1710802120.0248466,-4.259060753716363
1710802120.0249596,-4.278324180179172
1710802120.0250726,-4.295136133829753
1710802120.0251853,-4.311247136857775
1710802120.0252984,-4.325957563188341
1710802120.0254114,-4.338916407691108
1710802120.0255244,-4.349423779381646
1710802120.0256371,-4.357479413350423
1710802120.0257502,-4.362733099195692
1710802120.0258632,-4.365184836917453
1710802120.0259762,-4.3655350473192005
1710802120.026089,-4.363783730400933
1710802120.026202,-4.361332257588704
1710802120.026315,-4.35782962375217
1710802120.026428,-4.353977044423421
1710802120.0265408,-4.348723358578152
1710802120.0266538,-4.341718355814616
1710802120.0267668,-4.333662721845839
1710802120.0268798,-4.32210471895006
1710802120.0269926,-4.307394557529025
1710802120.0271056,-4.2902326583862305
1710802120.0272186,-4.269918335808648
1710802120.0273316,-4.247152540418837
1710802120.0274444,-4.224036534627278
1710802120.0275574,-4.199869632720947
1710802120.0276704,-4.175002310011122
1710802120.0277834,-4.150485197703044
1710802120.0278962,-4.124567243787977
1710802120.0280092,-4.097598393758138
1710802120.0281222,-4.067827595604791
1710802120.0282352,-4.0349046389261884
1710802120.028348,-3.9988295237223306
1710802120.028461,-3.961003091600206
1710802120.028574,-3.920374976264106
1710802120.028687,-3.879046175214979
1710802120.0287998,-3.8363162676493325
1710802120.0289128,-3.793236149681939
1710802120.0290258,-3.7505065070258246
1710802120.0291388,-3.706725968254937
1710802120.0292516,-3.6615445878770614
1710802120.0293646,-3.614611890580919
1710802120.0294776,-3.563476138644748
1710802120.0295906,-3.5102391242980957
1710802120.0297034,-3.4541998969184027
1710802120.0298164,-3.3967600928412542
1710802120.0299294,-3.3375687069363065
1710802120.0300424,-3.2794282171461315
1710802120.0301552,-3.21953641043769
1710802120.0302682,-3.1606954998440213
1710802120.0303812,-3.0994028515285916
1710802120.0304942,-3.0384604136149087
1710802120.030607,-2.974365552266439
1710802120.03072,-2.908519638909234
1710802120.030833,-2.83882114622328
1710802120.030946,-2.7677215470208063
1710802120.0310588,-2.6945206854078503
1710802120.0311718,-2.6199187172783747
1710802120.0312848,-2.544966538747152
1710802120.0313978,-2.4686132536994085
1710802120.0315106,-2.3919097582499185
1710802120.0316236,-2.313805421193441
1710802120.0317366,-2.2346501880221896
1710802120.0318496,-2.1537437703874374
1710802120.0319624,-2.0700354046291776
1710802120.0320754,-1.9838754336039224
1710802120.0321884,-1.8966646989186604
1710802120.0323014,-1.8084032005733914
1710802120.0324142,-1.7180401749081082
1710802120.0325272,-1.627326938841078
1710802120.0326402,-1.5362634923723009
1710802120.0327532,-1.4444994926452637
1710802120.032866,-1.3513346513112385
1710802120.032979,-1.2581696775224473
1710802120.033092,-1.1632535192701552
1710802120.033205,-1.067636940214369
1710802120.0333178,-0.9702691104676988
1710802120.0334308,-0.8736017015245225
1710802120.0335438,-0.7762338717778523
1710802120.0336568,-0.6785157654020522
1710802120.0337696,-0.5790464745627509
1710802120.0338826,-0.47992739412519664
1710802120.0339956,-0.38115859031677246
1710802120.0341086,-0.2802882923020257
1710802120.0342214,-0.17976823780271742
1710802120.0343344,-0.07959843509727053
1710802120.0344474,0.020225079109271366
1710802120.0345604,0.12076478865411547
1710802120.0346732,0.22025356690088907
1710802120.0347862,0.3200926383336385
1710802120.0348992,0.4192311233944363
1710802120.0350122,0.5187198850843642
1710802120.035125,0.6192596091164483
1710802120.035238,0.7194489902920193
1710802120.035351,0.8196384376949734
1710802120.035464,0.9205284383561876
1710802120.0355768,1.018615961074829
1710802120.0356898,1.1163531409369574
1710802120.0358028,1.2126890818277996
1710802120.0359159,1.306923230489095
1710802120.0360286,1.4001063505808513
1710802120.0361416,1.4922385745578342
1710802120.0362546,1.584020455678304
1710802120.0363677,1.6758023367987738
1710802120.0364804,1.7675842179192436
1710802120.0365934,1.85761464966668
1710802120.0367064,1.9476449489593506
1710802120.0368195,2.0352231131659613
1710802120.0369322,2.1210496955447726
1710802120.0370452,2.203723457124498
1710802120.0371583,2.28464576933119
1710802120.0372713,2.3634658919440374
1710802120.037384,2.4401844872368708
1710802120.037497,2.515501711103651
1710802120.03761,2.590818934970432
1710802120.037723,2.6650849978129068
1710802120.0378358,2.737599743737115
1710802120.0379488,2.8090635935465493
1710802120.0380619,2.8787758615281844
1710802120.0381749,2.9446344905429416
1710802120.0382876,3.008391327328152
1710802120.0384007,3.0693459510803223
1710802120.0385137,3.128198252783881
1710802120.0386267,3.1835476557413735
1710802120.0387394,3.238897058698866
1710802120.0388525,3.292494879828559
1710802120.0389655,3.346092700958252
1710802120.0390785,3.3982894155714245
1710802120.0391912,3.4487342834472656
1710802120.0393043,3.4977780448065863
1710802120.0394173,3.5440193282233343
1710802120.0395303,3.5871079232957626
1710802120.039643,3.628094461229112
1710802120.039756,3.6666287316216364
1710802120.039869,3.7023607889811196
1710802120.039982,3.7363409996032715
1710802120.0400949,3.768219417995877
1710802120.0402079,3.800097836388482
1710802120.0403209,3.8291737768385143
1710802120.040434,3.858950403001573
1710802120.0405467,3.88557407591078
1710802120.0406597,3.9104464319017196
1710802120.0407727,3.9325160450405545
1710802120.0408857,3.9517831802368164
1710802120.0409985,3.9689485232035318
1710802120.0411115,3.9822604921129012
1710802120.0412245,3.9945212999979653
1710802120.0413375,4.00362941953871
1710802120.0414503,4.013088014390734
1710802120.0415633,4.021145237816705
1710802120.0416763,4.02815130021837
1710802120.0417893,4.035157627529568
1710802120.041902,4.040062162611219
1710802120.042015,4.042864640553792
1710802120.042128,4.043915536668566
1710802120.042241,4.042163954840766
1710802120.0423539,4.037609895070394
1710802120.0424669,4.031304253472222
1710802120.04258,4.022896819644504
1710802120.042693,4.012737539079454
1710802120.0428057,4.004330105251736
1710802120.0429187,3.9938208791944714
1710802120.0430317,3.9829611778259277
1710802120.0431447,3.9714007907443576
1710802120.0432575,3.958088821834988
1710802120.0433705,3.942675060696072
1710802120.0434835,3.9251595073276095
1710802120.0435965,3.905191686418321
1710802120.0437093,3.8820711771647134
1710802120.0438223,3.856848610772027
1710802120.0439353,3.8312758339775934
1710802120.0440483,3.80395147535536
1710802120.044161,3.778028223249647
1710802120.044274,3.751054075029161
1710802120.044387,3.723729716406928
1710802120.0445,3.695354461669922
1710802120.044613,3.66452693939209
1710802120.044726,3.630896939171685
1710802120.044839,3.5948146714104547
1710802120.044952,3.5559299257066512
1710802120.0450647,3.514593177371555
1710802120.0451777,3.472555743323432
1710802120.0452907,3.4294671482510037
1710802120.0454037,3.3867290284898544
1710802120.0455165,3.3432902230156794
1710802120.0456295,3.2995012071397567
1710802120.0457425,3.254661295149061
1710802120.0458555,3.208420011732313
1710802120.0459683,3.1593762503729925
1710802120.0460813,3.10717953575982
1710802120.0461943,3.0521806081136065
1710802120.0463073,2.995429833730062
1710802120.04642,2.9372779528299966
1710802120.046533,2.8780751758151584
1710802120.046646,2.819222609202067
1710802120.0467591,2.7603700425889754
1710802120.046872,2.700466579861111
1710802120.046985,2.6398626963297525
1710802120.047098,2.576456069946289
1710802120.047211,2.5119985474480524
1710802120.0473237,2.4443880716959634
1710802120.0474367,2.3750262790256076
1710802120.0475497,2.303212218814426
1710802120.0476627,2.230347262488471
1710802120.0477755,2.15678162044949
1710802120.0478885,2.083566188812256
1710802120.0480015,2.008248964945475
1710802120.0481145,1.9325815306769476
1710802120.0482273,1.8565636210971408
1710802120.0483403,1.7780937088860405
1710802120.0484533,1.6971713966793485
1710802120.0485663,1.614847977956136
1710802120.048679,1.5290213955773246
1710802120.0487921,1.4431948131985135
1710802120.0489051,1.3549160957336426
1710802120.0490181,1.2662869029574924
1710802120.049131,1.1759062608083088
1710802120.049244,1.0858759615156386
1710802120.049357,0.9947946998808119
1710802120.04947,0.9023121992746989
1710802120.0495827,0.8101799752977159
1710802120.0496957,0.7159458928638034
1710802120.0498087,0.6213614675733778
1710802120.0499218,0.5257261461681789
1710802120.0500345,0.4293901721636454
1710802120.0501475,0.3323535786734687
1710802120.0502605,0.23531700174013773
1710802120.0503736,0.13687916927867466
1710802120.0504863,0.038791646560033165
1710802120.0505993,-0.05998476925823423
1710802120.0507123,-0.15840335024727714
1710802120.0508254,-0.2568219270971086
1710802120.0509381,-0.3566414780086941
1710802120.0510511,-0.45576055844624835
1710802120.0511642,-0.5527781777911716
1710802120.0512772,-0.6511967711978488
1710802120.05139,-0.747864113913642
1710802120.051503,-0.8459324306911892
1710802120.051616,-0.9436505370669894
1710802120.0517287,-1.0420691304736667
1710802120.0518417,-1.139436960220337
1710802120.0519547,-1.2378556198543973
1710802120.0520678,-1.3348731729719374
1710802120.0521805,-1.4308400948842366
1710802120.0522935,-1.5261064635382757
1710802120.0524065,-1.6210226217905679
1710802120.0525196,-1.713837252722846
1710802120.0526323,-1.8073524369133842
1710802120.0527453,-1.8991163041856554
1710802120.0528584,-1.9915807247161865
1710802120.0529714,-2.0836949348449707
1710802120.0530841,-2.1761593553755016
1710802120.0531971,-2.2668727238972983
1710802120.0533102,-2.356535063849555
1710802120.0534232,-2.4440961413913302
1710802120.053536,-2.5295556916130915
1710802120.053649,-2.6122132937113443
1710802120.053762,-2.6927693684895835
1710802120.053875,-2.770873705546061
1710802120.0539877,-2.8486280971103244
1710802120.0541008,-2.924280696445041
1710802120.0542138,-2.999232874976264
1710802120.0543268,-3.073134422302246
1710802120.0544395,-3.145284652709961
1710802120.0545526,-3.215683831108941
1710802120.0546656,-3.28363127178616
1710802120.0547786,-3.3498273955451117
1710802120.0548913,-3.412871095869276
1710802120.0550044,-3.4734633233812118
1710802120.0551174,-3.531954288482666
1710802120.0552304,-3.5893940925598145
1710802120.0553432,-3.644382423824734
1710802120.0554562,-3.699370755089654
1710802120.0555692,-3.7526080343458386
1710802120.0556822,-3.804443942175971
1710802120.055795,-3.854178852505154
1710802120.055908,-3.903212812211778
1710802120.056021,-3.9480442470974393
1710802120.056134,-3.9907738897535534
1710802120.0562468,-4.029300742679172
1710802120.0563598,-4.066076278686523
1710802120.0564728,-4.099699921078152
1710802120.0565858,-4.132622877756755
1710802120.0566986,-4.16379451751709
1710802120.0568116,-4.19321510526869
1710802120.0569246,-4.220884376102023
1710802120.0570376,-4.248903857337104
1710802120.0571504,-4.273771180046929
1710802120.0572634,-4.29653697543674
1710802120.0573764,-4.316500822703044
1710802120.0574894,-4.334013197157118
1710802120.0576022,-4.348373148176405
1710802120.0577152,-4.359580940670437
1710802120.0578282,-4.3690374162462025
1710802120.0579412,-4.376392629411486
1710802120.058054,-4.381296104855007
1710802120.058167,-4.38619958029853
1710802120.05828,-4.390402370029025
1710802120.058393,-4.392153686947292
1710802120.0585058,-4.392153686947292
1710802120.0586188,-4.389701949225532
1710802120.0587318,-4.384448263380262
1710802120.0588448,-4.376392629411486
1710802120.0589576,-4.3655350473192005
1710802120.0590706,-4.352225727505154
1710802120.0591836,-4.337865776485867
1710802120.0592966,-4.3214042981465655
1710802120.0594094,-4.3059934510125055
1710802120.0595224,-4.289882447984484
1710802120.0596354,-4.272720283932156
1710802120.0597484,-4.255208174387614
1710802120.0598612,-4.2348941167195635
1710802120.0599742,-4.21212805642022
1710802120.0600872,-4.186210102505154
1710802120.0602002,-4.1574902004665795
1710802120.060313,-4.127018981509738
1710802120.060426,-4.09479644563463
1710802120.060539,-4.060822592841254
1710802120.060652,-4.026849004957411
1710802120.0607648,-3.9928754170735674
1710802120.0608778,-3.957500722673204
1710802120.0609908,-3.9214256074693465
1710802120.0611038,-3.8835991753472223
1710802120.0612166,-3.8419201638963485
1710802120.0613296,-3.797789414723714
1710802120.0614426,-3.7505065070258246
1710802120.0615556,-3.700771861606174
1710802120.0616684,-3.649636109670003
1710802120.0617814,-3.5963990953233504
1710802120.0618944,-3.543862501780192
1710802120.0620074,-3.4892243809170194
1710802120.0621202,-3.4363375769721136
1710802120.0622332,-3.3806488249037
1710802120.0623462,-3.323558966318766
1710802120.0624592,-3.2636671596103244
1710802120.062572,-3.201323880089654
1710802120.062685,-3.135477966732449
1710802120.062798,-3.06753052605523
1710802120.062911,-2.99853245417277
1710802120.0630238,-2.9281335406833224
1710802120.0631368,-2.8566837310791016
1710802120.0632498,-2.7855841318766275
1710802120.0633628,-2.7134339014689126
1710802120.0634756,-2.6405829853481717
1710802120.0635886,-2.5666814380221896
1710802120.0637016,-2.489978207482232
1710802120.0638146,-2.410822974310981
1710802120.0639274,-2.3292160034179688
1710802120.0640404,-2.2469086117214627
1710802120.0641534,-2.1621496147579617
1710802120.0642664,-2.0770402749379477
1710802120.0643792,-1.9908803039126926
1710802120.0644922,-1.9040197796291776
1710802120.0646052,-1.8161084916856554
1710802120.0647182,-1.7285475465986464
1710802120.064831,-1.6378343105316162
1710802120.064944,-1.546070310804579
1710802120.065057,-1.4536058902740479
1710802120.06517,-1.3586897320217557
1710802120.0652828,-1.2623725997077093
1710802120.0653958,-1.1657052569919162
1710802120.0655088,-1.067286729812622
1710802120.0656219,-0.9674671623441908
1710802120.0657346,-0.8686982923083835
1710802120.0658476,-0.7681782378090752
1710802120.0659606,-0.66730797290802
1710802120.0660737,-0.5653869443469577
1710802120.0661864,-0.4638161924150255
1710802120.0662994,-0.3615449203385247
1710802120.0664124,-0.2592736482620239
1710802120.0665255,-0.15595164563920763
1710802120.0666382,-0.054030621217356786
1710802120.0667512,0.04895071188608805
1710802120.0668643,0.15159229437510172
1710802120.0669773,0.25598545869191486
1710802120.06709,0.3589773509237501
1710802120.067203,0.4630202054977417
1710802120.067316,0.5656617879867554
1710802120.067429,0.6679530276192559
1710802120.0675418,0.76814247502221
1710802120.0676548,0.8679815133412678
1710802120.0677679,0.9667697217729356
1710802120.0678809,1.0634559392929077
1710802120.0679936,1.160842842525906
1710802120.0681067,1.2578794691297743
1710802120.0682197,1.3538650671641033
1710802120.0683327,1.4502010080549452
1710802120.0684454,1.5465370814005532
1710802120.0685585,1.6404207547505696
1710802120.0686715,1.733604007297092
1710802120.0687845,1.8239846494462755
1710802120.0688972,1.9133142630259194
1710802120.0690103,2.0001918739742703
1710802120.0691233,2.0860184563530817
1710802120.0692363,2.1704437997606063
1710802120.069349,2.254518667856852
1710802120.069462,2.3385938008626304
1710802120.069575,2.422318458557129
1710802120.069688,2.503941324022081
1710802120.0698009,2.5848635037740073
1710802120.0699139,2.6633336808946395
1710802120.0700269,2.738650639851888
1710802120.07014,2.810464964972602
1710802120.0702527,2.880176968044705
1710802120.0703657,2.9470867580837674
1710802120.0704787,3.011894490983751
1710802120.0705917,3.075651592678494
1710802120.0707045,3.138007058037652
1710802120.0708175,3.199311892191569
1710802120.0709305,3.2588648796081543
1710802120.0710435,3.3173672358194985
1710802120.0711563,3.3723661634657116
1710802120.0712693,3.4245628780788846
1710802120.0713823,3.4743073251512313
1710802120.0714953,3.5198479228549533
1710802120.071608,3.5632867283291287
1710802120.071721,3.6042732662624783
1710802120.071834,3.6438584327697754
1710802120.071947,3.6823929680718317
1710802120.0720599,3.719526131947835
1710802120.0721729,3.755257924397786
1710802120.072286,3.789238135019938
1710802120.072399,3.822517924838596
1710802120.0725117,3.8515938652886286
1710802120.0726247,3.8789182239108615
1710802120.0727377,3.903440104590522
1710802120.0728507,3.9251595073276095
1710802120.0729635,3.9440764321221247
1710802120.0730765,3.9629933569166393
1710802120.0731895,3.979808224572076
1710802120.0733025,3.995572461022271
1710802120.0734153,4.010285536448161
1710802120.0735283,4.023947715759277
1710802120.0736413,4.0369092093573675
1710802120.0737543,4.047418700324164
1710802120.073867,4.056526819864909
1710802120.07398,4.061781300438775
1710802120.074093,4.064934253692627
1710802120.074206,4.064934253692627
1710802120.074319,4.063532882266574
1710802120.074432,4.0596795082092285
1710802120.074545,4.055125448438856
1710802120.074658,4.049520492553711
1710802120.0747707,4.043915536668566
1710802120.0748837,4.037609895070394
1710802120.0749967,4.02850177552965
1710802120.0751097,4.019043180677626
1710802120.0752225,4.007132583194308
1710802120.0753355,3.992419507768419
1710802120.0754485,3.973502582973904
1710802120.0755615,3.9535347620646157
1710802120.0756743,3.931815359327528
1710802120.0757873,3.9097457461886935
1710802120.0759003,3.8859245512220593
1710802120.0760133,3.8631542523701983
1710802120.076126,3.8403839535183377
1710802120.076239,3.815511597527398
1710802120.0763521,3.7909897168477373
1710802120.0764651,3.7629646725124783
1710802120.076578,3.7331883112589517
1710802120.076691,3.6992078357272677
1710802120.076804,3.6648771497938366
1710802120.076917,3.628094461229112
1710802120.0770297,3.591661983066135
1710802120.0771427,3.553477923075358
1710802120.0772557,3.515994283888075
1710802120.0773687,3.4785109096103244
1710802120.0774815,3.4399766392178006
1710802120.0775945,3.4007416831122503
1710802120.0777075,3.3587039841545954
1710802120.0778205,3.3131633864508734
1710802120.0779333,3.264820310804579
1710802120.0780463,3.2143751780192056
1710802120.0781593,3.162178728315565
1710802120.0782723,3.1075300110710993
1710802120.078385,3.053581714630127
1710802120.0784981,2.9989329973856607
1710802120.0786111,2.944284280141195
1710802120.0787241,2.888934877183702
1710802120.078837,2.832184102800157
1710802120.07895,2.772981325785319
1710802120.079063,2.711326281229655
1710802120.079176,2.6465185483296714
1710802120.0792887,2.579959233601888
1710802120.0794017,2.511648337046305
1710802120.0795147,2.442286279466417
1710802120.0796278,2.372223801083035
1710802120.0797405,2.3014606369866266
1710802120.0798535,2.230347262488471
1710802120.0799665,2.1592337555355496
1710802120.0800796,2.087069352467855
1710802120.0801923,2.011752128601074
1710802120.0803053,1.9357343514760335
1710802120.0804183,1.8565636210971408
1710802120.0805314,1.7766923374599881
1710802120.0806441,1.695069604449802
1710802120.0807571,1.6127460532718234
1710802120.0808702,1.5290213955773246
1710802120.0809832,1.4438954989115398
1710802120.081096,1.360521051618788
1710802120.081209,1.27574536535475
1710802120.081322,1.1895684401194255
1710802120.081435,1.1019903421401978
1710802120.0815477,1.0133612818188138
1710802120.0816607,0.9229806396696303
1710802120.0817738,0.8315490351782905
1710802120.0818868,0.7390665345721774
1710802120.0819995,0.6455330716239082
1710802120.0821126,0.5519995755619472
1710802120.0822256,0.4574151833852132
1710802120.0823386,0.3617798619800144
1710802120.0824513,0.2650935782326592
1710802120.0825644,0.1701588597562578
1710802120.0826774,0.07207134531603919
1710802120.0827904,-0.023909629219108157
1710802120.0829031,-0.12162772317727406
1710802120.0830162,-0.2189955777592129
1710802120.0831292,-0.31706392765045166
1710802120.0832422,-0.41443175739712185
1710802120.083355,-0.512850350803799
1710802120.083468,-0.6102181805504693
1710802120.083581,-0.7089870505862765
1710802120.083694,-0.8074055777655708
1710802120.0838068,-0.906174447801378
1710802120.0839198,-1.0038925541771782
1710802120.0840328,-1.1012603839238484
1710802120.0841458,-1.1972272396087646
1710802120.0842586,-1.2924936082628038
1710802120.0843716,-1.386008792453342
1710802120.0844846,-1.4805747403038871
1710802120.0845976,-1.5726889504326713
1710802120.0847104,-1.6672547658284504
1710802120.0848234,-1.7600693967607286
1710802120.0849364,-1.8525339497460258
1710802120.0850494,-1.94324705335829
1710802120.0851622,-2.033259868621826
1710802120.0852752,-2.1222217877705893
1710802120.0853882,-2.208031680848863
1710802120.0855012,-2.2920902570088706
1710802120.085614,-2.3747478591071234
1710802120.085727,-2.4563545650906033
1710802120.08584,-2.5365604294670954
1710802120.085953,-2.6171167691548667
1710802120.0860658,-2.6962717374165854
1710802120.0861788,-2.7754269705878363
1710802120.0862918,-2.8528308868408203
1710802120.0864048,-2.928483751085069
1710802120.0865176,-3.003435929616292
1710802120.0866306,-3.0748857392205133
1710802120.0867436,-3.143883811102973
1710802120.0868566,-3.211130566067166
1710802120.0869694,-3.276276058620877
1710802120.0870824,-3.3403706550598145
1710802120.0871954,-3.403064409891764
1710802120.0873084,-3.465057479010688
1710802120.0874212,-3.5256497065226235
1710802120.0875342,-3.5848410924275713
1710802120.0876472,-3.641230265299479
1710802120.0877602,-3.695167965359158
1710802120.087873,-3.7463034523857965
1710802120.087986,-3.794637256198459
1710802120.088099,-3.8401688469780817
1710802120.088212,-3.883248964945475
1710802120.0883248,-3.923527134789361
1710802120.0884378,-3.9624041981167264
1710802120.0885508,-3.9998801549275713
1710802120.0886638,-4.035955270131429
1710802120.0887766,-4.070629543728298
1710802120.0888896,-4.102852079603407
1710802120.0890026,-4.13437392976549
1710802120.0891156,-4.162393411000569
1710802120.0892284,-4.187961419423421
1710802120.0893414,-4.210377004411486
1710802120.0894544,-4.231041272481282
1710802120.0895674,-4.248903857337104
1710802120.0896802,-4.265365335676405
1710802120.0897932,-4.2804257074991865
1710802120.0899062,-4.294435448116726
1710802120.0900192,-4.307394557529025
1710802120.090132,-4.318952560424805
1710802120.090245,-4.329109721713595
1710802120.090358,-4.33751556608412
1710802120.090471,-4.343119462331136
1710802120.0905838,-4.345571200052897
1710802120.0906968,-4.345921410454644
1710802120.0908098,-4.343119462331136
1710802120.0909228,-4.338215986887614
1710802120.0910356,-4.331911669837104
1710802120.0911486,-4.324906667073567
1710802120.0912616,-4.3179019292195635
1710802120.0913746,-4.309846295250787
1710802120.0914874,-4.30038955476549
1710802120.0916004,-4.288481341467963
1710802120.0917134,-4.275522232055664
1710802120.0918264,-4.259060753716363
1710802120.0919392,-4.238746696048312
1710802120.0920522,-4.216681321461995
1710802120.0921652,-4.192164209153917
1710802120.0922782,-4.166596465640597
1710802120.092391,-4.1399778260125055
1710802120.092504,-4.112658765580919
1710802120.092617,-4.086040390862359
1710802120.09273,-4.057670434315999
1710802120.0928428,-4.028950532277425
1710802120.0929558,-3.9967279964023166
1710802120.0930688,-3.962754408518473
1710802120.0931816,-3.9249279763963485
1710802120.0932946,-3.884650071461995
1710802120.0934076,-3.8419201638963485
1710802120.0935206,-3.798489835527208
1710802120.0936334,-3.7540088759528265
1710802120.0937464,-3.708827495574951
1710802120.0938594,-3.6639963255988226
1710802120.0939724,-3.6188146803114147
1710802120.0940852,-3.570481141408284
1710802120.0941982,-3.521096706390381
1710802120.0943112,-3.468910323248969
1710802120.0944242,-3.4139219919840493
1710802120.094537,-3.356481922997369
1710802120.09465,-3.2965901162889266
1710802120.094763,-3.235297467973497
1710802120.094876,-3.1743550300598145
1710802120.0949888,-3.1116612752278643
1710802120.0951018,-3.049317995707194
1710802120.0952148,-2.986624240875244
1710802120.0953279,-2.92182895872328
1710802120.0954406,-2.8552826245625815
1710802120.0955536,-2.7866347630818686
1710802120.0956666,-2.714484532674154
1710802120.0957797,-2.6395323541429305
1710802120.0958924,-2.5631790690951877
1710802120.0960054,-2.484724521636963
1710802120.0961185,-2.4055692884657116
1710802120.0962315,-2.3253634240892196
1710802120.0963442,-2.2444568739997015
1710802120.0964572,-2.1628501680162215
1710802120.0965703,-2.0798423555162215
1710802120.0966833,-1.9950832260979545
1710802120.096796,-1.9082227018144395
1710802120.096909,-1.8203114138709173
1710802120.097022,-1.7309991518656411
1710802120.097135,-1.6395854949951172
1710802120.0972478,-1.54782149526808
1710802120.0973608,-1.4550068643358018
1710802120.0974739,-1.3618420230017767
1710802120.0975869,-1.2676262855529785
1710802120.0976996,-1.1734106805589464
1710802120.0978127,-1.0774437586466472
1710802120.0979257,-0.981476902961731
1710802120.0980387,-0.8848095602459377
1710802120.0981514,-0.7867411772410074
1710802120.0982645,-0.6872718864017062
1710802120.0983775,-0.588853292995029
1710802120.0984905,-0.4883332716094123
1710802120.0986032,-0.387813217110104
1710802120.0987163,-0.28659267557991874
1710802120.0988293,-0.18362091647254095
1710802120.0989423,-0.08134965267446306
1710802120.099055,0.021626328428586323
1710802120.099168,0.12426791919602288
1710802120.099281,0.22690950168503654
1710802120.099394,0.3292007909880744
1710802120.0995069,0.429740481906467
1710802120.0996199,0.5316814449098375
1710802120.0997329,0.6329217884275649
1710802120.099846,0.733811789088779
1710802120.0999587,0.8347018559773762
1710802120.1000717,0.9366428189807467
1710802120.1001847,1.037182543012831
1710802120.1002977,1.1387732293870714
1710802120.1004105,1.2382619910769992
1710802120.1005235,1.3359991709391277
1710802120.1006365,1.4316345585717094
1710802120.1007495,1.526919470893012
1710802120.1008623,1.6194020377265081
1710802120.1009753,1.7115342617034912
1710802120.1010883,1.802615589565701
1710802120.1012013,1.8940471278296576
1710802120.101314,1.9826761881510415
1710802120.101427,2.0730568303002253
1710802120.10154,2.161685890621609
1710802120.101653,2.2485635015699597
1710802120.1017659,2.331587473551432
1710802120.101879,2.413560814327664
1710802120.101992,2.4930816226535373
1710802120.102105,2.569099532233344
1710802120.1022177,2.6440662807888455
1710802120.1023307,2.7162308163113065
1710802120.1024437,2.7890957726372614
1710802120.1025567,2.860909832848443
1710802120.1026695,2.9323736826578775
1710802120.1027825,3.0017354753282333
1710802120.1028955,3.0693459510803223
1710802120.1030085,3.133102787865533
1710802120.1031213,3.196158938937717
1710802120.1032343,3.253960609436035
1710802120.1033473,3.310360908508301
1710802120.1034603,3.365360101064046
1710802120.103573,3.4172063403659396
1710802120.103686,3.4680016835530596
1710802120.103799,3.5184465514289007
1710802120.103912,3.5674903127882214
1710802120.104025,3.615132967631022
1710802120.104138,3.6603230900234647
1710802120.104251,3.7037618954976397
1710802120.104364,3.7440480126274958
1710802120.1044767,3.7808307011922198
1710802120.1045897,3.8148109118143716
1710802120.1047027,3.845988909403483
1710802120.1048157,3.8747143745422363
1710802120.1049285,3.9013383123609753
1710802120.1050415,3.926911089155409
1710802120.1051545,3.950732284122043
1710802120.1052675,3.9728018972608776
1710802120.1053803,3.9941710895962186
1710802120.1054933,4.013088014390734
1710802120.1056063,4.0295526716444225
1710802120.1057193,4.043915536668566
1710802120.105832,4.054775238037109
1710802120.105945,4.063182671864827
1710802120.1060581,4.069838523864746
1710802120.1061711,4.0750932693481445
1710802120.106284,4.078246222601996
1710802120.106397,4.08069822523329
1710802120.10651,4.083150492774116
1710802120.106623,4.084201388888888
1710802120.1067357,4.084551599290636
1710802120.1068487,4.083851178487142
1710802120.1069617,4.080348014831543
1710802120.1070747,4.074042373233371
1710802120.1071875,4.0659851498074
1710802120.1073005,4.055826134151882
1710802120.1074135,4.043214850955539
1710802120.1075265,4.0288519859313965
1710802120.1076393,4.0134382247924805
1710802120.1077523,3.9990753597683377
1710802120.1078653,3.9836615986294217
1710802120.1079783,3.9671969413757324
1710802120.108091,3.9500315984090166
1710802120.1082041,3.930414252811008
1710802120.1083171,3.908344374762641
1710802120.1084301,3.8827715979682074
1710802120.108543,3.854396343231201
1710802120.108656,3.8239192962646484
1710802120.108769,3.791690402560764
1710802120.108882,3.758060402340359
1710802120.1089947,3.7254812982347274
1710802120.1091077,3.6918512980143228
1710802120.1092207,3.658221297793918
1710802120.1093338,3.623890611860487
1710802120.1094465,3.5874581336975098
1710802120.1095595,3.5492740737067328
1710802120.1096725,3.50723663965861
1710802120.1097856,3.4630971484714084
1710802120.1098983,3.4172063403659396
1710802120.1100113,3.369563685523139
1710802120.1101243,3.3205199241638184
1710802120.1102374,3.271826638115777
1710802120.1103501,3.223133087158203
1710802120.1104631,3.1740893257988825
1710802120.1105762,3.123293982611762
1710802120.1106892,3.072148429022895
1710802120.110802,3.0182001325819225
1710802120.110915,2.960398726993137
1710802120.111028,2.9008454746670194
1710802120.111141,2.8391904301113553
1710802120.1112537,2.7757838037278915
1710802120.1113667,2.711326281229655
1710802120.1114798,2.646868758731418
1710802120.1115928,2.581360340118408
1710802120.1117055,2.515501711103651
1710802120.1118186,2.449993292490641
1710802120.1119316,2.3813319206237793
1710802120.1120446,2.311269442240397
1710802120.1121573,2.238404485914442
1710802120.1122704,2.1634374724494085
1710802120.1123834,2.0860184563530817
1710802120.1124964,2.0075484116872153
1710802120.1126091,1.9276771280500624
1710802120.1127222,1.8471052911546495
1710802120.1128352,1.7658327685462103
1710802120.1129482,1.6845602459377713
1710802120.113061,1.6018863519032795
1710802120.113174,1.5178113513522677
1710802120.113287,1.4312842157151964
1710802120.1134,1.3433557086520724
1710802120.1135128,1.2547266483306885
1710802120.1136258,1.1629447672102187
1710802120.1137388,1.0715131627188788
1710802120.1138518,0.9779796997706095
1710802120.1139646,0.8844462368223402
1710802120.1140776,0.7909127738740709
1710802120.1141906,0.6959780719545152
1710802120.1143036,0.6017439895206027
1710802120.1144164,0.5064589447445339
1710802120.1145294,0.4104733135965135
1710802120.1146424,0.3130864103635152
1710802120.1147554,0.21675043635898167
1710802120.1148682,0.12006416916847229
1710802120.1149812,0.022326954123046663
1710802120.1150942,-0.07574574814902411
1710802120.1152072,-0.17451458507113987
1710802120.11532,-0.27293316192097133
1710802120.115433,-0.37240246931711835
1710802120.115546,-0.4715215497546726
1710802120.115659,-0.5713411172231039
1710802120.1157718,-0.6704601976606581
1710802120.1158848,-0.7692290014690822
1710802120.1159978,-0.8679978052775065
1710802120.1161108,-0.9660661882824367
1710802120.1162236,-1.0634340180291069
1710802120.1163366,-1.1608019140031602
1710802120.1164496,-1.2585200203789604
1710802120.1165626,-1.3562379942999945
1710802120.1166754,-1.4543064435323079
1710802120.1167884,-1.550973786248101
1710802120.1169014,-1.6476411289638944
1710802120.1170144,-1.7429074976179335
1710802120.1171272,-1.8360724714067247
1710802120.1172402,-1.9271359178755019
1710802120.1173532,-2.018199364344279
1710802120.1174662,-2.106460862689548
1710802120.117579,-2.194722361034817
1710802120.117692,-2.282283306121826
1710802120.117805,-2.3691439628601074
1710802120.117918,-2.4556541442871094
1710802120.1180308,-2.5404132737053766
1710802120.1181438,-2.624821927812364
1710802120.1182568,-2.7057284779018826
1710802120.1183698,-2.7848837110731335
1710802120.1184826,-2.8615869416130915
1710802120.1185956,-2.935488488939073
1710802120.1187086,-3.006588088141547
1710802120.1188216,-3.0776876873440213
1710802120.1189344,-3.1456348631117077
1710802120.1190474,-3.2135823037889266
1710802120.1191604,-3.2804788483513727
1710802120.1192734,-3.3456243409050836
1710802120.1193862,-3.409368726942274
1710802120.1194992,-3.471011850568983
1710802120.1196122,-3.5305531819661455
1710802120.1197252,-3.5869426197475858
1710802120.119838,-3.641230265299479
1710802120.119951,-3.692015806833903
1710802120.120064,-3.7414002418518066
1710802120.120177,-3.789033359951443
1710802120.1202898,-3.835265636444092
1710802120.1204028,-3.880797227223714
1710802120.1205158,-3.9249279763963485
1710802120.1206288,-3.966256777445475
1710802120.1207416,-4.006534947289361
1710802120.1208546,-4.044361379411486
1710802120.1209676,-4.078334967295329
1710802120.1210806,-4.110207027859158
1710802120.1211934,-4.138927194807264
1710802120.1213064,-4.165195359124078
1710802120.1214194,-4.189012050628662
1710802120.1215324,-4.210377004411486
1710802120.1216452,-4.233142799801296
1710802120.1217582,-4.252406226264106
1710802120.1218712,-4.270268546210395
1710802120.1219842,-4.28778092066447
1710802120.122097,-4.30284129248725
1710802120.12221,-4.316150612301296
1710802120.122323,-4.325957563188341
1710802120.122436,-4.334013197157118
1710802120.1225488,-4.337865776485867
1710802120.1226618,-4.340667724609375
1710802120.1227748,-4.340317514207628
1710802120.1228878,-4.340667724609375
1710802120.1230006,-4.337865776485867
1710802120.1231136,-4.336114459567599
1710802120.1232266,-4.33121124903361
1710802120.1233397,-4.327008194393581
1710802120.1234524,-4.318602350023058
1710802120.1235654,-4.309846295250787
1710802120.1236784,-4.296887185838488
1710802120.1237915,-4.2804257074991865
1710802120.1239042,-4.263263808356391
1710802120.1240172,-4.244000381893581
1710802120.1241302,-4.223335848914252
1710802120.1242433,-4.201971160040961
1710802120.124356,-4.1809564166598845
1710802120.124469,-4.159591462877062
1710802120.124582,-4.137175877888997
1710802120.124695,-4.113008975982666
1710802120.1248078,-4.086740811665853
1710802120.1249208,-4.057670434315999
1710802120.1250339,-4.024747477637397
1710802120.1251469,-3.9897232585483127
1710802120.1252596,-3.953297668033176
1710802120.1253726,-3.9144206047058105
1710802120.1254857,-3.875893751780192
1710802120.1255987,-3.8370166884528265
1710802120.1257114,-3.797439204321967
1710802120.1258245,-3.7568108240763345
1710802120.1259375,-3.7140811814202204
1710802120.1260505,-3.6696002218458386
1710802120.1261632,-3.6209162076314287
1710802120.1262763,-3.5708313518100314
1710802120.1263893,-3.5165434413486056
1710802120.1265023,-3.460854689280192
1710802120.126615,-3.404115041097005
1710802120.126728,-3.346324761708577
1710802120.126841,-3.2885344823201494
1710802120.126954,-3.230043782128228
1710802120.1270669,-3.1715530819363065
1710802120.1271799,-3.1109608544243708
1710802120.1272929,-3.048617309994168
1710802120.127406,-2.9824211862352157
1710802120.1275187,-2.9158748520745172
1710802120.1276317,-2.8465265697903104
1710802120.1277447,-2.7740261289808483
1710802120.1278577,-2.7025763193766275
1710802120.1279705,-2.6283245616488986
1710802120.1280835,-2.5561743312411838
1710802120.1281965,-2.4815723631117077
1710802120.1283095,-2.4062697092692056
1710802120.1284223,-2.3299164242214627
1710802120.1285353,-2.251461876763238
1710802120.1286483,-2.17195643319024
1710802120.1287613,-2.0885984102884927
1710802120.128874,-2.0045398341284857
1710802120.128987,-1.9183797306484647
1710802120.1291,-1.8311689959632025
1710802120.129213,-1.7429074976179335
1710802120.1293259,-1.6542957888709173
1710802120.1294389,-1.564282973607381
1710802120.129552,-1.4746205012003581
1710802120.129665,-1.382856633928087
1710802120.1297777,-1.2907424237993028
1710802120.1298907,-1.1965268188052707
1710802120.1300037,-1.1023110813564725
1710802120.1301167,-1.0066945023006864
1710802120.1302295,-0.9096768829557631
1710802120.1303425,-0.8126592636108398
1710802120.1304555,-0.7156416442659166
1710802120.1305685,-0.6172230508592393
1710802120.1306813,-0.5184542470508151
1710802120.1307943,-0.41933516661326087
1710802120.1309073,-0.3198658757739597
1710802120.1310203,-0.21864533424377441
1710802120.131133,-0.11917601856920454
1710802120.131246,-0.019356457309590444
1710802120.131359,0.08047884537114038
1710802120.131472,0.18031792508231267
1710802120.131585,0.2798067198859321
1710802120.131698,0.37999610106150306
1710802120.131811,0.47948489586512244
1710802120.131924,0.579674310154385
1710802120.1320367,0.679863691329956
1710802120.1321497,0.7783014906777276
1710802120.1322627,0.8781405952241685
1710802120.1323757,0.9751772218280368
1710802120.1324885,1.0711628198623657
1710802120.1326015,1.1657472451527913
1710802120.1327145,1.259981393814087
1710802120.1328275,1.3542154100206163
1710802120.1329403,1.4463476339975994
1710802120.1330533,1.5405816502041287
1710802120.1331663,1.633764902750651
1710802120.1332793,1.7269480228424072
1710802120.133392,1.8180292182498508
1710802120.133505,1.9094608889685736
1710802120.133618,1.9973892635769315
1710802120.1337311,2.083566188812256
1710802120.133844,2.1676411893632674
1710802120.133957,2.24996460808648
1710802120.13407,2.330886787838406
1710802120.134183,2.410057650672065
1710802120.1342957,2.4899289343092175
1710802120.1344087,2.568398846520318
1710802120.1345217,2.6447669665018716
1710802120.1346345,2.7211350864834256
1710802120.1347475,2.7936498324076333
1710802120.1348605,2.864062786102295
1710802120.1349735,2.9323736826578775
1710802120.1350863,2.9971814155578613
1710802120.1351993,3.059186670515272
1710802120.1353123,3.119090133243137
1710802120.1354253,3.176541593339708
1710802120.135538,3.233642578125
1710802120.135651,3.2896924018859863
1710802120.1357641,3.3446915944417315
1710802120.1358771,3.3982894155714245
1710802120.13599,3.4483840730455184
1710802120.136103,3.496727148691813
1710802120.136216,3.542267746395535
1710802120.136329,3.585005866156684
1710802120.1364417,3.6245912975735135
1710802120.1365547,3.66277535756429
1710802120.1366677,3.6992078357272677
1710802120.1367807,3.7345894177754717
1710802120.1368935,3.768569893307156
1710802120.1370065,3.8018494182162814
1710802120.1371195,3.8333776262071395
1710802120.1372325,3.8635044627719455
1710802120.1373453,3.892230192820231
1710802120.1374583,3.9174524943033853
1710802120.1375713,3.9395223723517523
1710802120.1376843,3.9598404036627874
1710802120.137797,3.9777064323425293
1710802120.1379101,3.9931201934814453
1710802120.1380231,4.0067823727925616
1710802120.1381361,4.019743866390652
1710802120.138249,4.031654463873969
1710802120.138362,4.042514165242513
1710802120.138475,4.05267318089803
1710802120.138588,4.060380193922255
1710802120.1387007,4.066335360209147
1710802120.1388137,4.070539209577772
1710802120.1389267,4.070539209577772
1710802120.1390398,4.068437417348226
1710802120.1391525,4.064233567979601
1710802120.1392655,4.0589788224962025
1710802120.1393785,4.0516222847832575
1710802120.1394916,4.043915536668566
1710802120.1396043,4.035157627529568
1710802120.1397173,4.026399718390571
1710802120.1398304,4.016591178046332
1710802120.1399434,4.004330105251736
1710802120.1400561,3.9910184012518988
1710802120.1401691,3.9738530582851834
1710802120.1402822,3.9549361334906683
1710802120.1403952,3.9328662554423013
1710802120.140508,3.9093955357869463
1710802120.140621,3.8845231797960067
1710802120.140734,3.858950403001573
1710802120.140847,3.8333776262071395
1710802120.1409597,3.808155059814453
1710802120.1410728,3.7822320726182723
1710802120.1411858,3.755257924397786
1710802120.1412988,3.7254812982347274
1710802120.1414115,3.693602879842122
1710802120.1415246,3.658571508195665
1710802120.1416376,3.6217888196309405
1710802120.1417506,3.5825538635253906
1710802120.1418633,3.542267746395535
1710802120.1419764,3.5016316837734647
1710802120.1420894,3.4616960419548883
1710802120.1422024,3.4214099248250323
1710802120.1423151,3.380073176489936
1710802120.1424282,3.3369845814175076
1710802120.1425412,3.2914439837137857
1710802120.1426542,3.2445020145840116
1710802120.142767,3.191955354478624
1710802120.14288,3.137656847635905
1710802120.142993,3.081256548563639
1710802120.143106,3.022754192352295
1710802120.1432188,2.963901890648736
1710802120.1433318,2.9046988487243652
1710802120.1434448,2.8447953859965005
1710802120.1435578,2.784891923268636
1710802120.1436706,2.722185982598199
1710802120.1437836,2.6601807276407876
1710802120.1438966,2.594322098626031
1710802120.1440096,2.526361412472195
1710802120.1441224,2.45664914449056
1710802120.1442354,2.3848350842793784
1710802120.1443484,2.3119701279534235
1710802120.1444614,2.2387546963161893
1710802120.1445742,2.165189054277208
1710802120.1446872,2.091273069381714
1710802120.1448002,2.0170068740844727
1710802120.1449132,1.9406387541029189
1710802120.145026,1.8632196055518255
1710802120.145139,1.7843992180294461
1710802120.145252,1.703126695421007
1710802120.145365,1.6197523805830214
1710802120.1454778,1.5356773800320096
1710802120.1455908,1.4502010080549452
1710802120.1457038,1.3629731867048476
1710802120.1458168,1.2764460510677762
1710802120.1459296,1.1892182297176785
1710802120.1460426,1.0998884836832683
1710802120.1461556,1.010208461019728
1710802120.1462686,0.9191271993849013
1710802120.1463814,0.8266446325514052
1710802120.1464944,0.7324105501174927
1710802120.1466074,0.637475848197937
1710802120.1467204,0.5407895975642734
1710802120.1468332,0.4434026943312751
1710802120.1469462,0.3453151716126336
1710802120.1470592,0.24582639336585999
1710802120.1471722,0.14703823460472953
1710802120.147285,0.046848836872312755
1710802120.147398,-0.05333013004726834
1710802120.147511,-0.1538501845465766
1710802120.147624,-0.25401997897360057
1710802120.1477368,-0.35489026043150157
1710802120.1478498,-0.45435958438449436
1710802120.1479628,-0.5538289083374871
1710802120.1480758,-0.6522474686304728
1710802120.1481886,-0.752067036098904
1710802120.1483016,-0.8511861165364583
1710802120.1484146,-0.9513558944066365
1710802120.1485276,-1.0494242774115667
1710802120.1486404,-1.149594121509128
1710802120.1487534,-1.2476624382866752
1710802120.1488664,-1.3457307550642226
1710802120.1489794,-1.4427483081817627
1710802120.1490922,-1.5376644664340549
1710802120.1492052,-1.632930835088094
1710802120.1493182,-1.7260958088768852
1710802120.1494312,-1.8206616242726643
1710802120.149544,-1.9141768084632025
1710802120.149657,-2.0083925459120007
1710802120.14977,-2.101907730102539
1710802120.149883,-2.19437215063307
1710802120.1499958,-2.2847350438435874
1710802120.1501088,-2.37369696299235
1710802120.1502218,-2.4612580405341253
1710802120.1503348,-2.544966538747152
1710802120.1504476,-2.6276241408454046
1710802120.1505606,-2.7074795299106174
1710802120.1506736,-2.787335183885362
1710802120.1507866,-2.8661402066548667
1710802120.1508994,-2.9435441229078503
1710802120.1510124,-3.0198974079555936
1710802120.1511254,-3.0948495864868164
1710802120.1512384,-3.1687511338127985
1710802120.1513512,-3.239850733015272
1710802120.1514642,-3.309199015299479
1710802120.1515772,-3.3739940325419107
1710802120.1516902,-3.4373882081773544
1710802120.151803,-3.4976302252875433
1710802120.151916,-3.556821611192491
1710802120.152029,-3.614611890580919
1710802120.152142,-3.6710010634528265
1710802120.1522548,-3.7249387635125055
1710802120.1523678,-3.777475357055664
1710802120.1524808,-3.8286108440823026
1710802120.1525939,-3.877294858296712
1710802120.1527066,-3.9228264490763345
1710802120.1528196,-3.965556356641981
1710802120.1529326,-4.004783630371094
1710802120.1530457,-4.041208955976698
1710802120.1531584,-4.075533019171821
1710802120.1532714,-4.108105765448676
1710802120.1533844,-4.1399778260125055
1710802120.1534975,-4.170098834567599
1710802120.1536102,-4.1995194223192005
1710802120.1537232,-4.226838482750787
1710802120.1538363,-4.252756436665853
1710802120.1539493,-4.276573128170437
1710802120.154062,-4.29653697543674
1710802120.154175,-4.315099981096056
1710802120.154288,-4.330510563320583
1710802120.154401,-4.343119462331136
1710802120.1545138,-4.352926148308648
1710802120.1546268,-4.363083309597439
1710802120.1547399,-4.37078873316447
1710802120.1548529,-4.377093050214979
1710802120.1549656,-4.383747842576769
1710802120.1550786,-4.387600421905518
1710802120.1551917,-4.390752580430773
1710802120.1553047,-4.390052159627278
1710802120.1554174,-4.387600421905518
1710802120.1555305,-4.381296104855007
1710802120.1556435,-4.372540050082736
1710802120.1557565,-4.360981782277425
1710802120.1558692,-4.347672727372911
1710802120.1559823,-4.334013197157118
1710802120.1560953,-4.318952560424805
1710802120.1562083,-4.303892188602023
1710802120.156321,-4.287430710262722
1710802120.156434,-4.270268546210395
1710802120.156547,-4.250654909345839
1710802120.15666,-4.228239324357775
1710802120.1567729,-4.202671580844455
1710802120.1568859,-4.174652099609375
1710802120.1569989,-4.1441808806525335
1710802120.157112,-4.112658765580919
1710802120.1572247,-4.079735808902316
1710802120.1573377,-4.046812852223714
1710802120.1574507,-4.013889895545112
1710802120.1575637,-3.9799163076612682
1710802120.1576765,-3.944541613260905
1710802120.1577895,-3.9074158668518066
1710802120.1579025,-3.8678381178114147
1710802120.1580155,-3.8244080543518066
1710802120.1581283,-3.778525988260905
1710802120.1582413,-3.7305426597595215
1710802120.1583543,-3.6804575390285916
1710802120.1584673,-3.629322052001953
1710802120.15858,-3.577485879262288
1710802120.158693,-3.52635039223565
1710802120.158806,-3.4720624817742243
1710802120.158919,-3.4191756778293185
1710802120.1590319,-3.3627862400478787
1710802120.1591449,-3.304645750257704
1710802120.159258,-3.243353101942274
1710802120.159371,-3.1799589263068304
1710802120.1594837,-3.1137628025478787
1710802120.1595967,-3.0465157826741533
1710802120.1597097,-2.9775177107916937
1710802120.1598227,-2.9088701142205133
1710802120.1599355,-2.838120725419786
1710802120.1600485,-2.768071757422553
1710802120.1601615,-2.6966222127278647
1710802120.1602745,-2.6230708758036294
1710802120.1603873,-2.54776848687066
1710802120.1605003,-2.4707147810194225
1710802120.1606133,-2.3898082309299045
1710802120.1607263,-2.307851049635145
1710802120.160839,-2.224843237135145
1710802120.160952,-2.1404344505733914
1710802120.161065,-2.0553252432081432
1710802120.161178,-1.9698656929863823
1710802120.161291,-1.8840557999081082
1710802120.161404,-1.796494854821099
1710802120.161517,-1.708583566877577
1710802120.16163,-1.61822067366706
1710802120.1617427,-1.5275074376000297
1710802120.1618557,-1.4346926742129855
1710802120.1619687,-1.3415278328789604
1710802120.1620817,-1.2466116746266682
1710802120.1621945,-1.152045726776123
1710802120.1623075,-1.056429147720337
1710802120.1624205,-0.9594115283754137
1710802120.1625335,-0.8616934219996134
1710802120.1626463,-0.7639753156238132
1710802120.1627593,-0.665906998846266
1710802120.1628723,-0.5667879184087118
1710802120.1629853,-0.4666181405385335
1710802120.163098,-0.36714881658554077
1710802120.163211,-0.266278518570794
1710802120.163324,-0.1657584806283315
1710802120.1634371,-0.06418769558270772
1710802120.16355,0.03704008128907945
1710802120.163663,0.14038229982058206
1710802120.163776,0.24232326282395256
1710802120.163889,0.3460157910982768
1710802120.1640017,0.44830706384446883
1710802120.1641147,0.5512989560763041
1710802120.1642277,0.6521889898512099
1710802120.1643407,0.752728713883294
1710802120.1644535,0.852567818429735
1710802120.1645665,0.9506553411483765
1710802120.1646795,1.048742863867018
1710802120.1647925,1.1461297671000164
1710802120.1649053,1.244567632675171
1710802120.1650183,1.3426551553938124
1710802120.1651313,1.4393414391411674
1710802120.1652443,1.534276141060723
1710802120.165357,1.6285101572672525
1710802120.1654701,1.7195914851294622
1710802120.1655831,1.8092714415656195
1710802120.1656961,1.8964992629157171
1710802120.165809,1.9826761881510415
1710802120.165922,2.0674518744150796
1710802120.166035,2.1515268749660916
1710802120.166148,2.2349013222588434
1710802120.1662607,2.318625979953342
1710802120.1663737,2.400599055820041
1710802120.1664867,2.480820814768473
1710802120.1665998,2.5582398308648004
1710802120.1667125,2.6335570547315807
1710802120.1668255,2.706071800655789
1710802120.1669385,2.7757838037278915
1710802120.1670516,2.8437444898817272
1710802120.1671643,2.9099535942077637
1710802120.1672773,2.975812488132053
1710802120.1673903,3.0399195353190103
1710802120.1675034,3.102975951300727
1710802120.1676161,3.1656818919711642
1710802120.1677291,3.2259355651007757
1710802120.1678421,3.2826863394843206
1710802120.1679552,3.338035477532281
1710802120.168068,3.3895315064324274
1710802120.168181,3.438575267791748
1710802120.168294,3.484466340806749
1710802120.168407,3.5286055670844183
1710802120.1685197,3.570292790730794
1710802120.1686327,3.610929118262397
1710802120.1687458,3.6515654457939997
1710802120.1688588,3.6897495057847762
1710802120.1689715,3.72688266966078
1710802120.1690845,3.761563565995958
1710802120.1691976,3.7937921947903104
1710802120.1693106,3.823218610551622
1710802120.1694233,3.849842283460829
1710802120.1695364,3.8740139537387424
1710802120.1696494,3.89573335647583
1710802120.1697624,3.915000491672092
1710802120.1698751,3.933917416466607
1710802120.1699882,3.9510827594333224
1710802120.1701012,3.9678976270887585
1710802120.1702142,3.9822604921129012
1710802120.170327,3.995922671424018
1710802120.17044,4.007833268907335
1710802120.170553,4.017992284562853
1710802120.170666,4.02499861187405
1710802120.1707788,4.029902882046169
1710802120.1708918,4.032705359988742
1710802120.1710048,4.034106731414795
1710802120.1711178,4.034456941816542
1710802120.1712306,4.034106731414795
1710802120.1713436,4.032705359988742
1710802120.1714566,4.030953778160943
1710802120.1715696,4.02815130021837
1710802120.1716824,4.024648401472303
1710802120.1717954,4.019393655988905
1710802120.1719084,4.010635746849908
1710802120.1720214,3.999425835079617
1710802120.1721342,3.985413180457221
1710802120.1722472,3.968598312801785
1710802120.1723602,3.950382073720296
1710802120.1724732,3.9314651489257812
1710802120.172586,3.911497328016493
1710802120.172699,3.8904786109924316
1710802120.172812,3.8691094186570907
1710802120.172925,3.847390015920003
1710802120.1730378,3.823568820953369
1710802120.1731508,3.797295358445909
1710802120.1732638,3.76927031411065
1710802120.1733768,3.7363409996032715
1710802120.1734896,3.703411685095893
1710802120.1736026,3.6673294173346624
1710802120.1737156,3.630896939171685
1710802120.1738286,3.5941139856974282
1710802120.1739414,3.557681507534451
1710802120.1740544,3.5212490293714733
1710802120.1741674,3.4841158654954696
1710802120.1742804,3.4462822808159723
1710802120.1743932,3.4063466389973955
1710802120.1745062,3.3629078335232205
1710802120.1746192,3.3173672358194985
1710802120.1747322,3.269724580976698
1710802120.174845,3.2199801339043512
1710802120.174958,3.16953526602851
1710802120.175071,3.118389712439643
1710802120.175184,3.0675943692525225
1710802120.1752968,3.0157481299506292
1710802120.1754098,2.9642521010504828
1710802120.1755228,2.9099535942077637
1710802120.1756358,2.8546041912502713
1710802120.1757486,2.795401414235433
1710802120.1758616,2.734096580081516
1710802120.1759746,2.6699895328945584
1710802120.1760874,2.6034302181667752
1710802120.1762004,2.537221113840739
1710802120.1763134,2.469260427686903
1710802120.1764264,2.4012997415330672
1710802120.1765392,2.3329888449774847
1710802120.1766522,2.2639772627088757
1710802120.1767652,2.1939146518707275
1710802120.1768782,2.1206993526882596
1710802120.176991,2.0460828145345054
1710802120.177104,1.9700649049546983
1710802120.177217,1.891594860288832
1710802120.17733,1.810322470135159
1710802120.1774428,1.7297505007849798
1710802120.1775558,1.6481276353200276
1710802120.1776688,1.5661545594533284
1710802120.1777818,1.4831304550170898
1710802120.1778946,1.399405797322591
1710802120.1780076,1.3149804539150662
1710802120.1781206,1.2291538715362549
1710802120.1782336,1.141225364473131
1710802120.1783464,1.0518956846661038
1710802120.1784594,0.9611646996604072
1710802120.1785724,0.8704337146547105
1710802120.1786854,0.7783014906777276
1710802120.1787982,0.6847680277294582
1710802120.1789112,0.5915849076377021
1710802120.1790242,0.4973508252037896
1710802120.1791372,0.4027664330270555
1710802120.17925,0.30783169799380833
1710802120.179363,0.2121963765886095
1710802120.179476,0.11656103862656488
1710802120.179589,0.019524453414811026
1710802120.1797018,-0.07714673048920101
1710802120.1798148,-0.17346383796797857
1710802120.1799278,-0.27153218785921734
1710802120.1800408,-0.36890003416273326
1710802120.1801536,-0.467668871084849
1710802120.1802666,-0.5660874313778347
1710802120.1803796,-0.665556788444519
1710802120.1804926,-0.7646758026546902
1710802120.1806054,-0.8630943960613674
1710802120.1807184,-0.9615129894680446
1710802120.1808314,-1.059931582874722
1710802120.1809444,-1.1565989918178983
1710802120.1810572,-1.2536165449354384
1710802120.1811702,-1.3502838876512315
1710802120.1812832,-1.4462508095635307
1710802120.1813962,-1.5432683626810708
1710802120.181509,-1.6388850741916232
1710802120.181622,-1.7352020740509033
1710802120.181735,-1.8297680219014485
1710802120.181848,-1.9225826528337266
1710802120.1819608,-2.013996442159017
1710802120.1820738,-2.104009124967787
1710802120.1821868,-2.191219859653049
1710802120.1822999,-2.277029620276557
1710802120.1824126,-2.3607381184895835
1710802120.1825256,-2.444796562194824
1710802120.1826386,-2.5285050604078503
1710802120.1827517,-2.610461976793077
1710802120.1828644,-2.6917187372843423
1710802120.1829774,-2.770873705546061
1710802120.1830904,-2.850379149119059
1710802120.1832035,-2.925681802961561
1710802120.1833162,-2.99853245417277
1710802120.1834292,-3.070332474178738
1710802120.1835423,-3.138279914855957
1710802120.1836553,-3.2055266698201494
1710802120.183768,-3.2710223727756076
1710802120.183881,-3.3358173900180392
1710802120.183994,-3.399211565653483
1710802120.184107,-3.4619053204854326
1710802120.1842198,-3.5231979688008623
1710802120.1843328,-3.5823893547058105
1710802120.1844459,-3.638428317175971
1710802120.1845589,-3.692716227637397
1710802120.1846716,-3.743501504262288
1710802120.1847847,-3.792535728878445
1710802120.1848977,-3.8387680053710938
1710802120.1850107,-3.8828987545437283
1710802120.1851234,-3.9256283971998425
1710802120.1852365,-3.9673076735602484
1710802120.1853495,-4.0072353680928545
1710802120.1854625,-4.045412010616726
1710802120.1855752,-4.0825377570258246
1710802120.1856883,-4.117212030622694
1710802120.1858013,-4.148383670383029
1710802120.1859143,-4.178154468536377
1710802120.186027,-4.203722212049696
1710802120.18614,-4.22753890355428
1710802120.186253,-4.248553646935357
1710802120.186366,-4.268167283799913
1710802120.1864789,-4.285679393344455
1710802120.1865919,-4.302491082085504
1710802120.1867049,-4.3179019292195635
1710802120.186818,-4.332612090640597
1710802120.1869307,-4.344870779249403
1710802120.1870437,-4.356078571743435
1710802120.1871567,-4.3634335199991865
1710802120.1872697,-4.368687205844455
1710802120.1873825,-4.37078873316447
1710802120.1874955,-4.370438522762722
1710802120.1876085,-4.368687205844455
1710802120.1877215,-4.3655350473192005
1710802120.1878343,-4.360631571875678
1710802120.1879473,-4.355027675628662
1710802120.1880603,-4.349073568979899
1710802120.1881733,-4.3420688311258955
1710802120.188286,-4.332612090640597
1710802120.188399,-4.320703877343072
1710802120.188512,-4.306694136725532
1710802120.188625,-4.28883155186971
1710802120.1887379,-4.268167283799913
1710802120.1888509,-4.245751698811849
1710802120.188964,-4.222635428110759
1710802120.189077,-4.1974178949991865
1710802120.1891897,-4.172200361887614
1710802120.1893027,-4.146982828776042
1710802120.1894157,-4.12176529566447
1710802120.1895287,-4.09339533911811
1710802120.1896415,-4.063624805874294
1710802120.1897545,-4.030001163482666
1710802120.1898675,-3.9942762586805554
1710802120.1899805,-3.954698774549696
1710802120.1900933,-3.9123193422953286
1710802120.1902063,-3.8699396451314287
1710802120.1903193,-3.8261591063605414
1710802120.1904323,-3.780977725982666
1710802120.190545,-3.737197187211778
1710802120.190658,-3.6909649107191296
1710802120.190771,-3.6447328991360135
1710802120.190884,-3.5956986745198565
1710802120.190997,-3.544562922583686
1710802120.19111,-3.489574591318766
1710802120.191223,-3.4328352080451117
1710802120.191336,-3.3739940325419107
1710802120.1914487,-3.313401805029975
1710802120.1915617,-3.253159787919786
1710802120.1916747,-3.1918671396043563
1710802120.1917877,-3.1305744912889266
1710802120.1919005,-3.06893163257175
1710802120.1920135,-3.00483677122328
1710802120.1921265,-2.9393413331773544
1710802120.1922395,-2.8720943133036294
1710802120.1923523,-2.801345189412435
1710802120.1924653,-2.7270934316847057
1710802120.1925783,-2.652140988243951
1710802120.1926913,-2.5743868615892196
1710802120.192804,-2.496632734934489
1710802120.192917,-2.417477501763238
1710802120.19303,-2.33797205819024
1710802120.1931431,-2.257065773010254
1710802120.193256,-2.175809144973755
1710802120.193369,-2.0914003584120007
1710802120.193482,-2.00594080819024
1710802120.193595,-1.9180295202467177
1710802120.1937077,-1.8283670478396945
1710802120.1938207,-1.7373036013709173
1710802120.1939337,-1.6441386275821261
1710802120.1940467,-1.551323996649848
1710802120.1941595,-1.4578088124593098
1710802120.1942725,-1.3635932074652777
1710802120.1943855,-1.2683268388112385
1710802120.1944985,-1.1720097064971924
1710802120.1946113,-1.076042784584893
1710802120.1947243,-0.9779744678073459
1710802120.1948373,-0.8795558744006686
1710802120.1949503,-0.7797363069322374
1710802120.195063,-0.6806172264946831
1710802120.1951761,-0.5797469615936279
1710802120.1952891,-0.47887666357888115
1710802120.1954021,-0.37765612204869586
1710802120.195515,-0.27573511004447937
1710802120.195628,-0.17206286390622458
1710802120.195741,-0.06909111307726966
1710802120.195854,0.03423758265044954
1710802120.1959667,0.13652885953585306
1710802120.1960797,0.24022138781017727
1710802120.1961927,0.3421623508135478
1710802120.1963058,0.44445362355973983
1710802120.1964185,0.5467448963059319
1710802120.1965315,0.648685892422994
1710802120.1966445,0.7509771320554945
1710802120.1967576,0.8539690574010212
1710802120.1968703,0.9562602970335219
1710802120.1969833,1.0578509834077623
1710802120.1970963,1.1590912606981065
1710802120.1972094,1.2582298119862874
1710802120.1973221,1.3559669918484158
1710802120.1974351,1.4516023794809978
1710802120.1975482,1.5465370814005532
1710802120.1976612,1.6400705443488226
1710802120.197774,1.7329033215840657
1710802120.197887,1.8253858884175618
1710802120.198,1.9189193513658311
1710802120.198113,2.010701232486301
1710802120.1982257,2.1017824278937445
1710802120.1983387,2.1904116206698947
1710802120.1984518,2.277288966708713
1710802120.1985648,2.361013889312744
1710802120.1986775,2.44193606906467
1710802120.1987906,2.5207564565870495
1710802120.1989036,2.5974747869703503
1710802120.1990166,2.6724418004353843
1710802120.1991293,2.746357652876112
1710802120.1992424,2.819222609202067
1710802120.1993554,2.891387144724528
1710802120.1994684,2.961799833509657
1710802120.1995811,3.029410309261746
1710802120.1996942,3.0942180421617294
1710802120.1998072,3.1562232971191406
1710802120.1999202,3.215075863732232
1710802120.200033,3.2704252666897244
1710802120.200146,3.3247237735324435
1710802120.200259,3.376920223236084
1710802120.200372,3.427365356021457
1710802120.2004848,3.4771098030938044
1710802120.2005978,3.5265037748548718
1710802120.2007108,3.573095268673367
1710802120.2008238,3.6179354455735946
1710802120.2009366,3.660673565334744
1710802120.2010496,3.7013096279568143
1710802120.2011626,3.738092581431071
1710802120.2012756,3.7734741634792752
1710802120.2013884,3.8057027922736273
1710802120.2015014,3.8365303145514593
1710802120.2016144,3.865606255001492
1710802120.2017274,3.8943319850497775
1710802120.2018402,3.9209556579589844
1710802120.2019532,3.947229120466444
1710802120.2020662,3.9714007907443576
1710802120.2021792,3.9948717753092446
1710802120.202292,4.014839596218533
1710802120.202405,4.032004939185248
1710802120.202518,4.046718014611138
1710802120.202631,4.057577715979682
1710802120.2027438,4.066335360209147
1710802120.2028568,4.072641001807319
1710802120.2029698,4.076844851175944
1710802120.2030828,4.081048700544569
1710802120.2031956,4.084201388888888
1710802120.2033086,4.085952970716688
1710802120.2034216,4.085952970716688
1710802120.2035346,4.085252285003662
1710802120.2036474,4.0817491213480634
1710802120.2037604,4.075443479749891
1710802120.2038734,4.0670360459221735
1710802120.2039864,4.055475658840603
1710802120.2040992,4.043565061357286
1710802120.2042122,4.0288519859313965
1710802120.2043252,4.0155402819315595
1710802120.2044382,4.0001265207926435
1710802120.204551,3.9857636557685003
1710802120.204664,3.969999419318305
1710802120.204777,3.9542354477776422
1710802120.20489,3.9346178372701006
1710802120.2050028,3.9139495955573187
1710802120.2051158,3.8908288213941784
1710802120.2052288,3.8631542523701983
1710802120.2053418,3.8337278366088867
1710802120.2054546,3.803250789642334
1710802120.2055676,3.7720727920532227
1710802120.2056806,3.7412452697753906
1710802120.2057936,3.7093668513827853
1710802120.2059064,3.6778389083014593
1710802120.2060194,3.6449093288845487
1710802120.2061324,3.6102284325493708
1710802120.2062454,3.5734457439846463
1710802120.2063582,3.5331596268547907
1710802120.2064712,3.4904215070936413
1710802120.2065842,3.4462822808159723
1710802120.2066972,3.399690522087945
1710802120.20681,3.352748817867703
1710802120.206923,3.3058068487379284
1710802120.207036,3.2592153549194336
1710802120.207149,3.2112224896748858
1710802120.2072618,3.1635798348320856
1710802120.2073748,3.112784491644965
1710802120.2074878,3.060938252343072
1710802120.2076008,3.0048884285820856
1710802120.2077136,2.946035861968994
1710802120.2078266,2.8854317135281033
1710802120.2079396,2.8237766689724393
1710802120.2080526,2.7600198321872287
1710802120.2081654,2.6966132058037653
1710802120.2082784,2.6328563690185547
1710802120.2083914,2.568398846520318
1710802120.2085044,2.502890427907308
1710802120.2086172,2.4366813235812717
1710802120.2087302,2.36801995171441
1710802120.2088432,2.2972567876180015
1710802120.2089562,2.2240416208902993
1710802120.209069,2.149424950281779
1710802120.209182,2.0737575160132513
1710802120.209295,1.995988024605645
1710802120.209408,1.9196199046240912
1710802120.2095208,1.8411498599582248
1710802120.2096338,1.7633805010053847
1710802120.2097468,1.6831588745117188
1710802120.2098598,1.6029373804728189
1710802120.2099726,1.5195629331800673
1710802120.2100856,1.4347872469160292
1710802120.2101986,1.3489606645372179
1710802120.2103117,1.260331604215834
1710802120.2104244,1.1710019906361897
1710802120.2105374,1.0806212822596233
1710802120.2106504,0.9895400206247965
1710802120.2107635,0.8981084161334567
1710802120.2108762,0.8049252960417006
1710802120.2109892,0.7120924525790744
1710802120.2111022,0.618208646774292
1710802120.2112153,0.5229236351119148
1710802120.211328,0.4269380039638943
1710802120.211441,0.3313026494450039
1710802120.211554,0.23426607251167297
1710802120.211667,0.13652885953585306
1710802120.2117798,0.03844133267800013
1710802120.2118928,-0.05963452574279573
1710802120.2120059,-0.15875359376271567
1710802120.2121189,-0.25752241412798565
1710802120.2122316,-0.3569917215241326
1710802120.2123446,-0.45576055844624835
1710802120.2124577,-0.5548796388838027
1710802120.2125707,-0.6525977452596029
1710802120.2126834,-0.750315851635403
1710802120.2127964,-0.8473334047529433
1710802120.2129095,-0.9433003266652424
1710802120.2130225,-1.0403178797827826
1710802120.2131352,-1.135934591293335
1710802120.2132483,-1.233302354812622
1710802120.2133613,-1.3289190663231742
1710802120.2134743,-1.4248858557807074
1710802120.213587,-1.5205025672912598
1710802120.2137,-1.614718172285292
1710802120.213813,-1.707182592815823
1710802120.213926,-1.799647013346354
1710802120.2140388,-1.8893094857533772
1710802120.2141519,-1.9786217477586534
1710802120.2142649,-2.0665330357021756
1710802120.2143779,-2.154794534047445
1710802120.2144907,-2.2423556115892196
1710802120.2146037,-2.3299164242214627
1710802120.2147167,-2.41607666015625
1710802120.2148297,-2.5008357895745172
1710802120.2149425,-2.5838436020745172
1710802120.2150555,-2.663699256049262
1710802120.2151685,-2.742153803507487
1710802120.2152815,-2.818857298956977
1710802120.2153943,-2.8924086358812118
1710802120.2155073,-2.9645588662889266
1710802120.2156203,-3.0360086758931475
1710802120.2157333,-3.1053569581773544
1710802120.215846,-3.1740048196580672
1710802120.215959,-3.241951995425754
1710802120.216072,-3.3074476983812118
1710802120.216185,-3.3715422948201494
1710802120.2162979,-3.432484997643365
1710802120.2164109,-3.4920263290405273
1710802120.216524,-3.548065291510688
1710802120.216637,-3.601302570766873
1710802120.2167497,-3.653488953908284
1710802120.2168627,-3.703573809729682
1710802120.2169757,-3.752257823944092
1710802120.2170887,-3.7991905212402344
1710802120.2172015,-3.8454225328233504
1710802120.2173145,-3.8899034923977323
1710802120.2174275,-3.931932979159885
1710802120.2175403,-3.971860673692491
1710802120.2176533,-4.008986685011122
1710802120.2177663,-4.043310483296712
1710802120.2178793,-4.074482123057048
1710802120.217992,-4.104603131612142
1710802120.218105,-4.131571981641981
1710802120.218218,-4.1574902004665795
1710802120.218331,-4.182007047865126
1710802120.2184439,-4.20582373936971
1710802120.218557,-4.228939745161268
1710802120.21867,-4.250304698944092
1710802120.218783,-4.268867704603407
1710802120.2188957,-4.285679393344455
1710802120.2190087,-4.300039344363742
1710802120.2191217,-4.31054671605428
1710802120.2192347,-4.318602350023058
1710802120.2193475,-4.324556456671821
1710802120.2194605,-4.328759511311849
1710802120.2195735,-4.33121124903361
1710802120.2196865,-4.332962301042345
1710802120.2197993,-4.333312511444092
1710802120.2199123,-4.332612090640597
1710802120.2200253,-4.330510563320583
1710802120.2201383,-4.325957563188341
1710802120.220251,-4.3193027708265515
1710802120.220364,-4.309145874447292
1710802120.220477,-4.295836554633246
1710802120.22059,-4.280075497097439
1710802120.220703,-4.2639642291598845
1710802120.220816,-4.245401223500569
1710802120.220929,-4.226838482750787
1710802120.221042,-4.207575056287977
1710802120.2211547,-4.187961419423421
1710802120.2212677,-4.167647096845839
1710802120.2213807,-4.1455817222595215
1710802120.2214937,-4.12141482035319
1710802120.2216065,-4.09339533911811
1710802120.2217195,-4.063624805874294
1710802120.2218325,-4.030701849195692
1710802120.2219455,-3.9967279964023166
1710802120.2220583,-3.960652881198459
1710802120.2221713,-3.9256283971998425
1710802120.2222843,-3.889553281995985
1710802120.2223973,-3.8527777459886337
1710802120.22251,-3.8160022099812823
1710802120.222623,-3.775724040137397
1710802120.2227361,-3.7336948182847762
1710802120.2228491,-3.688863648308648
1710802120.222962,-3.6408800548977323
1710802120.223075,-3.5907951990763345
1710802120.223188,-3.538258605533176
1710802120.223301,-3.484320905473497
1710802120.2234137,-3.4300332599216037
1710802120.2235267,-3.3753951390584307
1710802120.2236397,-3.320056597391764
1710802120.2237527,-3.2643678453233504
1710802120.2238655,-3.20692777633667
1710802120.2239785,-3.147035969628228
1710802120.2240915,-3.085042635599772
1710802120.2242045,-3.0195471975538464
1710802120.2243173,-2.9533510737948947
1710802120.2244303,-2.8836523161994085
1710802120.2245433,-2.8143040339152017
1710802120.2246563,-2.742504013909234
1710802120.224769,-2.6717548900180392
1710802120.2248821,-2.6010055012173123
1710802120.2249951,-2.528154585096571
1710802120.2251081,-2.4535526169670954
1710802120.225221,-2.3775498072306314
1710802120.225334,-2.2983945740593805
1710802120.225447,-2.2174881564246283
1710802120.22556,-2.1348305543263755
1710802120.2256727,-2.050771978166368
1710802120.2257857,-1.9660129812028673
1710802120.2258987,-1.879502667321099
1710802120.2260118,-1.792992353439331
1710802120.2261245,-1.7061318291558158
1710802120.2262375,-1.6175201204087999
1710802120.2263505,-1.5285580688052707
1710802120.2264636,-1.4381951755947537
1710802120.2265763,-1.3464311758677165
1710802120.2266893,-1.2529159916771782
1710802120.2268023,-1.1594009399414062
1710802120.2269154,-1.0634340180291069
1710802120.2270281,-0.9671168857150607
1710802120.2271411,-0.8690485689375136
1710802120.2272542,-0.7720309495925903
1710802120.2273672,-0.6732621457841661
1710802120.22748,-0.5730923016866049
1710802120.227593,-0.4729225238164266
1710802120.227706,-0.3720522258016798
1710802120.227819,-0.2708317008283403
1710802120.2279317,-0.16891067226727804
1710802120.2280447,-0.06769013901551564
1710802120.2281578,0.03423758265044954
1710802120.2282708,0.13547792202896541
1710802120.2283835,0.23776920305358037
1710802120.2284966,0.3393598397572835
1710802120.2286096,0.4416511125034756
1710802120.2287226,0.5446430378490024
1710802120.2288353,0.6465839677386813
1710802120.2289484,0.7474740346272787
1710802120.2290614,0.8476634158028497
1710802120.2291744,0.9464515580071343
1710802120.2292871,1.0438384612401326
1710802120.2294002,1.1394737826453314
1710802120.2295132,1.2354595131344266
1710802120.2296262,1.3303942150539823
1710802120.229739,1.425679127375285
1710802120.229852,1.5206138292948403
1710802120.229965,1.6151983208126492
1710802120.230078,1.7087317837609184
1710802120.2301908,1.8001633220248752
1710802120.2303038,1.8894930680592854
1710802120.2304168,1.9770712322658963
1710802120.2305298,2.0628978146447077
1710802120.2306426,2.1466224723392062
1710802120.2307556,2.2292963663736978
1710802120.2308686,2.311619652642144
1710802120.2309816,2.3935929934183755
1710802120.2310944,2.4745151731703015
1710802120.2312074,2.5557875633239746
1710802120.2313204,2.6342577404446073
1710802120.2314334,2.711326281229655
1710802120.2315462,2.784891923268636
1710802120.2316592,2.8563557730780706
1710802120.2317722,2.9243164592319064
1710802120.2318852,2.990525563557943
1710802120.231998,3.054282400343153
1710802120.232111,3.1169883410135903
1710802120.232224,3.1782931751675076
1710802120.232337,3.238897058698866
1710802120.2324498,3.2977496253119574
1710802120.2325628,3.3545003996955023
1710802120.2326758,3.4091491169399686
1710802120.2327888,3.4602946705288358
1710802120.2329016,3.5100391176011825
1710802120.2330146,3.5555797153049045
1710802120.2331276,3.59901852077908
1710802120.2332406,3.6400050587124295
1710802120.2333534,3.6795904901292587
1710802120.2334664,3.7174240748087564
1710802120.2335794,3.7549077139960394
1710802120.2336924,3.7906395064459906
1710802120.2338052,3.8246197170681424
1710802120.2339182,3.8571988211737738
1710802120.2340312,3.8873256577385797
1710802120.2341442,3.915000491672092
1710802120.234257,3.9395223723517523
1710802120.23437,3.9615919854905868
1710802120.234483,3.979808224572076
1710802120.234596,3.9983749389648438
1710802120.2347088,4.01378870010376
1710802120.2348218,4.0288519859313965
1710802120.2349348,4.042864640553792
1710802120.2350478,4.055125448438856
1710802120.2351606,4.066335360209147
1710802120.2352736,4.076144165462917
1710802120.2353866,4.083150492774116
1710802120.2354996,4.088405238257514
1710802120.2356124,4.0898063447740345
1710802120.2357254,4.08910592397054
1710802120.2358384,4.086653656429714
1710802120.2359514,4.082800282372369
1710802120.2360642,4.076494640774197
1710802120.2361772,4.070539209577772
1710802120.2362902,4.063883357577853
1710802120.2364032,4.056877030266656
1710802120.236516,4.048119121127658
1710802120.236629,4.037609895070394
1710802120.236742,4.025699297587077
1710802120.236855,4.009234640333387
1710802120.2369678,3.9906679259406195
1710802120.2370808,3.9703498946295843
1710802120.2371938,3.947229120466444
1710802120.2373068,3.923057715098063
1710802120.2374196,3.8992362552218967
1710802120.2375326,3.874364164140489
1710802120.2376456,3.8491415977478027
1710802120.2377586,3.823568820953369
1710802120.2378714,3.797295358445909
1710802120.2379844,3.768569893307156
1710802120.2380974,3.7363409996032715
1710802120.2382104,3.7016601032680936
1710802120.2383232,3.6641767289903426
1710802120.2384362,3.6252919832865396
1710802120.2385492,3.5853563414679632
1710802120.2386622,3.5450702243381076
1710802120.238775,3.504784372117784
1710802120.238888,3.4641480445861816
1710802120.239001,3.423161506652832
1710802120.239114,3.380773862202962
1710802120.2392268,3.3369845814175076
1710802120.2393398,3.289342191484239
1710802120.2394528,3.2395977444118924
1710802120.2395658,3.1877515051099987
1710802120.2396786,3.1334529982672796
1710802120.2397916,3.0788042810228133
1710802120.2399046,3.023104667663574
1710802120.2400177,2.967755264706082
1710802120.2401304,2.911705176035563
1710802120.2402434,2.8546041912502713
1710802120.2403564,2.796452310350206
1710802120.2404695,2.735848161909315
1710802120.2405822,2.672792010837131
1710802120.2406952,2.6065829065110946
1710802120.2408082,2.5379215346442328
1710802120.2409213,2.466107474433051
1710802120.241034,2.3942934142218695
1710802120.241147,2.3203775617811413
1710802120.24126,2.2468119197421603
1710802120.241373,2.171845038731893
1710802120.2414858,2.0961774720085993
1710802120.2415988,2.0194590091705322
1710802120.2417119,1.9406387541029189
1710802120.2418249,1.860767470465766
1710802120.2419376,1.7784439192877874
1710802120.2420506,1.694719261593289
1710802120.2421637,1.6095932324727376
1710802120.2422767,1.5230660968356662
1710802120.2423894,1.4361886183420818
1710802120.2425025,1.3493110073937309
1710802120.2426155,1.2613826327853732
1710802120.2427285,1.1741546789805095
1710802120.2428412,1.083774103058709
1710802120.2429543,0.9933934609095255
1710802120.2430673,0.9023121992746989
1710802120.2431803,0.8091290129555596
1710802120.243293,0.7155955500072902
1710802120.243406,0.6213614675733778
1710802120.243519,0.5253758364253573
1710802120.243632,0.42763862344953746
1710802120.2437449,0.3306020299593608
1710802120.2438579,0.23251450724071926
1710802120.2439709,0.13442698452207777
1710802120.244084,0.03458789446287685
1710802120.2441967,-0.06523843026823467
1710802120.2443097,-0.1650579935974545
1710802120.2444227,-0.266278518570794
1710802120.2445357,-0.36714881658554077
1710802120.2446485,-0.467668871084849
1710802120.2447615,-0.5681888924704658
1710802120.2448745,-0.6697597106297811
1710802120.2449875,-0.7699294884999592
1710802120.2451003,-0.8725510040918986
1710802120.2452133,-0.9730710585912068
1710802120.2453263,-1.076042784584893
1710802120.2454393,-1.1755120754241943
1710802120.245552,-1.2753317091200087
1710802120.245665,-1.3734000258975558
1710802120.245778,-1.469717158211602
1710802120.245891,-1.5653337372673881
1710802120.2460039,-1.6602498955196805
1710802120.2461169,-1.7541152901119657
1710802120.24623,-1.8483310275607638
1710802120.246343,-1.941846079296536
1710802120.2464557,-2.035011053085327
1710802120.2465687,-2.126775052812364
1710802120.2466817,-2.2171379460228815
1710802120.2467947,-2.3053995768229165
1710802120.2469075,-2.3922599686516657
1710802120.2470205,-2.4766688876681857
1710802120.2471335,-2.5586258040534124
1710802120.2472465,-2.6395323541429305
1710802120.2473593,-2.7197382185194225
1710802120.2474723,-2.7981927659776473
1710802120.2475853,-2.8766475783454046
1710802120.2476983,-2.9533510737948947
1710802120.247811,-3.0293538835313583
1710802120.247924,-3.1039558516608343
1710802120.248037,-3.1757558716668024
1710802120.24815,-3.2451044188605414
1710802120.248263,-3.3109500673082137
1710802120.248376,-3.374694718254937
1710802120.248489,-3.435987366570367
1710802120.248602,-3.4962293836805554
1710802120.2487147,-3.554720083872477
1710802120.2488277,-3.612510363260905
1710802120.2489407,-3.6681991153293185
1710802120.2490537,-3.7224870257907443
1710802120.2491665,-3.774323198530409
1710802120.2492795,-3.8247582647535534
1710802120.2493925,-3.872041172451443
1710802120.2495055,-3.915471500820584
1710802120.2496183,-3.957150512271457
1710802120.2497313,-3.995677365197076
1710802120.2498443,-4.032452901204427
1710802120.2499573,-4.067127174801296
1710802120.25007,-4.100050131479899
1710802120.250183,-4.131922192043728
1710802120.250296,-4.162043200598823
1710802120.2504091,-4.191113577948676
1710802120.250522,-4.217731952667236
1710802120.250635,-4.242249064975314
1710802120.250748,-4.2639642291598845
1710802120.250861,-4.282877445220947
1710802120.2509737,-4.299689133961995
1710802120.2510867,-4.312648243374294
1710802120.2511997,-4.325256877475314
1710802120.2513127,-4.335063828362359
1710802120.2514255,-4.344520303938124
1710802120.2515385,-4.352575937906901
1710802120.2516515,-4.3599311510721845
1710802120.2517645,-4.3655350473192005
1710802120.2518773,-4.3697381019592285
1710802120.2519903,-4.3711389435662165
1710802120.2521033,-4.3697381019592285
1710802120.2522163,-4.3655350473192005
1710802120.252329,-4.358179834153917
1710802120.2524421,-4.349073568979899
1710802120.2525551,-4.33751556608412
1710802120.2526681,-4.3256073527865935
1710802120.252781,-4.312648243374294
1710802120.252894,-4.299338923560248
1710802120.253007,-4.284978972540961
1710802120.25312,-4.269217915005154
1710802120.2532327,-4.251705805460612
1710802120.2533457,-4.229990641276042
1710802120.2534587,-4.20582373936971
1710802120.2535717,-4.1788548893398705
1710802120.2536845,-4.1497847768995495
1710802120.2537975,-4.119663768344455
1710802120.2539105,-4.087441232469347
1710802120.2540236,-4.055919382307264
1710802120.2541363,-4.02439726723565
1710802120.2542493,-3.9911241001553006
1710802120.2543623,-3.957150512271457
1710802120.2544754,-3.9221260282728405
1710802120.2545881,-3.8835991753472223
1710802120.2547011,-3.8415699534946017
1710802120.2548141,-3.797439204321967
1710802120.2549272,-3.7508567174275713
1710802120.25504,-3.7025231785244412
1710802120.255153,-3.654189374711778
1710802120.255266,-3.604104518890381
1710802120.255379,-3.5550702942742243
1710802120.2554917,-3.5049854384528265
1710802120.2556047,-3.4534994761149087
1710802120.2557178,-3.3999122513665094
1710802120.2558308,-3.3449239201015897
1710802120.2559435,-3.2860827445983887
1710802120.2560565,-3.224790096282959
1710802120.2561696,-3.1627970271640353
1710802120.2562826,-3.097301324208577
1710802120.2563953,-3.0318056212531195
1710802120.2565084,-2.964909076690674
1710802120.2566214,-2.8994133737352157
1710802120.2567344,-2.8314659330579968
1710802120.2568471,-2.7635187572903104
1710802120.2569602,-2.6931195788913302
1710802120.2570732,-2.621319558885362
1710802120.2571862,-2.5467175907558866
1710802120.257299,-2.4693136745029025
1710802120.257412,-2.3905086517333984
1710802120.257525,-2.3096023665534124
1710802120.257638,-2.2283458709716797
1710802120.2577507,-2.1456881364186606
1710802120.2578638,-2.0633808771769204
1710802120.2579768,-1.9793223010169134
1710802120.2580898,-1.8942129611968994
1710802120.2582026,-1.8080528577168782
1710802120.2583156,-1.7204919126298692
1710802120.2584286,-1.630128886964586
1710802120.2585413,-1.5390654404958088
1710802120.2586544,-1.445900599161784
1710802120.2587674,-1.3520350721147325
1710802120.2588804,-1.2581696775224473
1710802120.2589931,-1.1622028880649142
1710802120.2591062,-1.067636940214369
1710802120.2592192,-0.9709695974985758
1710802120.2593322,-0.8736017015245225
1710802120.259445,-0.7769343588087294
1710802120.259558,-0.6792162524329292
1710802120.259671,-0.5804474486245049
1710802120.259784,-0.4813283681869507
1710802120.2598968,-0.38255956437852645
1710802120.2600098,-0.2830902404255337
1710802120.2601228,-0.18292042944166395
1710802120.2602358,-0.08240039149920146
1710802120.2603486,0.01812320202589035
1710802120.2604616,0.11936354140440622
1710802120.2605746,0.22095418638653225
1710802120.2606876,0.32219452990425956
1710802120.2608004,0.4230845636791653
1710802120.2609134,0.5225733253690932
1710802120.2610264,0.622062087059021
1710802120.2611394,0.7212005721198188
1710802120.2612522,0.8189377519819472
1710802120.2613652,0.9170252747005886
1710802120.2614782,1.0147625207901
1710802120.2615912,1.1121494240230985
1710802120.261704,1.2095362610287137
1710802120.261817,1.306923230489095
1710802120.26193,1.4018579324086506
1710802120.262043,1.4964422914716933
1710802120.2621558,1.5892752011617024
1710802120.2622688,1.6789551575978596
1710802120.2623818,1.7675842179192436
1710802120.2624948,1.8562134106953938
1710802120.2626076,1.9420399930742052
1710802120.2627206,2.0282167858547635
1710802120.2628336,2.114393711090088
1710802120.2629466,2.199869950612386
1710802120.2630594,2.283945083618164
1710802120.2631724,2.3666188451978893
1710802120.2632854,2.4464901288350425
1710802120.2633984,2.524259355333116
1710802120.2635112,2.598175472683377
1710802120.2636242,2.670339743296305
1710802120.2637372,2.7400520112779403
1710802120.2638502,2.8076622221204968
1710802120.263963,2.873871326446533
1710802120.264076,2.940080430772569
1710802120.264189,3.0048884285820856
1710802120.264302,3.0675943692525225
1710802120.2644148,3.1292494138081866
1710802120.2645278,3.1867006089952254
1710802120.2646408,3.2445020145840116
1710802120.2647538,3.2970489395989313
1710802120.2648666,3.3478442827860513
1710802120.2649796,3.396888044145372
1710802120.2650926,3.4448809093899198
1710802120.2652056,3.4904215070936413
1710802120.2653184,3.5366627905103893
1710802120.2654314,3.580802281697591
1710802120.2655444,3.6252919832865396
1710802120.2656574,3.6673294173346624
1710802120.2657702,3.7079657448662653
1710802120.2658832,3.7447484334309893
1710802120.2659962,3.7794295946756997
1710802120.2661092,3.8109575377570257
1710802120.266222,3.839683267805311
1710802120.266335,3.864905834197998
1710802120.266448,3.889777925279405
1710802120.266561,3.91184753841824
1710802120.2666738,3.933566941155328
1710802120.2667868,3.9535347620646157
1710802120.2668998,3.9721014764573837
1710802120.2670128,3.988566133711073
1710802120.2671256,4.003979894849989
1710802120.2672386,4.015890492333306
1710802120.2673516,4.02499861187405
1710802120.2674646,4.032355149586995
1710802120.2675774,4.0369092093573675
1710802120.2676904,4.040062162611219
1710802120.2678034,4.041113058725993
1710802120.2679164,4.042514165242513
1710802120.2680292,4.04146326912774
1710802120.2681422,4.040762583414714
1710802120.2682552,4.038660791185167
1710802120.2683682,4.035858313242595
1710802120.268481,4.030953778160943
1710802120.268594,4.023597240447998
1710802120.268707,4.014489120907253
1710802120.26882,4.00187783771091
1710802120.2689328,3.988566133711073
1710802120.2690458,3.973502582973904
1710802120.2691588,3.957037925720215
1710802120.2692719,3.941624164581299
1710802120.2693846,3.9251595073276095
1710802120.2694976,3.908344374762641
1710802120.2696106,3.8901281356811523
1710802120.2697237,3.8715616861979165
1710802120.2698364,3.8491415977478027
1710802120.2699494,3.8239192962646484
1710802120.2700624,3.7948430909050836
1710802120.2701755,3.765066729651557
1710802120.2702882,3.7324876255459256
1710802120.2704012,3.6988576253255205
1710802120.2705142,3.6641767289903426
1710802120.2706273,3.6301962534586587
1710802120.27074,3.5969167285495334
1710802120.270853,3.5611846711900497
1710802120.270966,3.5247521930270724
1710802120.271079,3.484816551208496
1710802120.2711918,3.442779117160373
1710802120.2713048,3.398990101284451
1710802120.2714179,3.3520481321546765
1710802120.2715309,3.3033545811971026
1710802120.2716436,3.254661295149061
1710802120.2717566,3.206668429904514
1710802120.2718697,3.15797487894694
1710802120.2719827,3.108580907185872
1710802120.2720954,3.0588364601135254
1710802120.2722085,3.007690906524658
1710802120.2723215,2.953042189280192
1710802120.2724345,2.8969921006096735
1710802120.2725472,2.8374388482835555
1710802120.2726603,2.7754335933261447
1710802120.2727733,2.711676756540934
1710802120.2728863,2.646868758731418
1710802120.272999,2.581010129716661
1710802120.273112,2.5151512357923718
1710802120.273225,2.4485919210645886
1710802120.273338,2.3813319206237793
1710802120.2734509,2.311619652642144
1710802120.2735639,2.240856488545736
1710802120.2736769,2.1676411893632674
1710802120.27379,2.092674308353
1710802120.2739027,2.014554606543647
1710802120.2740157,1.9371355904473198
1710802120.2741287,1.8562134106953938
1710802120.2742417,1.7759917842017279
1710802120.2743545,1.695770157708062
1710802120.2744675,1.6137970818413627
1710802120.2745805,1.5314735306633842
1710802120.2746935,1.4473985301123724
1710802120.2748063,1.3619222905900743
1710802120.2749193,1.2746944692399766
1710802120.2750323,1.1853647232055664
1710802120.2751453,1.0942834615707397
1710802120.275258,1.00250158045027
1710802120.275371,0.9086177746454874
1710802120.275484,0.8154346545537312
1710802120.275597,0.7197993331485324
1710802120.2757099,0.62556525071462
1710802120.2758229,0.5292292767100863
1710802120.275936,0.433593922191196
1710802120.276049,0.3365573618147108
1710802120.2761617,0.23917044202486673
1710802120.2762747,0.14213386509153578
1710802120.2763877,0.0440463340944714
1710802120.2765007,-0.052979886531829834
1710802120.2766135,-0.1513984633816613
1710802120.2767265,-0.24946681327290005
1710802120.2768395,-0.34893612066904706
1710802120.2769525,-0.4477049575911628
1710802120.2770653,-0.5468240049150255
1710802120.2771783,-0.6459430853525797
1710802120.2772913,-0.7454123761918809
1710802120.2774043,-0.8434807591968112
1710802120.277517,-0.9422495630052354
1710802120.27763,-1.0392671823501587
1710802120.277743,-1.136635012096829
1710802120.277856,-1.233652565214369
1710802120.277969,-1.3306702507866752
1710802120.278082,-1.4276878039042156
1710802120.278195,-1.5247054894765217
1710802120.278308,-1.6217230425940619
1710802120.2784207,-1.7176899645063612
1710802120.2785337,-1.8136567539638944
1710802120.2786467,-1.9061211744944253
1710802120.2787597,-1.9982353846232095
1710802120.2788725,-2.0875476466284857
1710802120.2789855,-2.176509698232015
1710802120.2790985,-2.263370090060764
1710802120.2792115,-2.350580957200792
1710802120.2793243,-2.436740928226047
1710802120.2794373,-2.522550688849555
1710802120.2795503,-2.6066093974643283
1710802120.2796633,-2.6903176307678223
1710802120.279776,-2.7715743912590876
1710802120.279889,-2.8507293595208063
1710802120.280002,-2.9267324341668024
1710802120.2801151,-3.000633981492784
1710802120.280228,-3.072434001498752
1710802120.280341,-3.1421324941847057
1710802120.280454,-3.210430145263672
1710802120.280567,-3.278377585940891
1710802120.2806797,-3.3442234992980957
1710802120.2807927,-3.410069147745768
1710802120.2809057,-3.472762902577718
1710802120.2810187,-3.534756236606174
1710802120.2811315,-3.5935971471998425
1710802120.2812445,-3.6510372161865234
1710802120.2813575,-3.7046244409349227
1710802120.2814705,-3.7557601928710938
1710802120.2815833,-3.804443942175971
1710802120.2816963,-3.8520773251851397
1710802120.2818093,-3.8979591263665094
1710802120.2819223,-3.942440350850423
1710802120.282035,-3.9858704143100314
1710802120.2821481,-4.027199215359158
1710802120.2822611,-4.067127174801296
1710802120.2823741,-4.104953606923421
1710802120.282487,-4.138576984405518
1710802120.2826,-4.170098834567599
1710802120.282713,-4.199169211917453
1710802120.282826,-4.2250871658325195
1710802120.2829387,-4.248203171624078
1710802120.2830517,-4.269568125406901
1710802120.2831647,-4.289882447984484
1710802120.2832778,-4.308445188734266
1710802120.2833905,-4.326307773590088
1710802120.2835035,-4.3420688311258955
1710802120.2836165,-4.357129202948676
1710802120.2837296,-4.3690374162462025
1710802120.2838423,-4.378844367133246
1710802120.2839553,-4.384798473782009
1710802120.2840683,-4.388300842709011
1710802120.2841814,-4.389351738823785
1710802120.2842941,-4.389001528422038
1710802120.2844071,-4.38584910498725
1710802120.2845201,-4.381996525658502
1710802120.2846332,-4.377443260616726
1710802120.284746,-4.372540050082736
1710802120.284859,-4.366235468122694
1710802120.284972,-4.357129202948676
1710802120.285085,-4.346271620856391
1710802120.2851977,-4.331911669837104
1710802120.2853107,-4.315099981096056
1710802120.2854238,-4.294435448116726
1710802120.2855368,-4.273070759243435
1710802120.2856495,-4.249604278140597
1710802120.2857625,-4.22648827234904
1710802120.2858756,-4.201270474327935
1710802120.2859886,-4.177103837331136
1710802120.2861013,-4.15223651462131
1710802120.2862144,-4.125968085394965
1710802120.2863274,-4.096897972954644
1710802120.2864404,-4.064325226677789
1710802120.2865531,-4.030001163482666
1710802120.2866662,-3.992174996270074
1710802120.2867792,-3.952597247229682
1710802120.2868922,-3.9123193422953286
1710802120.287005,-3.8706400659349227
1710802120.287118,-3.8282606336805554
1710802120.287231,-3.785881201426188
1710802120.287344,-3.7428010834587946
1710802120.2874568,-3.697619703080919
1710802120.2875698,-3.6506870057847762
1710802120.2876828,-3.5999014642503524
1710802120.2877958,-3.545964029100206
1710802120.2879086,-3.489574591318766
1710802120.2880216,-3.4310838911268444
1710802120.2881346,-3.3715422948201494
1710802120.2882476,-3.310599856906467
1710802120.2883604,-3.24895699818929
1710802120.2884734,-3.1876643498738604
1710802120.2885864,-3.1256710158454046
1710802120.2886994,-3.0626270506117077
1710802120.2888122,-2.996430926852756
1710802120.2889252,-2.9295343822903104
1710802120.2890382,-2.8587849934895835
1710802120.2891512,-2.7866347630818686
1710802120.289264,-2.7113323741488986
1710802120.289377,-2.6360299852159286
1710802120.28949,-2.5596767001681857
1710802120.289603,-2.4829732047186956
1710802120.2897158,-2.4048688676622176
1710802120.2898288,-2.3264140552944608
1710802120.2899418,-2.2469086117214627
1710802120.2900548,-2.1649515628814697
1710802120.2901676,-2.0808929867214627
1710802120.2902806,-1.9950832260979545
1710802120.2903936,-1.9068217277526855
1710802120.2905066,-1.8171592553456624
1710802120.2906194,-1.7260958088768852
1710802120.2907324,-1.633981598748101
1710802120.2908454,-1.5408166249593098
1710802120.2909584,-1.4480019940270317
1710802120.2910712,-1.3527356253729925
1710802120.2911842,-1.2578194671207004
1710802120.2912972,-1.1615023348066542
1710802120.2914102,-1.0637842284308539
1710802120.291523,-0.9646652142206827
1710802120.291636,-0.8655461337831285
1710802120.291749,-0.7660767767164443
1710802120.291862,-0.6645060247845119
1710802120.2919748,-0.5632854832543267
1710802120.2920878,-0.46031372414694893
1710802120.2922008,-0.3576922085550096
1710802120.2923138,-0.2526190049118466
1710802120.2924266,-0.14999748931990728
1710802120.2925396,-0.045975007944636874
1710802120.2926526,0.05700790219836765
1710802120.2927656,0.1599997944302029
1710802120.2928784,0.26264139347606236
1710802120.2929914,0.3645823399225871
1710802120.2931044,0.4651220639546712
1710802120.2932174,0.5674133698145548
1710802120.2933302,0.6676027509901259
1710802120.2934432,0.7698939906226264
1710802120.2935562,0.8707840575112237
1710802120.2936692,0.9713237815433078
1710802120.293782,1.0701119237475925
1710802120.293895,1.1678491698371039
1710802120.294008,1.2638347678714328
1710802120.294121,1.3580689165327284
1710802120.2942338,1.4516023794809978
1710802120.2943468,1.544785499572754
1710802120.2944598,1.637618276807997
1710802120.2945728,1.7294001579284668
1710802120.2946856,1.8215323819054496
1710802120.2947986,1.9136646058824327
1710802120.2949116,2.004045248031616
1710802120.2950246,2.092674308353
1710802120.2951374,2.1792015764448376
1710802120.2952504,2.2632765769958496
1710802120.2953634,2.345249652862549
1710802120.2954764,2.4244202507866754
1710802120.2955892,2.502539952596029
1710802120.2957022,2.5792585478888617
1710802120.2958152,2.6556266678704157
1710802120.2959282,2.730943891737196
1710802120.296041,2.8052102194892035
1710802120.296154,2.8780751758151584
1710802120.296267,2.9481376541985407
1710802120.29638,3.0167990260654025
1710802120.2964928,3.08090607325236
1710802120.2966058,3.1429115931193032
1710802120.2967188,3.201063474019368
1710802120.2968318,3.2571132977803545
1710802120.2969446,3.311411804623074
1710802120.2970576,3.36465941535102
1710802120.2971706,3.416155179341634
1710802120.2972836,3.4662501017252603
1710802120.2973964,3.5149433877733016
1710802120.2975094,3.5611846711900497
1710802120.2976224,3.6049736870659723
1710802120.2977355,3.6456100145975747
1710802120.2978482,3.684144549899631
1710802120.2979612,3.719526131947835
1710802120.2980742,3.75315613216824
1710802120.2981873,3.784684075249566
1710802120.2983,3.815161387125651
1710802120.298413,3.8442373275756836
1710802120.298526,3.872963057623969
1710802120.298639,3.899586730533176
1710802120.2987518,3.9255097177293563
1710802120.2988648,3.949331177605523
1710802120.2989779,3.9714007907443576
1710802120.2990909,3.9892668194240994
1710802120.2992036,4.005030790964763
1710802120.2993166,4.017642074161105
1710802120.2994297,4.02850177552965
1710802120.2995427,4.037259419759114
1710802120.2996554,4.043565061357286
1710802120.2997684,4.050221178266737
1710802120.2998815,4.05442476272583
1710802120.2999942,4.058628612094455
1710802120.3001072,4.061781300438775
1710802120.3002203,4.062131775750054
1710802120.3003333,4.061080879635281
1710802120.300446,4.056526819864909
1710802120.300559,4.050221178266737
1710802120.300672,4.041113058725993
1710802120.300785,4.030603567759196
1710802120.3008978,4.018692970275879
1710802120.3010108,4.007483058505588
1710802120.3011239,3.9941710895962186
1710802120.3012369,3.981559806399875
1710802120.3013496,3.9682478374905057
1710802120.3014627,3.9535347620646157
1710802120.3015757,3.936019208696153
1710802120.3016887,3.9171022839016385
1710802120.3018014,3.8939817746480303
1710802120.3019145,3.868759208255344
1710802120.3020275,3.8410843743218317
1710802120.3021405,3.812709119584825
1710802120.3022532,3.7829324934217663
1710802120.3023663,3.75315613216824
1710802120.3024793,3.7240801917182074
1710802120.3025923,3.6943035655551486
1710802120.302705,3.66277535756429
1710802120.302818,3.630896939171685
1710802120.302931,3.595515357123481
1710802120.303044,3.5580319828457303
1710802120.3031569,3.518096341027154
1710802120.3032699,3.476759327782525
1710802120.3033829,3.4340212080213757
1710802120.303496,3.3898819817437067
1710802120.3036087,3.346092700958252
1710802120.3037217,3.3019534746805825
1710802120.3038347,3.257463773091634
1710802120.3039477,3.212273385789659
1710802120.3040605,3.164630995856391
1710802120.3041735,3.115236759185791
1710802120.3042865,3.061638938056098
1710802120.3043995,3.005588849385579
1710802120.3045123,2.946386072370741
1710802120.3046253,2.88578192392985
1710802120.3047383,2.825178040398492
1710802120.3048513,2.7638732062445746
1710802120.304964,2.7032693227132163
1710802120.305077,2.6405631171332464
1710802120.30519,2.577857176462809
1710802120.305303,2.5141003396775985
1710802120.3054159,2.4468403392367892
1710802120.3055289,2.3781792322794595
1710802120.305642,2.307065592871772
1710802120.305755,2.23385042614407
1710802120.3058677,2.158533069822523
1710802120.3059807,2.083916531668769
1710802120.3060937,2.0078987545437283
1710802120.3062067,1.9311802917056613
1710802120.3063195,1.8541114860110812
1710802120.3064325,1.7759917842017279
1710802120.3065455,1.6964708434210882
1710802120.3066585,1.6155486636691623
1710802120.3067713,1.5325245592329237
1710802120.3068843,1.448449558681912
1710802120.3069973,1.3619222905900743
1710802120.3071103,1.276095708211263
1710802120.307223,1.187816990746392
1710802120.307336,1.0998884836832683
1710802120.307449,1.0112594233618841
1710802120.307562,0.9226302968131171
1710802120.307675,0.8322496546639336
1710802120.307788,0.7408180501725938
1710802120.307901,0.6483355495664809
1710802120.308014,0.5548020866182115
1710802120.3081267,0.4609183139271206
1710802120.3082397,0.3645823399225871
1710802120.3083527,0.26859670877456665
1710802120.3084657,0.17191042502721152
1710802120.3085785,0.07417322032981448
1710802120.3086915,-0.023909629219108157
1710802120.3088045,-0.12162772317727406
1710802120.3089175,-0.22004630830552843
1710802120.3090303,-0.3195156322585212
1710802120.3091433,-0.4179341925515069
1710802120.3092563,-0.5163527859581841
1710802120.3093693,-0.6133704053031074
1710802120.309482,-0.7103880246480306
1710802120.309595,-0.8070553673638238
1710802120.309708,-0.90337249967787
1710802120.3098211,-1.0003900527954102
1710802120.309934,-1.0967071851094563
1710802120.310047,-1.1930243174235027
1710802120.31016,-1.2896916601392958
1710802120.310273,-1.384958028793335
1710802120.3103857,-1.4798741870456271
1710802120.3104987,-1.5726889504326713
1710802120.3106117,-1.6655035813649495
1710802120.3107247,-1.7562168174319797
1710802120.3108375,-1.8465797106424966
1710802120.3109505,-1.9362421830495198
1710802120.3110635,-2.025204234653049
1710802120.3111765,-2.114166153801812
1710802120.3112893,-2.203128205405341
1710802120.3114023,-2.29068915049235
1710802120.3115153,-2.3768493864271374
1710802120.3116283,-2.4619584613376193
1710802120.311741,-2.5442658530341253
1710802120.3118541,-2.6234210862053766
1710802120.3119671,-2.701525423261854
1710802120.3120801,-2.7782289187113443
1710802120.312193,-2.8535313076443143
1710802120.312306,-2.9274328549702964
1710802120.312419,-3.001334402296278
1710802120.312532,-3.07383484310574
1710802120.3126447,-3.145284652709961
1710802120.3127577,-3.215683831108941
1710802120.3128707,-3.2822301652696395
1710802120.3129838,-3.3480760786268444
1710802120.3130965,-3.4107698334587946
1710802120.3132095,-3.471011850568983
1710802120.3133225,-3.5288018650478787
1710802120.3134356,-3.5844908820258246
1710802120.3135483,-3.638428317175971
1710802120.3136613,-3.691315121120877
1710802120.3137743,-3.7424508730570474
1710802120.3138874,-3.792535728878445
1710802120.3140001,-3.8401688469780817
1710802120.3141131,-3.885350492265489
1710802120.3142262,-3.9284303453233504
1710802120.3143392,-3.969058725568983
1710802120.314452,-4.005484051174587
1710802120.314565,-4.040158324771457
1710802120.314678,-4.071680174933539
1710802120.314791,-4.101450973086886
1710802120.3149037,-4.129820929633246
1710802120.3150167,-4.1574902004665795
1710802120.3151298,-4.183408154381646
1710802120.3152428,-4.207925266689724
1710802120.3153555,-4.231041272481282
1710802120.3154685,-4.253456857469347
1710802120.3155816,-4.271319442325168
1710802120.3156946,-4.2881311310662165
1710802120.3158073,-4.301440450880262
1710802120.3159204,-4.3122980329725475
1710802120.3160334,-4.3214042981465655
1710802120.3161464,-4.328759511311849
1710802120.3162591,-4.335414038764106
1710802120.3163722,-4.340317514207628
1710802120.3164852,-4.344170093536377
1710802120.3165982,-4.348373148176405
1710802120.316711,-4.348373148176405
1710802120.316824,-4.348022937774658
1710802120.316937,-4.34381988313463
1710802120.31705,-4.336815145280626
1710802120.3171628,-4.327008194393581
1710802120.3172758,-4.314749770694308
1710802120.3173888,-4.300039344363742
1710802120.3175018,-4.2839280764261884
1710802120.3176146,-4.267817073398166
1710802120.3177276,-4.251355595058865
1710802120.3178406,-4.233843220604791
1710802120.3179536,-4.215980900658502
1710802120.3180664,-4.195316367679172
1710802120.3181794,-4.172550572289361
1710802120.3182924,-4.146632618374294
1710802120.3184054,-4.118612872229682
1710802120.3185182,-4.087791442871094
1710802120.3186312,-4.055218696594238
1710802120.3187442,-4.022646215226915
1710802120.3188572,-3.989022572835286
1710802120.31897,-3.95539919535319
1710802120.319083,-3.9214256074693465
1710802120.319196,-3.886751333872477
1710802120.319309,-3.848925166659885
1710802120.3194218,-3.8096976280212402
1710802120.3195348,-3.766617774963379
1710802120.3196478,-3.721436129675971
1710802120.3197608,-3.6741532219780817
1710802120.3198736,-3.624068366156684
1710802120.3199866,-3.5732830895317926
1710802120.3200996,-3.5221473375956216
1710802120.3202126,-3.46996095445421
1710802120.3203254,-3.4181247817145453
1710802120.3204384,-3.3652379777696395
1710802120.3205514,-3.3095492257012262
1710802120.3206644,-3.2517589463127985
1710802120.3207772,-3.1908165083991156
1710802120.3208902,-3.128122753567166
1710802120.3210032,-3.0619266298082137
1710802120.3211162,-2.993979189130995
1710802120.321229,-2.924981117248535
1710802120.321342,-2.8552826245625815
1710802120.321455,-2.7852339214748807
1710802120.321568,-2.7127332157558866
1710802120.3216808,-2.6412834061516657
1710802120.3217938,-2.5666814380221896
1710802120.3219068,-2.490678628285726
1710802120.3220198,-2.4122238159179688
1710802120.3221326,-2.3313175307379828
1710802120.3222456,-2.2493603494432235
1710802120.3223586,-2.1649515628814697
1710802120.3224716,-2.0805427763197155
1710802120.3225844,-1.9936822520362005
1710802120.3226974,-1.9082227018144395
1710802120.3228104,-1.8206616242726643
1710802120.3229234,-1.7327504687839084
1710802120.3230362,-1.6434382067786322
1710802120.3231492,-1.5534255239698622
1710802120.3232622,-1.4606107605828178
1710802120.3233752,-1.3677961296505399
1710802120.323488,-1.2721794181399875
1710802120.323601,-1.1762126286824544
1710802120.323714,-1.079545219739278
1710802120.323827,-0.981827179590861
1710802120.3239398,-0.8841090732150607
1710802120.3240528,-0.7856904798083835
1710802120.3241658,-0.6862211889690822
1710802120.3242788,-0.587102108531528
1710802120.3243916,-0.48693229754765827
1710802120.3245046,-0.38641224304835
1710802120.3246176,-0.28554194503360325
1710802120.3247306,-0.18362091647254095
1710802120.3248434,-0.08275063501463996
1710802120.3249564,0.01882382772035069
1710802120.3250694,0.12076478865411547
1710802120.3251824,0.22410700718561807
1710802120.3252952,0.3274492091602749
1710802120.3254082,0.43044113450580174
1710802120.3255212,0.5344839559661018
1710802120.3256342,0.6378261910544502
1710802120.325747,0.7390665345721774
1710802120.32586,0.8406571547190348
1710802120.325973,0.9404962592654758
1710802120.326086,1.0399850209554036
1710802120.3261988,1.1370216475592718
1710802120.3263118,1.2372109625074599
1710802120.3264248,1.3338972462548149
1710802120.3265378,1.433386007944743
1710802120.3266506,1.529722081290351
1710802120.3267636,1.6267585754394531
1710802120.3268766,1.7199416955312092
1710802120.3269897,1.8124242623647053
1710802120.3271024,1.9035055902269151
1710802120.3272154,1.9910837544335258
1710802120.3273284,2.0769103368123374
1710802120.3274415,2.1627369191911483
1710802120.3275542,2.247162130143907
1710802120.3276672,2.3312372631496854
1710802120.3277802,2.414261235131158
1710802120.3278933,2.4976356824239097
1710802120.328006,2.5782076517740884
1710802120.328119,2.6563273535834417
1710802120.328232,2.731294102138943
1710802120.328345,2.80415932337443
1710802120.3284578,2.8742218017578125
1710802120.3285708,2.942532698313395
1710802120.3286839,3.0090920130411782
1710802120.3287969,3.073900010850694
1710802120.3289096,3.1369561619228787
1710802120.3290226,3.200012312995063
1710802120.3291357,3.26131714714898
1710802120.3292487,3.3215708202785916
1710802120.3293614,3.3783215946621366
1710802120.3294744,3.4322696261935763
1710802120.3295875,3.4827147589789496
1710802120.3297005,3.531057834625244
1710802120.3298132,3.5755475362141924
1710802120.3299263,3.619336552090115
1710802120.3300393,3.660673565334744
1710802120.3301523,3.7016601032680936
1710802120.330265,3.7408950593736434
1710802120.330378,3.7790791193644204
1710802120.330491,3.815511597527398
1710802120.330604,3.849492073059082
1710802120.3307168,3.8827715979682074
1710802120.3308299,3.911497328016493
1710802120.3309429,3.9367198944091797
1710802120.3310559,3.9598404036627874
1710802120.3311687,3.9808591206868487
1710802120.3312817,3.9987251493665905
1710802120.3313947,4.01518980662028
1710802120.3315077,4.029902882046169
1710802120.3316205,4.0442657470703125
1710802120.3317335,4.056526819864909
1710802120.3318465,4.0677367316351996
1710802120.3319595,4.076494640774197
1710802120.3320723,4.083500703175862
1710802120.3321853,4.088755448659261
1710802120.3322983,4.0905070304870605
1710802120.3324113,4.090857240888807
1710802120.332524,4.088405238257514
1710802120.332637,4.085602760314941
1710802120.33275,4.081398910946316
1710802120.332863,4.076144165462917
1710802120.3329759,4.070889419979519
1710802120.3330889,4.065284464094374
1710802120.333202,4.057577715979682
1710802120.333315,4.050221178266737
1710802120.3334277,4.037609895070394
1710802120.3335407,4.024297926161024
1710802120.3336537,4.007833268907335
1710802120.3337667,3.9892668194240994
1710802120.3338795,3.9682478374905057
1710802120.3339925,3.9468789100646973
1710802120.3341055,3.9251595073276095
1710802120.3342185,3.9023892084757485
1710802120.3343313,3.8799691200256348
1710802120.3344443,3.8561479250590005
1710802120.3345573,3.8312758339775934
1710802120.3346703,3.804651896158854
1710802120.334783,3.7734741634792752
1710802120.334896,3.7401943736606174
1710802120.335009,3.7037618954976397
1710802120.335122,3.665227625105116
1710802120.3352349,3.625992668999566
1710802120.335348,3.585005866156684
1710802120.335461,3.5443698035346136
1710802120.335574,3.5037334760030108
1710802120.3356867,3.4634476237826877
1710802120.3357997,3.4210597144232855
1710802120.3359127,3.376920223236084
1710802120.3360257,3.3296280437045627
1710802120.3361385,3.2798835966322155
1710802120.3362515,3.2280373573303223
1710802120.3363645,3.1740893257988825
1710802120.3364775,3.119790818956163
1710802120.3365903,3.065142101711697
1710802120.3367033,3.0101429091559515
1710802120.3368163,2.9544432957967124
1710802120.3369293,2.899444368150499
1710802120.337042,2.841992908053928
1710802120.337155,2.7831403414408364
1710802120.337268,2.7211350864834256
1710802120.3373811,2.6563273535834417
1710802120.337494,2.588716877831353
1710802120.337607,2.519705295562744
1710802120.33772,2.4485919210645886
1710802120.337833,2.37642765045166
1710802120.3379457,2.3046135902404785
1710802120.3380587,2.2306974728902182
1710802120.3381717,2.1578325165642633
1710802120.3382847,2.0825152926974826
1710802120.3383975,2.006497515572442
1710802120.3385105,1.9276771280500624
1710802120.3386235,1.8467549482981362
1710802120.3387365,1.764081186718411
1710802120.3388493,1.680006186167399
1710802120.3389623,1.595580842759874
1710802120.3390753,1.5090535746680365
1710802120.3391883,1.4232269922892253
1710802120.339301,1.3366997241973877
1710802120.3394141,1.249121692445543
1710802120.3395271,1.160842842525906
1710802120.3396401,1.0708125432332356
1710802120.339753,0.9800815582275391
1710802120.339866,0.887599057621426
1710802120.339979,0.7944158713022867
1710802120.340092,0.6998315122392442
1710802120.3402047,0.6045464674631754
1710802120.3403177,0.5092614558007982
1710802120.3404307,0.41292548179626465
1710802120.3405437,0.3158888883060879
1710802120.3406565,0.21815169188711378
1710802120.3407695,0.12111510667535993
1710802120.3408825,0.02267726593547397
1710802120.3409956,-0.0750452611181471
1710802120.3411083,-0.17346383796797857
1710802120.3412213,-0.27258291840553284
1710802120.3413343,-0.3699507647090488
1710802120.341447,-0.46801911460028756
1710802120.3415601,-0.5674884054395888
1710802120.3416731,-0.665906998846266
1710802120.3417861,-0.7657265663146973
1710802120.341899,-0.8644953701231215
1710802120.342012,-0.9636144505606757
1710802120.342125,-1.063083741399977
1710802120.342238,-1.1611521244049072
1710802120.3423507,-1.2585200203789604
1710802120.3424637,-1.3551873630947537
1710802120.3425767,-1.4504537317487929
1710802120.3426898,-1.5450195471445718
1710802120.3428025,-1.6406362586551242
1710802120.3429155,-1.7348518636491563
1710802120.3430285,-1.8290676010979545
1710802120.3431416,-1.9229329956902397
1710802120.3432543,-2.015047205819024
1710802120.3433673,-2.106460862689548
1710802120.3434803,-2.195773124694824
1710802120.3435934,-2.2833342022365994
1710802120.3437061,-2.36879375245836
1710802120.3438191,-2.45180156495836
1710802120.3439322,-2.5337584813435874
1710802120.3440452,-2.6139646106296115
1710802120.344158,-2.693469789293077
1710802120.344271,-2.773675653669569
1710802120.344384,-2.8514300452338324
1710802120.344497,-2.9288339614868164
1710802120.3446097,-3.0037861400180392
1710802120.3447227,-3.076286580827501
1710802120.3448358,-3.146685759226481
1710802120.3449488,-3.2142827245924206
1710802120.3450615,-3.2790780067443848
1710802120.3451746,-3.3424721823798285
1710802120.3452876,-3.404465251498752
1710802120.3454006,-3.464357058207194
1710802120.3455133,-3.5231979688008623
1710802120.3456264,-3.5813387235005694
1710802120.3457394,-3.637727896372477
1710802120.3458524,-3.692015806833903
1710802120.3459651,-3.7442021899753146
1710802120.3460782,-3.793936835394965
1710802120.3461912,-3.8398186365763345
1710802120.3463042,-3.884299596150716
1710802120.346417,-3.923527134789361
1710802120.34653,-3.9631046189202204
1710802120.346643,-3.999179734124078
1710802120.346756,-4.035605059729682
1710802120.3468688,-4.069578912523058
1710802120.3469818,-4.102151393890381
1710802120.3470948,-4.132973088158502
1710802120.3472078,-4.162393411000569
1710802120.3473206,-4.189362261030409
1710802120.3474336,-4.212828742133246
1710802120.3475466,-4.233843220604791
1710802120.3476596,-4.252056015862359
1710802120.3477724,-4.267466598086886
1710802120.3478854,-4.281476603613959
1710802120.3479984,-4.292684396107991
1710802120.3481114,-4.304242399003771
1710802120.3482242,-4.312998453776042
1710802120.3483372,-4.321754508548312
1710802120.3484502,-4.329459932115343
1710802120.3485632,-4.334713617960612
1710802120.348676,-4.336815145280626
1710802120.348789,-4.337165355682373
1710802120.348902,-4.334713617960612
1710802120.349015,-4.32981014251709
1710802120.3491278,-4.3235058254665795
1710802120.3492408,-4.315099981096056
1710802120.3493538,-4.3059934510125055
1710802120.3494668,-4.29653697543674
1710802120.3495796,-4.287080499860975
1710802120.3496926,-4.275872707366943
1710802120.3498056,-4.2639642291598845
1710802120.3499186,-4.249604278140597
1710802120.3500314,-4.231741958194308
1710802120.3501444,-4.211777846018474
1710802120.3502574,-4.188311629825168
1710802120.3503704,-4.163094096713595
1710802120.3504832,-4.135775036282009
1710802120.3505962,-4.107755555046929
1710802120.3507092,-4.079735808902316
1710802120.3508222,-4.050315486060248
1710802120.350935,-4.020894898308648
1710802120.351048,-3.9904236793518066
1710802120.351161,-3.957150512271457
1710802120.351274,-3.9214256074693465
1710802120.3513868,-3.882548544141981
1710802120.3514998,-3.8401688469780817
1710802120.3516128,-3.796738783518473
1710802120.3517258,-3.7512069278293185
1710802120.3518386,-3.70497465133667
1710802120.3519516,-3.6580419540405273
1710802120.3520646,-3.6114594671461315
1710802120.3521776,-3.564176559448242
1710802120.3522904,-3.5151425997416177
1710802120.3524034,-3.464357058207194
1710802120.3525164,-3.4104196230570474
1710802120.3526294,-3.3540301852756076
1710802120.3527422,-3.294138378567166
1710802120.3528552,-3.23354615105523
1710802120.3529682,-3.170502185821533
1710802120.3530812,-3.1067577997843423
1710802120.353194,-3.042312992943658
1710802120.353307,-2.977868186102973
1710802120.35342,-2.913423114352756
1710802120.353533,-2.8472269905938044
1710802120.3536458,-2.7796300252278647
1710802120.3537588,-2.7092308468288846
1710802120.3538718,-2.6377810372246637
1710802120.3539848,-2.562828858693441
1710802120.3540976,-2.486825784047445
1710802120.3542106,-2.4090716573927136
1710802120.3543236,-2.330967320336236
1710802120.3544366,-2.250761455959744
1710802120.3545494,-2.1716062227884927
1710802120.3546624,-2.090699805153741
1710802120.3547754,-2.0080422030554876
1710802120.3548884,-1.9250343905554876
1710802120.3550012,-1.8395748403337266
1710802120.3551142,-1.7520138952467177
1710802120.3552272,-1.6630518436431885
1710802120.3553402,-1.5723386075761583
1710802120.355453,-1.480224397447374
1710802120.355566,-1.388460530175103
1710802120.355679,-1.2952955563863118
1710802120.355792,-1.2014301617940266
1710802120.3559048,-1.1072144905726116
1710802120.3560178,-1.0115979115168254
1710802120.3561308,-0.915630989604526
1710802120.3562438,-0.8189636468887329
1710802120.3563566,-0.7215958171420627
1710802120.3564696,-0.6242279873953925
1710802120.3565826,-0.5254591173595852
1710802120.3566957,-0.425989826520284
1710802120.3568084,-0.32792147662904525
1710802120.3569214,-0.22670095165570575
1710802120.3570344,-0.12688138418727452
1710802120.3571475,-0.025660850935512118
1710802120.3572602,0.07522415783670214
1710802120.3573732,0.1761141750547621
1710802120.3574862,0.27735451857248944
1710802120.3575993,0.377543932861752
1710802120.357712,0.4780836237801446
1710802120.357825,0.5765214893552992
1710802120.357938,0.6749592887030708
1710802120.358051,0.7730468114217122
1710802120.3581638,0.8714846769968668
1710802120.3582768,0.9695721997155083
1710802120.3583899,1.0673093795776367
1710802120.3585029,1.164696349038018
1710802120.3586156,1.2610322899288602
1710802120.3587286,1.3559669918484158
1710802120.3588417,1.449150111940172
1710802120.3589547,1.5412823359171548
1710802120.3590674,1.6316629780663383
1710802120.3591805,1.7206423812442355
1710802120.3592935,1.8099721272786458
1710802120.3594065,1.89930174085829
1710802120.3595192,1.98793093363444
1710802120.3596323,2.0769103368123374
1710802120.3597453,2.164138158162435
1710802120.3598583,2.2513659795125327
1710802120.359971,2.335440847608778
1710802120.360084,2.4167135026719833
1710802120.360197,2.4948332044813366
1710802120.36031,2.5708511140611434
1710802120.3604228,2.6447669665018716
1710802120.3605359,2.7176319228278265
1710802120.3606489,2.788395086924235
1710802120.360762,2.858457565307617
1710802120.3608747,2.9274691475762262
1710802120.3609877,2.995079623328315
1710802120.3611007,3.060237831539578
1710802120.3612137,3.123293982611762
1710802120.3613265,3.1824967596266003
1710802120.3614395,3.2395977444118924
1710802120.3615525,3.2938962512546115
1710802120.3616655,3.346092700958252
1710802120.3617783,3.395486937628852
1710802120.3618913,3.4441802236768932
1710802120.3620043,3.492173088921441
1710802120.3621173,3.5387648476494684
1710802120.36223,3.5832542843288846
1710802120.362343,3.6266930898030596
1710802120.362456,3.667679627736409
1710802120.362569,3.7062141630384655
1710802120.3626819,3.7419459554884167
1710802120.3627949,3.7748752699957953
1710802120.362908,3.8057027922736273
1710802120.363021,3.834428522321913
1710802120.3631337,3.861752880944146
1710802120.3632467,3.887676133049859
1710802120.3633597,3.9132489098442926
1710802120.3634727,3.9370701048109265
1710802120.3635855,3.96124177508884
1710802120.3636985,3.9822604921129012
1710802120.3638115,4.001177416907416
1710802120.3639245,4.018342759874132
1710802120.3640373,4.032355149586995
1710802120.3641503,4.043915536668566
1710802120.3642633,4.0516222847832575
1710802120.3643763,4.057927926381429
1710802120.364489,4.06283246146308
1710802120.364602,4.066335360209147
1710802120.364715,4.068437417348226
1710802120.364828,4.070889419979519
1710802120.364941,4.071239895290798
1710802120.365054,4.069838523864746
1710802120.365167,4.0670360459221735
1710802120.36528,4.060730404324001
1710802120.3653927,4.05302365620931
1710802120.3655057,4.042163954840766
1710802120.3656187,4.02850177552965
1710802120.3657317,4.014489120907253
1710802120.3658445,3.999776045481364
1710802120.3659575,3.985413180457221
1710802120.3660705,3.9696492089165583
1710802120.3661835,3.9542354477776422
1710802120.3662963,3.9374203152126737
1710802120.3664093,3.918853865729438
1710802120.3665223,3.8974849383036294
1710802120.3666353,3.872963057623969
1710802120.366748,3.8466895951165094
1710802120.366861,3.8169129689534502
1710802120.366974,3.7864356570773654
1710802120.3670871,3.7542070282830133
1710802120.3672,3.722328609890408
1710802120.367313,3.6900997161865234
1710802120.367426,3.657871087392171
1710802120.367539,3.6245912975735135
1710802120.3676517,3.589209715525309
1710802120.3677647,3.5524270269605847
1710802120.3678777,3.511440224117703
1710802120.3679907,3.468351893954807
1710802120.3681035,3.423161506652832
1710802120.3682165,3.37621980243259
1710802120.3683295,3.3282269371880426
1710802120.3684425,3.2795333862304688
1710802120.3685553,3.230839835272895
1710802120.3686683,3.1821465492248535
1710802120.3687813,3.1324021021525064
1710802120.3688943,3.081256548563639
1710802120.369007,3.027308252122667
1710802120.3691201,2.9705577426486545
1710802120.3692331,2.9103038046095104
1710802120.3693461,2.8482985496520996
1710802120.369459,2.784541712866889
1710802120.369572,2.719383504655626
1710802120.369685,2.653875086042616
1710802120.369798,2.588016457027859
1710802120.3699107,2.5218073527018228
1710802120.3700237,2.4548975626627603
1710802120.3701367,2.3879877726236978
1710802120.3702497,2.3168743981255426
1710802120.3703625,2.2454105483161078
1710802120.3704755,2.1711443530188665
1710802120.3705885,2.095476918750339
1710802120.3707016,2.018057770199246
1710802120.3708143,1.9402884112464056
1710802120.3709273,1.860767470465766
1710802120.3710403,1.7812463972303603
1710802120.3711534,1.7017254564497206
1710802120.3712661,1.6208032766977944
1710802120.3713791,1.5384798579745822
1710802120.3714921,1.4540545145670574
1710802120.3716052,1.368578275044759
1710802120.371718,1.2799490822686088
1710802120.371831,1.1906194686889648
1710802120.371944,1.098837521341112
1710802120.372057,1.0074059830771551
1710802120.3721697,0.9142227967580159
1710802120.3722827,0.8203390571806166
1710802120.3723958,0.7254042890336778
1710802120.3725088,0.6304695871141222
1710802120.3726215,0.5351845754517449
1710802120.3727345,0.4377976722187466
1710802120.3728476,0.3404107689857483
1710802120.3729606,0.2437245017952389
1710802120.3730733,0.14493635959095424
1710802120.3731863,0.046848836872312755
1710802120.3732994,-0.05333013004726834
1710802120.3734124,-0.1527994540002611
1710802120.3735251,-0.2529692484272851
1710802120.3736382,-0.3541897734006246
1710802120.3737512,-0.45435958438449436
1710802120.3738642,-0.5555801259146796
1710802120.373977,-0.6561001804139879
1710802120.37409,-0.7555694712532891
1710802120.374203,-0.8557393153508503
1710802120.374316,-0.9534573554992676
1710802120.3744287,-1.0529267125659518
1710802120.3745418,-1.150995095570882
1710802120.3746548,-1.2494136227501762
1710802120.3747678,-1.3485327031877306
1710802120.3748806,-1.4462508095635307
1710802120.3749936,-1.544319126341078
1710802120.3751066,-1.6416870223151312
1710802120.3752196,-1.7380040221744113
1710802120.3753324,-1.8322197596232095
1710802120.3754454,-1.9257349438137479
1710802120.3755584,-2.016798390282525
1710802120.3756714,-2.107161283493042
1710802120.3757842,-2.196473545498318
1710802120.3758972,-2.2847350438435874
1710802120.3760102,-2.372996542188856
1710802120.3761232,-2.4609078301323786
1710802120.376236,-2.5481186972724066
1710802120.376349,-2.633578247494168
1710802120.376462,-2.7176366911994085
1710802120.376575,-2.7985432412889266
1710802120.3766878,-2.876997788747152
1710802120.3768008,-2.9537012841966415
1710802120.3769138,-3.027252621120877
1710802120.3770268,-3.0994028515285916
1710802120.3771396,-3.170151975419786
1710802120.3772526,-3.2395005226135254
1710802120.3773656,-3.307097487979465
1710802120.3774786,-3.3739940325419107
1710802120.3775914,-3.439489735497369
1710802120.3777044,-3.5025337007310653
1710802120.3778174,-3.5620752970377603
1710802120.3779304,-3.619164890713162
1710802120.3780432,-3.6741532219780817
1710802120.3781562,-3.7259893947177463
1710802120.3782692,-3.775023619333903
1710802120.3783822,-3.8233571582370334
1710802120.378495,-3.869239224327935
1710802120.378608,-3.9151212904188366
1710802120.378721,-3.958551353878445
1710802120.378834,-4.001281261444092
1710802120.3789468,-4.041559431287977
1710802120.3790598,-4.079735808902316
1710802120.3791728,-4.114760292900933
1710802120.3792858,-4.147333039177789
1710802120.3793986,-4.177103837331136
1710802120.3795116,-4.204422897762722
1710802120.3796246,-4.2285895347595215
1710802120.3797376,-4.252056015862359
1710802120.3798504,-4.273070759243435
1710802120.3799634,-4.293384816911486
1710802120.3800764,-4.3122980329725475
1710802120.3801894,-4.329459932115343
1710802120.3803022,-4.344870779249403
1710802120.3804152,-4.358530309465197
1710802120.3805282,-4.3690374162462025
1710802120.3806412,-4.376742839813232
1710802120.380754,-4.381296104855007
1710802120.380867,-4.384098052978516
1710802120.38098,-4.384448263380262
1710802120.381093,-4.383747842576769
1710802120.3812058,-4.382696946461995
1710802120.3813188,-4.380595684051514
1710802120.3814318,-4.377443260616726
1710802120.3815448,-4.372540050082736
1710802120.3816576,-4.366235468122694
1710802120.3817706,-4.356428782145183
1710802120.3818836,-4.34381988313463
1710802120.3819966,-4.327358404795329
1710802120.3821094,-4.308445188734266
1710802120.3822224,-4.28778092066447
1710802120.3823354,-4.264664649963379
1710802120.3824484,-4.242249064975314
1710802120.3825612,-4.218432638380262
1710802120.3826742,-4.194615946875678
1710802120.3827872,-4.170098834567599
1710802120.3829,-4.143830670250787
1710802120.383013,-4.1158109241061736
1710802120.383126,-4.084639284345839
1710802120.383239,-4.050315486060248
1710802120.3833518,-4.013889895545112
1710802120.3834648,-3.975363042619493
1710802120.3835778,-3.935435348086887
1710802120.3836908,-3.8958578639560275
1710802120.3838036,-3.855229483710395
1710802120.3839166,-3.8142508930630155
1710802120.3840296,-3.772922092013889
1710802120.3841426,-3.729841974046495
1710802120.3842554,-3.6839601728651257
1710802120.3843684,-3.635276158650716
1710802120.3844814,-3.5830897755093045
1710802120.3845944,-3.5284516546461315
1710802120.3847072,-3.471011850568983
1710802120.3848202,-3.412170675065782
1710802120.3849332,-3.3533297644721136
1710802120.3850462,-3.294839064280192
1710802120.385159,-3.23494725757175
1710802120.385272,-3.1750554508633084
1710802120.385385,-3.1134125921461315
1710802120.385498,-3.049668206108941
1710802120.3856108,-2.9831216070387097
1710802120.3857238,-2.9144740104675293
1710802120.3858368,-2.842673990461561
1710802120.3859499,-2.770173284742567
1710802120.3860626,-2.6941704750061035
1710802120.3861756,-2.6195685068766275
1710802120.3862886,-2.5421645906236434
1710802120.3864017,-2.4665117263793945
1710802120.3865144,-2.3880571789211698
1710802120.3866274,-2.307851049635145
1710802120.3867404,-2.2272949748569064
1710802120.3868535,-2.1442871623569064
1710802120.3869662,-2.0591779549916587
1710802120.3870792,-1.9723174307081435
1710802120.3871922,-1.8847563531663682
1710802120.3873053,-1.794743670357598
1710802120.387418,-1.707182592815823
1710802120.387531,-1.616119146347046
1710802120.387644,-1.5268068843417697
1710802120.387757,-1.4353932274712455
1710802120.3878698,-1.3436292277442083
1710802120.3879828,-1.2508145968119304
1710802120.3880959,-1.1565989918178983
1710802120.3882089,-1.0620330439673529
1710802120.3883216,-0.9660661882824367
1710802120.3884346,-0.8686982923083835
1710802120.3885477,-0.7706299755308363
1710802120.3886607,-0.6722113821241591
1710802120.3887734,-0.5723918146557277
1710802120.3888865,-0.4715215497546726
1710802120.3889995,-0.3706512517399258
1710802120.3891125,-0.2687302397357093
1710802120.3892252,-0.1657584806283315
1710802120.3893383,-0.06383745206726922
1710802120.3894513,0.0380910187959671
1710802120.3895643,0.14038229982058206
1710802120.389677,0.24197295308113098
1710802120.38979,0.3439138995276557
1710802120.389903,0.4455045527882046
1710802120.390016,0.5477958255343967
1710802120.3901289,0.6507877508799235
1710802120.3902419,0.7523783710267808
1710802120.3903549,0.8539690574010212
1710802120.390468,0.9548590580622355
1710802120.3905807,1.0543478197521634
1710802120.3906937,1.1517347229851616
1710802120.3908067,1.2480706638760037
1710802120.3909197,1.3419544696807861
1710802120.3910325,1.4358382754855685
1710802120.3911455,1.529371738433838
1710802120.3912585,1.6218541728125677
1710802120.3913715,1.7143367396460638
1710802120.3914843,1.80681930647956
1710802120.3915973,1.8961490525139701
1710802120.3917103,1.9858290089501274
1710802120.3918233,2.071655591328939
1710802120.391936,2.1557305918799505
1710802120.392049,2.2370031144883895
1710802120.392162,2.3172246085272894
1710802120.392275,2.396044996049669
1710802120.3923879,2.472413116031223
1710802120.3925009,2.549131711324056
1710802120.392614,2.6251493559943304
1710802120.392727,2.700466579861111
1710802120.3928397,2.7743826972113714
1710802120.3929527,2.8458465470208063
1710802120.3930657,2.914858129289415
1710802120.3931787,2.981066968705919
1710802120.3932915,3.0444735950893826
1710802120.3934045,3.1050777435302734
1710802120.3935175,3.1635798348320856
1710802120.3936305,3.2206808196173773
1710802120.3937433,3.276380697886149
1710802120.3938563,3.3317301008436413
1710802120.3939693,3.384276760949029
1710802120.3940823,3.4364734755622015
1710802120.394195,3.4862179226345487
1710802120.394308,3.5331596268547907
1710802120.394421,3.577299118041992
1710802120.394534,3.6186358663770886
1710802120.394647,3.656820191277398
1710802120.39476,3.692902194129096
1710802120.394873,3.7265321943495007
1710802120.394986,3.758060402340359
1710802120.3950987,3.7899388207329645
1710802120.3952117,3.8197154468960233
1710802120.3953247,3.8491415977478027
1710802120.3954377,3.8757655355665417
1710802120.3955505,3.900287416246202
1710802120.3956635,3.92340792549981
1710802120.3957765,3.943375746409098
1710802120.3958895,3.9608912997775607
1710802120.3960023,3.9752541648017035
1710802120.3961153,3.9882156583997936
1710802120.3962283,3.999776045481364
1710802120.3963413,4.009234640333387
1710802120.396454,4.018692970275879
1710802120.396567,4.027100404103597
1710802120.39668,4.034807417127821
1710802120.3967931,4.041113058725993
1710802120.396906,4.045667118496365
1710802120.397019,4.047768910725911
1710802120.397132,4.047418700324164
1710802120.397245,4.044616222381592
1710802120.3973577,4.039011001586914
1710802120.3974707,4.032004939185248
1710802120.3975837,4.023947715759277
1710802120.3976967,4.015890492333306
1710802120.3978095,4.005381001366509
1710802120.3979225,3.995572461022271
1710802120.3980355,3.984712759653727
1710802120.3981485,3.9728018972608776
1710802120.3982613,3.958088821834988
1710802120.3983743,3.9402230580647783
1710802120.3984873,3.920605447557237
1710802120.3986003,3.89713446299235
1710802120.398713,3.8719118965996637
1710802120.3988261,3.8456384340922036
1710802120.3989391,3.8183140754699707
1710802120.3990521,3.7920406129625106
1710802120.399165,3.765066729651557
1710802120.399278,3.737742371029324
1710802120.399391,3.7097173266940646
1710802120.399504,3.6792400148179794
1710802120.3996167,3.6463107003106012
1710802120.3997297,3.6098782221476235
1710802120.3998427,3.572394847869873
1710802120.3999557,3.531408045026991
1710802120.4000685,3.491122192806668
1710802120.4001815,3.4483840730455184
1710802120.4002945,3.4063466389973955
1710802120.4004076,3.36465941535102
1710802120.4005203,3.3222715059916177
1710802120.4006333,3.2784824901156955
1710802120.4007463,3.2329418924119735
1710802120.4008594,3.184949027167426
1710802120.4009721,3.133803473578559
1710802120.4010851,3.080555862850613
1710802120.4011981,3.0245057741800943
1710802120.4013112,2.967755264706082
1710802120.401424,2.911004490322537
1710802120.401537,2.8528526094224715
1710802120.40165,2.795051203833686
1710802120.401763,2.7365488476223416
1710802120.4018757,2.6773460706075034
1710802120.4019887,2.616041236453586
1710802120.4021018,2.5515837139553494
1710802120.4022148,2.4857250849405923
1710802120.4023275,2.4156626065572104
1710802120.4024405,2.3448994424608016
1710802120.4025536,2.272384696536594
1710802120.4026666,2.1984687116410995
1710802120.4027793,2.1242025163438583
1710802120.4028924,2.049235635333591
1710802120.4030054,1.9742687543233235
1710802120.4031184,1.8971999486287434
1710802120.4032311,1.8197808000776503
1710802120.4033442,1.7399095164404974
1710802120.4034572,1.6586369938320584
1710802120.4035702,1.5749123361375597
1710802120.403683,1.4901366498735216
1710802120.403796,1.4046604103512235
1710802120.403909,1.318133274714152
1710802120.404022,1.2309053209092882
1710802120.4041348,1.1436774995591905
1710802120.4042478,1.0553987820943196
1710802120.4043608,0.9667697217729356
1710802120.4044738,0.8763890133963691
1710802120.4045866,0.7860083712471856
1710802120.4046996,0.6928252511554294
1710802120.4048126,0.5996421310636733
1710802120.4049256,0.5057583252588908
1710802120.4050384,0.4104733135965135
1710802120.4051514,0.31518826882044476
1710802120.4052644,0.21920262111557853
1710802120.4053774,0.12251635392506917
1710802120.4054902,0.025129454831282295
1710802120.4056032,-0.07329404354095459
1710802120.4057162,-0.17136237687534756
1710802120.4058292,-0.2697809702820248
1710802120.405942,-0.36784930361641777
1710802120.406055,-0.4659176535076565
1710802120.406168,-0.5643362469143337
1710802120.406281,-0.6634552611245049
1710802120.4063938,-0.7611733675003052
1710802120.4065068,-0.8595919609069824
1710802120.4066198,-0.9590612517462836
1710802120.4067328,-1.058180332183838
1710802120.4068456,-1.1569492022196453
1710802120.4069586,-1.2543169657389324
1710802120.4070716,-1.3520350721147325
1710802120.4071846,-1.447301573223538
1710802120.4072974,-1.542918152279324
1710802120.4074104,-1.6360831260681152
1710802120.4075234,-1.7288977570003934
1710802120.4076364,-1.8206616242726643
1710802120.4077492,-1.9131261772579617
1710802120.4078622,-2.004189623726739
1710802120.4079752,-2.0959534909990096
1710802120.4080882,-2.185265753004286
1710802120.408201,-2.2745778825547958
1710802120.408314,-2.362138960096571
1710802120.408427,-2.4465478791130915
1710802120.40854,-2.5295556916130915
1710802120.4086528,-2.6094113455878363
1710802120.4087658,-2.687865893046061
1710802120.4088788,-2.764569388495551
1710802120.4089918,-2.840572463141547
1710802120.4091046,-2.9172759585910373
1710802120.4092176,-2.991177241007487
1710802120.4093306,-3.064028157128228
1710802120.4094436,-3.135477966732449
1710802120.4095564,-3.2044760386149087
1710802120.4096694,-3.2717227935791016
1710802120.4097824,-3.3358173900180392
1710802120.4098954,-3.398511144849989
1710802120.4100082,-3.458052741156684
1710802120.4101212,-3.5165434413486056
1710802120.4102342,-3.5736332999335394
1710802120.4103472,-3.630722893608941
1710802120.41046,-3.6857112248738604
1710802120.410573,-3.7392987145317926
1710802120.410686,-3.792185518476698
1710802120.410799,-3.8419201638963485
1710802120.4109118,-3.8892030715942383
1710802120.4110248,-3.934384716881646
1710802120.4111378,-3.975363042619493
1710802120.4112508,-4.013889895545112
1710802120.4113636,-4.048914379543728
1710802120.4114766,-4.083238442738851
1710802120.4115896,-4.1158109241061736
1710802120.4117026,-4.1455817222595215
1710802120.4118154,-4.175702730814616
1710802120.4119284,-4.2030217912462025
1710802120.4120414,-4.2285895347595215
1710802120.4121544,-4.252056015862359
1710802120.4122672,-4.273070759243435
1710802120.4123802,-4.291283289591472
1710802120.4124932,-4.306343926323785
1710802120.4126062,-4.3200034565395775
1710802120.412719,-4.330510563320583
1710802120.412832,-4.340317514207628
1710802120.412945,-4.348723358578152
1710802120.413058,-4.356428782145183
1710802120.4131708,-4.362733099195692
1710802120.4132838,-4.368336995442708
1710802120.4133968,-4.372189574771457
1710802120.4135098,-4.372890260484484
1710802120.4136226,-4.37183936436971
1710802120.4137356,-4.3676365746392145
1710802120.4138486,-4.35923073026869
1710802120.4139616,-4.35012420018514
1710802120.4140744,-4.338916407691108
1710802120.4141874,-4.326307773590088
1710802120.4143004,-4.312998453776042
1710802120.4144135,-4.300039344363742
1710802120.4145262,-4.2860296037462025
1710802120.4146392,-4.269918335808648
1710802120.4147522,-4.252756436665853
1710802120.4148653,-4.232092168596056
1710802120.414978,-4.208275477091472
1710802120.415091,-4.1809564166598845
1710802120.415204,-4.1518863042195635
1710802120.415317,-4.120364189147949
1710802120.4154298,-4.0881416532728405
1710802120.4155428,-4.0548684861924915
1710802120.4156559,-4.021595319112142
1710802120.4157689,-3.9872715208265515
1710802120.4158816,-3.9515466160244412
1710802120.4159946,-3.9144206047058105
1710802120.4161077,-3.874843120574951
1710802120.4162207,-3.8310625818040633
1710802120.4163334,-3.785180515713162
1710802120.4164464,-3.7368469768100314
1710802120.4165595,-3.6874625417921276
1710802120.4166725,-3.63597657945421
1710802120.4167852,-3.5851913028293185
1710802120.4168983,-3.534406026204427
1710802120.4170113,-3.482569853464762
1710802120.4171243,-3.4307336807250977
1710802120.417237,-3.3767959806654186
1710802120.41735,-3.3204068077935114
1710802120.417463,-3.2601647906833224
1710802120.417576,-3.1985219319661455
1710802120.4176888,-3.1340768602159286
1710802120.4178019,-3.06753052605523
1710802120.4179149,-2.9999335606892905
1710802120.4180279,-2.9312856992085776
1710802120.4181406,-2.8622876273261175
1710802120.4182537,-2.7936397658454046
1710802120.4183667,-2.7225401666429305
1710802120.4184797,-2.6503899362352157
1710802120.4185925,-2.57578796810574
1710802120.4187055,-2.49908447265625
1710802120.4188185,-2.420279449886746
1710802120.4189315,-2.338672743903266
1710802120.4190443,-2.256015141805013
1710802120.4191573,-2.17195643319024
1710802120.4192703,-2.0875476466284857
1710802120.4193833,-2.0020880964067245
1710802120.419496,-1.9162783357832167
1710802120.419609,-1.8283670478396945
1710802120.419722,-1.7401055494944253
1710802120.419835,-1.6490421030256484
1710802120.4199479,-1.5572781032986112
1710802120.4200609,-1.463412708706326
1710802120.420174,-1.3684965504540336
1710802120.420287,-1.2714789973364935
1710802120.4203997,-1.1744614442189534
1710802120.4205127,-1.076042784584893
1710802120.4206257,-0.9772739807764689
1710802120.4207387,-0.8781549003389146
1710802120.4208515,-0.7783353328704834
1710802120.4209645,-0.6781655550003052
1710802120.4210775,-0.5772952238718668
1710802120.4211905,-0.4757244719399346
1710802120.4213033,-0.37485417392518783
1710802120.4214163,-0.27293316192097133
1710802120.4215293,-0.17101213335990906
1710802120.4216423,-0.06874086956183116
1710802120.421755,0.033536956955989204
1710802120.421868,0.13652885953585306
1710802120.421981,0.24022138781017727
1710802120.422094,0.3432132800420125
1710802120.4222069,0.4465555151303609
1710802120.42232,0.5495474073621962
1710802120.422433,0.6514883703655666
1710802120.422546,0.752728713883294
1710802120.4226587,0.8532684379153781
1710802120.4227717,0.9534578190909492
1710802120.4228847,1.0529465807808769
1710802120.4229977,1.1524354086981878
1710802120.4231105,1.2519241703881157
1710802120.4232235,1.3517632749345567
1710802120.4233365,1.4502010080549452
1710802120.4234495,1.5479383203718398
1710802120.4235623,1.6435735755496554
1710802120.4236753,1.7374573813544378
1710802120.4237883,1.8292392624749076
1710802120.423901,1.9199702474806044
1710802120.424014,2.007198068830702
1710802120.424127,2.0944258901807995
1710802120.42424,2.179902129703098
1710802120.424353,2.266079054938422
1710802120.424466,2.350854608747694
1710802120.424579,2.435279952155219
1710802120.424692,2.517253292931451
1710802120.4248047,2.5971245765686035
1710802120.4249177,2.674193117353651
1710802120.4250307,2.7477590243021646
1710802120.4251437,2.819222609202067
1710802120.4252565,2.88753350575765
1710802120.4253695,2.9551439815097384
1710802120.4254825,3.0203021897210016
1710802120.4255955,3.0847597122192383
1710802120.4257083,3.1481660736931696
1710802120.4258213,3.2098211182488336
1710802120.4259343,3.269374370574951
1710802120.4260473,3.3271760410732694
1710802120.42616,3.381474283006456
1710802120.426273,3.4326201015048556
1710802120.426386,3.4816638628641763
1710802120.4264991,3.527554670969645
1710802120.426612,3.5706432660420733
1710802120.426725,3.6137315962049694
1710802120.426838,3.6554188198513455
1710802120.426951,3.696055147382948
1710802120.4270637,3.735290103488498
1710802120.4271767,3.773123953077528
1710802120.4272897,3.8095564312405057
1710802120.4274027,3.841434849633111
1710802120.4275155,3.87261258231269
1710802120.4276285,3.8988860448201494
1710802120.4277415,3.923758135901557
1710802120.4278545,3.9454775386386447
1710802120.4279673,3.966846730973985
1710802120.4280803,3.984712759653727
1710802120.4281933,4.003279209136963
1710802120.4283063,4.019393655988905
1710802120.428419,4.0362085236443415
1710802120.4285321,4.049520492553711
1710802120.4286451,4.061431090037028
1710802120.4287581,4.072290791405572
1710802120.428871,4.079997539520264
1710802120.428984,4.083150492774116
1710802120.429097,4.085602760314941
1710802120.42921,4.084551599290636
1710802120.4293227,4.082800282372369
1710802120.4294357,4.079647329118517
1710802120.4295487,4.076144165462917
1710802120.4296618,4.071590105692546
1710802120.4297745,4.066335360209147
1710802120.4298875,4.059329297807482
1710802120.4300005,4.050921599070231
1710802120.4301136,4.03971168729994
1710802120.4302263,4.026399718390571
1710802120.4303393,4.009234640333387
1710802120.4304523,3.9913686116536455
1710802120.4305654,3.970700105031331
1710802120.4306781,3.9500315984090166
1710802120.4307911,3.9283121956719294
1710802120.4309042,3.9072934786478677
1710802120.4310172,3.8859245512220593
1710802120.43113,3.8631542523701983
1710802120.431243,3.839683267805311
1710802120.431356,3.8134098052978516
1710802120.431469,3.784684075249566
1710802120.4315817,3.7517547607421875
1710802120.4316947,3.7174240748087564
1710802120.4318078,3.6813420719570584
1710802120.4319208,3.6438584327697754
1710802120.4320335,3.6060248480902777
1710802120.4321465,3.568891684214274
1710802120.4322596,3.530707624223497
1710802120.4323726,3.491822878519694
1710802120.4324853,3.4518872367011175
1710802120.4325984,3.4094993273417153
1710802120.4327114,3.3643089400397406
1710802120.4328244,3.315965864393446
1710802120.4329371,3.265170521206326
1710802120.4330502,3.2133242819044323
1710802120.4331632,3.1590257750617132
1710802120.4332762,3.1050777435302734
1710802120.433389,3.0511297119988336
1710802120.433502,2.996480729844835
1710802120.433615,2.941832012600369
1710802120.433728,2.885081503126356
1710802120.4338408,2.826579146915012
1710802120.4339538,2.765975263383653
1710802120.4340668,2.7022181616889105
1710802120.4341798,2.637760639190674
1710802120.4342926,2.5694497426350913
1710802120.4344056,2.5007886356777616
1710802120.4345186,2.431426578097873
1710802120.4346316,2.3620647854275174
1710802120.4347444,2.292702727847629
1710802120.4348574,2.2215893533494735
1710802120.4349704,2.150826189253065
1710802120.4350834,2.0769103368123374
1710802120.4351962,2.0019434558020697
1710802120.4353092,1.9238236215379503
1710802120.4354222,1.8443026807573106
1710802120.4355352,1.7633805010053847
1710802120.435648,1.6814074251386855
1710802120.435761,1.59873366355896
1710802120.435874,1.5150088734096951
1710802120.435987,1.43058353000217
1710802120.4360998,1.3458079761928983
1710802120.4362128,1.259981393814087
1710802120.4363258,1.172052886750963
1710802120.4364388,1.0827231407165527
1710802120.4365516,0.991291602452596
1710802120.4366646,0.899159378475613
1710802120.4367776,0.8056259155273438
1710802120.4368906,0.7113918330934312
1710802120.4370034,0.6164571311738756
1710802120.4371164,0.5204714669121636
1710802120.4372294,0.42378518316480845
1710802120.4373424,0.3274492091602749
1710802120.4374552,0.23006232248412237
1710802120.4375682,0.13337604701519012
1710802120.4376812,0.03563883403937022
1710802120.4377942,-0.061735990974638194
1710802120.437907,-0.15945408079359266
1710802120.43802,-0.2564716835816701
1710802120.438133,-0.3538395298851861
1710802120.438246,-0.45155763626098633
1710802120.4383588,-0.548225012090471
1710802120.4384718,-0.6473440594143337
1710802120.4385848,-0.745062165790134
1710802120.4386978,-0.8427802721659342
1710802120.4388106,-0.9401481019126045
1710802120.4389236,-1.0371657212575276
1710802120.4390366,-1.1341832743750677
1710802120.4391496,-1.2283990118238661
1710802120.4392624,-1.3240155908796523
1710802120.4393754,-1.4182311958736844
1710802120.4394884,-1.5127971437242296
1710802120.4396014,-1.6073630915747747
1710802120.4397142,-1.702279249827067
1710802120.4398272,-1.796845065222846
1710802120.4399402,-1.8907104598151312
1710802120.4400532,-1.9831748803456624
1710802120.440166,-2.0742383268144393
1710802120.440279,-2.1621496147579617
1710802120.440392,-2.2490101390414767
1710802120.440505,-2.3334190580579968
1710802120.4406178,-2.417477501763238
1710802120.4407308,-2.499784893459744
1710802120.4408438,-2.5810416539510093
1710802120.4409568,-2.661947939130995
1710802120.4410696,-2.74180359310574
1710802120.4411826,-2.821309036678738
1710802120.4412956,-2.898012532128228
1710802120.4414086,-2.972264289855957
1710802120.4415214,-3.0440643098619247
1710802120.4416344,-3.1130623817443848
1710802120.4417474,-3.1796087159050836
1710802120.4418604,-3.244053522745768
1710802120.4419732,-3.307797908782959
1710802120.4420862,-3.3690908220079208
1710802120.4421992,-3.4303834703233504
1710802120.4423122,-3.489574591318766
1710802120.442425,-3.547715081108941
1710802120.442538,-3.603404098086887
1710802120.442651,-3.656991322835286
1710802120.442764,-3.707776599460178
1710802120.4428768,-3.7557601928710938
1710802120.4429898,-3.800941573248969
1710802120.4431028,-3.844021691216363
1710802120.4432158,-3.885350492265489
1710802120.4433286,-3.9256283971998425
1710802120.4434416,-3.964155250125461
1710802120.4435546,-4.001281261444092
1710802120.4436677,-4.037706587049696
1710802120.4437804,-4.072731071048312
1710802120.4438934,-4.106004238128662
1710802120.4440064,-4.136475457085504
1710802120.4441195,-4.16379451751709
1710802120.4442322,-4.189362261030409
1710802120.4443452,-4.211427635616726
1710802120.4444582,-4.231741958194308
1710802120.4445713,-4.249954488542345
1710802120.444684,-4.266415966881646
1710802120.444797,-4.282177024417453
1710802120.44491,-4.29653697543674
1710802120.445023,-4.30949608484904
1710802120.4451358,-4.320703877343072
1710802120.4452488,-4.329459932115343
1710802120.4453619,-4.335063828362359
1710802120.4454749,-4.339617093404134
1710802120.4455876,-4.338916407691108
1710802120.4457006,-4.337165355682373
1710802120.4458137,-4.332612090640597
1710802120.4459267,-4.326657983991835
1710802120.4460394,-4.320703877343072
1710802120.4461524,-4.312648243374294
1710802120.4462655,-4.305293030209011
1710802120.4463785,-4.295836554633246
1710802120.4464912,-4.284978972540961
1710802120.4466043,-4.272370073530409
1710802120.4467173,-4.2562588055928545
1710802120.4468303,-4.237345854441325
1710802120.446943,-4.216331111060248
1710802120.447056,-4.19321510526869
1710802120.447169,-4.167647096845839
1710802120.447282,-4.142429563734266
1710802120.4473948,-4.1165116098192005
1710802120.4475079,-4.0902431805928545
1710802120.4476209,-4.063274330563015
1710802120.4477339,-4.036305745442708
1710802120.4478467,-4.005484051174587
1710802120.4479597,-3.9729115698072643
1710802120.4480727,-3.936135768890381
1710802120.4481857,-3.8986598120795355
1710802120.4482985,-3.856980800628662
1710802120.4484115,-3.815301524268256
1710802120.4485245,-3.771521250406901
1710802120.4486375,-3.7287913428412542
1710802120.4487503,-3.6846605936686196
1710802120.4488633,-3.6408800548977323
1710802120.4489763,-3.5953484641181097
1710802120.4490893,-3.5466644499037
1710802120.449202,-3.4955286979675293
1710802120.449315,-3.4412410524156356
1710802120.449428,-3.384851614634196
1710802120.449541,-3.3253102832370334
1710802120.4496539,-3.264017370012071
1710802120.4497669,-3.2020243008931475
1710802120.44988,-3.1400309668646917
1710802120.449993,-3.077337476942274
1710802120.4501057,-3.014993932512071
1710802120.4502187,-2.9505491256713867
1710802120.4503317,-2.8850534227159286
1710802120.4504447,-2.8171059820387097
1710802120.4505575,-2.746006382836236
1710802120.4506705,-2.673856152428521
1710802120.4507835,-2.599604394700792
1710802120.4508965,-2.5236015849643283
1710802120.4510093,-2.447598510318332
1710802120.4511223,-2.3698443836636014
1710802120.4512353,-2.2920902570088706
1710802120.4513483,-2.2139857874976263
1710802120.451461,-2.1341301335228815
1710802120.451574,-2.0518227418263755
1710802120.451687,-1.9684647189246283
1710802120.4518,-1.8833553791046143
1710802120.4519129,-1.795794301562839
1710802120.452026,-1.706832382414076
1710802120.452139,-1.616819699605306
1710802120.452252,-1.5264566739400227
1710802120.4523647,-1.4339922534094915
1710802120.4524777,-1.3415278328789604
1710802120.4525907,-1.2487130694919162
1710802120.4527037,-1.154497464497884
1710802120.4528165,-1.059931582874722
1710802120.4529295,-0.9639647271898057
1710802120.4530425,-0.8676475948757595
1710802120.4531555,-0.7702797651290894
1710802120.4532683,-0.6711606846915351
1710802120.4533813,-0.5723918146557277
1710802120.4534943,-0.4725722803009881
1710802120.4536073,-0.3717019822862413
1710802120.45372,-0.2711819443437788
1710802120.453833,-0.16821018523640102
1710802120.453946,-0.06593891729911168
1710802120.4540591,0.036339457664224833
1710802120.454172,0.13933135403527153
1710802120.454285,0.24092200729582045
1710802120.454398,0.34286297029919094
1710802120.454511,0.4434026943312751
1710802120.4546237,0.5449933475918239
1710802120.4547367,0.644832452138265
1710802120.4548497,0.7457224527994791
1710802120.4549627,0.8469627963172065
1710802120.4550755,0.9478527969784206
1710802120.4551885,1.0473415586683485
1710802120.4553015,1.145779424243503
1710802120.4554145,1.2435166041056316
1710802120.4555273,1.3391519917382133
1710802120.4556403,1.433736350801256
1710802120.4557533,1.526218917634752
1710802120.4558663,1.6183511416117349
1710802120.455979,1.7090821266174316
1710802120.4560921,1.7994627687666152
1710802120.4562051,1.8901936213175454
1710802120.4563181,1.980224053064982
1710802120.456431,2.069553666644626
1710802120.456544,2.157131830851237
1710802120.456657,2.2419073846605087
1710802120.45677,2.3245814111497665
1710802120.4568827,2.4048029051886664
1710802120.4569957,2.4836232927110458
1710802120.4571087,2.5599914126925998
1710802120.4572217,2.6353086365593805
1710802120.4573345,2.7099251747131348
1710802120.4574475,2.7834908167521157
1710802120.4575605,2.856705983479818
1710802120.4576735,2.9285203086005316
1710802120.4577863,2.9975318908691406
1710802120.4578993,3.0644414159986706
1710802120.4580123,3.128198252783881
1710802120.4581254,3.1891528765360513
1710802120.4582381,3.2473047574361162
1710802120.4583511,3.302654160393609
1710802120.4584641,3.356602191925049
1710802120.4585772,3.4087986416286893
1710802120.45869,3.4606448809305825
1710802120.458803,3.5100391176011825
1710802120.458916,3.558382193247477
1710802120.459029,3.6053241623772516
1710802120.4591417,3.649113178253174
1710802120.4592547,3.6908004018995495
1710802120.4593678,3.7286342514885797
1710802120.4594808,3.7647162543402777
1710802120.4595935,3.797295358445909
1710802120.4597065,3.827422195010715
1710802120.4598196,3.856848610772027
1710802120.4599326,3.885223865509033
1710802120.4600453,3.9121980137295194
1710802120.4601583,3.9388216866387262
1710802120.4602714,3.9629933569166393
1710802120.4603844,3.9850629700554743
1710802120.4604971,4.0060816870795355
1710802120.4606102,4.023597240447998
1710802120.4607232,4.039011001586914
1710802120.4608362,4.0516222847832575
1710802120.460949,4.062131775750054
1710802120.461062,4.070188999176025
1710802120.461175,4.077895747290717
1710802120.461288,4.083500703175862
1710802120.4614007,4.088755448659261
1710802120.4615138,4.093309508429633
1710802120.4616268,4.096462461683485
1710802120.4617398,4.098214043511285
1710802120.4618526,4.0978635682000055
1710802120.4619656,4.093309508429633
1710802120.4620786,4.087354342142741
1710802120.4621916,4.077195061577691
1710802120.4623044,4.0659851498074
1710802120.4624174,4.0523229704962835
1710802120.4625304,4.03831058078342
1710802120.4626434,4.023247030046251
1710802120.4627562,4.008884165022108
1710802120.4628692,3.992419507768419
1710802120.4629822,3.9752541648017035
1710802120.4630952,3.957037925720215
1710802120.463208,3.9346178372701006
1710802120.463321,3.910796642303467
1710802120.463434,3.8831220732794867
1710802120.463547,3.854046132829454
1710802120.4636598,3.823218610551622
1710802120.4637728,3.7920406129625106
1710802120.4638858,3.7601621945699053
1710802120.4639988,3.7286342514885797
1710802120.4641116,3.6974562538994684
1710802120.4642246,3.6648771497938366
1710802120.4643376,3.6301962534586587
1710802120.4644506,3.5948146714104547
1710802120.4645634,3.5555797153049045
1710802120.4646764,3.5135422812567816
1710802120.4647894,3.4697532653808594
1710802120.4649024,3.4242124027676053
1710802120.4650152,3.3786718050638833
1710802120.4651282,3.3320803112453885
1710802120.4652412,3.2854888174268932
1710802120.465354,3.238196637895372
1710802120.465467,3.191254668765598
1710802120.46558,3.141860432094998
1710802120.465693,3.08931377198961
1710802120.4658058,3.034314579433865
1710802120.4659188,2.9761626985337997
1710802120.4660318,2.9162592358059354
1710802120.4661448,2.853903505537245
1710802120.4662576,2.7908473544650607
1710802120.4663706,2.726740042368571
1710802120.4664836,2.6636838912963867
1710802120.4665966,2.598876158396403
1710802120.4667094,2.533367474873861
1710802120.4668224,2.4664579497443304
1710802120.4669354,2.398147053188748
1710802120.4670484,2.3256323072645397
1710802120.4671612,2.2527670860290527
1710802120.4672742,2.175698412789239
1710802120.4673872,2.0979290538363986
1710802120.4675002,2.0201596948835583
1710802120.467613,1.9406387541029189
1710802120.467726,1.8600667847527397
1710802120.467839,1.780195501115587
1710802120.467952,1.699973874621921
1710802120.4680648,1.6169499026404486
1710802120.4681778,1.5328747696346707
1710802120.4682908,1.445997291141086
1710802120.4684038,1.3591198126475017
1710802120.4685166,1.2690895133548312
1710802120.4686296,1.1790590816073947
1710802120.4687426,1.087627543343438
1710802120.4688556,0.9954953193664551
1710802120.4689684,0.9023121992746989
1710802120.4690814,0.8098296324412028
1710802120.4691944,0.7148949305216471
1710802120.4693074,0.6196098857455783
1710802120.4694202,0.5243249071968926
1710802120.4695332,0.42763862344953746
1710802120.4696462,0.32990141047371757
1710802120.4697592,0.23181388775507608
1710802120.469872,0.13302572899394566
1710802120.469985,0.03388726876841651
1710802120.470098,-0.06628916081455019
1710802120.470211,-0.1664589676592085
1710802120.4703238,-0.26767949263254803
1710802120.4704368,-0.3692502776781718
1710802120.4705498,-0.47047081920835704
1710802120.4706628,-0.5723918146557277
1710802120.4707756,-0.6722113821241591
1710802120.4708886,-0.7730817132525973
1710802120.4710016,-0.8725510040918986
1710802120.4711146,-0.9723705715603298
1710802120.4712274,-1.071839862399631
1710802120.4713404,-1.1706087324354384
1710802120.4714534,-1.2693774700164795
1710802120.4715664,-1.3684965504540336
1710802120.4716792,-1.466564999686347
1710802120.4717922,-1.5635825528038871
1710802120.4719052,-1.6595494747161865
1710802120.4720182,-1.7537650797102187
1710802120.472131,-1.8469300534990098
1710802120.472244,-1.9369427363077798
1710802120.472357,-2.0273056295182967
1710802120.47247,-2.115917470720079
1710802120.4725828,-2.2045291794670954
1710802120.4726958,-2.2917400466071234
1710802120.4728088,-2.3796513345506454
1710802120.4729218,-2.4665117263793945
1710802120.4730346,-2.5512708557976618
1710802120.4731476,-2.6346288786994085
1710802120.4732606,-2.715885639190674
1710802120.4733737,-2.7953908178541393
1710802120.4734864,-2.8713938925001354
1710802120.4735994,-2.9463460710313583
1710802120.4737124,-3.0188465118408203
1710802120.4738255,-3.0906467967563205
1710802120.4739382,-3.161045710245768
1710802120.4740512,-3.231795099046495
1710802120.4741642,-3.2993920644124346
1710802120.4742773,-3.36663908428616
1710802120.47439,-3.4314341015285916
1710802120.474503,-3.4930772251553006
1710802120.474616,-3.55296876695421
1710802120.474729,-3.60935820473565
1710802120.4748418,-3.6629454294840493
1710802120.4749548,-3.714431391821967
1710802120.4750679,-3.7652166684468584
1710802120.4751809,-3.8128500514560275
1710802120.4752936,-3.861183590359158
1710802120.4754066,-3.9070656564500594
1710802120.4755197,-3.950495719909668
1710802120.4756327,-3.9928754170735674
1710802120.4757454,-4.03210269080268
1710802120.4758584,-4.068878226810031
1710802120.4759715,-4.102151393890381
1710802120.4760845,-4.132973088158502
1710802120.4761972,-4.160292148590088
1710802120.4763103,-4.186210102505154
1710802120.4764233,-4.210377004411486
1710802120.4765363,-4.2327925893995495
1710802120.476649,-4.253807332780626
1710802120.476762,-4.274471600850423
1710802120.476875,-4.293034606509738
1710802120.476988,-4.309145874447292
1710802120.4771008,-4.324906667073567
1710802120.4772139,-4.335764249165853
1710802120.4773269,-4.34522098965115
1710802120.4774399,-4.35152530670166
1710802120.4775527,-4.356428782145183
1710802120.4776657,-4.358530309465197
1710802120.4777787,-4.3599311510721845
1710802120.4778917,-4.360631571875678
1710802120.4780045,-4.360281361473931
1710802120.4781175,-4.358530309465197
1710802120.4782305,-4.356428782145183
1710802120.4783435,-4.350824885898166
1710802120.4784563,-4.343119462331136
1710802120.4785693,-4.33121124903361
1710802120.4786823,-4.31720150841607
1710802120.4787953,-4.299689133961995
1710802120.478908,-4.28112612830268
1710802120.479021,-4.259761439429389
1710802120.479134,-4.238746696048312
1710802120.479247,-4.217031531863742
1710802120.4793599,-4.194615946875678
1710802120.4794729,-4.17149994108412
1710802120.479586,-4.146982828776042
1710802120.479699,-4.1200139787462025
1710802120.4798117,-4.090593390994601
1710802120.4799247,-4.058020644717746
1710802120.4800377,-4.022996425628662
1710802120.4801507,-3.9872715208265515
1710802120.4802635,-3.9487446679009333
1710802120.4803765,-3.9109182357788086
1710802120.4804895,-3.87239138285319
1710802120.4806025,-3.8328138987223306
1710802120.4807153,-3.793936835394965
1710802120.4808283,-3.7526080343458386
1710802120.4809413,-3.708477285173204
1710802120.4810543,-3.6618947982788086
1710802120.481167,-3.611809942457411
1710802120.48128,-3.5599737697177463
1710802120.481393,-3.5053356488545733
1710802120.481506,-3.449296686384413
1710802120.481619,-3.3932574590047198
1710802120.481732,-3.3368682861328125
1710802120.481845,-3.2804788483513727
1710802120.481958,-3.2230390442742243
1710802120.4820707,-3.1641978687710233
1710802120.4821837,-3.104306062062581
1710802120.4822967,-3.0402114656236434
1710802120.4824097,-2.975066237979465
1710802120.4825225,-2.907118797302246
1710802120.4826355,-2.837069829305013
1710802120.4827485,-2.765970495012071
1710802120.4828615,-2.6941704750061035
1710802120.4829743,-2.622019979688856
1710802120.4830873,-2.5491693284776473
1710802120.4832003,-2.4745673603481717
1710802120.4833133,-2.3982140753004284
1710802120.483426,-2.320810159047445
1710802120.483539,-2.2409545050726996
1710802120.483652,-2.15864724583096
1710802120.4837651,-2.073537906010946
1710802120.483878,-1.9873778025309243
1710802120.483991,-1.8998168574439154
1710802120.484104,-1.8108548058403862
1710802120.484217,-1.7222430970933702
1710802120.4843297,-1.63152986102634
1710802120.4844427,-1.541166967815823
1710802120.4845557,-1.4494029680887859
1710802120.4846687,-1.3572887579600017
1710802120.4847815,-1.2620223893059623
1710802120.4848945,-1.1671062310536702
1710802120.4850075,-1.0711393753687541
1710802120.4851205,-0.9744720326529609
1710802120.4852333,-0.8778046899371676
1710802120.4853463,-0.7797363069322374
1710802120.4854593,-0.6820182005564371
1710802120.4855723,-0.5832493967480129
1710802120.485685,-0.4841303163104587
1710802120.4857981,-0.3846610254711575
1710802120.4859111,-0.28519170151816475
1710802120.4860241,-0.18432142006026372
1710802120.486137,-0.08520233962270948
1710802120.48625,0.014970389505227406
1710802120.486363,0.11445916361278957
1710802120.486476,0.2153491973876953
1710802120.4865887,0.31483795907762313
1710802120.4867017,0.4153776831097073
1710802120.4868147,0.5169683363702562
1710802120.4869277,0.617858370145162
1710802120.4870405,0.7187483708063761
1710802120.4871535,0.8192880948384602
1710802120.4872665,0.9180762370427449
1710802120.4873796,1.0154631402757432
1710802120.4874923,1.1114487383100722
1710802120.4876053,1.2056828869713676
1710802120.4877183,1.3013182746039496
1710802120.4878314,1.395201947953966
1710802120.4879441,1.4887354109022353
1710802120.4880571,1.5826192167070177
1710802120.4881701,1.6754519939422607
1710802120.4882832,1.7675842179192436
1710802120.488396,1.857264306810167
1710802120.488509,1.9462437099880643
1710802120.488622,2.031369606653849
1710802120.488735,2.115094396803114
1710802120.4888477,2.1963669194115534
1710802120.4889607,2.2769387563069663
1710802120.4890738,2.3561093542310925
1710802120.4891868,2.434579531351725
1710802120.4892995,2.5119985474480524
1710802120.4894125,2.5894175635443792
1710802120.4895256,2.66473478741116
1710802120.4896386,2.7372495333353677
1710802120.4897513,2.8083629078335233
1710802120.4898643,2.8756229082743325
1710802120.4899774,2.9404309060838485
1710802120.4900904,3.003136846754286
1710802120.4902031,3.0637407302856445
1710802120.4903162,3.123293982611762
1710802120.4904292,3.181445863511827
1710802120.4905422,3.239247534010145
1710802120.490655,3.295647833082411
1710802120.490768,3.350296550326877
1710802120.490881,3.40389437145657
1710802120.490994,3.453989028930664
1710802120.4911067,3.5019818941752114
1710802120.4912198,3.54647159576416
1710802120.4913328,3.589209715525309
1710802120.4914458,3.6294955677456326
1710802120.4915586,3.6673294173346624
1710802120.4916716,3.704462581210666
1710802120.4917846,3.7412452697753906
1710802120.4918976,3.7752257453070746
1710802120.4920104,3.8085055351257324
1710802120.4921234,3.8400334782070584
1710802120.4922364,3.868759208255344
1710802120.4923494,3.8950326707628036
1710802120.4924622,3.918853865729438
1710802120.4925752,3.9388216866387262
1710802120.4926882,3.9566877153184676
1710802120.4928012,3.9728018972608776
1710802120.492914,3.986113866170247
1710802120.493027,3.9990753597683377
1710802120.49314,4.010985957251655
1710802120.493253,4.021845658620198
1710802120.4933658,4.030603567759196
1710802120.4934788,4.039361476898193
1710802120.4935918,4.046017328898112
1710802120.4937048,4.049870702955458
1710802120.4938176,4.050921599070231
1710802120.4939306,4.049870702955458
1710802120.4940436,4.046718014611138
1710802120.4941566,4.04146326912774
1710802120.4942694,4.034456941816542
1710802120.4943824,4.02815130021837
1710802120.4944954,4.020094341701931
1710802120.4946084,4.012737539079454
1710802120.4947212,4.003979894849989
1710802120.4948342,3.993470403883192
1710802120.4949472,3.981209595998128
1710802120.4950602,3.965795834859212
1710802120.495173,3.9479298061794705
1710802120.495286,3.927961985270182
1710802120.495399,3.905191686418321
1710802120.495512,3.8820711771647134
1710802120.4956248,3.858249717288547
1710802120.4957378,3.83477873272366
1710802120.4958508,3.8102568520439997
1710802120.4959638,3.7867861323886447
1710802120.4960766,3.7605126698811846
1710802120.4961896,3.7328378359476724
1710802120.4963026,3.7023607889811196
1710802120.4964156,3.668730788760715
1710802120.4965284,3.6326485209994845
1710802120.4966414,3.5948146714104547
1710802120.4967544,3.554879029591878
1710802120.4968674,3.515644073486328
1710802120.4969802,3.4750077459547253
1710802120.4970932,3.4340212080213757
1710802120.4972062,3.3937353558010526
1710802120.4973192,3.3516979217529297
1710802120.497432,3.3068577448527017
1710802120.497545,3.2606164614359536
1710802120.497658,3.2119231753879123
1710802120.497771,3.1600769360860186
1710802120.4978838,3.1061286396450467
1710802120.4979968,3.050078550974528
1710802120.4981098,2.9943789376152887
1710802120.4982228,2.93832884894477
1710802120.4983356,2.8819285498725042
1710802120.4984486,2.8255282508002386
1710802120.4985616,2.7680770556131997
1710802120.4986746,2.7088742785983615
1710802120.4987874,2.6472192340426974
1710802120.4989004,2.5827617115444608
1710802120.4990134,2.5165526072184243
1710802120.4991264,2.4489421314663358
1710802120.4992392,2.3788796530829535
1710802120.4993522,2.307416068183051
1710802120.4994652,2.2356020079718695
1710802120.4995782,2.164488368564182
1710802120.499691,2.091273069381714
1710802120.499804,2.0170068740844727
1710802120.499917,1.9413393073611789
1710802120.50003,1.8628692626953125
1710802120.5001428,1.7815967400868733
1710802120.5002558,1.699623664220174
1710802120.5003688,1.614497635099623
1710802120.5004818,1.5279704994625516
1710802120.5005946,1.441443231370714
1710802120.5007076,1.35351472430759
1710802120.5008206,1.265236006842719
1710802120.5009336,1.1755560504065619
1710802120.5010464,1.0858759615156386
1710802120.5011594,0.9947946998808119
1710802120.5012724,0.9033630953894721
1710802120.5013855,0.8098296324412028
1710802120.5014982,0.7152452733781602
1710802120.5016112,0.6203105714586046
1710802120.5017242,0.5253758364253573
1710802120.5018373,0.4279889331923591
1710802120.50195,0.3320032689306471
1710802120.502063,0.23496669199731615
1710802120.502176,0.13687916927867466
1710802120.502289,0.038791646560033165
1710802120.5024018,-0.05963452574279573
1710802120.5025148,-0.15770286321640015
1710802120.5026278,-0.2568219270971086
1710802120.5027409,-0.35489026043150157
1710802120.5028536,-0.4536590973536173
1710802120.5029666,-0.5513772037294176
1710802120.5030797,-0.6494455205069648
1710802120.5031927,-0.748214324315389
1710802120.5033054,-0.8469831943511963
1710802120.5034184,-0.9457519981596205
1710802120.5035315,-1.0452213552263048
1710802120.5036445,-1.142939461602105
1710802120.5037572,-1.2410077783796523
1710802120.5038702,-1.3380253314971924
1710802120.5039833,-1.4339922534094915
1710802120.5040963,-1.5292586220635307
1710802120.504209,-1.6234742270575628
1710802120.504322,-1.7176899645063612
1710802120.504435,-1.8115553590986464
1710802120.504548,-1.9068217277526855
1710802120.5046608,-1.9999867015414767
1710802120.5047739,-2.093852096133762
1710802120.5048869,-2.185265753004286
1710802120.5049999,-2.274928357866075
1710802120.5051126,-2.3631898562113443
1710802120.5052257,-2.448298931121826
1710802120.5053387,-2.5313070085313583
1710802120.5054517,-2.6129137145148382
1710802120.5055645,-2.693469789293077
1710802120.5056775,-2.7726250224643283
1710802120.5057905,-2.8510798348320856
1710802120.5059035,-2.9288339614868164
1710802120.5060163,-3.00483677122328
1710802120.5061293,-3.078738318549262
1710802120.5062423,-3.150888548956977
1710802120.5063553,-3.220237096150716
1710802120.506468,-3.2867834303114147
1710802120.506581,-3.3515784475538464
1710802120.506694,-3.4139219919840493
1710802120.5068069,-3.475214640299479
1710802120.5069199,-3.534756236606174
1710802120.5070329,-3.5928967263963485
1710802120.507146,-3.6503367953830295
1710802120.5072587,-3.706025547451443
1710802120.5073717,-3.7603131930033364
1710802120.5074847,-3.8128500514560275
1710802120.5075977,-3.861884011162652
1710802120.5077105,-3.9077660772535534
1710802120.5078235,-3.9508461952209473
1710802120.5079365,-3.992174996270074
1710802120.5080495,-4.030001163482666
1710802120.5081623,-4.065726068284777
1710802120.5082753,-4.100400341881646
1710802120.5083883,-4.134724140167236
1710802120.5085013,-4.166946676042345
1710802120.508614,-4.1974178949991865
1710802120.508727,-4.2271886931525335
1710802120.50884,-4.253807332780626
1710802120.508953,-4.277973969777425
1710802120.5090659,-4.298988713158502
1710802120.5091789,-4.316851033104791
1710802120.509292,-4.332261880238851
1710802120.509405,-4.345921410454644
1710802120.5095177,-4.356778992546929
1710802120.5096307,-4.36693615383572
1710802120.5097437,-4.374641312493218
1710802120.5098567,-4.382346736060248
1710802120.5099695,-4.388651053110759
1710802120.5100825,-4.39250389734904
1710802120.5101955,-4.39355452855428
1710802120.5103085,-4.392153686947292
1710802120.5104213,-4.387250211503771
1710802120.5105343,-4.379894998338488
1710802120.5106473,-4.370088312360975
1710802120.5107603,-4.358880519866943
1710802120.510873,-4.347322252061632
1710802120.510986,-4.334013197157118
1710802120.511099,-4.3214042981465655
1710802120.511212,-4.307394557529025
1710802120.511325,-4.292684396107991
1710802120.511438,-4.275522232055664
1710802120.511551,-4.2562588055928545
1710802120.511664,-4.233843220604791
1710802120.5117767,-4.208625687493218
1710802120.5118897,-4.180255995856391
1710802120.5120027,-4.150835408104791
1710802120.5121157,-4.121064609951443
1710802120.5122285,-4.0902431805928545
1710802120.5123415,-4.0590715408325195
1710802120.5124545,-4.026498794555664
1710802120.5125675,-3.9942762586805554
1710802120.5126803,-3.959252039591471
1710802120.5127933,-3.9214256074693465
1710802120.5129063,-3.880447016821967
1710802120.5130193,-3.8359660572475858
1710802120.513132,-3.78938357035319
1710802120.513245,-3.7410497665405273
1710802120.513358,-3.691665596432156
1710802120.5134711,-3.641230265299479
1710802120.513584,-3.5907951990763345
1710802120.513697,-3.54036013285319
1710802120.51381,-3.4878235393100314
1710802120.513923,-3.4345862600538464
1710802120.5140357,-3.378197087181939
1710802120.5141487,-3.319005701276991
1710802120.5142617,-3.2566624217563205
1710802120.5143747,-3.1922173500061035
1710802120.5144875,-3.1263714366488986
1710802120.5146005,-3.0591246816847057
1710802120.5147135,-2.991527716318766
1710802120.5148265,-2.9232300652398004
1710802120.5149393,-2.8549324141608343
1710802120.5150523,-2.7855841318766275
1710802120.5151653,-2.7134339014689126
1710802120.5152783,-2.6402327749464245
1710802120.515391,-2.564229965209961
1710802120.5155041,-2.4857751528422036
1710802120.5156171,-2.4062697092692056
1710802120.5157301,-2.3239623175726996
1710802120.515843,-2.2416549258761935
1710802120.515956,-2.1582969029744468
1710802120.516069,-2.074588669670953
1710802120.516182,-1.9887787765926785
1710802120.5162947,-1.9033192263709173
1710802120.5164077,-1.8154080708821614
1710802120.5165207,-1.7267962296803792
1710802120.5166337,-1.6364333364698622
1710802120.5167465,-1.5432683626810708
1710802120.5168595,-1.450103521347046
1710802120.5169725,-1.3544868098364935
1710802120.5170856,-1.2581696775224473
1710802120.5171983,-1.1615023348066542
1710802120.5173113,-1.064134505059984
1710802120.5174243,-0.9657159116533067
1710802120.5175374,-0.8665968312157525
1710802120.5176501,-0.7671275403764513
1710802120.5177631,-0.666257275475396
1710802120.5178761,-0.5653869443469577
1710802120.5179892,-0.4638161924150255
1710802120.518102,-0.3625956508848402
1710802120.518215,-0.2596238917774624
1710802120.518328,-0.15735261970096165
1710802120.518441,-0.054030621217356786
1710802120.5185537,0.04895071188608805
1710802120.5186667,0.15334385964605543
1710802120.5187798,0.25703638792037964
1710802120.5188928,0.3607288996378581
1710802120.5190055,0.46372082498338485
1710802120.5191185,0.5653114451302422
1710802120.5192316,0.6665517886479696
1710802120.5193446,0.7663908931944106
1710802120.5194573,0.8658796548843384
1710802120.5195704,0.9639671776029799
1710802120.5196834,1.0631056626637776
1710802120.5197964,1.1604924996693928
1710802120.5199091,1.2596310509575737
1710802120.5200222,1.3566675451066759
1710802120.5201352,1.453003618452284
1710802120.5202482,1.5479383203718398
1710802120.520361,1.6407710976070828
1710802120.520474,1.7318524254692924
1710802120.520587,1.8211820390489366
1710802120.5207,1.9101614422268338
1710802120.5208127,1.9963383674621582
1710802120.5209258,2.084266874525282
1710802120.5210388,2.1704437997606063
1710802120.5211518,2.2573211457994247
1710802120.5212646,2.3431478606330023
1710802120.5213776,2.426872518327501
1710802120.5214906,2.5084953837924533
1710802120.5216036,2.58766598171658
1710802120.5217164,2.664384577009413
1710802120.5218294,2.737599743737115
1710802120.5219424,2.808012697431776
1710802120.5220554,2.8773744901021323
1710802120.5221682,2.9453351762559676
1710802120.5222812,3.01224496629503
1710802120.5223942,3.07775338490804
1710802120.5225072,3.142561117808024
1710802120.52262,3.2038659519619412
1710802120.522733,3.2641196250915527
1710802120.522846,3.320169713762071
1710802120.522959,3.373767534891764
1710802120.5230718,3.423862192365858
1710802120.5231848,3.471855057610406
1710802120.5232978,3.5170454449123807
1710802120.5234108,3.560834460788303
1710802120.5235236,3.603572580549452
1710802120.5236366,3.645259804195828
1710802120.5237496,3.6862463421291776
1710802120.5238626,3.7240801917182074
1710802120.5239754,3.760862880282932
1710802120.5240884,3.7944928805033364
1710802120.5242014,3.8256706131829157
1710802120.5243144,3.8550970289442272
1710802120.5244272,3.881020016140408
1710802120.5245402,3.9037903149922686
1710802120.5246532,3.9258601930406356
1710802120.5247662,3.94652869966295
1710802120.524879,3.9664965205722384
1710802120.524992,3.984712759653727
1710802120.525105,4.002578523423937
1710802120.525218,4.018342759874132
1710802120.5253308,4.032355149586995
1710802120.5254438,4.043915536668566
1710802120.5255568,4.0523229704962835
1710802120.5256698,4.058628612094455
1710802120.5257826,4.061781300438775
1710802120.5258956,4.063532882266574
1710802120.5260086,4.062481986151801
1710802120.5261216,4.061431090037028
1710802120.5262344,4.059329297807482
1710802120.5263474,4.056526819864909
1710802120.5264604,4.054074552324083
1710802120.5265734,4.048119121127658
1710802120.5266862,4.042163954840766
1710802120.5267992,4.032705359988742
1710802120.5269122,4.021145237816705
1710802120.5270252,4.005731476677789
1710802120.527138,3.9892668194240994
1710802120.527251,3.9703498946295843
1710802120.527364,3.950732284122043
1710802120.527477,3.9314651489257812
1710802120.5275898,3.910796642303467
1710802120.5277028,3.8908288213941784
1710802120.5278158,3.868759208255344
1710802120.5279288,3.84633911980523
1710802120.5280416,3.8218172391255694
1710802120.5281546,3.7944928805033364
1710802120.5282676,3.7636653582255044
1710802120.5283806,3.7328378359476724
1710802120.5284934,3.6985071500142412
1710802120.5286064,3.6638262536790633
1710802120.5287194,3.6287951469421387
1710802120.5288324,3.5948146714104547
1710802120.5289452,3.5601337750752764
1710802120.5290582,3.5247521930270724
1710802120.5291712,3.4883197148640948
1710802120.5292842,3.4487342834472656
1710802120.529397,3.407747745513916
1710802120.52951,3.3629078335232205
1710802120.529623,3.31526517868042
1710802120.529736,3.265871206919352
1710802120.5298488,3.215776549445258
1710802120.5299618,3.1642805205451117
1710802120.5300748,3.1138356526692705
1710802120.5301878,3.061638938056098
1710802120.5303006,3.0094424883524575
1710802120.5304136,2.9561948776245117
1710802120.5305266,2.899794578552246
1710802120.5306396,2.8402413262261286
1710802120.5307524,2.7792869673834906
1710802120.5308654,2.714829444885254
1710802120.5309784,2.6486203405592175
1710802120.5310915,2.581010129716661
1710802120.5312042,2.5137501292758517
1710802120.5313172,2.445789443122016
1710802120.5314302,2.377128071255154
1710802120.5315433,2.3084669642978244
1710802120.531656,2.238404485914442
1710802120.531769,2.166239950391981
1710802120.531882,2.093024651209513
1710802120.531995,2.0170068740844727
1710802120.5321078,1.9395877255333793
1710802120.5322208,1.8600667847527397
1710802120.5323339,1.7798451582590737
1710802120.5324469,1.699623664220174
1710802120.5325596,1.6187014844682481
1710802120.5326726,1.537078619003296
1710802120.5327857,1.4537041717105441
1710802120.5328987,1.3703298568725586
1710802120.5330114,1.2862547238667805
1710802120.5331244,1.1986766921149359
1710802120.5332375,1.1100475655661688
1710802120.5333505,1.0203675429026287
1710802120.5334632,0.9292862150404189
1710802120.5335763,0.8371540572908189
1710802120.5336893,0.7439708709716797
1710802120.5338023,0.6500871313942803
1710802120.533915,0.556553668446011
1710802120.534028,0.462319552898407
1710802120.534141,0.3656333022647434
1710802120.534254,0.27034827404552036
1710802120.5343668,0.1736619902981652
1710802120.5344799,0.07627509534358978
1710802120.5345929,-0.021107676956388686
1710802120.5347059,-0.11777503622902764
1710802120.5348186,-0.2154931260479821
1710802120.5349317,-0.31391170289781356
1710802120.5350447,-0.4119800527890523
1710802120.5351577,-0.5103986461957296
1710802120.5352705,-0.6084669960869683
1710802120.5353835,-0.7079362869262695
1710802120.5354965,-0.8053041166729397
1710802120.5356095,-0.90337249967787
1710802120.5357223,-1.0000398423936632
1710802120.5358353,-1.0956564876768324
1710802120.5359483,-1.1909227901034884
1710802120.5360613,-1.2861892912122939
1710802120.536174,-1.380404896206326
1710802120.536287,-1.4756712648603652
1710802120.5364,-1.5698868698543973
1710802120.536513,-1.6641026073031955
1710802120.5366259,-1.7569172382354736
1710802120.5367389,-1.8490314483642578
1710802120.536852,-1.9390441311730278
1710802120.536965,-2.0273056295182967
1710802120.5370777,-2.114866707060072
1710802120.5371907,-2.200326257281833
1710802120.5373037,-2.28438483344184
1710802120.5374167,-2.368093066745334
1710802120.5375295,-2.45180156495836
1710802120.5376425,-2.5344591670566134
1710802120.5377555,-2.6171167691548667
1710802120.5378685,-2.6980230543348522
1710802120.5379813,-2.7775284979078503
1710802120.5380943,-2.8552826245625815
1710802120.5382073,-2.9309354888068304
1710802120.5383203,-3.0030857192145453
1710802120.538433,-3.07383484310574
1710802120.538546,-3.143183390299479
1710802120.538659,-3.210430145263672
1710802120.538772,-3.2769764794243708
1710802120.5388849,-3.3424721823798285
1710802120.538998,-3.406566778818766
1710802120.539111,-3.468910323248969
1710802120.539224,-3.529852761162652
1710802120.5393367,-3.5872928301493325
1710802120.5394497,-3.6422811614142523
1710802120.5395627,-3.694467544555664
1710802120.5396757,-3.7431512938605414
1710802120.5397885,-3.789733780754937
1710802120.5399015,-3.8345649507310653
1710802120.5400145,-3.877645068698459
1710802120.5401275,-3.9193240801493325
1710802120.5402403,-3.959952460394965
1710802120.5403533,-3.9988295237223306
1710802120.5404663,-4.035254849327935
1710802120.5405793,-4.069929122924805
1710802120.540692,-4.102852079603407
1710802120.540805,-4.132622877756755
1710802120.540918,-4.159591462877062
1710802120.5410311,-4.183408154381646
1710802120.541144,-4.2051233185662165
1710802120.541257,-4.226137797037761
1710802120.54137,-4.245051013098823
1710802120.541483,-4.262913597954644
1710802120.5415957,-4.279725286695692
1710802120.5417087,-4.2954863442315
1710802120.5418217,-4.308795399136013
1710802120.5419347,-4.320703877343072
1710802120.5420475,-4.330160352918837
1710802120.5421605,-4.336464934878879
1710802120.5422735,-4.340667724609375
1710802120.5423865,-4.3413681454128685
1710802120.5424993,-4.3413681454128685
1710802120.5426123,-4.338215986887614
1710802120.5427253,-4.335414038764106
1710802120.5428383,-4.331561459435357
1710802120.542951,-4.327008194393581
1710802120.543064,-4.320353666941325
1710802120.5431771,-4.312998453776042
1710802120.5432901,-4.302491082085504
1710802120.543403,-4.289882447984484
1710802120.543516,-4.272720283932156
1710802120.543629,-4.254157543182373
1710802120.543742,-4.233493010203044
1710802120.5438547,-4.210377004411486
1710802120.5439677,-4.187611209021674
1710802120.5440807,-4.16379451751709
1710802120.5441937,-4.140328036414252
1710802120.5443065,-4.114760292900933
1710802120.5444195,-4.088842338985867
1710802120.5445325,-4.060822592841254
1710802120.5446455,-4.029300742679172
1710802120.5447583,-3.9953271547953286
1710802120.5448713,-3.958551353878445
1710802120.5449843,-3.9193240801493325
1710802120.5450974,-3.8786956999037
1710802120.5452101,-3.8373668988545733
1710802120.5453231,-3.7963885731167264
1710802120.5454361,-3.7543590863545733
1710802120.5455492,-3.711979654100206
1710802120.545662,-3.6688995361328125
1710802120.545775,-3.622667524549696
1710802120.545888,-3.5736332999335394
1710802120.546001,-3.5221473375956216
1710802120.5461137,-3.467859427134196
1710802120.5462267,-3.411470254262288
1710802120.5463398,-3.3533297644721136
1710802120.5464528,-3.2944885889689126
1710802120.5465655,-3.235647678375244
1710802120.5466785,-3.1761063469780817
1710802120.5467916,-3.1158643298678927
1710802120.5469046,-3.0542212062411838
1710802120.5470173,-2.990476820203993
1710802120.5471303,-2.924630906846788
1710802120.5472434,-2.8549324141608343
1710802120.5473564,-2.784533235761854
1710802120.5474691,-2.7095810572306314
1710802120.5475821,-2.6342786682976618
1710802120.5476952,-2.5579253832499185
1710802120.5478082,-2.4805214669969344
1710802120.547921,-2.4027673403422036
1710802120.548034,-2.3239623175726996
1710802120.548147,-2.2437564531962075
1710802120.5482597,-2.1624999576144748
1710802120.5483727,-2.0784413814544678
1710802120.5484858,-1.9936822520362005
1710802120.5485988,-1.9068217277526855
1710802120.5487115,-1.8178596761491563
1710802120.5488245,-1.7278469933403862
1710802120.5489376,-1.637133757273356
1710802120.5490506,-1.546070310804579
1710802120.5491633,-1.4546566539340549
1710802120.5492764,-1.3621922334035237
1710802120.5493894,-1.2686770492129855
1710802120.5495024,-1.1741111013624403
1710802120.5496151,-1.079195009337531
1710802120.5497282,-0.982177389992608
1710802120.5498412,-0.8855100472768147
1710802120.5499542,-0.7860406902101305
1710802120.550067,-0.6879723734325832
1710802120.55018,-0.587102108531528
1710802120.550293,-0.48728254106309676
1710802120.550406,-0.385011268986596
1710802120.5505188,-0.2837907274564107
1710802120.5506318,-0.18151945537990993
1710802120.5507448,-0.07749697400463952
1710802120.5508578,0.024779143018854987
1710802120.5509706,0.12742073171668583
1710802120.5510836,0.23041263222694397
1710802120.5511966,0.3320032689306471
1710802120.5513096,0.4342945416768392
1710802120.5514224,0.5358851949373881
1710802120.5515354,0.6392274300257365
1710802120.5516484,0.741518669658237
1710802120.5517614,0.8448609378602769
1710802120.5518742,0.9471521774927775
1710802120.5519872,1.0480422443813748
1710802120.5521002,1.1482315593295627
1710802120.5522132,1.2466694249047172
1710802120.552326,1.3437060515085857
1710802120.552439,1.4389910962846544
1710802120.552552,1.5332251124911838
1710802120.552665,1.6260580221811929
1710802120.5527778,1.7199416955312092
1710802120.5528908,1.8131249480777316
1710802120.5530038,1.9056073824564614
1710802120.5531168,1.9970390531751845
1710802120.5532296,2.0867190096113415
1710802120.5533426,2.1735966205596924
1710802120.5534556,2.2590727276272244
1710802120.5535686,2.341396278805203
1710802120.5536814,2.4205668767293296
1710802120.5537944,2.500087949964735
1710802120.5539074,2.577156755659315
1710802120.5540204,2.653875086042616
1710802120.5541332,2.7281414137946234
1710802120.5542462,2.803458637661404
1710802120.5543592,2.875973383585612
1710802120.5544722,2.94673654768202
1710802120.554585,3.01539765463935
1710802120.554698,3.08090607325236
1710802120.554811,3.1432618035210504
1710802120.554924,3.2031652662489147
1710802120.5550368,3.2606164614359536
1710802120.5551498,3.3166665501064725
1710802120.5552628,3.372015953063965
1710802120.5553758,3.4259639845954046
1710802120.5554886,3.4785109096103244
1710802120.5556016,3.530006938510471
1710802120.5557146,3.580101595984565
1710802120.5558276,3.6266930898030596
1710802120.5559404,3.6715332667032876
1710802120.5560534,3.711819118923611
1710802120.5561664,3.749652968512641
1710802120.5562794,3.7850345505608454
1710802120.5563922,3.8179638650682235
1710802120.5565052,3.8491415977478027
1710802120.5566182,3.8785680135091143
1710802120.5567312,3.907643953959147
1710802120.556844,3.934267626868354
1710802120.556957,3.9591397179497614
1710802120.55707,3.9833113882276745
1710802120.557183,4.004330105251736
1710802120.5572958,4.021845658620198
1710802120.5574088,4.037259419759114
1710802120.5575218,4.049870702955458
1710802120.5576348,4.0596795082092285
1710802120.5577476,4.068086942036946
1710802120.5578606,4.0750932693481445
1710802120.5579736,4.08069822523329
1710802120.5580866,4.086303181118435
1710802120.5581994,4.090857240888807
1710802120.5583124,4.094360404544406
1710802120.5584254,4.095061090257433
1710802120.5585384,4.094710879855685
1710802120.5586512,4.09225861231486
1710802120.5587642,4.087354342142741
1710802120.5588772,4.079297118716769
1710802120.5589902,4.069838523864746
1710802120.559103,4.059329297807482
1710802120.559216,4.048469596438937
1710802120.559329,4.037259419759114
1710802120.559442,4.024648401472303
1710802120.5595548,4.012387328677707
1710802120.5596678,3.9987251493665905
1710802120.5597808,3.9822604921129012
1710802120.5598938,3.9633435673183866
1710802120.5600066,3.9402230580647783
1710802120.5601196,3.915000491672092
1710802120.5602326,3.8873256577385797
1710802120.5603456,3.857549296485053
1710802120.5604584,3.827071984608968
1710802120.5605714,3.7962444623311358
1710802120.5606844,3.7654169400533037
1710802120.5607975,3.734239207373725
1710802120.5609102,3.7030612097846136
1710802120.5610232,3.6683803134494357
1710802120.5611362,3.631947835286458
1710802120.5612493,3.592712879180908
1710802120.561362,3.551025655534532
1710802120.561475,3.50723663965861
1710802120.561588,3.461345566643609
1710802120.561701,3.4154547585381403
1710802120.5618138,3.3692134751213922
1710802120.5619268,3.322972191704644
1710802120.5620399,3.276380697886149
1710802120.5621529,3.2290885183546276
1710802120.5622656,3.180745177798801
1710802120.5623786,3.1285487280951605
1710802120.5624917,3.0749509069654675
1710802120.5626047,3.0171492364671493
1710802120.5627174,2.9586471451653376
1710802120.5628304,2.8976927863226996
1710802120.5629435,2.8353370560540094
1710802120.5630565,2.774032221900092
1710802120.5631692,2.711326281229655
1710802120.5632823,2.6496712366739907
1710802120.5633953,2.58591439988878
1710802120.5635083,2.52040598127577
1710802120.563621,2.4527957704332137
1710802120.563734,2.3830835024515786
1710802120.563847,2.310568756527371
1710802120.56396,2.23525153266059
1710802120.5640728,2.1592337555355496
1710802120.5641859,2.0821649498409696
1710802120.5642989,2.003694905175103
1710802120.5644119,1.9255752033657498
1710802120.5645247,1.8460542625851102
1710802120.5646377,1.7658327685462103
1710802120.5647507,1.684209903081258
1710802120.5648637,1.6004851129319932
1710802120.5649765,1.5150088734096951
1710802120.5650895,1.4270804988013372
1710802120.5652025,1.3388016488817003
1710802120.5653155,1.249121692445543
1710802120.5654283,1.1583907074398465
1710802120.5655413,1.0666087600919936
1710802120.5656543,0.9748268789715236
1710802120.5657673,0.8823443783654107
1710802120.56588,0.7895115349027846
1710802120.565993,0.6963283485836452
1710802120.566106,0.6017439895206027
1710802120.566219,0.5068092544873556
1710802120.5663319,0.4115242428249783
1710802120.5664449,0.3158888883060879
1710802120.566558,0.21815169188711378
1710802120.566671,0.12181572616100311
1710802120.5667837,0.02407851732439465
1710802120.5668967,-0.0739945305718316
1710802120.5670097,-0.17276335093710157
1710802120.5671227,-0.27223267489009434
1710802120.5672355,-0.3710014952553643
1710802120.5673485,-0.47082106272379554
1710802120.5674615,-0.5699401431613498
1710802120.5675745,-0.668358736568027
1710802120.5676873,-0.7667772637473212
1710802120.5678003,-0.8644953701231215
1710802120.5679133,-0.9632642401589288
1710802120.5680263,-1.0620330439673529
1710802120.568139,-1.1604515711466472
1710802120.568252,-1.2581696775224473
1710802120.568365,-1.3576389683617485
1710802120.568478,-1.4553570747375488
1710802120.5685909,-1.551674207051595
1710802120.568704,-1.6462401549021402
1710802120.568817,-1.7404557598961723
1710802120.56893,-1.8336207336849637
1710802120.5690427,-1.9236334164937336
1710802120.5691557,-2.013996442159017
1710802120.5692687,-2.104359335369534
1710802120.5693817,-2.194021807776557
1710802120.5694945,-2.2833342022365994
1710802120.5696075,-2.3705448044670954
1710802120.5697205,-2.4581058820088706
1710802120.5698335,-2.5421645906236434
1710802120.5699463,-2.6244717174106174
1710802120.5700593,-2.7032767401801214
1710802120.5701723,-2.781731287638346
1710802120.5702853,-2.8556328349643283
1710802120.570398,-2.9295343822903104
1710802120.570511,-3.002034823099772
1710802120.570624,-3.07383484310574
1710802120.5707371,-3.1435336007012262
1710802120.57085,-3.212531672583686
1710802120.570963,-3.2811795340643988
1710802120.571076,-3.3456243409050836
1710802120.571189,-3.40866830613878
1710802120.5713017,-3.469260533650716
1710802120.5714147,-3.5270508130391436
1710802120.5715277,-3.5823893547058105
1710802120.5716407,-3.636326789855957
1710802120.5717535,-3.6881629625956216
1710802120.5718665,-3.7385982937282987
1710802120.5719795,-3.788332939147949
1710802120.5720925,-3.8363162676493325
1710802120.5722053,-3.883248964945475
1710802120.5723183,-3.927029503716363
1710802120.5724313,-3.9694089359707303
1710802120.5725443,-4.008285999298096
1710802120.572657,-4.044361379411486
1710802120.57277,-4.077634546491835
1710802120.5728831,-4.107755555046929
1710802120.5729961,-4.136475457085504
1710802120.573109,-4.162743621402316
1710802120.573222,-4.188311629825168
1710802120.573335,-4.21212805642022
1710802120.573448,-4.235944747924805
1710802120.5735607,-4.2562588055928545
1710802120.5736737,-4.275872707366943
1710802120.5737867,-4.292684396107991
1710802120.5738997,-4.3059934510125055
1710802120.5740125,-4.31720150841607
1710802120.5741255,-4.3256073527865935
1710802120.5742385,-4.33121124903361
1710802120.5743515,-4.334713617960612
1710802120.5744643,-4.33751556608412
1710802120.5745773,-4.338916407691108
1710802120.5746903,-4.339266883002387
1710802120.5748034,-4.338916407691108
1710802120.5749161,-4.337165355682373
1710802120.5750291,-4.332962301042345
1710802120.5751421,-4.326657983991835
1710802120.5752552,-4.317551718817817
1710802120.575368,-4.3059934510125055
1710802120.575481,-4.291983710394965
1710802120.575594,-4.276573128170437
1710802120.575707,-4.259761439429389
1710802120.5758197,-4.242949750688341
1710802120.5759327,-4.225787586636013
1710802120.5760458,-4.208275477091472
1710802120.5761588,-4.189712471432156
1710802120.5762715,-4.169748624165853
1710802120.5763845,-4.146982828776042
1710802120.5764976,-4.121064609951443
1710802120.5766106,-4.091994497511122
1710802120.5767233,-4.060122172037761
1710802120.5768363,-4.026498794555664
1710802120.5769494,-3.9914743105570474
1710802120.5770624,-3.955749405754937
1710802120.5771751,-3.9196742905510797
1710802120.5772882,-3.883248964945475
1710802120.5774012,-3.8450723224216037
1710802120.5775142,-3.805845048692491
1710802120.577627,-3.763815826839871
1710802120.57774,-3.719334867265489
1710802120.577853,-3.6713512738545733
1710802120.577966,-3.6216166284349227
1710802120.5780787,-3.569080034891764
1710802120.5781918,-3.5158430205451117
1710802120.5783048,-3.461555110083686
1710802120.5784178,-3.407967885335286
1710802120.5785306,-3.3526293436686196
1710802120.5786436,-3.2972905370924206
1710802120.5787566,-3.2402009434170194
1710802120.5788696,-3.1796087159050836
1710802120.5789824,-3.1186662779914007
1710802120.5790954,-3.05352078543769
1710802120.5792084,-2.986624240875244
1710802120.5793214,-2.917626168992784
1710802120.5794342,-2.8482778867085776
1710802120.5795472,-2.7771782875061035
1710802120.5796602,-2.7064288987053766
1710802120.5797732,-2.6346288786994085
1710802120.579886,-2.5631790690951877
1710802120.579999,-2.489627732170953
1710802120.580112,-2.4143253432379828
1710802120.580225,-2.3369214269849987
1710802120.5803378,-2.257065773010254
1710802120.5804508,-2.176509698232015
1710802120.5805638,-2.0931515428755016
1710802120.5806768,-2.009793519973755
1710802120.5807896,-1.9246841801537407
1710802120.5809026,-1.8388744195302327
1710802120.5810156,-1.7527143160502114
1710802120.5811286,-1.6651533709632025
1710802120.5812414,-1.5765415297614203
1710802120.5813544,-1.4872294002109103
1710802120.5814674,-1.3951151900821261
1710802120.5815804,-1.302650769551595
1710802120.5816932,-1.2087852425045438
1710802120.5818062,-1.1138692167070177
1710802120.5819192,-1.0179022947947185
1710802120.5820322,-0.9201841884189181
1710802120.582145,-0.823516845703125
1710802120.582258,-0.7247479756673177
1710802120.582371,-0.6273801459206475
1710802120.582484,-0.5275606115659078
1710802120.5825968,-0.42844153112835354
1710802120.5827098,-0.3286219636599223
1710802120.5828228,-0.2284521692328983
1710802120.5829358,-0.12968334058920541
1710802120.5830486,-0.029513535814152822
1710802120.5831616,0.06996946202384101
1710802120.5832746,0.1701588597562578
1710802120.5833876,0.2692973282602098
1710802120.5835004,0.37088798152075875
1710802120.5836134,0.47072705295350814
1710802120.5837264,0.5712668100992838
1710802120.5838394,0.6711058484183418
1710802120.5839522,0.7691933711369832
1710802120.5840652,0.8672808938556247
1710802120.5841782,0.9639671776029799
1710802120.5842912,1.0596024990081787
1710802120.584404,1.1548875437842474
1710802120.584517,1.2501725885603163
1710802120.58463,1.345457633336385
1710802120.584743,1.441443231370714
1710802120.5848558,1.537078619003296
1710802120.5849688,1.6316629780663383
1710802120.5850818,1.7241455448998344
1710802120.5851948,1.8148765299055312
1710802120.5853076,1.9049068291982014
1710802120.5854206,1.991784307691786
1710802120.5855336,2.076559993955824
1710802120.5856466,2.160985337363349
1710802120.5857594,2.2443596522013345
1710802120.5858724,2.326683203379313
1710802120.5859854,2.4090064896477594
1710802120.5860984,2.4899289343092175
1710802120.5862112,2.569099532233344
1710802120.5863242,2.646168337927924
1710802120.5864372,2.720434400770399
1710802120.5865502,2.7922484609815807
1710802120.586663,2.860909832848443
1710802120.586776,2.9274691475762262
1710802120.586889,2.9915764596727157
1710802120.587002,3.0539321899414062
1710802120.5871148,3.1155872344970703
1710802120.5872278,3.1761911180284286
1710802120.5873408,3.2353938950432672
1710802120.5874538,3.292494879828559
1710802120.5875666,3.3474940723843045
1710802120.5876796,3.400391207800971
1710802120.5877926,3.450485865275065
1710802120.5879056,3.496727148691813
1710802120.5880184,3.5412168502807617
1710802120.5881314,3.5832542843288846
1710802120.5882444,3.6242410871717663
1710802120.5883574,3.6641767289903426
1710802120.5884702,3.7030612097846136
1710802120.5885832,3.7405448489718967
1710802120.5886962,3.7766268518235946
1710802120.5888093,3.811308013068305
1710802120.588922,3.843536641862657
1710802120.589035,3.873663478427463
1710802120.589148,3.900287416246202
1710802120.5892608,3.923758135901557
1710802120.5893738,3.9451273282368975
1710802120.5894868,3.965095149146186
1710802120.5895998,3.9829611778259277
1710802120.5897126,3.9987251493665905
1710802120.5898256,4.01378870010376
1710802120.5899386,4.02850177552965
1710802120.5900517,4.040062162611219
1710802120.5901644,4.0516222847832575
1710802120.5902774,4.060380193922255
1710802120.5903904,4.0670360459221735
1710802120.5905035,4.070188999176025
1710802120.5906162,4.072290791405572
1710802120.5907292,4.070539209577772
1710802120.5908422,4.068787627749972
1710802120.5909553,4.06458404329088
1710802120.591068,4.060029718610975
1710802120.591181,4.055125448438856
1710802120.591294,4.049170282151964
1710802120.591407,4.043565061357286
1710802120.5915198,4.034807417127821
1710802120.5916328,4.024297926161024
1710802120.5917459,4.011686642964681
1710802120.5918589,3.9945212999979653
1710802120.5919716,3.9763050609164767
1710802120.5920846,3.955286343892415
1710802120.5921977,3.934267626868354
1710802120.5923107,3.911497328016493
1710802120.5924234,3.889077239566379
1710802120.5925364,3.8659567303127713
1710802120.5926495,3.842485745747884
1710802120.5927625,3.8176136546664767
1710802120.5928752,3.7913401921590166
1710802120.5929883,3.7622642517089844
1710802120.5931013,3.730385833316379
1710802120.5932143,3.696055147382948
1710802120.593327,3.6592721939086914
1710802120.59344,3.6221390300326877
1710802120.593553,3.585005866156684
1710802120.593666,3.547172281477186
1710802120.5937788,3.50863774617513
1710802120.5938919,3.4708041614956326
1710802120.5940049,3.43156894048055
1710802120.5941179,3.3895315064324274
1710802120.5942307,3.3436406983269586
1710802120.5943437,3.2945969369676376
1710802120.5944567,3.2434511184692383
1710802120.5945697,3.1895030869377985
1710802120.5946825,3.134854369693332
1710802120.5947955,3.0774029095967608
1710802120.5949085,3.0217032962375217
1710802120.5950215,2.96460231145223
1710802120.5951343,2.907501326666938
1710802120.5952473,2.8489992353651257
1710802120.5953603,2.789445983039008
1710802120.5954733,2.726740042368571
1710802120.595586,2.6619323094685874
1710802120.595699,2.5946723090277777
1710802120.595812,2.526010937160916
1710802120.595925,2.456298934088813
1710802120.5960379,2.385185294681125
1710802120.5961509,2.314422130584717
1710802120.596264,2.2436589664883084
1710802120.596377,2.1707940101623535
1710802120.5964897,2.0975787109798856
1710802120.5966027,2.0233125156826444
1710802120.5967157,1.9462437099880643
1710802120.5968287,1.8667227692074246
1710802120.5969415,1.7858005894554985
1710802120.5970545,1.703126695421007
1710802120.5971675,1.6187014844682481
1710802120.5972805,1.534276141060723
1710802120.5973933,1.448449558681912
1710802120.5975063,1.3622726334465873
1710802120.5976193,1.27574536535475
1710802120.5977323,1.187816990746392
1710802120.597845,1.0984872447119818
1710802120.597958,1.0074059830771551
1710802120.598071,0.9156240357293023
1710802120.598184,0.8217402961519029
1710802120.5982969,0.7271558708614773
1710802120.59841,0.6315205494562784
1710802120.598523,0.5337833364804586
1710802120.598636,0.43639643324746025
1710802120.5987487,0.33900953001446194
1710802120.5988617,0.24022138781017727
1710802120.5989747,0.14108291930622524
1710802120.5990877,0.04124383545584149
1710802120.5992005,-0.05893403457270728
1710802120.5993135,-0.15840335024727714
1710802120.5994265,-0.25892340474658543
1710802120.5995395,-0.35839272869957817
1710802120.5996523,-0.4582122630543179
1710802120.5997653,-0.5583820740381876
1710802120.5998783,-0.6578513648774889
1710802120.5999913,-0.7576709323459201
1710802120.600104,-0.8581909868452284
1710802120.600217,-0.9576602776845295
1710802120.60033,-1.0571296347512138
1710802120.6004431,-1.155898438559638
1710802120.600556,-1.2532663345336914
1710802120.600669,-1.3506340980529785
1710802120.600782,-1.445900599161784
1710802120.600895,-1.5415171782175698
1710802120.6010077,-1.637133757273356
1710802120.6011207,-1.7327504687839084
1710802120.6012337,-1.8287172582414415
1710802120.6013467,-1.9232832060919867
1710802120.6014595,-2.017849153942532
1710802120.6015725,-2.11066378487481
1710802120.6016855,-2.2027779950035944
1710802120.6017985,-2.2913898362053766
1710802120.6019113,-2.3789506488376193
1710802120.6020243,-2.4644101990593805
1710802120.6021373,-2.5481186972724066
1710802120.6022503,-2.63077629937066
1710802120.602363,-2.7120327949523926
1710802120.6024761,-2.7929390801323786
1710802120.6025891,-2.8731452094184027
1710802120.6027021,-2.9515997568766275
1710802120.602815,-3.0286534627278643
1710802120.602928,-3.1025550100538464
1710802120.603041,-3.1750554508633084
1710802120.603154,-3.2437033123440213
1710802120.6032667,-3.310599856906467
1710802120.6033797,-3.375044928656684
1710802120.6034927,-3.438789314693875
1710802120.6036057,-3.4997317526075573
1710802120.6037185,-3.5599737697177463
1710802120.6038315,-3.618464469909668
1710802120.6039445,-3.6759045388963485
1710802120.6040576,-3.7301924493577743
1710802120.6041703,-3.78307925330268
1710802120.6042833,-3.8328138987223306
1710802120.6043963,-3.8800968064202204
1710802120.6045094,-3.923176924387614
1710802120.6046221,-3.9645057254367404
1710802120.6047351,-4.003032578362359
1710802120.6048481,-4.039457903967963
1710802120.6049612,-4.075533019171821
1710802120.605074,-4.109506607055664
1710802120.605187,-4.142429563734266
1710802120.6053,-4.173951678805881
1710802120.605413,-4.202671580844455
1710802120.6055257,-4.230340851677789
1710802120.6056387,-4.255208174387614
1710802120.6057518,-4.277273548973931
1710802120.6058648,-4.295836554633246
1710802120.6059775,-4.3122980329725475
1710802120.6060905,-4.326657983991835
1710802120.6062036,-4.339617093404134
1710802120.6063166,-4.35152530670166
1710802120.6064293,-4.3620326783921985
1710802120.6065423,-4.3711389435662165
1710802120.6066554,-4.37954478793674
1710802120.6067684,-4.385148684183757
1710802120.6068811,-4.388651053110759
1710802120.6069942,-4.388651053110759
1710802120.6071072,-4.386549790700276
1710802120.6072202,-4.381296104855007
1710802120.607333,-4.373940891689724
1710802120.607446,-4.365184836917453
1710802120.607559,-4.354327254825168
1710802120.607672,-4.343119462331136
1710802120.6077847,-4.332261880238851
1710802120.6078978,-4.3200034565395775
1710802120.6080108,-4.305643240610759
1710802120.6081238,-4.289882447984484
1710802120.6082366,-4.270969231923421
1710802120.6083496,-4.249254067738851
1710802120.6084626,-4.224736955430773
1710802120.6085756,-4.197067684597439
1710802120.6086884,-4.168347782558865
1710802120.6088014,-4.138576984405518
1710802120.6089144,-4.108455975850423
1710802120.6090274,-4.077634546491835
1710802120.6091402,-4.046812852223714
1710802120.6092532,-4.014590581258138
1710802120.6093662,-3.9802665180630155
1710802120.6094792,-3.943140771653917
1710802120.609592,-3.9039134979248047
1710802120.609705,-3.861183590359158
1710802120.609818,-3.8149513138665094
1710802120.609931,-3.769419723086887
1710802120.6100438,-3.7210859192742243
1710802120.6101568,-3.6734528011745877
1710802120.6102698,-3.6251189973619247
1710802120.6103828,-3.5767854584587946
1710802120.6104956,-3.52635039223565
1710802120.6106086,-3.4734633233812118
1710802120.6107216,-3.4191756778293185
1710802120.6108346,-3.3620858192443848
1710802120.6109474,-3.300793170928955
1710802120.6110604,-3.238099416097005
1710802120.6111734,-3.173304133945041
1710802120.6112864,-3.107458485497369
1710802120.6113992,-3.0409118864271374
1710802120.6115122,-2.974365552266439
1710802120.6116252,-2.907118797302246
1710802120.6117382,-2.838120725419786
1710802120.611851,-2.7677215470208063
1710802120.611964,-2.6959215270148382
1710802120.612077,-2.6206191380818686
1710802120.61219,-2.5439156426323786
1710802120.6123028,-2.4651108847724066
1710802120.6124158,-2.3845545450846353
1710802120.6125288,-2.3032980495029025
1710802120.6126418,-2.2213408682081432
1710802120.6127546,-2.139033476511637
1710802120.6128676,-2.056025664011637
1710802120.6129806,-1.9719670878516302
1710802120.6130936,-1.8861573272281222
1710802120.6132064,-1.7989465925428603
1710802120.6133194,-1.710334751341078
1710802120.6134324,-1.6206722789340549
1710802120.6135454,-1.5285580688052707
1710802120.6136582,-1.4357434378729925
1710802120.6137712,-1.3422282536824544
1710802120.6138842,-1.2480126486884222
1710802120.6139972,-1.15309649043613
1710802120.61411,-1.0574798451529608
1710802120.614223,-0.9608125024371676
1710802120.614336,-0.8644953701231215
1710802120.614449,-0.7660767767164443
1710802120.6145618,-0.66765824953715
1710802120.6146748,-0.5678386820687188
1710802120.6147878,-0.46871960163116455
1710802120.6149008,-0.36784930361641777
1710802120.6150136,-0.266979005601671
1710802120.6151266,-0.165408237112893
1710802120.6152396,-0.06313696503639221
1710802120.6153526,0.04019289794895384
1710802120.6154654,0.14283448457717896
1710802120.6155784,0.24582639336585999
1710802120.6156914,0.348818302154541
1710802120.6158044,0.4511095749007331
1710802120.6159172,0.5523498853047689
1710802120.6160302,0.652889609336853
1710802120.6161432,0.7520280943976508
1710802120.6162562,0.8518671327167087
1710802120.616369,0.9513559606340196
1710802120.616482,1.0501441028383043
1710802120.616595,1.148932245042589
1710802120.616708,1.2477204534742568
1710802120.6168208,1.3447569476233587
1710802120.6169338,1.4403923352559407
1710802120.6170468,1.534276141060723
1710802120.6171598,1.6253573364681668
1710802120.6172726,1.7157379786173501
1710802120.6173856,1.803666485680474
1710802120.6174986,1.891594860288832
1710802120.6176116,1.9788228140936956
1710802120.6177244,2.0653499497307672
1710802120.6178374,2.1515268749660916
1710802120.6179504,2.2366529040866427
1710802120.6180634,2.3214284578959146
1710802120.6181762,2.40270111295912
1710802120.6182892,2.481521235571967
1710802120.6184022,2.558590041266547
1710802120.6185153,2.632155683305528
1710802120.618628,2.704320218827989
1710802120.618741,2.775083382924398
1710802120.618854,2.8437444898817272
1710802120.618967,2.91205538643731
1710802120.6190798,2.980016072591146
1710802120.6191928,3.045874966515435
1710802120.6193058,3.1096318033006454
1710802120.6194189,3.17093637254503
1710802120.6195316,3.2297889391581216
1710802120.6196446,3.285138342115614
1710802120.6197577,3.338035477532281
1710802120.6198707,3.3877799246046276
1710802120.6199834,3.4357727898491754
1710802120.6200964,3.4827147589789496
1710802120.6202095,3.5279051462809243
1710802120.6203225,3.572394847869873
1710802120.6204352,3.615132967631022
1710802120.6205482,3.656469715966119
1710802120.6206613,3.696405357784695
1710802120.6207743,3.7328378359476724
1710802120.620887,3.7671685218811035
1710802120.621,3.7976458337571883
1710802120.621113,3.826021088494195
1710802120.621226,3.8515938652886286
1710802120.6213388,3.8754150602552624
1710802120.6214519,3.8978351487053766
1710802120.6215649,3.9192040761311846
1710802120.6216779,3.938471476236979
1710802120.6217906,3.958088821834988
1710802120.6219037,3.9749039543999567
1710802120.6220167,3.9899672402275934
1710802120.6221297,4.00362941953871
1710802120.6222425,4.014489120907253
1710802120.6223555,4.023247030046251
1710802120.6224685,4.0295526716444225
1710802120.6225815,4.034807417127821
1710802120.6226943,4.038660791185167
1710802120.6228073,4.042163954840766
1710802120.6229203,4.043915536668566
1710802120.6230333,4.046017328898112
1710802120.623146,4.047068225012885
1710802120.623259,4.046367539299859
1710802120.623372,4.043915536668566
1710802120.623485,4.03831058078342
1710802120.6235979,4.029902882046169
1710802120.6237109,4.018692970275879
1710802120.623824,4.005030790964763
1710802120.623937,3.9899672402275934
1710802120.6240497,3.973152372572157
1710802120.6241627,3.9566877153184676
1710802120.6242757,3.939171897040473
1710802120.6243887,3.9220068189832897
1710802120.6245015,3.9023892084757485
1710802120.6246145,3.8820711771647134
1710802120.6247275,3.8596510887145996
1710802120.6248405,3.8333776262071395
1710802120.6249533,3.8057027922736273
1710802120.6250663,3.7741748491923013
1710802120.6251793,3.742296430799696
1710802120.6252923,3.7093668513827853
1710802120.625405,3.6750364303588867
1710802120.625518,3.641756640540229
1710802120.625631,3.608126640319824
1710802120.625744,3.573795954386393
1710802120.6258569,3.538414372338189
1710802120.62597,3.500580522749159
1710802120.626083,3.4602946705288358
1710802120.626196,3.4179067611694336
1710802120.6263087,3.3723661634657116
1710802120.6264217,3.325774669647217
1710802120.6265347,3.277081118689643
1710802120.6266477,3.229438728756375
1710802120.6267605,3.1810956531100802
1710802120.6268735,3.133102787865533
1710802120.6269865,3.0840590265062118
1710802120.6270995,3.0336138937208386
1710802120.6272123,2.980716758304172
1710802120.6273253,2.9250171449449325
1710802120.6274383,2.8661645783318415
1710802120.6275513,2.804859744177924
1710802120.627664,2.742153803507487
1710802120.627777,2.6780467563205295
1710802120.62789,2.613589233822293
1710802120.6280031,2.548080815209283
1710802120.628116,2.4825721316867404
1710802120.628229,2.4163632922702365
1710802120.628342,2.3484026061164007
1710802120.628455,2.2790405485365124
1710802120.6285677,2.2061755922105575
1710802120.6286807,2.1322597397698297
1710802120.6287937,2.0558914873335095
1710802120.6289067,1.9781221283806694
1710802120.6290195,1.9000024265713162
1710802120.6291325,1.8197808000776503
1710802120.6292455,1.7402598592970107
1710802120.6293585,1.6596880224015977
1710802120.6294713,1.5791160530514188
1710802120.6295843,1.49609194861518
1710802120.6296973,1.4127176337771945
1710802120.6298103,1.3272413942548964
1710802120.629923,1.2396632300482855
1710802120.630036,1.1510341697269015
1710802120.6301491,1.0624050431781344
1710802120.6302621,0.9720244010289509
1710802120.630375,0.8805927965376112
1710802120.630488,0.787409676445855
1710802120.630601,0.6963283485836452
1710802120.6307137,0.6017439895206027
1710802120.6308267,0.508560836315155
1710802120.6309397,0.41397644413842094
1710802120.6310527,0.31904170910517377
1710802120.6311655,0.22235544191466436
1710802120.6312785,0.12707042197386423
1710802120.6313915,0.02968351874086592
1710802120.6315045,-0.06733989550007714
1710802120.6316173,-0.165408237112893
1710802120.6317303,-0.26312632693184745
1710802120.6318433,-0.3618951638539632
1710802120.6319563,-0.4620649417241414
1710802120.632069,-0.5601333247290717
1710802120.6321821,-0.659602615568373
1710802120.6322951,-0.7587216960059272
1710802120.6324081,-0.8574904998143513
1710802120.632521,-0.9555588165918986
1710802120.632634,-1.0532769229676988
1710802120.632747,-1.150995095570882
1710802120.63286,-1.2483628590901692
1710802120.6329727,-1.3464311758677165
1710802120.6330857,-1.4437990718417697
1710802120.6331987,-1.541166967815823
1710802120.6333117,-1.6378343105316162
1710802120.6334245,-1.7331006791856554
1710802120.6335375,-1.8266158633761935
1710802120.6336505,-1.9183797306484647
1710802120.6337636,-2.007691992653741
1710802120.6338763,-2.097004254659017
1710802120.6339893,-2.183514568540785
1710802120.6341023,-2.270024882422553
1710802120.6342154,-2.3554844326443143
1710802120.6343281,-2.4419946140713162
1710802120.6344411,-2.525352636973063
1710802120.6345541,-2.6090611351860895
1710802120.6346672,-2.6903176307678223
1710802120.63478,-2.7698230743408203
1710802120.634893,-2.8465265697903104
1710802120.635006,-2.921478748321533
1710802120.635119,-2.993278768327501
1710802120.6352317,-3.064378367529975
1710802120.6353447,-3.1340768602159286
1710802120.6354578,-3.2027247216966415
1710802120.6355708,-3.2703219519721136
1710802120.6356835,-3.3365180757310653
1710802120.6357965,-3.40236398908827
1710802120.6359096,-3.464707268608941
1710802120.6360226,-3.5259999169243708
1710802120.6361353,-3.5834399859110513
1710802120.6362484,-3.638778527577718
1710802120.6363614,-3.691315121120877
1710802120.6364744,-3.7417504522535534
1710802120.6365871,-3.790083991156684
1710802120.6367002,-3.8373668988545733
1710802120.6368132,-3.8828987545437283
1710802120.6369262,-3.9277299245198565
1710802120.637039,-3.971160252888997
1710802120.637152,-4.012138843536377
1710802120.637265,-4.050665696461995
1710802120.637378,-4.086740811665853
1710802120.6374907,-4.1200139787462025
1710802120.6376038,-4.150485197703044
1710802120.6377168,-4.17780425813463
1710802120.6378298,-4.2030217912462025
1710802120.6379426,-4.226838482750787
1710802120.6380556,-4.249604278140597
1710802120.6381686,-4.269918335808648
1710802120.6382816,-4.28883155186971
1710802120.6383944,-4.307394557529025
1710802120.6385074,-4.3235058254665795
1710802120.6386204,-4.338215986887614
1710802120.6387334,-4.349423779381646
1710802120.6388462,-4.358179834153917
1710802120.6389592,-4.3634335199991865
1710802120.6390722,-4.367286364237468
1710802120.6391852,-4.368687205844455
1710802120.639298,-4.3690374162462025
1710802120.639411,-4.367986785040961
1710802120.639524,-4.366585678524441
1710802120.639637,-4.3641342057122126
1710802120.6397498,-4.3599311510721845
1710802120.6398628,-4.355027675628662
1710802120.6399758,-4.345921410454644
1710802120.6400888,-4.335063828362359
1710802120.6402016,-4.320353666941325
1710802120.6403146,-4.303191502888997
1710802120.6404276,-4.284278551737468
1710802120.6405406,-4.264314439561632
1710802120.6406534,-4.242949750688341
1710802120.6407664,-4.222285217709011
1710802120.6408794,-4.200219843122694
1710802120.6409924,-4.1774540477328825
1710802120.6411052,-4.152936935424805
1710802120.6412182,-4.125968085394965
1710802120.6413312,-4.0958470768398705
1710802120.6414442,-4.063274330563015
1710802120.641557,-4.0278999010721845
1710802120.64167,-3.9904236793518066
1710802120.641783,-3.9508461952209473
1710802120.641896,-3.9102178149753146
1710802120.6420088,-3.869589434729682
1710802120.6421218,-3.8282606336805554
1710802120.6422348,-3.786581622229682
1710802120.6423478,-3.743501504262288
1710802120.6424606,-3.697619703080919
1710802120.6425736,-3.6489356888665094
1710802120.6426866,-3.5981504122416177
1710802120.6427996,-3.543862501780192
1710802120.6429124,-3.4878235393100314
1710802120.6430254,-3.4296830495198565
1710802120.6431384,-3.3718927701314287
1710802120.6432514,-3.3137520154317217
1710802120.6433642,-3.2549111048380532
1710802120.6434772,-3.1957199838426376
1710802120.6435902,-3.134777545928955
1710802120.6437032,-3.072434001498752
1710802120.643816,-3.007288508945041
1710802120.643929,-2.9400417539808483
1710802120.644042,-2.8692923651801214
1710802120.644155,-2.79679192437066
1710802120.6442678,-2.7221899562411838
1710802120.6443808,-2.647938198513455
1710802120.6444938,-2.5722853342692056
1710802120.6446068,-2.496632734934489
1710802120.6447196,-2.4192288186815047
1710802120.6448326,-2.340774006313748
1710802120.6449456,-2.2609183523390026
1710802120.6450586,-2.177910672293769
1710802120.6451714,-2.093501753277249
1710802120.6452844,-2.00594080819024
1710802120.6453974,-1.9173290994432237
1710802120.6455104,-1.8276666270362005
1710802120.6456232,-1.7373036013709173
1710802120.6457362,-1.6451893912421331
1710802120.6458492,-1.5534255239698622
1710802120.6459622,-1.459910339779324
1710802120.646075,-1.3663951555887859
1710802120.646188,-1.2714789973364935
1710802120.646301,-1.1751618650224473
1710802120.646414,-1.077794035275777
1710802120.6465268,-0.9797256522708468
1710802120.6466398,-0.8809568484624226
1710802120.6467528,-0.7804367939631144
1710802120.6468658,-0.6809675031238132
1710802120.6469786,-0.5797469615936279
1710802120.6470916,-0.47887666357888115
1710802120.6472046,-0.3762551479869419
1710802120.6473176,-0.2743341359827253
1710802120.6474304,-0.17101213335990906
1710802120.6475434,-0.06733989550007714
1710802120.6476564,0.03458789446287685
1710802120.6477695,0.13652885953585306
1710802120.6478822,0.23952075176768833
1710802120.6479952,0.3421623508135478
1710802120.6481082,0.44410331381691825
1710802120.6482213,0.5467448963059319
1710802120.648334,0.6497367885377672
1710802120.648447,0.752728713883294
1710802120.64856,0.8553702963723077
1710802120.648673,0.956960916519165
1710802120.6487858,1.0571503639221191
1710802120.6488988,1.1559384398990207
1710802120.6490119,1.2543763054741752
1710802120.6491249,1.3510625892215304
1710802120.6492376,1.445997291141086
1710802120.6493506,1.541983021630181
1710802120.6494637,1.6372679339514837
1710802120.6495767,1.7322026358710394
1710802120.6496894,1.8274876806471083
1710802120.6498024,1.922072172164917
1710802120.6499155,2.0138540532853866
1710802120.6500285,2.1042346954345703
1710802120.6501412,2.1907618310716415
1710802120.6502542,2.2751871744791665
1710802120.6503673,2.3582114113701715
1710802120.6504803,2.438082695007324
1710802120.650593,2.5169028176201715
1710802120.650706,2.5939716233147516
1710802120.650819,2.6706902186075845
1710802120.650932,2.746707863277859
1710802120.6510448,2.81887239880032
1710802120.6511579,2.891387144724528
1710802120.6512709,2.9589973555670843
1710802120.6513839,3.025907145606147
1710802120.6514966,3.087562190161811
1710802120.6516097,3.1488667594061956
1710802120.6517227,3.2059677441914873
1710802120.6518357,3.2630687289767795
1710802120.6519485,3.3177174462212458
1710802120.6520615,3.373417059580485
1710802120.6521745,3.426314459906684
1710802120.6522875,3.477810223897298
1710802120.6524003,3.5289560423956976
1710802120.6525133,3.576248221927219
1710802120.6526263,3.6207379235161676
1710802120.6527393,3.66277535756429
1710802120.652852,3.7023607889811196
1710802120.652965,3.7387932671440973
1710802120.653078,3.773824373881022
1710802120.653191,3.80710416369968
1710802120.6533039,3.839332792494032
1710802120.6534169,3.8705107900831432
1710802120.65353,3.900987837049696
1710802120.653643,3.9290128813849554
1710802120.6537557,3.9549361334906683
1710802120.6538687,3.9784071180555554
1710802120.6539817,3.999425835079617
1710802120.6540947,4.016941388448079
1710802120.6542075,4.031304253472222
1710802120.6543205,4.043915536668566
1710802120.6544335,4.05442476272583
1710802120.6545465,4.06283246146308
1710802120.6546593,4.070889419979519
1710802120.6547723,4.077195061577691
1710802120.6548853,4.0824498070610895
1710802120.6549983,4.087354342142741
1710802120.655111,4.089456134372287
1710802120.655224,4.089456134372287
1710802120.655337,4.087003866831462
1710802120.65545,4.081398910946316
1710802120.6555629,4.0743925836351185
1710802120.655676,4.064934253692627
1710802120.655789,4.055125448438856
1710802120.655902,4.043214850955539
1710802120.6560147,4.032004939185248
1710802120.6561277,4.020094341701931
1710802120.6562407,4.008533954620361
1710802120.6563537,3.9941710895962186
1710802120.6564665,3.9787573284573026
1710802120.6565795,3.9605410893758135
1710802120.6566925,3.939171897040473
1710802120.6568055,3.915000491672092
1710802120.6569183,3.889077239566379
1710802120.6570313,3.861752880944146
1710802120.6571443,3.8337278366088867
1710802120.6572573,3.8043016857571073
1710802120.65737,3.7759264310201006
1710802120.657483,3.7468504905700684
1710802120.657596,3.7174240748087564
1710802120.6577091,3.6858961317274304
1710802120.657822,3.6505145496792264
1710802120.657935,3.6137315962049694
1710802120.658048,3.573795954386393
1710802120.658161,3.5324592060512967
1710802120.6582737,3.488669925265842
1710802120.6583867,3.4445306989881725
1710802120.6584997,3.400391207800971
1710802120.6586127,3.3562519815233016
1710802120.6587255,3.3117622799343533
1710802120.6588385,3.2662214173210993
1710802120.6589515,3.218929237789578
1710802120.6590645,3.168834580315484
1710802120.6591773,3.115937444898817
1710802120.6592903,3.0598873562282987
1710802120.6594033,3.0024361610412598
1710802120.6595163,2.942532698313395
1710802120.659629,2.8822790251837835
1710802120.659742,2.821324666341146
1710802120.6598551,2.7603700425889754
1710802120.6599681,2.699415683746338
1710802120.660081,2.63706021838718
1710802120.660194,2.573303116692437
1710802120.660307,2.5084953837924533
1710802120.66042,2.4398340119255915
1710802120.6605327,2.3701220088534884
1710802120.6606457,2.2979574733310275
1710802120.6607587,2.2243918312920465
1710802120.6608717,2.150826189253065
1710802120.6609845,2.0755090978410506
1710802120.6610975,2.000542084376017
1710802120.6612105,1.9245243072509766
1710802120.6613235,1.8478058444129095
1710802120.6614363,1.76898545689053
1710802120.6615493,1.6891143057081435
1710802120.6616623,1.606440544128418
1710802120.6617754,1.522015200720893
1710802120.6618881,1.4361886183420818
1710802120.6620011,1.3482601112789578
1710802120.6621141,1.259981393814087
1710802120.6622272,1.1713522010379367
1710802120.66234,1.0809716251161363
1710802120.662453,0.9916418790817261
1710802120.662566,0.9002102745903863
1710802120.662679,0.8080781168407863
1710802120.6627917,0.7148949305216471
1710802120.6629047,0.6210111909442477
1710802120.6630177,0.5260764559110006
1710802120.6631308,0.4300907916492886
1710802120.6632435,0.3330542312728034
1710802120.6633565,0.23636794752544826
1710802120.6634696,0.13863073454962835
1710802120.6635826,0.040893521573808454
1710802120.6636953,-0.05788330402639177
1710802120.6638083,-0.15595164563920763
1710802120.6639214,-0.2543702224890391
1710802120.6640344,-0.35454001691606307
1710802120.6641471,-0.45155763626098633
1710802120.6642601,-0.5492757426367866
1710802120.6643732,-0.6469938490125868
1710802120.6644862,-0.74331091509925
1710802120.664599,-0.8396280474132961
1710802120.664712,-0.9373461537890964
1710802120.664825,-1.0336632861031425
1710802120.664938,-1.1313813262515597
1710802120.6650507,-1.2280486689673529
1710802120.6651638,-1.3240155908796523
1710802120.6652768,-1.4199825127919514
1710802120.6653898,-1.5145483281877306
1710802120.6655025,-1.6077133019765217
1710802120.6656156,-1.699827512105306
1710802120.6657286,-1.79194172223409
1710802120.6658416,-1.8819544050428603
1710802120.6659544,-1.9726676411098905
1710802120.6660674,-2.0630305343204074
1710802120.6661804,-2.1533935599856906
1710802120.6662934,-2.242705821990967
1710802120.6664062,-2.330266899532742
1710802120.6665192,-2.41607666015625
1710802120.6666322,-2.499784893459744
1710802120.6667452,-2.5810416539510093
1710802120.666858,-2.660196622212728
1710802120.666971,-2.7369001176622176
1710802120.667084,-2.813253402709961
1710802120.667197,-2.887154950035943
1710802120.6673098,-2.9610562324523926
1710802120.6674228,-3.0328565173678927
1710802120.6675358,-3.1046565373738604
1710802120.6676488,-3.173304133945041
1710802120.6677616,-3.240551153818766
1710802120.6678746,-3.305696646372477
1710802120.6679876,-3.3676897154914007
1710802120.6681006,-3.4275815221998425
1710802120.6682134,-3.484671115875244
1710802120.6683264,-3.541060553656684
1710802120.6684394,-3.5946477784050836
1710802120.6685524,-3.6482352680630155
1710802120.6686652,-3.70007144080268
1710802120.6687782,-3.7508567174275713
1710802120.6688912,-3.798840045928955
1710802120.6690042,-3.8454225328233504
1710802120.669117,-3.8899034923977323
1710802120.66923,-3.9322831895616317
1710802120.669343,-3.9704598320855036
1710802120.669456,-4.005484051174587
1710802120.6695688,-4.0391076935662165
1710802120.6696818,-4.071329964531793
1710802120.6697948,-4.102151393890381
1710802120.6699078,-4.130171140034993
1710802120.6700206,-4.158190621270074
1710802120.6701336,-4.184458785586886
1710802120.6702466,-4.210026794009738
1710802120.6703596,-4.2327925893995495
1710802120.6704724,-4.253456857469347
1710802120.6705854,-4.272370073530409
1710802120.6706984,-4.286379814147949
1710802120.6708114,-4.298638502756755
1710802120.6709242,-4.3080949783325195
1710802120.6710372,-4.31720150841607
1710802120.6711502,-4.3235058254665795
1710802120.6712632,-4.329109721713595
1710802120.671376,-4.335063828362359
1710802120.671489,-4.338215986887614
1710802120.671602,-4.340667724609375
1710802120.671715,-4.339617093404134
1710802120.6718278,-4.336815145280626
1710802120.6719408,-4.330160352918837
1710802120.6720538,-4.321754508548312
1710802120.6721666,-4.3101965056525335
1710802120.6722796,-4.296887185838488
1710802120.6723926,-4.281476603613959
1710802120.6725056,-4.266766177283393
1710802120.6726184,-4.251005384657118
1710802120.6727314,-4.2341934310065374
1710802120.6728444,-4.216681321461995
1710802120.6729574,-4.19811831580268
1710802120.6730702,-4.175702730814616
1710802120.6731832,-4.1511856185065374
1710802120.6732962,-4.124567243787977
1710802120.6734092,-4.094096024831136
1710802120.673522,-4.062924120161268
1710802120.673635,-4.030701849195692
1710802120.673748,-3.998479313320584
1710802120.673861,-3.964855935838487
1710802120.6739738,-3.931932979159885
1710802120.6740868,-3.897608915964762
1710802120.6741998,-3.861884011162652
1710802120.6743128,-3.823006947835286
1710802120.6744256,-3.781327936384413
1710802120.6745386,-3.736496766408284
1710802120.6746516,-3.6895640691121416
1710802120.6747646,-3.639829423692491
1710802120.6748774,-3.5893940925598145
1710802120.6749904,-3.538258605533176
1710802120.6751034,-3.486772643195258
1710802120.6752164,-3.4345862600538464
1710802120.6753292,-3.382049666510688
1710802120.6754422,-3.3277620209587946
1710802120.6755552,-3.2717227935791016
1710802120.6756682,-3.21183098687066
1710802120.675781,-3.150888548956977
1710802120.675894,-3.0857433213127985
1710802120.676007,-3.0202476183573403
1710802120.67612,-2.9526503880818686
1710802120.6762328,-2.884703212314182
1710802120.6763458,-2.8171059820387097
1710802120.6764588,-2.747757699754503
1710802120.6765718,-2.6784094174702964
1710802120.6766846,-2.6073098182678223
1710802120.6767976,-2.5341089566548667
1710802120.6769106,-2.4577556716071234
1710802120.6770236,-2.3800015449523926
1710802120.6771364,-2.2997956805759006
1710802120.6772494,-2.2181887096828885
1710802120.6773624,-2.1358813179863825
1710802120.6774755,-2.0525232950846353
1710802120.6775882,-1.9681143760681152
1710802120.6777012,-1.8844061427646213
1710802120.6778142,-1.7989465925428603
1710802120.6779273,-1.712086068259345
1710802120.67804,-1.623824569914076
1710802120.678153,-1.5334615442487929
1710802120.678266,-1.4427483081817627
1710802120.678379,-1.3492331239912245
1710802120.6784918,-1.2557180722554524
1710802120.6786048,-1.1601013607449002
1710802120.6787179,-1.064484715461731
1710802120.6788309,-0.9671168857150607
1710802120.6789436,-0.8697490559683906
1710802120.6790566,-0.7716807391908433
1710802120.6791697,-0.6725616587532891
1710802120.6792827,-0.5720416042539809
1710802120.6793954,-0.4715215497546726
1710802120.6795084,-0.3706512517399258
1710802120.6796215,-0.2690804832511478
1710802120.6797345,-0.16821018523640102
1710802120.6798472,-0.06558867378367318
1710802120.6799603,0.035989143782191806
1710802120.6800733,0.13898104429244995
1710802120.6801863,0.24197295308113098
1710802120.680299,0.3442642092704773
1710802120.680412,0.4469058248731825
1710802120.680525,0.5491970976193746
1710802120.680638,0.6500871313942803
1710802120.6807508,0.7495758930842081
1710802120.6808639,0.8494149976306491
1710802120.6809769,0.9471521774927775
1710802120.6810899,1.044889423582289
1710802120.6812027,1.1419260501861572
1710802120.6813157,1.2389625443352592
1710802120.6814287,1.3366997241973877
1710802120.6815417,1.4326854546864827
1710802120.6816545,1.5286710527208116
1710802120.6817675,1.622554858525594
1710802120.6818805,1.715387635760837
1710802120.6819935,1.8054180675082736
1710802120.6821063,1.8947476810879178
1710802120.6822193,1.9809246063232422
1710802120.6823323,2.0671015315585666
1710802120.6824453,2.1518772178226047
1710802120.682558,2.2366529040866427
1710802120.682671,2.322479354010688
1710802120.682784,2.4058538013034396
1710802120.682897,2.488177352481418
1710802120.6830099,2.568048636118571
1710802120.6831229,2.645817862616645
1710802120.683236,2.7207848760816784
1710802120.683349,2.7922484609815807
1710802120.6834617,2.8626614146762424
1710802120.6835747,2.930271625518799
1710802120.6836877,2.9971814155578613
1710802120.6838007,3.0626898341708713
1710802120.6839135,3.126797146267361
1710802120.6840265,3.1902037726508246
1710802120.6841395,3.2515083418952093
1710802120.6842525,3.310360908508301
1710802120.6843653,3.367111417982313
1710802120.6844783,3.419658342997233
1710802120.6845913,3.4697532653808594
1710802120.6847043,3.5177458657158747
1710802120.684817,3.562235567304823
1710802120.68493,3.6056743727789984
1710802120.685043,3.647361596425374
1710802120.685156,3.68904882007175
1710802120.6852689,3.7286342514885797
1710802120.685382,3.7678692075941296
1710802120.685495,3.8029003143310547
1710802120.685608,3.837931685977512
1710802120.6857207,3.86945989396837
1710802120.6858337,3.89713446299235
1710802120.6859467,3.923057715098063
1710802120.6860597,3.945828013949924
1710802120.6861725,3.9671969413757324
1710802120.6862855,3.9868145518832736
1710802120.6863985,4.0060816870795355
1710802120.6865115,4.023247030046251
1710802120.6866243,4.039361476898193
1710802120.6867373,4.054074552324083
1710802120.6868503,4.0677367316351996
1710802120.6869633,4.077895747290717
1710802120.687076,4.085952970716688
1710802120.687189,4.091557926601833
1710802120.687302,4.094360404544406
1710802120.6874151,4.095761775970459
1710802120.687528,4.094710879855685
1710802120.687641,4.092959298027886
1710802120.687754,4.090857240888807
1710802120.687867,4.087354342142741
1710802120.6879797,4.084551599290636
1710802120.6880927,4.07894664340549
1710802120.6882057,4.072641001807319
1710802120.6883187,4.063532882266574
1710802120.6884315,4.050571388668484
1710802120.6885445,4.034456941816542
1710802120.6886575,4.016240702735053
1710802120.6887705,3.995922671424018
1710802120.6888833,3.9745534790886774
1710802120.6889963,3.9524838659498425
1710802120.6891093,3.9290128813849554
1710802120.6892223,3.9062425825330944
1710802120.689335,3.8827715979682074
1710802120.689448,3.858249717288547
1710802120.6895611,3.830925358666314
1710802120.6896741,3.8018494182162814
1710802120.689787,3.7696207894219294
1710802120.6899,3.734939893086751
1710802120.690013,3.6988576253255205
1710802120.690126,3.662074671851264
1710802120.6902387,3.623890611860487
1710802120.6903517,3.5871079232957626
1710802120.6904647,3.5496242841084795
1710802120.6905777,3.512140909830729
1710802120.6906905,3.4736066394382052
1710802120.6908035,3.4322696261935763
1710802120.6909165,3.388130399915907
1710802120.6910295,3.3404877450731063
1710802120.6911423,3.291794459025065
1710802120.6912553,3.2402984301249185
1710802120.6913683,3.1870508193969727
1710802120.6914814,3.133803473578559
1710802120.6915941,3.08090607325236
1710802120.6917071,3.026607831319173
1710802120.6918201,2.9730100101894803
1710802120.6919332,2.9162592358059354
1710802120.692046,2.8588080406188965
1710802120.692159,2.797503206464979
1710802120.692272,2.735147741105821
1710802120.692385,2.667887740665012
1710802120.6924977,2.60062747531467
1710802120.6926107,2.530564996931288
1710802120.6927238,2.460502518547906
1710802120.6928368,2.3890389336480036
1710802120.6929495,2.3175750838385687
1710802120.6930625,2.2461112340291343
1710802120.6931756,2.172545591990153
1710802120.6932886,2.0979290538363986
1710802120.6934013,2.0205099052853055
1710802120.6935143,1.9413393073611789
1710802120.6936274,1.8597164418962266
1710802120.6937404,1.7773930231730142
1710802120.6938531,1.6940185758802626
1710802120.6939662,1.6092430220709906
1710802120.6940792,1.5237666500939262
1710802120.6941922,1.437940067715115
1710802120.694305,1.3521134853363037
1710802120.694418,1.264885663986206
1710802120.694531,1.176256603664822
1710802120.694644,1.0862263043721516
1710802120.6947567,0.995145042737325
1710802120.6948698,0.9016115797890557
1710802120.6949828,0.8084283934699165
1710802120.6950958,0.7127930720647176
1710802120.6952085,0.6171577506595187
1710802120.6953216,0.5204714669121636
1710802120.6954346,0.4230845636791653
1710802120.6955476,0.3253473507033454
1710802120.6956604,0.22690950168503654
1710802120.6957734,0.1277710414595074
1710802120.6958864,0.02863258123397827
1710802120.6959994,-0.07084233065446217
1710802120.6961122,-0.17101213335990906
1710802120.6962252,-0.2711819443437788
1710802120.6963382,-0.3710014952553643
1710802120.6964512,-0.4711713062392341
1710802120.696564,-0.5716913276248508
1710802120.696677,-0.6729118691550361
1710802120.69679,-0.7744826873143513
1710802120.696903,-0.8750026755862765
1710802120.6970158,-0.9751725196838379
1710802120.6971288,-1.074641810523139
1710802120.6972418,-1.1727101273006864
1710802120.6973548,-1.2714789973364935
1710802120.6974676,-1.3677961296505399
1710802120.6975806,-1.463762919108073
1710802120.6976936,-1.5597298410203722
1710802120.6978066,-1.6549962096744113
1710802120.6979194,-1.7502625783284504
1710802120.6980324,-1.8448285261789956
1710802120.6981454,-1.9386939207712808
1710802120.6982584,-2.031508551703559
1710802120.6983712,-2.121871577368842
1710802120.6984842,-2.2101330757141113
1710802120.6985972,-2.2973439428541393
1710802120.6987102,-2.3817525969611273
1710802120.698823,-2.465461095174154
1710802120.698936,-2.5481186972724066
1710802120.699049,-2.6300756136576333
1710802120.699162,-2.710982163747152
1710802120.6992748,-2.7918884489271374
1710802120.6993878,-2.8703432612948947
1710802120.6995008,-2.9484475983513727
1710802120.6996138,-3.0233997768825955
1710802120.6997266,-3.0962506930033364
1710802120.6998396,-3.1662993960910373
1710802120.6999526,-3.23354615105523
1710802120.7000656,-3.299041854010688
1710802120.7001784,-3.3631364504496255
1710802120.7002914,-3.4254799948798285
1710802120.7004044,-3.4864224327935114
1710802120.7005174,-3.547364870707194
1710802120.7006302,-3.604804939693875
1710802120.7007432,-3.6615445878770614
1710802120.7008562,-3.715482023027208
1710802120.7009692,-3.765917354159885
1710802120.701082,-3.814601103464762
1710802120.701195,-3.85978274875217
1710802120.701308,-3.902512391408284
1710802120.701421,-3.943140771653917
1710802120.7015338,-3.9823680453830295
1710802120.7016468,-4.018793370988634
1710802120.7017598,-4.055919382307264
1710802120.7018728,-4.090943601396349
1710802120.7019856,-4.123166137271457
1710802120.7020986,-4.155038462744819
1710802120.7022116,-4.183758364783393
1710802120.7023246,-4.210026794009738
1710802120.7024374,-4.233142799801296
1710802120.7025504,-4.253456857469347
1710802120.7026634,-4.271669652726915
1710802120.7027764,-4.28778092066447
1710802120.7028892,-4.302491082085504
1710802120.7030022,-4.316500822703044
1710802120.7031152,-4.328409300910102
1710802120.7032282,-4.339967303805881
1710802120.703341,-4.349423779381646
1710802120.703454,-4.357479413350423
1710802120.703567,-4.362733099195692
1710802120.70368,-4.364834626515706
1710802120.7037928,-4.3634335199991865
1710802120.7039058,-4.3599311510721845
1710802120.7040188,-4.353977044423421
1710802120.7041318,-4.346271620856391
1710802120.7042446,-4.338215986887614
1710802120.7043576,-4.328409300910102
1710802120.7044706,-4.318952560424805
1710802120.7045836,-4.307394557529025
1710802120.7046964,-4.2954863442315
1710802120.7048094,-4.281476603613959
1710802120.7049224,-4.263614018758138
1710802120.7050354,-4.243650171491835
1710802120.7051482,-4.220183690388997
1710802120.7052612,-4.195316367679172
1710802120.7053742,-4.168347782558865
1710802120.7054873,-4.141378932529025
1710802120.7056,-4.113008975982666
1710802120.705713,-4.085339705149333
1710802120.705826,-4.056269592709011
1710802120.705939,-4.026148584153917
1710802120.7060518,-3.9942762586805554
1710802120.7061648,-3.959252039591471
1710802120.7062778,-3.9221260282728405
1710802120.7063909,-3.881147437625461
1710802120.7065036,-3.8377173741658526
1710802120.7066166,-3.793236149681939
1710802120.7067297,-3.7470041380988226
1710802120.7068427,-3.701472282409668
1710802120.7069554,-3.6545395851135254
1710802120.7070684,-3.6079570982191296
1710802120.7071815,-3.5599737697177463
1710802120.7072945,-3.5105893346998425
1710802120.7074072,-3.458052741156684
1710802120.7075202,-3.40236398908827
1710802120.7076333,-3.3452741305033364
1710802120.7077463,-3.2853823237948947
1710802120.707859,-3.2244398858812118
1710802120.707972,-3.162096341451009
1710802120.708085,-3.0997530619303384
1710802120.708198,-3.0363588862948947
1710802120.7083108,-2.973665131462945
1710802120.7084239,-2.9088701142205133
1710802120.7085369,-2.842673990461561
1710802120.7086499,-2.7733254432678223
1710802120.7087626,-2.7022261089748807
1710802120.7088757,-2.6283245616488986
1710802120.7089887,-2.5516210661994085
1710802120.7091017,-2.4742171499464245
1710802120.7092144,-2.3947117063734265
1710802120.7093275,-2.3155564732021756
1710802120.7094405,-2.2346501880221896
1710802120.7095535,-2.1533935599856906
1710802120.7096663,-2.071786721547445
1710802120.7097793,-1.9873778025309243
1710802120.7098923,-1.9019182523091633
1710802120.7100053,-1.8147075176239014
1710802120.710118,-1.7260958088768852
1710802120.710231,-1.634682019551595
1710802120.710344,-1.5432683626810708
1710802120.710457,-1.4508039421505399
1710802120.7105699,-1.3583395216200087
1710802120.7106829,-1.2641239166259766
1710802120.7107959,-1.1702583895789251
1710802120.710909,-1.0756925741831462
1710802120.7110217,-0.9786749548382229
1710802120.7111347,-0.8837587965859307
1710802120.7112477,-0.7867411772410074
1710802120.7113607,-0.6893733474943373
1710802120.7114735,-0.5906045436859131
1710802120.7115865,-0.49183570676379734
1710802120.7116995,-0.3937673568725586
1710802120.7118125,-0.2939477894041273
1710802120.7119253,-0.19272726443078783
1710802120.7120383,-0.09255747000376384
1710802120.7121513,0.00866476291169723
1710802120.7122643,0.10990510384241739
1710802120.712377,0.21079512106047735
1710802120.71249,0.310283899307251
1710802120.712603,0.41187455256779987
1710802120.712716,0.5113633142577277
1710802120.7128289,0.610151489575704
1710802120.712942,0.7096402512656318
1710802120.713055,0.8094793558120728
1710802120.713168,0.9086177746454874
1710802120.7132807,1.0081066025627983
1710802120.7133937,1.1079456408818562
1710802120.7135067,1.2056828869713676
1710802120.7136195,1.3013182746039496
1710802120.7137325,1.3962529765235052
1710802120.7138455,1.4890857537587483
1710802120.7139585,1.580517292022705
1710802120.7140713,1.6701973809136283
1710802120.7141843,1.7591767840915256
1710802120.7142973,1.8474555015563965
1710802120.7144103,1.9360845618777804
1710802120.714523,2.023662726084391
1710802120.714636,2.110540337032742
1710802120.714749,2.195666233698527
1710802120.714862,2.2783401277330184
1710802120.7149749,2.3596125178866916
1710802120.715088,2.4370315339830184
1710802120.715201,2.5130494435628257
1710802120.715314,2.5862648752000594
1710802120.7154267,2.6591298315260143
1710802120.7155397,2.730593681335449
1710802120.7156527,2.8013568454318576
1710802120.7157657,2.8707186381022134
1710802120.7158785,2.9393800099690757
1710802120.7159915,3.0059393246968584
1710802120.7161045,3.068995475769043
1710802120.7162175,3.131351206037733
1710802120.7163303,3.188101715511746
1710802120.7164433,3.2441518041822643
1710802120.7165563,3.2977496253119574
1710802120.7166693,3.3495958646138506
1710802120.716782,3.4000409973992243
1710802120.716895,3.4494349691602917
1710802120.717008,3.4984787305196123
1710802120.7171211,3.546121385362413
1710802120.717234,3.591661983066135
1710802120.717347,3.6351007885403104
1710802120.71746,3.67608732647366
1710802120.717573,3.7142713864644366
1710802120.7176857,3.748952282799615
1710802120.7177987,3.7822320726182723
1710802120.7179117,3.811308013068305
1710802120.7180247,3.8400334782070584
1710802120.7181375,3.8673578368292914
1710802120.7182505,3.892580403221978
1710802120.7183635,3.9174524943033853
1710802120.7184765,3.9402230580647783
1710802120.7185893,3.96124177508884
1710802120.7187023,3.980158699883355
1710802120.7188153,3.9962728818257647
1710802120.7189283,4.010985957251655
1710802120.719041,4.0207947625054254
1710802120.7191541,4.030253357357449
1710802120.7192671,4.0362085236443415
1710802120.7193801,4.042514165242513
1710802120.719493,4.046017328898112
1710802120.719606,4.050221178266737
1710802120.719719,4.051972760094537
1710802120.719832,4.05442476272583
1710802120.7199447,4.05442476272583
1710802120.7200577,4.05302365620931
1710802120.7201707,4.048819806840685
1710802120.7202837,4.041813479529487
1710802120.7203965,4.032705359988742
1710802120.7205095,4.021845658620198
1710802120.7206225,4.009234640333387
1710802120.7207355,3.9962728818257647
1710802120.7208483,3.9826107025146484
1710802120.7209613,3.9682478374905057
1710802120.7210743,3.9542354477776422
1710802120.7211874,3.9388216866387262
1710802120.7213001,3.9216563436720104
1710802120.7214131,3.9013383123609753
1710802120.7215261,3.8789182239108615
1710802120.7216392,3.8529952367146807
1710802120.721752,3.8256706131829157
1710802120.721865,3.7955437766181097
1710802120.721978,3.7647162543402777
1710802120.722091,3.7345894177754717
1710802120.7222037,3.703411685095893
1710802120.7223167,3.671883477105035
1710802120.7224298,3.6396548483106823
1710802120.7225428,3.6060248480902777
1710802120.7226555,3.5706432660420733
1710802120.7227685,3.53175852033827
1710802120.7228816,3.4897210862901473
1710802120.7229946,3.446632491217719
1710802120.7231073,3.4014421039157443
1710802120.7232203,3.354850610097249
1710802120.7233334,3.307908640967475
1710802120.7234464,3.26131714714898
1710802120.7235591,3.215776549445258
1710802120.7236722,3.168484369913737
1710802120.7237852,3.119790818956163
1710802120.7238982,3.0679445796542697
1710802120.724011,3.014696968926324
1710802120.724124,2.9565450880262585
1710802120.724237,2.8980429967244468
1710802120.72435,2.8367381625705295
1710802120.7244627,2.7736820114983454
1710802120.7245758,2.710625860426161
1710802120.7246888,2.647569444444444
1710802120.7248018,2.584162818060981
1710802120.7249146,2.5200557708740234
1710802120.7250276,2.4545473522610135
1710802120.7251406,2.3862361907958984
1710802120.7252536,2.3158235020107694
1710802120.7253664,2.2436589664883084
1710802120.7254794,2.168341875076294
1710802120.7255924,2.091273069381714
1710802120.7257054,2.0152552922566733
1710802120.7258182,1.9364349047342935
1710802120.7259312,1.85761464966668
1710802120.7260442,1.7777433660295274
1710802120.7261572,1.6982224252488878
1710802120.72627,1.6151983208126492
1710802120.726383,1.5321742163764105
1710802120.726496,1.445646948284573
1710802120.726609,1.3580689165327284
1710802120.7267218,1.2694397237565782
1710802120.7268348,1.1787088712056477
1710802120.7269478,1.0865765810012817
1710802120.7270608,0.9944443570242988
1710802120.7271736,0.9009108940760294
1710802120.7272866,0.8073774973551432
1710802120.7273996,0.7134936915503608
1710802120.7275126,0.6192596091164483
1710802120.7276254,0.5232739448547363
1710802120.7277384,0.4269380039638943
1710802120.7278514,0.33025172021653915
1710802120.7279644,0.2335654530260298
1710802120.7280772,0.13652885953585306
1710802120.7281902,0.038791646560033165
1710802120.7283032,-0.05963452574279573
1710802120.7284162,-0.15770286321640015
1710802120.728529,-0.2564716835816701
1710802120.728642,-0.3559409909778171
1710802120.728755,-0.45576055844624835
1710802120.728868,-0.5541791518529257
1710802120.7289808,-0.6536484426922268
1710802120.7290938,-0.7524173127280341
1710802120.7292068,-0.8508358399073283
1710802120.7293198,-0.9482037358813815
1710802120.7294326,-1.0466223292880588
1710802120.7295456,-1.1446906460656059
1710802120.7296586,-1.2431091732449002
1710802120.7297716,-1.3415278328789604
1710802120.7298844,-1.4392459392547607
1710802120.7299974,-1.5369640456305609
1710802120.7301104,-1.632930835088094
1710802120.7302234,-1.7288977570003934
1710802120.7303362,-1.8224129411909316
1710802120.7304492,-1.9145271513197157
1710802120.7305622,-2.004890044530233
1710802120.7306752,-2.095603280597263
1710802120.730788,-2.184565332200792
1710802120.730901,-2.273527251349555
1710802120.731014,-2.362138960096571
1710802120.731127,-2.4500502480400934
1710802120.7312398,-2.535509798261854
1710802120.7313528,-2.6202689276801214
1710802120.7314658,-2.7022261089748807
1710802120.7315788,-2.7827821837531195
1710802120.7316916,-2.8594856792026095
1710802120.7318046,-2.9344378577338324
1710802120.7319176,-3.007288508945041
1710802120.7320306,-3.0804896354675293
1710802120.7321434,-3.151589234670003
1710802120.7322564,-3.221988148159451
1710802120.7323694,-3.2909862200419107
1710802120.7324824,-3.3582332399156356
1710802120.7325952,-3.4240788883633084
1710802120.7327082,-3.487122853597005
1710802120.7328212,-3.548415766821967
1710802120.7329342,-3.605505360497369
1710802120.733047,-3.6611943774753146
1710802120.73316,-3.713380495707194
1710802120.733273,-3.7655668788486056
1710802120.733386,-3.815301524268256
1710802120.7334988,-3.863985538482666
1710802120.7336118,-3.9109182357788086
1710802120.7337248,-3.9560998810662165
1710802120.7338378,-3.9995299445258246
1710802120.7339506,-4.040508535173204
1710802120.7340636,-4.078334967295329
1710802120.7341766,-4.113359451293945
1710802120.7342896,-4.144881301456027
1710802120.7344024,-4.173951678805881
1710802120.7345154,-4.2016209496392145
1710802120.7346284,-4.22648827234904
1710802120.7347414,-4.251005384657118
1710802120.7348542,-4.273420969645183
1710802120.7349672,-4.294785658518474
1710802120.7350802,-4.3143995602925616
1710802120.7351933,-4.332261880238851
1710802120.735306,-4.348373148176405
1710802120.735419,-4.360981782277425
1710802120.735532,-4.370088312360975
1710802120.735645,-4.377443260616726
1710802120.7357578,-4.381996525658502
1710802120.7358708,-4.384448263380262
1710802120.7359838,-4.385148684183757
1710802120.7360969,-4.385148684183757
1710802120.7362096,-4.384098052978516
1710802120.7363226,-4.381996525658502
1710802120.7364357,-4.379194577534993
1710802120.7365487,-4.373590681287977
1710802120.7366614,-4.365885257720947
1710802120.7367744,-4.353977044423421
1710802120.7368875,-4.341017935011122
1710802120.7370005,-4.323856035868327
1710802120.7371132,-4.3059934510125055
1710802120.7372262,-4.285679393344455
1710802120.7373393,-4.265715546078152
1710802120.7374523,-4.245051013098823
1710802120.737565,-4.223686324225532
1710802120.737678,-4.2016209496392145
1710802120.737791,-4.17780425813463
1710802120.737904,-4.1518863042195635
1710802120.7380168,-4.12281592686971
1710802120.7381299,-4.091644287109375
1710802120.7382429,-4.056619803110759
1710802120.7383559,-4.020194477505154
1710802120.7384686,-3.9816676245795355
1710802120.7385817,-3.943140771653917
1710802120.7386947,-3.9042637083265515
1710802120.7388077,-3.8650361696879068
1710802120.7389205,-3.8247582647535534
1710802120.7390335,-3.7827290429009333
1710802120.7391465,-3.7385982937282987
1710802120.7392595,-3.692015806833903
1710802120.7393723,-3.6415804757012262
1710802120.7394853,-3.5890438821580672
1710802120.7395983,-3.5337053404914007
1710802120.7397113,-3.4769659572177463
1710802120.739824,-3.4195258882310653
1710802120.739937,-3.3617356088426376
1710802120.74005,-3.304645750257704
1710802120.740163,-3.245454629262288
1710802120.7402759,-3.1859130329555936
1710802120.7403889,-3.1242701742384167
1710802120.7405019,-3.0598251024881997
1710802120.740615,-2.9925783475240073
1710802120.7407277,-2.9228798548380532
1710802120.7408407,-2.8510798348320856
1710802120.7409537,-2.7778787083095975
1710802120.7410667,-2.704327371385362
1710802120.7411795,-2.6304260889689126
1710802120.7412925,-2.5547732247246637
1710802120.7414055,-2.479821046193441
1710802120.7415185,-2.402417129940457
1710802120.7416313,-2.3232618967692056
1710802120.7417443,-2.2423556115892196
1710802120.7418573,-2.1589974562327066
1710802120.7419703,-2.073537906010946
1710802120.742083,-1.9852764076656766
1710802120.742196,-1.8973651197221544
1710802120.742309,-1.8077026473151312
1710802120.742422,-1.7180401749081082
1710802120.7425349,-1.626976728439331
1710802120.742648,-1.535563071568807
1710802120.742761,-1.4430985185835097
1710802120.742874,-1.3492331239912245
1710802120.7429867,-1.2532663345336914
1710802120.7430997,-1.157649623023139
1710802120.7432127,-1.0595813062455919
1710802120.7433257,-0.9611627790662978
1710802120.7434385,-0.8616934219996134
1710802120.7435515,-0.7611733675003052
1710802120.7436645,-0.66030310259925
1710802120.7437775,-0.5576815870073106
1710802120.7438903,-0.45646104547712535
1710802120.7440033,-0.3531390428543091
1710802120.7441163,-0.24946681327290005
1710802120.7442293,-0.14649505416552225
1710802120.744342,-0.04387354271279441
1710802120.744455,0.05981040083699756
1710802120.744568,0.16175135970115662
1710802120.7446811,0.2633420129617055
1710802120.744794,0.36493264966540867
1710802120.744907,0.4672239555252923
1710802120.74502,0.5684642659293281
1710802120.745133,0.6700549523035685
1710802120.7452457,0.7712952958212959
1710802120.7453587,0.8718349536259968
1710802120.7454717,0.9702728192011515
1710802120.7455847,1.0687106847763062
1710802120.7456975,1.163995663324992
1710802120.7458105,1.2596310509575737
1710802120.7459235,1.3542154100206163
1710802120.7460365,1.4477488729688857
1710802120.7461493,1.5426835748884413
1710802120.7462623,1.6365673806932237
1710802120.7463753,1.7311517397562661
1710802120.7464883,1.8236343065897622
1710802120.746601,1.9157665305667453
1710802120.746714,2.0047459337446423
1710802120.7468271,2.091623412238227
1710802120.7469401,2.176399098502265
1710802120.747053,2.2590727276272244
1710802120.747166,2.3406955930921765
1710802120.747279,2.420917352040609
1710802120.747392,2.5007886356777616
1710802120.7475047,2.5792585478888617
1710802120.7476177,2.657378249698215
1710802120.7477307,2.734096580081516
1710802120.7478437,2.8087133831448026
1710802120.7479565,2.880877653757731
1710802120.7480695,2.9502394464280868
1710802120.7481825,3.01539765463935
1710802120.7482955,3.0788042810228133
1710802120.7484083,3.1401091151767306
1710802120.7485213,3.198611206478543
1710802120.7486343,3.2567630873786078
1710802120.7487473,3.3124627007378473
1710802120.7488601,3.368162579006619
1710802120.7489731,3.4210597144232855
1710802120.7490861,3.4722052680121527
1710802120.7491992,3.5198479228549533
1710802120.749312,3.5660892062717013
1710802120.749425,3.607075744205051
1710802120.749538,3.647361596425374
1710802120.749651,3.6837940745883517
1710802120.7497637,3.7191756566365557
1710802120.7498767,3.7524554464552136
1710802120.7499897,3.7850345505608454
1710802120.7501028,3.816562493642171
1710802120.7502155,3.847039805518256
1710802120.7503285,3.8754150602552624
1710802120.7504416,3.9023892084757485
1710802120.7505546,3.926560878753662
1710802120.7506673,3.9486304918924966
1710802120.7507803,3.9678976270887585
1710802120.7508934,3.9843622843424478
1710802120.7510064,3.9987251493665905
1710802120.7511191,4.011336432562934
1710802120.7512321,4.023247030046251
1710802120.7513452,4.033756521013048
1710802120.7514582,4.043565061357286
1710802120.751571,4.0523229704962835
1710802120.751684,4.059329297807482
1710802120.751797,4.064934253692627
1710802120.75191,4.0659851498074
1710802120.7520227,4.066685835520427
1710802120.7521358,4.064233567979601
1710802120.7522488,4.058628612094455
1710802120.7523618,4.051272074381511
1710802120.7524745,4.042864640553792
1710802120.7525876,4.034807417127821
1710802120.7527006,4.024297926161024
1710802120.7528136,4.0141389105055065
1710802120.7529263,4.002928998735216
1710802120.7530394,3.992069297366672
1710802120.7531524,3.977005746629503
1710802120.7532654,3.9615919854905868
1710802120.7533782,3.9412739541795516
1710802120.7534912,3.919554551442464
1710802120.7536042,3.895382881164551
1710802120.7537172,3.870160314771864
1710802120.75383,3.8442373275756836
1710802120.753943,3.8183140754699707
1710802120.754056,3.791690402560764
1710802120.754169,3.765767150455051
1710802120.7542818,3.737742371029324
1710802120.7543948,3.709016640981038
1710802120.7545078,3.67608732647366
1710802120.7546206,3.642457326253255
1710802120.7547336,3.6049736870659723
1710802120.7548466,3.5660892062717013
1710802120.7549596,3.525102403428819
1710802120.7550724,3.4841158654954696
1710802120.7551854,3.44312932756212
1710802120.7552984,3.4017925792270236
1710802120.7554114,3.3604555659823947
1710802120.7555242,3.3180676566229925
1710802120.7556372,3.273227744632297
1710802120.7557502,3.2259355651007757
1710802120.7558632,3.175840907626682
1710802120.755976,3.123293982611762
1710802120.756089,3.0682947900560165
1710802120.756202,3.011194070180257
1710802120.756315,2.953742610083686
1710802120.7564278,2.895590729183621
1710802120.7565408,2.8374388482835555
1710802120.7566538,2.7792869673834906
1710802120.7567668,2.719383504655626
1710802120.7568796,2.658078935411241
1710802120.7569926,2.595022519429525
1710802120.7571056,2.5288134151034884
1710802120.7572186,2.4594516224331326
1710802120.7573314,2.3890389336480036
1710802120.7574444,2.3175750838385687
1710802120.7575574,2.2436589664883084
1710802120.7576704,2.1707940101623535
1710802120.7577832,2.0961774720085993
1710802120.7578962,2.0215609338548446
1710802120.7580092,1.9462437099880643
1710802120.7581222,1.8695252471499972
1710802120.758235,1.7907048596276176
1710802120.758348,1.710483365588718
1710802120.758461,1.6288605001237657
1710802120.758574,1.5444351567162407
1710802120.7586868,1.4600098133087158
1710802120.7587998,1.3741832309299045
1710802120.7589128,1.28800630569458
1710802120.7590258,1.2014791700575087
1710802120.7591386,1.114251348707411
1710802120.7592516,1.025622222158644
1710802120.7593646,0.9362924761242336
1710802120.7594776,0.8455615573459201
1710802120.7595904,0.753078990512424
1710802120.7597034,0.6598958704206679
1710802120.7598164,0.5660120646158854
1710802120.7599294,0.4710773958100213
1710802120.7600422,0.3750917315483093
1710802120.7601552,0.27875575754377574
1710802120.7602682,0.1813688708676232
1710802120.7603812,0.0839819676346249
1710802120.760494,-0.014102796299590005
1710802120.760607,-0.1121711317035887
1710802120.76072,-0.20953898628552753
1710802120.760833,-0.30830780665079754
1710802120.7609458,-0.40637615654203624
1710802120.7610588,-0.5030434992578294
1710802120.7611718,-0.6007615725199381
1710802120.7612848,-0.6977791918648614
1710802120.7613976,-0.7951470878389146
1710802120.7615106,-0.8925149175855849
1710802120.7616236,-0.990233023961385
1710802120.7617366,-1.0876008537080553
1710802120.7618494,-1.1849686834547255
1710802120.7619624,-1.2819863690270317
1710802120.7620754,-1.3769023948245578
1710802120.7621884,-1.4711181322733562
1710802120.7623012,-1.5635825528038871
1710802120.7624142,-1.6560469733344183
1710802120.7625272,-1.7471104198031955
1710802120.7626402,-1.8385240766737196
1710802120.762753,-1.9302880764007568
1710802120.762866,-2.020300759209527
1710802120.762979,-2.111013995276557
1710802120.763092,-2.198925283220079
1710802120.7632048,-2.285785675048828
1710802120.7633178,-2.3705448044670954
1710802120.7634308,-2.4535526169670954
1710802120.7635438,-2.5344591670566134
1710802120.7636566,-2.613614135318332
1710802120.7637696,-2.6913685268825955
1710802120.7638826,-2.769472863939073
1710802120.7639956,-2.8465265697903104
1710802120.7641084,-2.9228798548380532
1710802120.7642214,-2.9988826645745172
1710802120.7643344,-3.0713833702935114
1710802120.7644475,-3.143183390299479
1710802120.7645602,-3.212531672583686
1710802120.7646732,-3.2790780067443848
1710802120.7647862,-3.3424721823798285
1710802120.7648993,-3.404115041097005
1710802120.765012,-3.4636566374037
1710802120.765125,-3.5228477583991156
1710802120.765238,-3.5792371961805554
1710802120.765351,-3.635276158650716
1710802120.7654638,-3.6895640691121416
1710802120.7655768,-3.7417504522535534
1710802120.7656898,-3.791835308074951
1710802120.7658029,-3.8401688469780817
1710802120.7659156,-3.884299596150716
1710802120.7660286,-3.9259788725111218
1710802120.7661417,-3.964855935838487
1710802120.7662547,-4.001631471845839
1710802120.7663674,-4.036655955844455
1710802120.7664804,-4.069929122924805
1710802120.7665935,-4.100750552283393
1710802120.7667065,-4.131221771240234
1710802120.7668192,-4.160292148590088
1710802120.7669322,-4.186910523308648
1710802120.7670453,-4.212828742133246
1710802120.7671583,-4.23524432712131
1710802120.767271,-4.255908595191108
1710802120.767384,-4.272019863128662
1710802120.767497,-4.287080499860975
1710802120.76761,-4.299689133961995
1710802120.7677228,-4.310896926456027
1710802120.7678359,-4.320703877343072
1710802120.7679489,-4.329459932115343
1710802120.7680619,-4.33751556608412
1710802120.7681746,-4.344870779249403
1710802120.7682877,-4.349423779381646
1710802120.7684007,-4.353276623619927
1710802120.7685137,-4.352926148308648
1710802120.7686265,-4.35012420018514
1710802120.7687395,-4.34381988313463
1710802120.7688525,-4.335414038764106
1710802120.7689655,-4.325256877475314
1710802120.7690783,-4.3136988745795355
1710802120.7691913,-4.301090240478516
1710802120.7693043,-4.288481341467963
1710802120.7694173,-4.275172021653917
1710802120.76953,-4.260111649831136
1710802120.769643,-4.243650171491835
1710802120.769756,-4.224386745029025
1710802120.769869,-4.201971160040961
1710802120.7699819,-4.177103837331136
1710802120.7700949,-4.1497847768995495
1710802120.770208,-4.120364189147949
1710802120.770321,-4.090593390994601
1710802120.7704337,-4.060122172037761
1710802120.7705467,-4.029650953080919
1710802120.7706597,-3.99777889251709
1710802120.7707727,-3.965556356641981
1710802120.7708855,-3.9315827687581377
1710802120.7709985,-3.8941065470377603
1710802120.7711115,-3.854529062906901
1710802120.7712245,-3.812149365743001
1710802120.7713373,-3.7662675645616317
1710802120.7714503,-3.7196850776672363
1710802120.7715633,-3.6717014842563205
1710802120.7716763,-3.623017734951443
1710802120.771789,-3.57468393113878
1710802120.771902,-3.5259999169243708
1710802120.772015,-3.475214640299479
1710802120.772128,-3.423728677961561
1710802120.7722409,-3.370141453213162
1710802120.772354,-3.312701384226481
1710802120.772467,-3.2517589463127985
1710802120.77258,-3.1887149810791016
1710802120.7726927,-3.12391996383667
1710802120.7728057,-3.0584242608812118
1710802120.7729187,-2.990476820203993
1710802120.7730317,-2.9232300652398004
1710802120.7731445,-2.8545822037590876
1710802120.7732575,-2.7859343422783747
1710802120.7733705,-2.71378411187066
1710802120.7734835,-2.6409331957499185
1710802120.7735963,-2.5645801756117077
1710802120.7737093,-2.487526469760471
1710802120.7738223,-2.4062697092692056
1710802120.7739353,-2.325013213687473
1710802120.774048,-2.2416549258761935
1710802120.774161,-2.1589974562327066
1710802120.774274,-2.0752890904744468
1710802120.7743871,-1.9894793298509386
1710802120.7745,-1.9050705432891846
1710802120.774613,-1.8178596761491563
1710802120.774726,-1.7306489414638944
1710802120.774839,-1.6402860482533772
1710802120.7749517,-1.549222469329834
1710802120.7750647,-1.4564078383975558
1710802120.7751777,-1.3625424438052707
1710802120.7752907,-1.2676262855529785
1710802120.7754035,-1.1723599168989394
1710802120.7755165,-1.076042784584893
1710802120.7756295,-0.9786749548382229
1710802120.7757425,-0.8809568484624226
1710802120.7758553,-0.7821880446539985
1710802120.7759683,-0.6834191746181911
1710802120.7760813,-0.583599673377143
1710802120.7761943,-0.48342982927958167
1710802120.776307,-0.38255956437852645
1710802120.77642,-0.28133902284834117
1710802120.7765331,-0.17906775077184042
1710802120.7766461,-0.07679648697376251
1710802120.776759,0.026180392338169944
1710802120.776872,0.12952260673046112
1710802120.776985,0.23321512672636244
1710802120.777098,0.33690767155753243
1710802120.7772107,0.4406001832750108
1710802120.7773237,0.5439423852496676
1710802120.7774367,0.6458833482530382
1710802120.7775497,0.7474740346272787
1710802120.7776625,0.8480136924319797
1710802120.7777755,0.9485534164640639
1710802120.7778885,1.0483925210105047
1710802120.7780015,1.1482315593295627
1710802120.7781143,1.2484210067325168
1710802120.7782273,1.3479097684224446
1710802120.7783403,1.445646948284573
1710802120.7784534,1.5433842606014676
1710802120.7785661,1.6372679339514837
1710802120.7786791,1.7294001579284668
1710802120.7787921,1.8197808000776503
1710802120.7789052,1.9091105461120605
1710802120.779018,1.9970390531751845
1710802120.779131,2.083566188812256
1710802120.779244,2.1707940101623535
1710802120.779357,2.257671621110704
1710802120.7794697,2.3431478606330023
1710802120.7795827,2.4275732040405273
1710802120.7796957,2.5084953837924533
1710802120.7798088,2.588016457027859
1710802120.7799215,2.6650849978129068
1710802120.7800345,2.738650639851888
1710802120.7801476,2.8101144896613226
1710802120.7802606,2.8798267576429577
1710802120.7803733,2.9488383399115667
1710802120.7804863,3.0171492364671493
1710802120.7805994,3.0840590265062118
1710802120.7807124,3.1495674451192217
1710802120.7808251,3.212273385789659
1710802120.7809381,3.2735782199435763
1710802120.7810512,3.3324305216471353
1710802120.7811642,3.3867290284898544
1710802120.781277,3.4396261639065213
1710802120.78139,3.4883197148640948
1710802120.781503,3.5352616839938693
1710802120.781616,3.580802281697591
1710802120.7817287,3.6252919832865396
1710802120.7818418,3.6690809991624618
1710802120.7819548,3.7111184332105847
1710802120.7820678,3.7517547607421875
1710802120.7821805,3.7899388207329645
1710802120.7822936,3.8263712988959417
1710802120.7824066,3.8596510887145996
1710802120.7825196,3.889077239566379
1710802120.7826324,3.916401598188612
1710802120.7827454,3.9405732684665256
1710802120.7828584,3.9622926712036133
1710802120.7829714,3.9829611778259277
1710802120.7830842,4.002578523423937
1710802120.7831972,4.019743866390652
1710802120.7833102,4.0369092093573675
1710802120.7834232,4.0516222847832575
1710802120.783536,4.064934253692627
1710802120.783649,4.075443479749891
1710802120.783762,4.084551599290636
1710802120.783875,4.089456134372287
1710802120.7839878,4.092959298027886
1710802120.7841008,4.094010194142659
1710802120.7842138,4.0936599837409124
1710802120.7843268,4.09225861231486
1710802120.7844396,4.090857240888807
1710802120.7845526,4.088755448659261
1710802120.7846656,4.084902074601915
1710802120.7847786,4.081048700544569
1710802120.7848914,4.0750932693481445
1710802120.7850044,4.0670360459221735
1710802120.7851174,4.055475658840603
1710802120.7852304,4.042163954840766
1710802120.7853432,4.025699297587077
1710802120.7854562,4.007833268907335
1710802120.7855692,3.9892668194240994
1710802120.7856822,3.9696492089165583
1710802120.785795,3.9500315984090166
1710802120.785908,3.930414252811008
1710802120.786021,3.9100959565904403
1710802120.786134,3.8873256577385797
1710802120.7862468,3.862453566657172
1710802120.7863598,3.835479418436686
1710802120.7864728,3.804651896158854
1710802120.7865858,3.770321210225423
1710802120.7866986,3.734939893086751
1710802120.7868116,3.6981569396124945
1710802120.7869246,3.6599728796217175
1710802120.7870376,3.6221390300326877
1710802120.7871504,3.5853563414679632
1710802120.7872634,3.54647159576416
1710802120.7873764,3.50723663965861
1710802120.7874894,3.465549416012234
1710802120.7876022,3.4214099248250323
1710802120.7877152,3.3744682206047907
1710802120.7878282,3.325774669647217
1710802120.7879412,3.2749793264600964
1710802120.788054,3.22208219104343
1710802120.788167,3.1705861621432834
1710802120.78828,3.1180392371283636
1710802120.788393,3.065842787424723
1710802120.7885058,3.0132958624098034
1710802120.7886188,2.9593475659688315
1710802120.7887318,2.9025970564948187
1710802120.7888448,2.8440949651930065
1710802120.7889576,2.7817392349243164
1710802120.7890706,2.7172817124260797
1710802120.7891836,2.6510726081000433
1710802120.7892966,2.5831119219462075
1710802120.7894094,2.514450814988878
1710802120.7895224,2.445439232720269
1710802120.7896354,2.3753764894273544
1710802120.7897484,2.3049638006422253
1710802120.7898612,2.2331497404310436
1710802120.7899742,2.1599343087938094
1710802120.7900872,2.084266874525282
1710802120.7902002,2.0057968298594155
1710802120.790313,1.9255752033657498
1710802120.790426,1.8432517846425374
1710802120.790539,1.7612787087758381
1710802120.790652,1.67720357577006
1710802120.7907648,1.5927782323625352
1710802120.7908778,1.5076523356967502
1710802120.7909908,1.422176096174452
1710802120.7911038,1.3356488280826144
1710802120.7912166,1.2477204534742568
1710802120.7913296,1.1587410502963595
1710802120.7914426,1.0687106847763062
1710802120.7915556,0.9769287374284532
1710802120.7916684,0.883745617336697
1710802120.7917814,0.7905624310175577
1710802120.7918944,0.6963283485836452
1710802120.7920074,0.6017439895206027
1710802120.7921202,0.5068092544873556
1710802120.7922332,0.4115242428249783
1710802120.7923462,0.31518826882044476
1710802120.7924592,0.21850200162993536
1710802120.792572,0.12076478865411547
1710802120.792685,0.02407851732439465
1710802120.792798,-0.07364428705639309
1710802120.792911,-0.17171262039078605
1710802120.7930238,-0.2704814573129018
1710802120.7931368,-0.36890003416273326
1710802120.7932498,-0.46801911460028756
1710802120.7933629,-0.5685391690995958
1710802120.7934756,-0.668008459938897
1710802120.7935886,-0.7681782378090752
1710802120.7937016,-0.8669471078448825
1710802120.7938147,-0.9660661882824367
1710802120.7939274,-1.064484715461731
1710802120.7940404,-1.1618525452084012
1710802120.7941535,-1.2581696775224473
1710802120.7942665,-1.3544868098364935
1710802120.7943792,-1.450103521347046
1710802120.7944922,-1.545369890001085
1710802120.7946053,-1.6413366794586182
1710802120.7947183,-1.7362528377109103
1710802120.794831,-1.8308187855614555
1710802120.794944,-1.9239836268954806
1710802120.795057,-2.0146968629625106
1710802120.79517,-2.104709678226047
1710802120.7952828,-2.1919204129113092
1710802120.7953959,-2.2780805163913302
1710802120.7955089,-2.362489170498318
1710802120.7956219,-2.4461976687113443
1710802120.7957346,-2.5292054812113443
1710802120.7958477,-2.6111626625061035
1710802120.7959607,-2.6924191580878363
1710802120.7960734,-2.7719246016608343
1710802120.7961864,-2.8507293595208063
1710802120.7962995,-2.9260320133633084
1710802120.7964125,-2.9988826645745172
1710802120.7965252,-3.070682684580485
1710802120.7966383,-3.13792970445421
1710802120.7967513,-3.2055266698201494
1710802120.7968643,-3.269971741570367
1710802120.796977,-3.3340663380093045
1710802120.79709,-3.397110303243001
1710802120.797203,-3.4591033723619247
1710802120.797316,-3.5193453894721136
1710802120.7974288,-3.578186300065782
1710802120.7975419,-3.634225527445475
1710802120.7976549,-3.6881629625956216
1710802120.7977679,-3.7392987145317926
1710802120.7978806,-3.786231411827935
1710802120.7979937,-3.8321134779188366
1710802120.7981067,-3.875193330976698
1710802120.7982197,-3.9179232385423446
1710802120.7983325,-3.957500722673204
1710802120.7984455,-3.9963777860005694
1710802120.7985585,-4.033153322007921
1710802120.7986715,-4.06922870212131
1710802120.7987843,-4.102151393890381
1710802120.7988973,-4.132973088158502
1710802120.7990103,-4.161692990197076
1710802120.7991233,-4.186560312906901
1710802120.799236,-4.208625687493218
1710802120.799349,-4.228939745161268
1710802120.799462,-4.247152540418837
1710802120.799575,-4.263263808356391
1710802120.7996879,-4.278674655490451
1710802120.7998009,-4.292684396107991
1710802120.799914,-4.3059934510125055
1710802120.800027,-4.31720150841607
1710802120.8001397,-4.326657983991835
1710802120.8002527,-4.333312511444092
1710802120.8003657,-4.33751556608412
1710802120.8004787,-4.338916407691108
1710802120.8005915,-4.338215986887614
1710802120.8007045,-4.334013197157118
1710802120.8008175,-4.329459932115343
1710802120.8009305,-4.3235058254665795
1710802120.8010433,-4.316851033104791
1710802120.8011563,-4.3101965056525335
1710802120.8012693,-4.302491082085504
1710802120.8013823,-4.293034606509738
1710802120.801495,-4.280775917900933
1710802120.801608,-4.266766177283393
1710802120.801721,-4.250304698944092
1710802120.801834,-4.2306910620795355
1710802120.8019469,-4.208625687493218
1710802120.80206,-4.185159471299913
1710802120.802173,-4.161342779795329
1710802120.802286,-4.13682566748725
1710802120.8023987,-4.112658765580919
1710802120.8025117,-4.086740811665853
1710802120.8026247,-4.060122172037761
1710802120.8027377,-4.031052059597439
1710802120.8028505,-3.9981291029188366
1710802120.8029635,-3.963805039723714
1710802120.8030765,-3.9256283971998425
1710802120.8031895,-3.884299596150716
1710802120.8033023,-3.8419201638963485
1710802120.8034153,-3.798840045928955
1710802120.8035283,-3.7550597720675998
1710802120.8036413,-3.710929022894965
1710802120.803754,-3.6664477984110513
1710802120.803867,-3.621266418033176
1710802120.80398,-3.5736332999335394
1710802120.8040931,-3.5235484441121416
1710802120.804206,-3.46996095445421
1710802120.804319,-3.4142722023857965
1710802120.804432,-3.3561317125956216
1710802120.804545,-3.296940326690674
1710802120.8046577,-3.236698309580485
1710802120.8047707,-3.1757558716668024
1710802120.8048837,-3.1144632233513727
1710802120.8049967,-3.052470154232449
1710802120.8051095,-2.989776399400499
1710802120.8052225,-2.925681802961561
1710802120.8053355,-2.8587849934895835
1710802120.8054485,-2.7894367112053766
1710802120.8055613,-2.7176366911994085
1710802120.8056743,-2.6437351438734265
1710802120.8057873,-2.5687829653422036
1710802120.8059003,-2.4924296802944608
1710802120.806013,-2.415726449754503
1710802120.806126,-2.338322533501519
1710802120.8062391,-2.2609183523390026
1710802120.8063521,-2.181413041220771
1710802120.806465,-2.101207176844279
1710802120.806578,-2.018199364344279
1710802120.806691,-1.9334402349260118
1710802120.806804,-1.8472802639007568
1710802120.8069167,-1.7600693967607286
1710802120.8070297,-1.6693562931484647
1710802120.8071427,-1.5796938207414415
1710802120.8072557,-1.4889805846744113
1710802120.8073685,-1.397566795349121
1710802120.8074815,-1.304752164416843
1710802120.8075945,-1.2105365594228108
1710802120.8077075,-1.1163208219740126
1710802120.8078203,-1.0207042429182265
1710802120.8079333,-0.9250875976350572
1710802120.8080463,-0.82701928085751
1710802120.8081594,-0.7296514511108398
1710802120.8082721,-0.6312328577041626
1710802120.8083851,-0.5314132902357314
1710802120.8084981,-0.43159372276730007
1710802120.8086112,-0.33177415529886883
1710802120.808724,-0.23195460438728333
1710802120.808837,-0.13073407113552094
1710802120.80895,-0.03021402284502983
1710802120.809063,0.07031978004508548
1710802120.8091757,0.1701588597562578
1710802120.8092887,0.269997947745853
1710802120.8094018,0.3691364328066508
1710802120.8095148,0.46827488475375706
1710802120.8096275,0.5660120646158854
1710802120.8097405,0.6662015120188395
1710802120.8098536,0.7649896542231241
1710802120.8099666,0.864478415913052
1710802120.8100793,0.9636169009738498
1710802120.8101923,1.0620547003216214
1710802120.8103054,1.1590912606981065
1710802120.8104184,1.2547266483306885
1710802120.8105311,1.3493110073937309
1710802120.8106441,1.4428444703420003
1710802120.8107572,1.5356773800320096
1710802120.8108702,1.6288605001237657
1710802120.810983,1.7213430669572618
1710802120.811096,1.8131249480777316
1710802120.811209,1.9059577253129747
1710802120.811322,1.9973892635769315
1710802120.8114347,2.087069352467855
1710802120.8115478,2.1746475166744657
1710802120.8116608,2.2597734133402505
1710802120.8117738,2.3417464892069497
1710802120.8118865,2.4219682481553817
1710802120.8119996,2.4997374746534557
1710802120.8121126,2.575405173831516
1710802120.8122256,2.65002171198527
1710802120.8123384,2.7246382501390243
1710802120.8124514,2.7978536817762585
1710802120.8125644,2.868616845872667
1710802120.8126774,2.93832884894477
1710802120.8127902,3.0045379532708063
1710802120.8129032,3.0686452653672958
1710802120.8130162,3.1299498346116805
1710802120.8131292,3.1884521908230252
1710802120.813242,3.2441518041822643
1710802120.813355,3.2984503110249834
1710802120.813468,3.350997236039903
1710802120.813581,3.404244581858317
1710802120.8136938,3.4553904003567166
1710802120.8138068,3.5044341617160373
1710802120.8139198,3.5517263412475586
1710802120.8140328,3.5983178350660534
1710802120.8141456,3.6403552691141763
1710802120.8142586,3.681692282358805
1710802120.8143716,3.718124760521783
1710802120.8144846,3.7542070282830133
1710802120.8145974,3.7867861323886447
1710802120.8147104,3.819364971584744
1710802120.8148234,3.849492073059082
1710802120.8149364,3.878217538197835
1710802120.8150492,3.9072934786478677
1710802120.8151622,3.934267626868354
1710802120.8152752,3.9584392971462674
1710802120.8153882,3.9822604921129012
1710802120.815501,4.002228313022189
1710802120.815614,4.020094341701931
1710802120.815727,4.034106731414795
1710802120.81584,4.046017328898112
1710802120.8159528,4.055826134151882
1710802120.8160658,4.064233567979601
1710802120.8161788,4.070889419979519
1710802120.8162918,4.076844851175944
1710802120.8164046,4.0817491213480634
1710802120.8165176,4.086303181118435
1710802120.8166306,4.088054762946235
1710802120.8167436,4.088405238257514
1710802120.8168564,4.085952970716688
1710802120.8169694,4.079997539520264
1710802120.8170824,4.072641001807319
1710802120.8171954,4.063532882266574
1710802120.8173082,4.05302365620931
1710802120.8174212,4.04146326912774
1710802120.8175342,4.029202461242676
1710802120.8176472,4.017642074161105
1710802120.81776,4.004680580563015
1710802120.817873,3.9903177155388727
1710802120.817986,3.9749039543999567
1710802120.818099,3.9559870296054416
1710802120.8182118,3.935318522983127
1710802120.8183248,3.9104464319017196
1710802120.8184378,3.8831220732794867
1710802120.8185508,3.8554472393459744
1710802120.8186636,3.826021088494195
1710802120.8187766,3.795894251929389
1710802120.8188896,3.7661176257663302
1710802120.8190026,3.735640313890245
1710802120.8191154,3.704812791612413
1710802120.8192284,3.671883477105035
1710802120.8193414,3.6372025807698565
1710802120.8194544,3.599719206492106
1710802120.8195672,3.5587324036492243
1710802120.8196802,3.516344759199354
1710802120.8197932,3.4722052680121527
1710802120.8199062,3.427014880710178
1710802120.820019,3.381474283006456
1710802120.820132,3.335583474900987
1710802120.820245,3.2896924018859863
1710802120.820358,3.243100908067491
1710802120.8204708,3.194757832421197
1710802120.8205838,3.143612013922797
1710802120.8206968,3.090014192793104
1710802120.8208098,3.0322127872043185
1710802120.8209226,2.973360220591227
1710802120.8210356,2.9124058617485895
1710802120.8211486,2.850050131479899
1710802120.8212616,2.786993980407715
1710802120.8213744,2.7246382501390243
1710802120.8214874,2.661231623755561
1710802120.8216004,2.5974747869703503
1710802120.8217134,2.5323165787590876
1710802120.8218262,2.465056578318278
1710802120.8219392,2.396395471360948
1710802120.8220522,2.3245814111497665
1710802120.8221653,2.2513659795125327
1710802120.822278,2.1753480699327254
1710802120.822391,2.098979949951172
1710802120.822504,2.0233125156826444
1710802120.822617,1.945543024275038
1710802120.8227298,1.8670729796091714
1710802120.8228428,1.7886030673980713
1710802120.8229558,1.708031098047892
1710802120.8230689,1.6250069936116536
1710802120.8231816,1.5412823359171548
1710802120.8232946,1.4544048574235704
1710802120.8234076,1.3675272464752197
1710802120.8235207,1.2774969471825492
1710802120.8236334,1.187466647889879
1710802120.8237464,1.0960350433985393
1710802120.8238595,1.0046034389071994
1710802120.8239725,0.9121209383010864
1710802120.8240852,0.8192880948384602
1710802120.8241982,0.7250540124045478
1710802120.8243113,0.6308199299706353
1710802120.8244243,0.5344839559661018
1710802120.824537,0.4377976722187466
1710802120.82465,0.34076111184226143
1710802120.824763,0.24267357256677416
1710802120.824876,0.1438854303624895
1710802120.8249888,0.04369602021243837
1710802120.8251019,-0.055431595279110804
1710802120.8252149,-0.15595164563920763
1710802120.8253279,-0.2564716835816701
1710802120.8254406,-0.3573419650395711
1710802120.8255537,-0.4585625065697564
1710802120.8256667,-0.5587322844399346
1710802120.8257797,-0.659602615568373
1710802120.8258924,-0.7590719064076741
1710802120.8260055,-0.8585412634743584
1710802120.8261185,-0.9576602776845295
1710802120.8262315,-1.0574798451529608
1710802120.8263443,-1.1569492022196453
1710802120.8264573,-1.2560682826571994
1710802120.8265703,-1.3555375734965007
1710802120.8266833,-1.4532556798723009
1710802120.826796,-1.550973786248101
1710802120.826909,-1.6465903653038871
1710802120.827022,-1.7415065235561795
1710802120.827135,-1.8343211544884575
1710802120.8272479,-1.9257349438137479
1710802120.8273609,-2.017148600684272
1710802120.8274739,-2.1078618367513022
1710802120.827587,-2.198224729961819
1710802120.8276997,-2.287887202368842
1710802120.8278127,-2.3775498072306314
1710802120.8279257,-2.465461095174154
1710802120.8280387,-2.5516210661994085
1710802120.8281515,-2.6356795099046493
1710802120.8282645,-2.7172864807976618
1710802120.8283775,-2.79679192437066
1710802120.8284905,-2.8745460510253906
1710802120.8286033,-2.9501989152696395
1710802120.8287163,-3.0251510938008623
1710802120.8288293,-3.0994028515285916
1710802120.8289423,-3.1715530819363065
1710802120.829055,-3.244053522745768
1710802120.829168,-3.313051594628228
1710802120.829281,-3.3806488249037
1710802120.829394,-3.444393210940891
1710802120.8295069,-3.5074371761745877
1710802120.82962,-3.5659278763665094
1710802120.829733,-3.62196683883667
1710802120.829846,-3.6741532219780817
1710802120.8299587,-3.7266898155212402
1710802120.8300717,-3.776424460940891
1710802120.8301847,-3.8254586855570474
1710802120.8302977,-3.873091803656684
1710802120.8304105,-3.918273448944092
1710802120.8305235,-3.9617037773132324
1710802120.8306365,-4.003382788764106
1710802120.8307495,-4.041909641689724
1710802120.8308623,-4.077634546491835
1710802120.8309753,-4.1109077135721845
1710802120.8310883,-4.141378932529025
1710802120.8312013,-4.170449044969347
1710802120.831314,-4.1974178949991865
1710802120.831427,-4.2229856385125055
1710802120.83154,-4.247502750820583
1710802120.831653,-4.270969231923421
1710802120.831766,-4.292333920796712
1710802120.831879,-4.3122980329725475
1710802120.831992,-4.329459932115343
1710802120.832105,-4.344170093536377
1710802120.8322177,-4.355728096432156
1710802120.8323307,-4.363083309597439
1710802120.8324437,-4.370088312360975
1710802120.8325567,-4.373940891689724
1710802120.8326695,-4.376742839813232
1710802120.8327825,-4.3784941567315
1710802120.8328955,-4.378844367133246
1710802120.8330085,-4.379194577534993
1710802120.8331213,-4.377093050214979
1710802120.8332343,-4.373590681287977
1710802120.8333473,-4.36693615383572
1710802120.8334603,-4.357479413350423
1710802120.833573,-4.344870779249403
1710802120.833686,-4.330510563320583
1710802120.8337991,-4.3136988745795355
1710802120.8339121,-4.294785658518474
1710802120.834025,-4.276573128170437
1710802120.834138,-4.256959491305881
1710802120.834251,-4.236995379130046
1710802120.834364,-4.215980900658502
1710802120.8344767,-4.194615946875678
1710802120.8345897,-4.168697992960612
1710802120.8347027,-4.141378932529025
1710802120.8348157,-4.110207027859158
1710802120.8349285,-4.077284071180555
1710802120.8350415,-4.041559431287977
1710802120.8351545,-4.005834526485867
1710802120.8352675,-3.969058725568983
1710802120.8353803,-3.9312322934468584
1710802120.8354933,-3.8937563366360135
1710802120.8356063,-3.8555796941121416
1710802120.8357193,-3.8149513138665094
1710802120.835832,-3.772922092013889
1710802120.8359451,-3.727040025922987
1710802120.8360581,-3.6787064870198565
1710802120.8361712,-3.627220524681939
1710802120.836284,-3.573983510335286
1710802120.836397,-3.518995179070367
1710802120.83651,-3.4619053204854326
1710802120.836623,-3.405866358015272
1710802120.8367357,-3.3491267098320856
1710802120.8368487,-3.2923873265584307
1710802120.8369617,-3.234246836768256
1710802120.8370748,-3.172953923543294
1710802120.8371875,-3.110260433620877
1710802120.8373005,-3.044414520263672
1710802120.8374135,-2.9754164483812118
1710802120.8375263,-2.905367480383979
1710802120.8376393,-2.8328670395745172
1710802120.8377523,-2.760366598765055
1710802120.8378654,-2.6861148410373263
1710802120.8379781,-2.6129137145148382
1710802120.8380911,-2.5386619567871094
1710802120.8382041,-2.4630093574523926
1710802120.8383172,-2.3845545450846353
1710802120.83843,-2.3053995768229165
1710802120.838543,-2.2234423955281577
1710802120.838656,-2.1393838193681503
1710802120.838769,-2.0539242691463895
1710802120.8388817,-1.9677641656663682
1710802120.8389947,-1.8816041946411133
1710802120.8391078,-1.793342696295844
1710802120.8392208,-1.7061318291558158
1710802120.8393335,-1.6175201204087999
1710802120.8394465,-1.5278576480017767
1710802120.8395596,-1.4371444119347465
1710802120.8396726,-1.3450302018059623
1710802120.8397853,-1.2518653604719374
1710802120.8398983,-1.157299412621392
1710802120.8400114,-1.0620330439673529
1710802120.8401244,-0.9653657012515597
1710802120.8402371,-0.8683480819066365
1710802120.8403502,-0.7706299755308363
1710802120.8404632,-0.6718611717224121
1710802120.8405762,-0.5720416042539809
1710802120.840689,-0.4729225238164266
1710802120.840802,-0.3713517387708028
1710802120.840915,-0.27153218785921734
1710802120.841028,-0.16891067226727804
1710802120.8411407,-0.06874086956183116
1710802120.8412538,0.032836331261528864
1710802120.8413668,0.13512760400772095
1710802120.8414798,0.23671825726826984
1710802120.8415926,0.33865922027164036
1710802120.8417056,0.44130080276065403
1710802120.8418186,0.5442926949924892
1710802120.8419316,0.6469343105951945
1710802120.8420444,0.7485249307420518
1710802120.8421574,0.8483640352884928
1710802120.8422704,0.9485534164640639
1710802120.8423834,1.0462906625535753
1710802120.8424962,1.1429769463009305
1710802120.8426092,1.2393128871917725
1710802120.8427222,1.3345979319678412
1710802120.8428352,1.4291822910308838
1710802120.842948,1.5244673358069525
1710802120.843061,1.6183511416117349
1710802120.843174,1.7118846045600042
1710802120.843287,1.803316142823961
1710802120.8433998,1.8929962317148843
1710802120.8435128,1.9795233673519559
1710802120.8436258,2.064649396472507
1710802120.8437388,2.1473231580522323
1710802120.8438516,2.2292963663736978
1710802120.8439646,2.3098680708143444
1710802120.8440776,2.390089829762777
1710802120.8441906,2.4703113238016763
1710802120.8443034,2.548781236012777
1710802120.8444164,2.626200517018636
1710802120.8445294,2.701167265574137
1710802120.8446424,2.7743826972113714
1710802120.8447552,2.8444451755947537
1710802120.8448682,2.9113549656338162
1710802120.8449812,2.9761626985337997
1710802120.8450942,3.0385184288024902
1710802120.845207,3.099472787645128
1710802120.84532,3.1593762503729925
1710802120.845433,3.218228816986084
1710802120.845546,3.276380697886149
1710802120.8456588,3.3320803112453885
1710802120.8457718,3.3860283427768283
1710802120.8458848,3.4368236859639483
1710802120.8459978,3.485517236921522
1710802120.8461106,3.530707624223497
1710802120.8462236,3.573095268673367
1710802120.8463366,3.6133813858032227
1710802120.8464496,3.6515654457939997
1710802120.8465624,3.6883481343587237
1710802120.8466754,3.7240801917182074
1710802120.8467884,3.7591112984551325
1710802120.8469014,3.7913401921590166
1710802120.8470142,3.8239192962646484
1710802120.8471272,3.8529952367146807
1710802120.8472402,3.8796189096238876
1710802120.8473532,3.9037903149922686
1710802120.847466,3.9251595073276095
1710802120.847579,3.9437259568108454
1710802120.847692,3.9608912997775607
1710802120.847805,3.9763050609164767
1710802120.8479178,3.9906679259406195
1710802120.8480308,4.00362941953871
1710802120.8481438,4.016591178046332
1710802120.8482568,4.027100404103597
1710802120.8483696,4.037609895070394
1710802120.8484826,4.044966432783339
1710802120.8485956,4.051272074381511
1710802120.8487086,4.054074552324083
1710802120.8488214,4.05442476272583
1710802120.8489344,4.0523229704962835
1710802120.8490474,4.049870702955458
1710802120.8491604,4.045316643185085
1710802120.8492732,4.040062162611219
1710802120.8493862,4.033406045701769
1710802120.8494992,4.027100404103597
1710802120.8496122,4.020094341701931
1710802120.849725,4.010635746849908
1710802120.849838,3.999425835079617
1710802120.849951,3.9850629700554743
1710802120.850064,3.9675474166870117
1710802120.8501768,3.9475795957777233
1710802120.8502898,3.926210403442383
1710802120.8504028,3.903089894188775
1710802120.8505158,3.880319595336914
1710802120.8506286,3.8561479250590005
1710802120.8507416,3.8323267300923662
1710802120.8508546,3.8085055351257324
1710802120.8509676,3.7822320726182723
1710802120.8510804,3.755257924397786
1710802120.8511934,3.724430402119954
1710802120.8513064,3.69220150841607
1710802120.8514194,3.656820191277398
1710802120.8515322,3.6186358663770886
1710802120.8516452,3.5804518063863116
1710802120.8517582,3.5408666398790145
1710802120.8518713,3.500930998060438
1710802120.851984,3.4606448809305825
1710802120.852097,3.4210597144232855
1710802120.85221,3.3797227011786566
1710802120.852323,3.337335056728787
1710802120.8524358,3.291093773312039
1710802120.8525488,3.2427506976657443
1710802120.8526618,3.192305564880371
1710802120.8527749,3.139408429463704
1710802120.8528876,3.0858106083340116
1710802120.8530006,3.0311618910895453
1710802120.8531137,2.975812488132053
1710802120.8532267,2.9208132955763073
1710802120.8533394,2.865814103020562
1710802120.8534524,2.8087133831448026
1710802120.8535655,2.749860816531711
1710802120.8536785,2.688906457689073
1710802120.8537912,2.6251493559943304
1710802120.8539042,2.558590041266547
1710802120.8540173,2.4892282485961914
1710802120.8541303,2.4195159806145563
1710802120.854243,2.348752816518148
1710802120.854356,2.275537649790446
1710802120.854469,2.203373114267985
1710802120.854582,2.130157815085517
1710802120.8546948,2.056592173046536
1710802120.8548079,1.9812749491797552
1710802120.8549209,1.9042061434851751
1710802120.8550339,1.8243348598480225
1710802120.8551466,1.7430623372395833
1710802120.8552597,1.660738918516371
1710802120.8553727,1.5766639179653592
1710802120.8554857,1.4922385745578342
1710802120.8555984,1.406762335035536
1710802120.8557115,1.3216363059149847
1710802120.8558245,1.2358097235361736
1710802120.8559375,1.1482315593295627
1710802120.8560503,1.0599528418646917
1710802120.8561633,0.9706231620576646
1710802120.8562763,0.879892177051968
1710802120.8563893,0.787409676445855
1710802120.856502,0.6952774524688721
1710802120.856615,0.6010433700349596
1710802120.856728,0.5068092544873556
1710802120.856841,0.4115242428249783
1710802120.8569539,0.31623923116260105
1710802120.8570669,0.2199032571580675
1710802120.8571799,0.12321698168913522
1710802120.857293,0.025129454831282295
1710802120.8574057,-0.07189306947920057
1710802120.8575187,-0.17031164632903203
1710802120.8576317,-0.2690804832511478
1710802120.8577447,-0.36714881658554077
1710802120.8578575,-0.4652171664767795
1710802120.8579705,-0.5643362469143337
1710802120.8580835,-0.6634552611245049
1710802120.8581965,-0.7632748285929362
1710802120.8583093,-0.8634446726904975
1710802120.8584223,-0.9629139635297987
1710802120.8585353,-1.06273353099823
1710802120.8586483,-1.1615023348066542
1710802120.858761,-1.2592204411824544
1710802120.858874,-1.3558877838982475
1710802120.858987,-1.4515044954087999
1710802120.8591,-1.545720100402832
1710802120.8592129,-1.6399357053968642
1710802120.859326,-1.7345016532474093
1710802120.859439,-1.8283670478396945
1710802120.859552,-1.9211816787719727
1710802120.8596647,-2.0136460993025036
1710802120.8597777,-2.105059888627794
1710802120.8598907,-2.19437215063307
1710802120.8600037,-2.281582885318332
1710802120.8601165,-2.3677428563435874
1710802120.8602295,-2.45040045844184
1710802120.8603425,-2.5323576397365994
1710802120.8604555,-2.6129137145148382
1710802120.8605683,-2.6920689476860895
1710802120.8606813,-2.7712241808573403
1710802120.8607943,-2.8500289387173123
1710802120.8609073,-2.926382223765055
1710802120.86102,-3.002034823099772
1710802120.861133,-3.075936370425754
1710802120.861246,-3.147035969628228
1710802120.8613591,-3.215333620707194
1710802120.861472,-3.2811795340643988
1710802120.861585,-3.3456243409050836
1710802120.861698,-3.4083180957370334
1710802120.861811,-3.469260533650716
1710802120.8619237,-3.529502550760905
1710802120.8620367,-3.5886936717563205
1710802120.8621497,-3.646483951144748
1710802120.8622627,-3.7018224928114147
1710802120.8623755,-3.7554099824693465
1710802120.8624885,-3.805845048692491
1710802120.8626015,-3.854178852505154
1710802120.8627145,-3.8986598120795355
1710802120.8628273,-3.940338823530409
1710802120.8629403,-3.9802665180630155
1710802120.8630533,-4.01809295018514
1710802120.8631663,-4.05381785498725
1710802120.863279,-4.0881416532728405
1710802120.863392,-4.12176529566447
1710802120.8635051,-4.1532871458265515
1710802120.8636181,-4.183408154381646
1710802120.863731,-4.210727214813232
1710802120.863844,-4.2362949583265515
1710802120.863957,-4.2583603329128685
1710802120.86407,-4.278324180179172
1710802120.8641827,-4.2954863442315
1710802120.8642957,-4.3101965056525335
1710802120.8644087,-4.3235058254665795
1710802120.8645217,-4.335414038764106
1710802120.8646345,-4.347322252061632
1710802120.8647475,-4.357479413350423
1710802120.8648605,-4.366235468122694
1710802120.8649735,-4.372540050082736
1710802120.8650863,-4.377793735928005
1710802120.8651993,-4.378844367133246
1710802120.8653123,-4.378143946329753
1710802120.8654253,-4.3732404708862305
1710802120.8655381,-4.3676365746392145
1710802120.8656511,-4.3599311510721845
1710802120.8657641,-4.35152530670166
1710802120.8658772,-4.341718355814616
1710802120.86599,-4.331911669837104
1710802120.866103,-4.320353666941325
1710802120.866216,-4.3080949783325195
1710802120.866329,-4.294085237714979
1710802120.8664417,-4.2769233385721845
1710802120.8665547,-4.2562588055928545
1710802120.8666677,-4.233142799801296
1710802120.8667808,-4.206874370574951
1710802120.8668935,-4.1788548893398705
1710802120.8670065,-4.149084356096056
1710802120.8671196,-4.119663768344455
1710802120.8672326,-4.088842338985867
1710802120.8673453,-4.057670434315999
1710802120.8674583,-4.026148584153917
1710802120.8675714,-3.992174996270074
1710802120.8676844,-3.955048984951443
1710802120.8677971,-3.9158217112223306
1710802120.8679101,-3.873091803656684
1710802120.8680232,-3.8275602128770614
1710802120.8681362,-3.781327936384413
1710802120.868249,-3.7336948182847762
1710802120.868362,-3.6867621209886337
1710802120.868475,-3.637727896372477
1710802120.868588,-3.5897445678710938
1710802120.8687007,-3.54036013285319
1710802120.8688138,-3.4892243809170194
1710802120.8689268,-3.4363375769721136
1710802120.8690398,-3.3795979287889266
1710802120.8691525,-3.3204068077935114
1710802120.8692656,-3.258413473765055
1710802120.8693786,-3.1950192981296115
1710802120.8694916,-3.1305744912889266
1710802120.8696043,-3.065078788333469
1710802120.8697174,-2.999583085378011
1710802120.8698304,-2.9330367512173123
1710802120.8699434,-2.8650895754496255
1710802120.8700562,-2.796091503567166
1710802120.8701692,-2.7242914835611978
1710802120.8702822,-2.650740146636963
1710802120.8703952,-2.5743868615892196
1710802120.870508,-2.495932314130995
1710802120.870621,-2.415376239352756
1710802120.870734,-2.334469689263238
1710802120.870847,-2.2518120871649847
1710802120.8709598,-2.169504827923245
1710802120.8710728,-2.0857964621649847
1710802120.8711858,-2.0003369119432235
1710802120.8712988,-1.9145271513197157
1710802120.8714116,-1.8262656529744465
1710802120.8715246,-1.7369533909691703
1710802120.8716376,-1.6448391808403862
1710802120.8717506,-1.551674207051595
1710802120.8718634,-1.4571083916558158
1710802120.8719764,-1.3618420230017767
1710802120.8720894,-1.2651745478312175
1710802120.8722024,-1.1685072051154242
1710802120.8723152,-1.0711393753687541
1710802120.8724282,-0.9730710585912068
1710802120.8725412,-0.8746524651845295
1710802120.8726542,-0.7751831743452284
1710802120.872767,-0.6760640939076742
1710802120.87288,-0.5751937627792358
1710802120.872993,-0.4743234978781806
1710802120.873106,-0.37310295634799534
1710802120.8732188,-0.27153218785921734
1710802120.8733318,-0.16891067226727804
1710802120.8734448,-0.06593891729911168
1710802120.8735578,0.03704008128907945
1710802120.8736706,0.14108291930622524
1710802120.8737836,0.24442513783772785
1710802120.8738966,0.3474170300695631
1710802120.8740096,0.45005861255857676
1710802120.8741224,0.552700228161282
1710802120.8742354,0.6546411911646525
1710802120.8743484,0.7551809151967366
1710802120.8744614,0.8560709158579508
1710802120.8745742,0.9576615360048082
1710802120.8746872,1.0575006405512493
1710802120.8748002,1.1587410502963595
1710802120.8749132,1.2582298119862874
1710802120.875026,1.3580689165327284
1710802120.875139,1.4547550678253174
1710802120.875252,1.5517916944291856
1710802120.875365,1.6449748145209417
1710802120.8754778,1.7374573813544378
1710802120.8755908,1.8274876806471083
1710802120.8757038,1.9185690085093179
1710802120.8758168,2.006497515572442
1710802120.8759296,2.095476918750339
1710802120.8760426,2.18445618947347
1710802120.8761556,2.271684010823568
1710802120.8762686,2.357510725657145
1710802120.8763814,2.4405346976386175
1710802120.8764944,2.5207564565870495
1710802120.8766074,2.598876158396403
1710802120.8767204,2.673492696550157
1710802120.8768332,2.7460074424743652
1710802120.8769462,2.816770341661241
1710802120.8770592,2.8864826096428766
1710802120.8771722,2.9544432957967124
1710802120.877285,3.0217032962375217
1710802120.877398,3.087562190161811
1710802120.877511,3.150968551635742
1710802120.877624,3.212273385789659
1710802120.8777368,3.270775477091471
1710802120.8778498,3.32682556576199
1710802120.8779628,3.37937249077691
1710802120.8780758,3.429817623562283
1710802120.8781886,3.4788613849216037
1710802120.8783016,3.5247521930270724
1710802120.8784146,3.5713436868455672
1710802120.8785276,3.616534074147542
1710802120.8786404,3.6599728796217175
1710802120.8787534,3.7020103136698403
1710802120.8788664,3.7419459554884167
1710802120.8789792,3.7794295946756997
1710802120.8790922,3.8134098052978516
1710802120.8792052,3.845288223690457
1710802120.8793182,3.8747143745422363
1710802120.879431,3.900987837049696
1710802120.879544,3.9255097177293563
1710802120.879657,3.9486304918924966
1710802120.87977,3.9710505803426104
1710802120.8798828,3.9913686116536455
1710802120.8799958,4.010635746849908
1710802120.8801088,4.029202461242676
1710802120.8802218,4.044966432783339
1710802120.8803346,4.058628612094455
1710802120.8804476,4.069488313462999
1710802120.8805606,4.07754553688897
1710802120.8806736,4.083150492774116
1710802120.8807864,4.085952970716688
1710802120.8808994,4.087354342142741
1710802120.8810124,4.087354342142741
1710802120.8811255,4.087354342142741
1710802120.8812382,4.085602760314941
1710802120.8813512,4.083500703175862
1710802120.8814642,4.079997539520264
1710802120.8815773,4.0743925836351185
1710802120.88169,4.066685835520427
1710802120.881803,4.055826134151882
1710802120.881916,4.042163954840766
1710802120.882029,4.027100404103597
1710802120.8821418,4.009935061136882
1710802120.8822548,3.9917188220553927
1710802120.8823678,3.9738530582851834
1710802120.8824809,3.955286343892415
1710802120.8825936,3.9370701048109265
1710802120.8827066,3.9171022839016385
1710802120.8828197,3.896083566877577
1710802120.8829327,3.87261258231269
1710802120.8830454,3.84633911980523
1710802120.8831584,3.8169129689534502
1710802120.8832715,3.785734971364339
1710802120.8833845,3.7517547607421875
1710802120.8834972,3.7167233890957303
1710802120.8836102,3.681692282358805
1710802120.8837233,3.645960489908854
1710802120.8838363,3.61057890786065
1710802120.883949,3.5748468505011664
1710802120.884062,3.537363476223416
1710802120.884175,3.4988292058308916
1710802120.884288,3.4557406107584634
1710802120.8844008,3.411601119571262
1710802120.8845139,3.3636085192362466
1710802120.8846269,3.3142142825656467
1710802120.8847399,3.2627185185750323
1710802120.8848526,3.212273385789659
1710802120.8849657,3.161127832200792
1710802120.8850787,3.110332489013672
1710802120.8851917,3.058486249711778
1710802120.8853045,3.005588849385579
1710802120.8854175,2.9509401321411133
1710802120.8855305,2.8927882512410483
1710802120.8856435,2.8328847885131836
1710802120.8857563,2.7705293231540256
1710802120.8858693,2.706071800655789
1710802120.8859823,2.6409135924445257
1710802120.8860953,2.575405173831516
1710802120.886208,2.5084953837924533
1710802120.886321,2.442286279466417
1710802120.886434,2.3757269647386337
1710802120.886547,2.3077662785847983
1710802120.8866599,2.238054010603163
1710802120.8867729,2.164838711420695
1710802120.886886,2.0898718304104276
1710802120.886999,2.0135037104288735
1710802120.8871117,1.9357343514760335
1710802120.8872247,1.8551623821258545
1710802120.8873377,1.7738898595174153
1710802120.8874507,1.6933180226220024
1710802120.8875635,1.611344814300537
1710802120.8876765,1.5286710527208116
1710802120.8877895,1.4449463950263128
1710802120.8879025,1.3591198126475017
1710802120.8880153,1.271891991297404
1710802120.8881283,1.1829125881195068
1710802120.8882413,1.0925318797429402
1710802120.8883543,1.0000493791368272
1710802120.888467,0.9075668785307143
1710802120.88858,0.8143836922115749
1710802120.888693,0.7208502292633057
1710802120.888806,0.62591552734375
1710802120.8889189,0.5299298961957296
1710802120.889032,0.4356958137618171
1710802120.889145,0.3383089105288188
1710802120.889258,0.24232326282395256
1710802120.8893707,0.14528666933377585
1710802120.8894837,0.04825008412202199
1710802120.8895967,-0.049127203722794846
1710802120.8897097,-0.14649505416552225
1710802120.8898225,-0.24421314398447672
1710802120.8899355,-0.342631737391154
1710802120.8900485,-0.44070005416870117
1710802120.8901615,-0.540169378121694
1710802120.8902743,-0.6382377280129327
1710802120.8903873,-0.7366563214196099
1710802120.8905003,-0.8343744277954102
1710802120.8906133,-0.9324427445729573
1710802120.890726,-1.0287598768870037
1710802120.890839,-1.1243764559427898
1710802120.890952,-1.220693588256836
1710802120.8910651,-1.315609746509128
1710802120.891178,-1.4126272996266682
1710802120.891291,-1.5082440111372206
1710802120.891404,-1.6038605901930068
1710802120.891517,-1.698776748445299
1710802120.8916297,-1.792642143037584
1710802120.8917427,-1.8847563531663682
1710802120.8918557,-1.9758197996351454
1710802120.8919687,-2.0640812979804144
1710802120.8920815,-2.1519925859239364
1710802120.8921945,-2.237101925743951
1710802120.8923075,-2.3225614759657116
1710802120.8924205,-2.4062697092692056
1710802120.8925333,-2.490328417883979
1710802120.8926463,-2.573686440785726
1710802120.8927593,-2.654242515563965
1710802120.8928723,-2.7347985903422036
1710802120.892985,-2.813253402709961
1710802120.893098,-2.8889060020446777
1710802120.8932111,-2.961406707763672
1710802120.8933241,-3.0318056212531195
1710802120.893437,-3.1001032723320856
1710802120.89355,-3.1677002376980252
1710802120.893663,-3.23354615105523
1710802120.893776,-3.298341433207194
1710802120.8938887,-3.3620858192443848
1710802120.8940017,-3.4240788883633084
1710802120.8941147,-3.48397069507175
1710802120.8942277,-3.543162080976698
1710802120.8943405,-3.5974497265285916
1710802120.8944535,-3.6489356888665094
1710802120.8945665,-3.69867033428616
1710802120.8946795,-3.7463034523857965
1710802120.8947923,-3.792535728878445
1710802120.8949053,-3.835265636444092
1710802120.8950183,-3.8800968064202204
1710802120.8951313,-3.9210753970675998
1710802120.8952441,-3.962053987714979
1710802120.8953571,-4.000931051042345
1710802120.8954701,-4.038056797451443
1710802120.8955832,-4.07308128145006
1710802120.895696,-4.105303817325168
1710802120.895809,-4.134023719363742
1710802120.895922,-4.161342779795329
1710802120.896035,-4.185159471299913
1710802120.8961477,-4.208275477091472
1710802120.8962607,-4.229640430874294
1710802120.8963737,-4.249254067738851
1710802120.8964868,-4.267466598086886
1710802120.8965995,-4.284978972540961
1710802120.8967125,-4.300039344363742
1710802120.8968256,-4.3122980329725475
1710802120.8969386,-4.323856035868327
1710802120.8970513,-4.330510563320583
1710802120.8971643,-4.335063828362359
1710802120.8972774,-4.337165355682373
1710802120.8973904,-4.336815145280626
1710802120.8975031,-4.335414038764106
1710802120.8976161,-4.332612090640597
1710802120.8977292,-4.328759511311849
1710802120.8978422,-4.324556456671821
1710802120.897955,-4.3193027708265515
1710802120.898068,-4.311947822570801
1710802120.898181,-4.30284129248725
1710802120.898294,-4.290582868787977
1710802120.8984067,-4.275172021653917
1710802120.8985198,-4.256959491305881
1710802120.8986328,-4.236995379130046
1710802120.8987458,-4.215280479855007
1710802120.8988585,-4.192864629957411
1710802120.8989716,-4.170449044969347
1710802120.8990846,-4.147333039177789
1710802120.8991976,-4.123866558074951
1710802120.8993104,-4.098649024963379
1710802120.8994234,-4.071329964531793
1710802120.8995364,-4.041909641689724
1710802120.8996494,-4.009687105814616
1710802120.8997622,-3.9739622010125055
1710802120.8998752,-3.9364859792921276
1710802120.8999882,-3.897608915964762
1710802120.9001012,-3.858031431833903
1710802120.900214,-3.818103472391764
1710802120.900327,-3.777825567457411
1710802120.90044,-3.736496766408284
1710802120.900553,-3.6941170692443848
1710802120.9006658,-3.64998632007175
1710802120.9007788,-3.602002991570367
1710802120.9008918,-3.551918135748969
1710802120.9010048,-3.4983306460910373
1710802120.9011176,-3.442291683620877
1710802120.9012306,-3.384851614634196
1710802120.9013436,-3.3260107040405273
1710802120.9014566,-3.266819318135579
1710802120.9015694,-3.207628197140164
1710802120.9016824,-3.147035969628228
1710802120.9017954,-3.0857433213127985
1710802120.9019084,-3.0226993560791016
1710802120.9020212,-2.9575538635253906
1710802120.9021342,-2.8903071085611978
1710802120.9022472,-2.819557719760471
1710802120.9023602,-2.7484581205579968
1710802120.902473,-2.675257258945041
1710802120.902586,-2.6010055012173123
1710802120.902699,-2.5267537434895835
1710802120.902812,-2.45180156495836
1710802120.9029248,-2.3761487007141113
1710802120.9030378,-2.2983945740593805
1710802120.9031508,-2.2199398941463895
1710802120.9032638,-2.1383330557081432
1710802120.9033766,-2.056025664011637
1710802120.9034896,-1.9705661137898762
1710802120.9036026,-1.8844061427646213
1710802120.9037156,-1.796144644419352
1710802120.9038284,-1.7075328032175698
1710802120.9039414,-1.61822067366706
1710802120.9040544,-1.5278576480017767
1710802120.9041674,-1.4374946223364935
1710802120.9042802,-1.3450302018059623
1710802120.9043932,-1.2525657812754314
1710802120.9045062,-1.1587003866831462
1710802120.9046192,-1.0634340180291069
1710802120.904732,-0.9671168857150607
1710802120.904845,-0.8697490559683906
1710802120.904958,-0.7716807391908433
1710802120.905071,-0.6729118691550361
1710802120.9051838,-0.5730923016866049
1710802120.9052968,-0.4725722803009881
1710802120.9054098,-0.3717019822862413
1710802120.9055228,-0.2690804832511478
1710802120.9056356,-0.1664589676592085
1710802120.9057486,-0.06453794323735766
1710802120.9058616,0.0380910187959671
1710802120.9059746,0.1400319900777605
1710802120.9060874,0.24127231703864202
1710802120.9062004,0.3432132800420125
1710802120.9063134,0.44410331381691825
1710802120.9064264,0.5460442768202888
1710802120.9065392,0.6476349300808376
1710802120.9066522,0.7495758930842081
1710802120.9067652,0.8508162366019355
1710802120.9068782,0.9517062372631496
1710802120.906991,1.0497937599817913
1710802120.907104,1.1475310060713027
1710802120.907217,1.2442172898186576
1710802120.90733,1.3388016488817003
1710802120.9074428,1.433035797542996
1710802120.9075558,1.5272698137495253
1710802120.9076688,1.6204529338412814
1710802120.9077818,1.7136361863878038
1710802120.9078946,1.80681930647956
1710802120.9080076,1.898951530456543
1710802120.9081206,1.9896825154622395
1710802120.9082336,2.0786617861853705
1710802120.9083464,2.164488368564182
1710802120.9084594,2.249614397684733
1710802120.9085724,2.3312372631496854
1710802120.9086854,2.4121594429016113
1710802120.9087982,2.4916805161370172
1710802120.9089112,2.569099532233344
1710802120.9090242,2.647569444444444
1710802120.9091372,2.7246382501390243
1710802120.90925,2.8003056844075522
1710802120.909363,2.8742218017578125
1710802120.909476,2.9446344905429416
1710802120.909589,3.0125951766967773
1710802120.9097018,3.0774029095967608
1710802120.9098148,3.1397586398654513
1710802120.9099278,3.199662102593316
1710802120.9100409,3.2571132977803545
1710802120.9101536,3.31351359685262
1710802120.9102666,3.368862999810113
1710802120.9103796,3.423161506652832
1710802120.9104927,3.4753582212660046
1710802120.9106054,3.526153564453125
1710802120.9107184,3.5734457439846463
1710802120.9108315,3.6186358663770886
1710802120.9109445,3.660673565334744
1710802120.9110572,3.7006092071533203
1710802120.9111702,3.737742371029324
1710802120.9112833,3.7717225816514754
1710802120.9113963,3.8057027922736273
1710802120.911509,3.8372310002644854
1710802120.911622,3.8684087329440646
1710802120.911735,3.8981853591071234
1710802120.911848,3.9258601930406356
1710802120.9119608,3.9517831802368164
1710802120.9120739,3.9756046401129828
1710802120.9121869,3.996973567538791
1710802120.9122999,4.01518980662028
1710802120.9124126,4.031304253472222
1710802120.9125257,4.044966432783339
1710802120.9126387,4.056526819864909
1710802120.9127517,4.0670360459221735
1710802120.9128644,4.076844851175944
1710802120.9129775,4.085252285003662
1710802120.9130905,4.09225861231486
1710802120.9132035,4.099615150027804
1710802120.9133162,4.104169209798177
1710802120.9134293,4.106971687740749
1710802120.9135423,4.106271002027723
1710802120.9136553,4.102768103281657
1710802120.913768,4.0971628824869795
1710802120.913881,4.08910592397054
1710802120.913994,4.080348014831543
1710802120.914107,4.069838523864746
1710802120.9142199,4.058628612094455
1710802120.9143329,4.047068225012885
1710802120.9144459,4.035157627529568
1710802120.914559,4.0207947625054254
1710802120.9146717,4.004680580563015
1710802120.9147847,3.9864640765719943
1710802120.9148977,3.964744938744439
1710802120.9150107,3.9405732684665256
1710802120.9151235,3.9128984345330133
1710802120.9152365,3.88557407591078
1710802120.9153495,3.8557977146572537
1710802120.9154625,3.826721774207221
1710802120.9155753,3.797295358445909
1710802120.9156883,3.768569893307156
1710802120.9158013,3.738092581431071
1710802120.9159143,3.706914848751492
1710802120.916027,3.672584162818061
1710802120.91614,3.6361516846550836
1710802120.916253,3.5976171493530273
1710802120.916366,3.557681507534451
1710802120.9164789,3.5138924916585283
1710802120.916592,3.4711543718973794
1710802120.916705,3.4280660417344833
1710802120.916818,3.384977446662055
1710802120.9169307,3.341188430786133
1710802120.9170437,3.2963485187954373
1710802120.9171567,3.2501072353786893
1710802120.9172697,3.200362788306342
1710802120.9173825,3.1481660736931696
1710802120.9174955,3.09246646033393
1710802120.9176085,3.0357159508599176
1710802120.9177215,2.975111802419027
1710802120.9178343,2.9145076539781356
1710802120.9179473,2.8528526094224715
1710802120.9180603,2.7908473544650607
1710802120.9181733,2.7291923099093967
1710802120.918286,2.6664863692389593
1710802120.918399,2.6020288467407227
1710802120.918512,2.53511905670166
1710802120.918625,2.4664579497443304
1710802120.918738,2.3946438895331488
1710802120.918851,2.3203775617811413
1710802120.918964,2.2461112340291343
1710802120.919077,2.169392771191067
1710802120.9191897,2.093024651209513
1710802120.9193027,2.0156056351131864
1710802120.9194157,1.937485933303833
1710802120.9195287,1.8586655457814534
1710802120.9196415,1.7787942621443007
1710802120.9197545,1.6971713966793485
1710802120.9198675,1.6134467389848497
1710802120.9199803,1.5276201566060383
1710802120.9200933,1.4400419923994277
1710802120.9202063,1.3517632749345567
1710802120.9203193,1.2624335289001465
1710802120.920432,1.172052886750963
1710802120.920545,1.0813219017452664
1710802120.920658,0.9895400206247965
1710802120.9207711,0.8984587589899699
1710802120.920884,0.8049252960417006
1710802120.920997,0.7110414902369181
1710802120.92111,0.6157565116882324
1710802120.921223,0.5197708143128289
1710802120.9213357,0.4230845636791653
1710802120.9214487,0.325697660446167
1710802120.9215617,0.22690950168503654
1710802120.9216747,0.12812135948075187
1710802120.9217875,0.02793195553951793
1710802120.9219005,-0.07224331299463908
1710802120.9220135,-0.17381409804026285
1710802120.9221265,-0.2746843794981639
1710802120.9222393,-0.3762551479869419
1710802120.9223523,-0.4764249589708116
1710802120.9224653,-0.5779957109027438
1710802120.9225783,-0.6788660420311822
1710802120.922691,-0.7779851224687364
1710802120.922804,-0.8785051769680446
1710802120.9229171,-0.9783246782090929
1710802120.9230301,-1.079195009337531
1710802120.923143,-1.1786643664042156
1710802120.923256,-1.2777834468417697
1710802120.923369,-1.3762019740210638
1710802120.923482,-1.473219527138604
1710802120.9235947,-1.5691864490509033
1710802120.9237077,-1.6627016332414415
1710802120.9238207,-1.7555162641737196
1710802120.9239337,-1.8465797106424966
1710802120.9240465,-1.936592525906033
1710802120.9241595,-2.0273056295182967
1710802120.9242725,-2.11696810192532
1710802120.9243855,-2.2073311275906033
1710802120.9244983,-2.2959428363376193
1710802120.9246113,-2.3842043346828885
1710802120.9247243,-2.4710649914211698
1710802120.9248374,-2.5551234351264105
1710802120.9249501,-2.636380195617676
1710802120.9250631,-2.716586059994168
1710802120.9251761,-2.7943401866488986
1710802120.9252892,-2.8706934716966415
1710802120.925402,-2.9470464918348522
1710802120.925515,-3.0216484599643283
1710802120.925628,-3.0941491656833224
1710802120.925741,-3.167350027296278
1710802120.9258537,-3.237749205695258
1710802120.9259667,-3.306747277577718
1710802120.9260798,-3.372242980533176
1710802120.9261928,-3.4349364704555936
1710802120.9263055,-3.495178487565782
1710802120.9264185,-3.553318977355957
1710802120.9265316,-3.609007994333903
1710802120.9266446,-3.6629454294840493
1710802120.9267573,-3.715131812625461
1710802120.9268703,-3.7669679853651257
1710802120.9269834,-3.81740305158827
1710802120.9270964,-3.8650361696879068
1710802120.9272091,-3.9116186565823026
1710802120.9273221,-3.954698774549696
1710802120.9274352,-3.995677365197076
1710802120.9275482,-4.0328031116061736
1710802120.927661,-4.0681778060065374
1710802120.927774,-4.099699921078152
1710802120.927887,-4.129470454321967
1710802120.928,-4.1574902004665795
1710802120.9281127,-4.183408154381646
1710802120.9282258,-4.208975897894965
1710802120.9283388,-4.233493010203044
1710802120.9284518,-4.254857963985867
1710802120.9285645,-4.275872707366943
1710802120.9286776,-4.293384816911486
1710802120.9287906,-4.30949608484904
1710802120.9289036,-4.322454929351807
1710802120.9290164,-4.332261880238851
1710802120.9291294,-4.341017935011122
1710802120.9292424,-4.346621831258138
1710802120.9293554,-4.352926148308648
1710802120.9294682,-4.356778992546929
1710802120.9295812,-4.360631571875678
1710802120.9296942,-4.362733099195692
1710802120.9298072,-4.363783730400933
1710802120.92992,-4.3620326783921985
1710802120.930033,-4.357479413350423
1710802120.930146,-4.350474675496419
1710802120.930259,-4.339617093404134
1710802120.9303718,-4.326657983991835
1710802120.9304848,-4.311247136857775
1710802120.9305978,-4.294435448116726
1710802120.9307108,-4.277623759375678
1710802120.9308236,-4.259060753716363
1710802120.9309366,-4.241198433770074
1710802120.9310496,-4.221584796905518
1710802120.9311626,-4.201270474327935
1710802120.9312754,-4.177103837331136
1710802120.9313884,-4.1511856185065374
1710802120.9315014,-4.122465716467963
1710802120.9316144,-4.090943601396349
1710802120.9317272,-4.057320223914252
1710802120.9318402,-4.022296004825168
1710802120.9319532,-3.9876217312282987
1710802120.9320662,-3.9508461952209473
1710802120.932179,-3.9158217112223306
1710802120.932292,-3.878345489501953
1710802120.932405,-3.8394684261745877
1710802120.932518,-3.798840045928955
1710802120.9326308,-3.7547092967563205
1710802120.9327438,-3.708477285173204
1710802120.9328568,-3.6594430605570474
1710802120.9329698,-3.608307308620877
1710802120.9330826,-3.5571718215942383
1710802120.9331956,-3.5039345423380532
1710802120.9333086,-3.4513979487948947
1710802120.9334216,-3.398861355251736
1710802120.9335344,-3.3459745513068304
1710802120.9336474,-3.2902857992384167
1710802120.9337604,-3.234246836768256
1710802120.9338734,-3.173304133945041
1710802120.9339862,-3.1116612752278643
1710802120.9340992,-3.04721646838718
1710802120.9342122,-2.979969448513455
1710802120.9343252,-2.912022272745768
1710802120.934438,-2.842673990461561
1710802120.934551,-2.7726250224643283
1710802120.934664,-2.701525423261854
1710802120.934777,-2.6304260889689126
1710802120.9348898,-2.5575751728481717
1710802120.9350028,-2.4822727839152017
1710802120.9351158,-2.403817971547445
1710802120.9352288,-2.323612107170953
1710802120.9353416,-2.2430560323927136
1710802120.9354546,-2.1593476666344538
1710802120.9355676,-2.074588669670953
1710802120.9356806,-1.9880783557891846
1710802120.9357934,-1.9019182523091633
1710802120.9359064,-1.8157582812839084
1710802120.9360194,-1.7274967829386392
1710802120.9361324,-1.6395854949951172
1710802120.9362452,-1.54852204852634
1710802120.9363582,-1.4581590228610568
1710802120.9364712,-1.364643971125285
1710802120.9365842,-1.2711287869347465
1710802120.936697,-1.1758624182807074
1710802120.93681,-1.0802457067701552
1710802120.936923,-0.9842788510852389
1710802120.937036,-0.8876115083694458
1710802120.9371488,-0.7905938890245225
1710802120.9372618,-0.6921752956178453
1710802120.9373748,-0.5934064918094211
1710802120.9374878,-0.4949878984027439
1710802120.9376006,-0.3958688179651896
1710802120.9377136,-0.2971000141567654
1710802120.9378266,-0.19728044668833414
1710802120.9379396,-0.09816137452920277
1710802120.9380524,0.0020088237296375963
1710802120.9381654,0.10254853301578097
1710802120.9382784,0.20308825704786512
1710802120.9383914,0.3032776382234361
1710802120.9385042,0.40521860122680664
1710802120.9386172,0.5075098739729987
1710802120.9387302,0.6080496311187744
1710802120.9388433,0.7085892889234755
1710802120.938956,0.8073774973551432
1710802120.939069,0.9061656395594279
1710802120.939182,1.003202199935913
1710802120.939295,1.1005891031689115
1710802120.9394078,1.1965747674306233
1710802120.9395208,1.2932610511779785
1710802120.9396338,1.3895969920688205
1710802120.9397469,1.4848820368448894
1710802120.9398596,1.5798167387644448
1710802120.9399726,1.6733502017127142
1710802120.9400856,1.7644313971201577
1710802120.9401987,1.852710247039795
1710802120.9403114,1.9399380683898926
1710802120.9404244,2.0247137546539307
1710802120.9405375,2.107387516233656
1710802120.9406505,2.1900612778133817
1710802120.9407632,2.272034486134847
1710802120.9408762,2.352606190575494
1710802120.9409893,2.4331781599256725
1710802120.9411023,2.512348757849799
1710802120.941215,2.588366667429606
1710802120.941328,2.662282519870334
1710802120.941441,2.734096580081516
1710802120.941554,2.803108162350125
1710802120.9416668,2.869317266676161
1710802120.9417799,2.9334245787726507
1710802120.9418929,2.9978821012708874
1710802120.9420059,3.060237831539578
1710802120.9421186,3.122243086496989
1710802120.9422317,3.183197445339627
1710802120.9423447,3.242050011952718
1710802120.9424577,3.2988005214267306
1710802120.9425704,3.3545003996955023
1710802120.9426835,3.4059961636861162
1710802120.9427965,3.4557406107584634
1710802120.9429095,3.5023321045769586
1710802120.9430223,3.546821806165907
1710802120.9431353,3.5888595051235623
1710802120.9432483,3.630896939171685
1710802120.9433613,3.6711827913920083
1710802120.943474,3.7111184332105847
1710802120.943587,3.7482515970865884
1710802120.9437,3.784333864847819
1710802120.943813,3.8176136546664767
1710802120.9439259,3.8487913873460555
1710802120.9440389,3.8764659563700357
1710802120.9441519,3.900987837049696
1710802120.944265,3.92340792549981
1710802120.9443777,3.942675060696072
1710802120.9444907,3.9615919854905868
1710802120.9446037,3.9784071180555554
1710802120.9447167,3.9948717753092446
1710802120.9448295,4.009234640333387
1710802120.9449425,4.022546344333224
1710802120.9450555,4.034106731414795
1710802120.9451685,4.0442657470703125
1710802120.9452813,4.0523229704962835
1710802120.9453943,4.057227240668403
1710802120.9455073,4.059329297807482
1710802120.9456203,4.060029718610975
1710802120.945733,4.057927926381429
1710802120.945846,4.05617634455363
1710802120.945959,4.05267318089803
1710802120.946072,4.049170282151964
1710802120.9461849,4.044616222381592
1710802120.946298,4.038660791185167
1710802120.946411,4.031654463873969
1710802120.946524,4.022546344333224
1710802120.9466367,4.009935061136882
1710802120.9467497,3.995572461022271
1710802120.9468627,3.9787573284573026
1710802120.9469757,3.9591397179497614
1710802120.9470885,3.939171897040473
1710802120.9472015,3.9181531800164118
1710802120.9473145,3.89713446299235
1710802120.9474275,3.8757655355665417
1710802120.9475403,3.854746553632948
1710802120.9476533,3.8312758339775934
1710802120.9477663,3.8064034779866533
1710802120.9478793,3.7790791193644204
1710802120.947992,3.7486020723978677
1710802120.948105,3.7146215968661838
1710802120.948218,3.6792400148179794
1710802120.948331,3.643508222368028
1710802120.948444,3.6056743727789984
1710802120.948557,3.568190998501248
1710802120.94867,3.531057834625244
1710802120.948783,3.493223985036214
1710802120.9488957,3.4543395042419434
1710802120.9490087,3.4137031767103405
1710802120.9491217,3.3692134751213922
1710802120.9492347,3.322972191704644
1710802120.9493475,3.2735782199435763
1710802120.9494605,3.223133087158203
1710802120.9495735,3.17093637254503
1710802120.9496865,3.1173385514153376
1710802120.9497993,3.0630403094821506
1710802120.9499123,3.010493384467231
1710802120.9500253,2.9561948776245117
1710802120.9501383,2.900495264265272
1710802120.950251,2.8440949651930065
1710802120.950364,2.7852423985799155
1710802120.9504771,2.722886668311225
1710802120.9505901,2.6587796211242676
1710802120.950703,2.591869831085205
1710802120.950816,2.524259355333116
1710802120.950929,2.4559484587775335
1710802120.951042,2.3869368765089245
1710802120.9511547,2.317925294240316
1710802120.9512677,2.2475126054551864
1710802120.9513807,2.175698412789239
1710802120.9514937,2.1017824278937445
1710802120.9516065,2.026815546883477
1710802120.9517195,1.9483455022176106
1710802120.9518325,1.8674233224656847
1710802120.9519455,1.7847495608859592
1710802120.9520583,1.7006745603349473
1710802120.9521713,1.6162492169274223
1710802120.9522843,1.5304226345486112
1710802120.9523973,1.4442457093132866
1710802120.95251,1.3573682308197021
1710802120.9526231,1.2697900666130912
1710802120.9527361,1.180110110176934
1710802120.9528491,1.0900797446568806
1710802120.952962,0.9982977973090278
1710802120.953075,0.9058152967029147
1710802120.953188,0.8112308714124892
1710802120.953301,0.7173471318350898
1710802120.9534137,0.621711810429891
1710802120.9535267,0.5257261461681789
1710802120.9536397,0.4293901721636454
1710802120.9537528,0.3320032689306471
1710802120.9538655,0.23461638225449455
1710802120.9539785,0.13687916927867466
1710802120.9540915,0.03844133267800013
1710802120.9542046,-0.059284282227357224
1710802120.9543173,-0.15735261970096165
1710802120.9544303,-0.2554209530353546
1710802120.9545434,-0.35454001691606307
1710802120.9546564,-0.4526083668073018
1710802120.9547691,-0.5517274472448561
1710802120.9548821,-0.6511967711978488
1710802120.9549952,-0.75066606203715
1710802120.9551082,-0.8497851424747043
1710802120.955221,-0.9499549203448825
1710802120.955334,-1.0483735137515597
1710802120.955447,-1.14609162012736
1710802120.95556,-1.2427589628431532
1710802120.9556727,-1.3408272796207004
1710802120.9557858,-1.4367942015329997
1710802120.9558988,-1.5324107805887857
1710802120.9560118,-1.629428466161092
1710802120.9561245,-1.7243446244133842
1710802120.9562376,-1.8217123879326713
1710802120.9563506,-1.9159281253814697
1710802120.9564636,-2.010493940777249
1710802120.9565763,-2.101907730102539
1710802120.9566894,-2.192620833714803
1710802120.9568024,-2.2805322541130915
1710802120.9569154,-2.36739264594184
1710802120.9570282,-2.4514513545566134
1710802120.9571412,-2.5351595878601074
1710802120.9572542,-2.6171167691548667
1710802120.9573672,-2.6980230543348522
1710802120.95748,-2.7785791291130915
1710802120.957593,-2.8587849934895835
1710802120.957706,-2.9351382785373263
1710802120.957819,-3.010440667470296
1710802120.9579318,-3.0832915835910373
1710802120.9580448,-3.154741393195258
1710802120.9581578,-3.221637937757704
1710802120.9582708,-3.2874838511149087
1710802120.9583836,-3.3522788683573403
1710802120.9584966,-3.4153228335910373
1710802120.9586096,-3.478016588422987
1710802120.9587226,-3.53895902633667
1710802120.9588354,-3.5988508330451117
1710802120.9589484,-3.6566411124335394
1710802120.9590614,-3.711629443698459
1710802120.9591744,-3.7652166684468584
1710802120.9592872,-3.8149513138665094
1710802120.9594002,-3.8622342215643988
1710802120.9595132,-3.9063649707370334
1710802120.9596262,-3.9487446679009333
1710802120.959739,-3.989022572835286
1710802120.959852,-4.028950532277425
1710802120.959965,-4.0667769643995495
1710802120.960078,-4.103552500406901
1710802120.9601908,-4.138927194807264
1710802120.9603038,-4.17149994108412
1710802120.9604168,-4.2030217912462025
1710802120.9605298,-4.231041272481282
1710802120.9606426,-4.2562588055928545
1710802120.9607556,-4.277973969777425
1710802120.9608686,-4.297237396240234
1710802120.9609816,-4.3143995602925616
1710802120.9610944,-4.32981014251709
1710802120.9612074,-4.342769251929389
1710802120.9613204,-4.355027675628662
1710802120.9614332,-4.3655350473192005
1710802120.9615462,-4.3753419982062445
1710802120.9616592,-4.382346736060248
1710802120.9617722,-4.387250211503771
1710802120.961885,-4.388651053110759
1710802120.961998,-4.387950632307264
1710802120.962111,-4.384448263380262
1710802120.962224,-4.3784941567315
1710802120.9623368,-4.37078873316447
1710802120.9624498,-4.362733099195692
1710802120.9625628,-4.353977044423421
1710802120.9626758,-4.344170093536377
1710802120.9627886,-4.334713617960612
1710802120.9629016,-4.3235058254665795
1710802120.9630146,-4.309846295250787
1710802120.9631276,-4.293735027313232
1710802120.9632404,-4.273771180046929
1710802120.9633534,-4.251705805460612
1710802120.9634664,-4.22753890355428
1710802120.9635794,-4.2009202639261884
1710802120.9636922,-4.172900782691108
1710802120.9638052,-4.144881301456027
1710802120.9639182,-4.116161399417453
1710802120.9640312,-4.087791442871094
1710802120.964144,-4.057320223914252
1710802120.964257,-4.025097952948676
1710802120.96437,-3.9893730481465655
1710802120.964483,-3.951896826426188
1710802120.9645958,-3.9109182357788086
1710802120.9647088,-3.867487907409668
1710802120.9648218,-3.8219563166300454
1710802120.9649348,-3.7767746713426376
1710802120.9650476,-3.729491763644748
1710802120.9651606,-3.6829092767503524
1710802120.9652736,-3.635626369052463
1710802120.9653866,-3.5876430405510797
1710802120.9654994,-3.5379083951314287
1710802120.9656124,-3.484320905473497
1710802120.9657254,-3.4289823638068304
1710802120.9658384,-3.3697912428114147
1710802120.9659512,-3.308498594495985
1710802120.9660642,-3.245454629262288
1710802120.9661772,-3.1806593471103244
1710802120.9662902,-3.1158643298678927
1710802120.966403,-3.050718837314182
1710802120.966516,-2.985223134358724
1710802120.966629,-2.918326589796278
1710802120.966742,-2.8500289387173123
1710802120.9668548,-2.7785791291130915
1710802120.9669678,-2.7067791091071234
1710802120.9670808,-2.631476720174154
1710802120.9671938,-2.5540728039211698
1710802120.9673066,-2.4752677811516657
1710802120.9674196,-2.3950619167751737
1710802120.9675326,-2.3145058419969344
1710802120.9676456,-2.2332490815056696
1710802120.9677584,-2.1519925859239364
1710802120.9678714,-2.0679340097639294
1710802120.9679844,-1.9842256440056694
1710802120.9680974,-1.8977153301239014
1710802120.9682102,-1.8091036213768852
1710802120.9683232,-1.718390385309855
1710802120.9684362,-1.626626518037584
1710802120.9685493,-1.533111333847046
1710802120.968662,-1.4385453859965007
1710802120.968775,-1.3436292277442083
1710802120.968888,-1.2476624382866752
1710802120.969001,-1.150995095570882
1710802120.9691138,-1.0543276866277058
1710802120.9692268,-0.9562593036227756
1710802120.9693398,-0.8574904998143513
1710802120.9694529,-0.7580212089750502
1710802120.9695656,-0.6582016415066189
1710802120.9696786,-0.5573313103781806
1710802120.9697917,-0.45541031493080986
1710802120.9699047,-0.35489026043150157
1710802120.9700174,-0.2522687613964081
1710802120.9701304,-0.14929700228903028
1710802120.9702435,-0.045975007944636874
1710802120.9703565,0.057708525823222265
1710802120.9704692,0.161401049958335
1710802120.9705822,0.2640426324473487
1710802120.9706953,0.3666842314932081
1710802120.9708083,0.46862519449657863
1710802120.970921,0.5691648854149712
1710802120.971034,0.6697046094470553
1710802120.971147,0.7695437139934963
1710802120.97126,0.8693828185399373
1710802120.9713728,0.9695721997155083
1710802120.9714859,1.068360341919793
1710802120.9715989,1.1681993802388508
1710802120.9717119,1.2659366925557454
1710802120.9718246,1.3626229763031006
1710802120.9719377,1.457207335366143
1710802120.9720507,1.5503904554578993
1710802120.9721637,1.641471783320109
1710802120.9722764,1.7315020826127794
1710802120.9723895,1.8211820390489366
1710802120.9725025,1.9108621279398599
1710802120.9726155,1.999841531117757
1710802120.9727283,2.0888209342956543
1710802120.9728413,2.176749308904012
1710802120.9729543,2.2636267873975964
1710802120.9730673,2.3484026061164007
1710802120.97318,2.4303756819831
1710802120.973293,2.509896755218506
1710802120.973406,2.5869652960035534
1710802120.973519,2.66158209906684
1710802120.9736319,2.734447055392795
1710802120.9737449,2.8066113260057235
1710802120.9738579,2.8777249654134116
1710802120.973971,2.947436968485514
1710802120.9740837,3.0157481299506292
1710802120.9741967,3.0819572342766657
1710802120.9743097,3.1453635957505965
1710802120.9744227,3.2052670584784613
1710802120.9745355,3.2634189393785262
1710802120.9746485,3.3177174462212458
1710802120.9747615,3.370264371236165
1710802120.9748745,3.418957922193739
1710802120.9749873,3.4673009978400335
1710802120.9751003,3.514593177371555
1710802120.9752133,3.5597835646735296
1710802120.9753263,3.6049736870659723
1710802120.975439,3.647361596425374
1710802120.975552,3.687997923956977
1710802120.975665,3.7258315086364746
1710802120.975778,3.7622642517089844
1710802120.9758909,3.7944928805033364
1710802120.976004,3.8246197170681424
1710802120.976117,3.8522945510016546
1710802120.97623,3.8792684343126083
1710802120.9763427,3.903089894188775
1710802120.9764557,3.9276117748684354
1710802120.9765687,3.9500315984090166
1710802120.9766817,3.9721014764573837
1710802120.9767945,3.9910184012518988
1710802120.9769075,4.009935061136882
1710802120.9770205,4.024648401472303
1710802120.9771335,4.037259419759114
1710802120.9772463,4.046718014611138
1710802120.9773593,4.054074552324083
1710802120.9774723,4.059329297807482
1710802120.9775853,4.062131775750054
1710802120.977698,4.06458404329088
1710802120.977811,4.0659851498074
1710802120.977924,4.066335360209147
1710802120.978037,4.066685835520427
1710802120.97815,4.064934253692627
1710802120.978263,4.061431090037028
1710802120.978376,4.055125448438856
1710802120.978489,4.046718014611138
1710802120.9786017,4.034807417127821
1710802120.9787147,4.021145237816705
1710802120.9788277,4.0060816870795355
1710802120.9789407,3.989617029825846
1710802120.9790535,3.972451686859131
1710802120.9791665,3.9556368192036944
1710802120.9792795,3.937770790523953
1710802120.9793925,3.9192040761311846
1710802120.9795053,3.8988860448201494
1710802120.9796183,3.8764659563700357
1710802120.9797313,3.8522945510016546
1710802120.9798443,3.8253204027811685
1710802120.979957,3.795894251929389
1710802120.98007,3.7647162543402777
1710802120.9801831,3.7331883112589517
1710802120.9802961,3.7013096279568143
1710802120.980409,3.6690809991624618
1710802120.980522,3.637903266482883
1710802120.980635,3.6053241623772516
1710802120.980748,3.5720443725585938
1710802120.9808607,3.5359621047973633
1710802120.9809737,3.4974278344048395
1710802120.9810867,3.4553904003567166
1710802120.9811997,3.411601119571262
1710802120.9813125,3.365710311465793
1710802120.9814255,3.3177174462212458
1710802120.9815385,3.2704252666897244
1710802120.9816515,3.22208219104343
1710802120.9817643,3.1737391153971353
1710802120.9818773,3.1246953540378146
1710802120.9819903,3.073900010850694
1710802120.9821033,3.021002610524495
1710802120.9822161,2.9649527867635093
1710802120.9823291,2.906100220150418
1710802120.9824421,2.8444451755947537
1710802120.9825552,2.7817392349243164
1710802120.982668,2.717982398139106
1710802120.982781,2.6528241899278426
1710802120.982894,2.588016457027859
1710802120.983007,2.5225077735053167
1710802120.9831197,2.45664914449056
1710802120.9832327,2.3904400401645236
1710802120.9833457,2.3214284578959146
1710802120.9834588,2.250665293799506
1710802120.9835715,2.1774499946170383
1710802120.9836845,2.102483113606771
1710802120.9837976,2.026114993625217
1710802120.9839106,1.9483455022176106
1710802120.9840233,1.8698755900065103
1710802120.9841363,1.7907048596276176
1710802120.9842494,1.7115342617034912
1710802120.9843624,1.6313126352098253
1710802120.9844751,1.549689902199639
1710802120.9845881,1.4666657977634006
1710802120.9847012,1.3811894257863362
1710802120.9848142,1.2946622901492648
1710802120.984927,1.2063834402296278
1710802120.98504,1.1167034837934706
1710802120.985153,1.0259724987877739
1710802120.985266,0.9341906176673042
1710802120.9853787,0.8413577742046779
1710802120.9854918,0.749225550227695
1710802120.9856048,0.6553418106502956
1710802120.9857178,0.5618083477020264
1710802120.9858305,0.46652330292595756
1710802120.9859436,0.37088798152075875
1710802120.9860566,0.2752526435587141
1710802120.9861696,0.17821605006853738
1710802120.9862823,0.08152978287802802
1710802120.9863954,-0.016554505046870973
1710802120.9865084,-0.1139223575592041
1710802120.9866214,-0.21164044737815857
1710802120.9867342,-0.31005902422799003
1710802120.9868472,-0.4084776176346673
1710802120.9869602,-0.506545967525906
1710802120.9870732,-0.6049645609325832
1710802120.987186,-0.7030328777101305
1710802120.987299,-0.8000504970550537
1710802120.987412,-0.8967178397708468
1710802120.987525,-0.9926846954557631
1710802120.9876378,-1.0879511303371854
1710802120.9877508,-1.1842682626512315
1710802120.9878638,-1.2795346313052707
1710802120.9879768,-1.3758517636193168
1710802120.9880896,-1.470417579015096
1710802120.9882026,-1.5653337372673881
1710802120.9883156,-1.6588489214579263
1710802120.9884286,-1.7509631315867105
1710802120.9885414,-1.8409758143954806
1710802120.9886544,-1.9302880764007568
1710802120.9887674,-2.018199364344279
1710802120.9888804,-2.105059888627794
1710802120.9889932,-2.1919204129113092
1710802120.9891062,-2.277379830678304
1710802120.9892192,-2.3635400666130915
1710802120.9893322,-2.4489996168348522
1710802120.989445,-2.53340827094184
1710802120.989558,-2.615715662638346
1710802120.989671,-2.6969724231296115
1710802120.989784,-2.7754269705878363
1710802120.9898968,-2.8521304660373263
1710802120.9900098,-2.926382223765055
1710802120.9901228,-2.999232874976264
1710802120.9902358,-3.070332474178738
1710802120.9903486,-3.141081862979465
1710802120.9904616,-3.209729724460178
1710802120.9905746,-3.278377585940891
1710802120.9906876,-3.3449239201015897
1710802120.9908004,-3.4090185165405273
1710802120.9909134,-3.471011850568983
1710802120.9910264,-3.5302029715643988
1710802120.9911394,-3.5862419340345593
1710802120.9912522,-3.6394792132907443
1710802120.9913652,-3.6909649107191296
1710802120.9914782,-3.739999135335286
1710802120.9915912,-3.7876322534349227
1710802120.991704,-3.8338645299275713
1710802120.991817,-3.879746596018473
1710802120.99193,-3.9228264490763345
1710802120.992043,-3.9652061462402344
1710802120.9921558,-4.004783630371094
1710802120.9922688,-4.041559431287977
1710802120.9923818,-4.076583650377062
1710802120.9924948,-4.107755555046929
1710802120.9926076,-4.136125246683757
1710802120.9927206,-4.162393411000569
1710802120.9928336,-4.187611209021674
1710802120.9929466,-4.210727214813232
1710802120.9930594,-4.233142799801296
1710802120.9931724,-4.254157543182373
1710802120.9932854,-4.273070759243435
1710802120.9933984,-4.290933079189724
1710802120.9935112,-4.306694136725532
1710802120.9936242,-4.319652981228298
1710802120.9937372,-4.32981014251709
1710802120.9938502,-4.337165355682373
1710802120.993963,-4.341718355814616
1710802120.994076,-4.344870779249403
1710802120.994189,-4.3469720416598845
1710802120.994302,-4.347672727372911
1710802120.9944148,-4.347322252061632
1710802120.9945278,-4.346621831258138
1710802120.9946408,-4.344170093536377
1710802120.9947538,-4.339617093404134
1710802120.9948666,-4.332962301042345
1710802120.9949796,-4.323155615064833
1710802120.9950926,-4.31054671605428
1710802120.9952056,-4.294435448116726
1710802120.9953184,-4.277273548973931
1710802120.9954314,-4.2583603329128685
1710802120.9955444,-4.238046275244819
1710802120.9956574,-4.21738174226549
1710802120.9957702,-4.196367263793945
1710802120.9958832,-4.1753525204128685
1710802120.9959962,-4.152586725023058
1710802120.9961092,-4.126668506198459
1710802120.996222,-4.098649024963379
1710802120.996335,-4.067827595604791
1710802120.996448,-4.0349046389261884
1710802120.996561,-3.998479313320584
1710802120.9966738,-3.962053987714979
1710802120.9967868,-3.923527134789361
1710802120.9968998,-3.8864011234707303
1710802120.9970129,-3.846123218536377
1710802120.9971256,-3.8079465760125055
1710802120.9972386,-3.7669679853651257
1710802120.9973516,-3.7245885531107583
1710802120.9974647,-3.6794069078233504
1710802120.9975774,-3.630372683207194
1710802120.9976904,-3.5799376169840493
1710802120.9978034,-3.5259999169243708
1710802120.9979165,-3.4720624817742243
1710802120.9980292,-3.4160235193040633
1710802120.9981422,-3.3606847127278643
1710802120.9982553,-3.304995960659451
1710802120.9983683,-3.24895699818929
1710802120.998481,-3.1908165083991156
1710802120.998594,-3.1312749120924206
1710802120.998707,-3.0682309468587237
1710802120.99882,-3.0030857192145453
1710802120.9989328,-2.9347880681355796
1710802120.9990458,-2.8643888897365994
1710802120.9991589,-2.7915382385253906
1710802120.9992719,-2.718687587314182
1710802120.9993846,-2.6433849334716797
1710802120.9994977,-2.568432754940457
1710802120.9996107,-2.491729259490967
1710802120.9997237,-2.4143253432379828
1710802120.9998364,-2.3348198996649847
1710802120.9999495,-2.2532131936815047
1710802121.0000625,-2.1698550383249917
1710802121.0001755,-2.0847456985049777
1710802121.0002882,-1.9968344105614555
1710802121.0004013,-1.9085729122161865
1710802121.0005143,-1.8199612034691703
1710802121.0006273,-1.7306489414638944
1710802121.00074,-1.6406362586551242
1710802121.000853,-1.549923022588094
1710802121.000966,-1.4595599969228108
1710802121.001079,-1.3663951555887859
1710802121.0011919,-1.2728799713982475
1710802121.0013049,-1.1776136027442083
1710802121.0014179,-1.0816466808319092
1710802121.001531,-0.9842788510852389
1710802121.0016437,-0.8869110213385688
1710802121.0017567,-0.7881421513027614
1710802121.0018697,-0.6890231370925903
1710802121.0019827,-0.5885030825932821
1710802121.0020955,-0.48798302809397376
1710802121.0022085,-0.385711756017473
1710802121.0023215,-0.2837907274564107
1710802121.0024345,-0.18081896834903294
1710802121.0025473,-0.07854770455095503
1710802121.0026603,0.02407851732439465
1710802121.0027733,0.12672010395261976
1710802121.002886,0.2297120127413008
1710802121.002999,0.3320032689306471
1710802121.003112,0.4356958137618171
1710802121.003225,0.5393883254792955
1710802121.0033379,0.6427305274539523
1710802121.0034509,0.7464230722851223
1710802121.003564,0.8487143781450059
1710802121.003677,0.9506553411483765
1710802121.0037897,1.0508447223239474
1710802121.0039027,1.1499831411573622
1710802121.0040157,1.2466694249047172
1710802121.0041287,1.3433557086520724
1710802121.0042415,1.4389910962846544
1710802121.0043545,1.5349766943189833
1710802121.0044675,1.629911396238539
1710802121.0045805,1.7248460981580946
1710802121.0046933,1.8194305896759033
1710802121.0048063,1.9115626811981201
1710802121.0049193,2.0019434558020697
1710802121.0050323,2.0898718304104276
1710802121.005145,2.1749978595309787
1710802121.005258,2.2587225172254772
1710802121.005371,2.3399949073791504
1710802121.005484,2.4205668767293296
1710802121.0055969,2.5011388460795083
1710802121.00571,2.580309444003635
1710802121.005823,2.6594800419277616
1710802121.005936,2.735147741105821
1710802121.0060487,2.810464964972602
1710802121.0061617,2.8822790251837835
1710802121.0062747,2.952341503567166
1710802121.0063877,3.019251028696696
1710802121.0065005,3.0830081303914385
1710802121.0066135,3.1453635957505965
1710802121.0067265,3.2056175337897406
1710802121.0068395,3.265170521206326
1710802121.0069523,3.324023087819417
1710802121.0070653,3.381474283006456
1710802121.0071783,3.4375243716769748
1710802121.0072913,3.4907719824049206
1710802121.007404,3.542267746395535
1710802121.007517,3.5899104012383356
1710802121.00763,3.6358012093438044
1710802121.0077431,3.6778389083014593
1710802121.007856,3.7170738644070096
1710802121.007969,3.753856552971734
1710802121.008082,3.7899388207329645
1710802121.008195,3.823218610551622
1710802121.0083077,3.8561479250590005
1710802121.0084207,3.8862747616238065
1710802121.0085337,3.915701177385118
1710802121.0086467,3.942675060696072
1710802121.0087595,3.9671969413757324
1710802121.0088725,3.98891634411282
1710802121.0089855,4.007483058505588
1710802121.0090985,4.023597240447998
1710802121.0092113,4.03796010547214
1710802121.0093243,4.049870702955458
1710802121.0094373,4.061431090037028
1710802121.0095503,4.071239895290798
1710802121.009663,4.080348014831543
1710802121.009776,4.08910592397054
1710802121.0098891,4.096462461683485
1710802121.0100021,4.10206741756863
1710802121.010115,4.104869895511203
1710802121.010228,4.10557058122423
1710802121.010341,4.103468524085151
1710802121.010454,4.098564253913032
1710802121.0105667,4.092959298027886
1710802121.0106797,4.084902074601915
1710802121.0107927,4.077195061577691
1710802121.0109057,4.0677367316351996
1710802121.0110185,4.058628612094455
1710802121.0111315,4.048469596438937
1710802121.0112445,4.0362085236443415
1710802121.0113575,4.022896819644504
1710802121.0114703,4.0060816870795355
1710802121.0115833,3.9857636557685003
1710802121.0116963,3.9636937777201333
1710802121.0118093,3.938471476236979
1710802121.0119221,3.91184753841824
1710802121.0120351,3.8838224940829806
1710802121.0121481,3.8561479250590005
1710802121.0122612,3.828122880723741
1710802121.012374,3.799747625986735
1710802121.012487,3.7713723712497287
1710802121.0126,3.73984416325887
1710802121.012713,3.706914848751492
1710802121.0128257,3.6704823705885143
1710802121.0129387,3.631947835286458
1710802121.0130517,3.5902606116400824
1710802121.0131648,3.5482231775919595
1710802121.0132775,3.5044341617160373
1710802121.0133905,3.460995356241862
1710802121.0135036,3.4175565507676864
1710802121.0136166,3.373767534891764
1710802121.0137293,3.3292778333028155
1710802121.0138423,3.2833867602878146
1710802121.0139554,3.2346934742397733
1710802121.0140684,3.1824967596266003
1710802121.0141811,3.1295996242099338
1710802121.0142941,3.072848849826389
1710802121.0144072,3.0143467585245767
1710802121.0145202,2.955494191911485
1710802121.014633,2.8969921006096735
1710802121.014746,2.8374388482835555
1710802121.014859,2.7775353855556912
1710802121.014972,2.7176319228278265
1710802121.0150847,2.6545757717556424
1710802121.0151978,2.590818934970432
1710802121.0153108,2.522858248816596
1710802121.0154238,2.4534961912367077
1710802121.0155365,2.3813319206237793
1710802121.0156496,2.3077662785847983
1710802121.0157626,2.233499950832791
1710802121.0158756,2.15748217370775
1710802121.0159883,2.0818146069844565
1710802121.0161014,2.0050961441463895
1710802121.0162144,1.9273267851935492
1710802121.0163274,1.8481561872694228
1710802121.0164402,1.7675842179192436
1710802121.0165532,1.6845602459377713
1710802121.0166662,1.59943421681722
1710802121.0167792,1.5122063954671223
1710802121.016892,1.4249785741170247
1710802121.017005,1.3356488280826144
1710802121.017118,1.2470197677612305
1710802121.017231,1.156288782755534
1710802121.0173438,1.0659081406063504
1710802121.0174568,0.9751772218280368
1710802121.0175698,0.883745617336697
1710802121.0176828,0.7902121543884277
1710802121.0177956,0.6973793109258016
1710802121.0179086,0.602794885635376
1710802121.0180216,0.5082105265723335
1710802121.0181346,0.4125751720534431
1710802121.0182474,0.31623923116260105
1710802121.0183604,0.22025356690088907
1710802121.0184734,0.12286666366789076
1710802121.0185864,0.02407851732439465
1710802121.0186992,-0.07329404354095459
1710802121.0188122,-0.17276335093710157
1710802121.0189252,-0.2711819443437788
1710802121.0190382,-0.3710014952553643
1710802121.019151,-0.46906984514660305
1710802121.019264,-0.5685391690995958
1710802121.019377,-0.666957762506273
1710802121.01949,-0.7660767767164443
1710802121.0196028,-0.8648456467522515
1710802121.0197158,-0.9646652142206827
1710802121.0198288,-1.064484715461731
1710802121.0199418,-1.1636038621266682
1710802121.0200546,-1.2630731529659696
1710802121.0201676,-1.3611414697435167
1710802121.0202806,-1.4581590228610568
1710802121.0203936,-1.5537757343716092
1710802121.0205064,-1.6479913393656411
1710802121.0206194,-1.7408061027526855
1710802121.0207324,-1.8332705232832167
1710802121.0208454,-1.9250343905554876
1710802121.0209582,-2.017148600684272
1710802121.0210712,-2.1085622575547958
1710802121.0211842,-2.198575072818332
1710802121.0212972,-2.2875369919670954
1710802121.02141,-2.3740474383036294
1710802121.021523,-2.4595069885253906
1710802121.021636,-2.541814115312364
1710802121.021749,-2.6216697692871094
1710802121.0218618,-2.6990736855400934
1710802121.0219748,-2.7754269705878363
1710802121.0220878,-2.8510798348320856
1710802121.0222008,-2.925681802961561
1710802121.0223136,-2.999583085378011
1710802121.0224266,-3.0713833702935114
1710802121.0225396,-3.1421324941847057
1710802121.0226526,-3.211130566067166
1710802121.0227654,-3.2776769002278643
1710802121.0228784,-3.3410710758633084
1710802121.0229914,-3.403064409891764
1710802121.0231044,-3.461204899681939
1710802121.0232172,-3.518995179070367
1710802121.0233302,-3.5743337207370334
1710802121.0234432,-3.630022472805447
1710802121.0235562,-3.6832597520616317
1710802121.023669,-3.7347454494900174
1710802121.023782,-3.7855309910244412
1710802121.023895,-3.8338645299275713
1710802121.024008,-3.879046175214979
1710802121.0241208,-3.9224762386745877
1710802121.0242338,-3.962053987714979
1710802121.0243468,-3.9988295237223306
1710802121.0244598,-4.0328031116061736
1710802121.0245726,-4.065025647481282
1710802121.0246856,-4.0958470768398705
1710802121.0247986,-4.1242170333862305
1710802121.0249116,-4.151535828908284
1710802121.0250244,-4.17780425813463
1710802121.0251374,-4.202671580844455
1710802121.0252504,-4.225787586636013
1710802121.0253634,-4.246101909213595
1710802121.0254762,-4.263263808356391
1710802121.0255892,-4.278324180179172
1710802121.0257022,-4.290933079189724
1710802121.0258152,-4.301090240478516
1710802121.025928,-4.3101965056525335
1710802121.026041,-4.31720150841607
1710802121.026154,-4.3235058254665795
1710802121.026267,-4.328759511311849
1710802121.0263798,-4.332962301042345
1710802121.0264928,-4.335063828362359
1710802121.0266058,-4.336114459567599
1710802121.0267189,-4.333312511444092
1710802121.0268316,-4.328058825598823
1710802121.0269446,-4.320703877343072
1710802121.0270576,-4.3101965056525335
1710802121.0271707,-4.298638502756755
1710802121.0272834,-4.2860296037462025
1710802121.0273964,-4.273070759243435
1710802121.0275095,-4.258710543314616
1710802121.0276225,-4.245051013098823
1710802121.0277352,-4.2292902204725475
1710802121.0278482,-4.21212805642022
1710802121.0279613,-4.192514419555664
1710802121.0280743,-4.169398413764106
1710802121.028187,-4.144881301456027
1710802121.0283,-4.1165116098192005
1710802121.028413,-4.086740811665853
1710802121.028526,-4.055569171905518
1710802121.0286388,-4.023346636030409
1710802121.0287519,-3.9904236793518066
1710802121.0288649,-3.958201143476698
1710802121.0289779,-3.923527134789361
1710802121.0290906,-3.8885026507907443
1710802121.0292037,-3.8499757978651257
1710802121.0293167,-3.808646996815999
1710802121.0294297,-3.7641660372416177
1710802121.0295424,-3.7168831295437283
1710802121.0296555,-3.6678489049275713
1710802121.0297685,-3.6167131529914007
1710802121.0298815,-3.566628297170003
1710802121.0299942,-3.5147921244303384
1710802121.0301073,-3.463306427001953
1710802121.0302203,-3.4104196230570474
1710802121.0303333,-3.3568321333991156
1710802121.030446,-3.300793170928955
1710802121.030559,-3.2423024707370334
1710802121.030672,-3.181009557512071
1710802121.030785,-3.1176153818766275
1710802121.0308979,-3.052119943830702
1710802121.0310109,-2.98592382007175
1710802121.0311239,-2.918326589796278
1710802121.031237,-2.8514300452338324
1710802121.0313497,-2.7831323941548667
1710802121.0314627,-2.7141343222724066
1710802121.0315757,-2.6437351438734265
1710802121.0316887,-2.5715849134657116
1710802121.0318015,-2.496632734934489
1710802121.0319145,-2.4206296602884927
1710802121.0320275,-2.341124481625027
1710802121.0321405,-2.259867721133762
1710802121.0322533,-2.177910672293769
1710802121.0323663,-2.0949027273390026
1710802121.0324793,-2.0118949148390026
1710802121.0325923,-1.9278363386789956
1710802121.032705,-1.8423767884572346
1710802121.032818,-1.7569172382354736
1710802121.032931,-1.6686557398902044
1710802121.033044,-1.5796938207414415
1710802121.0331569,-1.4882800314161513
1710802121.03327,-1.3968663745456271
1710802121.033383,-1.304401954015096
1710802121.033496,-1.2094857957628038
1710802121.0336087,-1.1152701907687717
1710802121.0337217,-1.0203539662890964
1710802121.0338347,-0.9247373872333102
1710802121.0339477,-0.827369491259257
1710802121.0340605,-0.7307021485434638
1710802121.0341735,-0.6329840421676636
1710802121.0342865,-0.5349157253901163
1710802121.0343995,-0.4350961579216851
1710802121.0345123,-0.33667756451500785
1710802121.0346253,-0.23685801360342237
1710802121.0347383,-0.1373887062072754
1710802121.0348513,-0.037218903501828514
1710802121.034964,0.06331352723969354
1710802121.035077,0.1638532347149319
1710802121.03519,0.2654438879754808
1710802121.035303,0.36598361200756496
1710802121.035416,0.4672239555252923
1710802121.035529,0.5674133698145548
1710802121.035642,0.6658511691623263
1710802121.035755,0.764639311366611
1710802121.0358677,0.8616759379704793
1710802121.0359807,0.9587124983469645
1710802121.0360937,1.056449744436476
1710802121.0362067,1.153135961956448
1710802121.0363195,1.2512234846750896
1710802121.0364325,1.3479097684224446
1710802121.0365455,1.4445960521697998
1710802121.0366585,1.5398810969458685
1710802121.0367713,1.633764902750651
1710802121.0368843,1.725546783871121
1710802121.0369973,1.8152267403072782
1710802121.0371103,1.9038559330834282
1710802121.037223,1.9914339648352728
1710802121.037336,2.076559993955824
1710802121.0374491,2.164138158162435
1710802121.0375621,2.249264187282986
1710802121.037675,2.3343899514940047
1710802121.037788,2.4170637130737305
1710802121.037901,2.4990370538499618
1710802121.038014,2.576456069946289
1710802121.0381267,2.6528241899278426
1710802121.0382397,2.725338935852051
1710802121.0383527,2.796102099948459
1710802121.0384657,2.864062786102295
1710802121.0385785,2.931322786543104
1710802121.0386915,2.9971814155578613
1710802121.0388045,3.061638938056098
1710802121.0389175,3.1253957748413086
1710802121.0390303,3.1877515051099987
1710802121.0391433,3.246954282124837
1710802121.0392563,3.3033545811971026
1710802121.0393693,3.358003298441569
1710802121.039482,3.4087986416286893
1710802121.0395951,3.45784240298801
1710802121.0397081,3.5044341617160373
1710802121.0398211,3.548923863304986
1710802121.039934,3.592362668779161
1710802121.040047,3.635450998942057
1710802121.04016,3.6771382225884333
1710802121.040273,3.7174240748087564
1710802121.0403857,3.755257924397786
1710802121.0404987,3.791690402560764
1710802121.0406117,3.8253204027811685
1710802121.0407248,3.8557977146572537
1710802121.0408375,3.8834722836812334
1710802121.0409505,3.9086948500739203
1710802121.0410635,3.931815359327528
1710802121.0411766,3.953885237375895
1710802121.0412893,3.9738530582851834
1710802121.0414023,3.993470403883192
1710802121.0415154,4.01203711827596
1710802121.0416284,4.02815130021837
1710802121.0417411,4.044616222381592
1710802121.0418541,4.056526819864909
1710802121.0419672,4.0677367316351996
1710802121.0420802,4.0743925836351185
1710802121.042193,4.079997539520264
1710802121.042306,4.082099596659343
1710802121.042419,4.083500703175862
1710802121.042532,4.083150492774116
1710802121.0426447,4.0817491213480634
1710802121.0427577,4.079647329118517
1710802121.0428708,4.077195061577691
1710802121.0429838,4.073341687520345
1710802121.0430965,4.068437417348226
1710802121.0432096,4.060029718610975
1710802121.0433226,4.049870702955458
1710802121.0434356,4.0369092093573675
1710802121.0435483,4.0207947625054254
1710802121.0436614,4.00362941953871
1710802121.0437744,3.9850629700554743
1710802121.0438874,3.966146045260959
1710802121.0440001,3.94652869966295
1710802121.0441132,3.9276117748684354
1710802121.0442262,3.906943268246121
1710802121.044339,3.88557407591078
1710802121.044452,3.861752880944146
1710802121.044565,3.8351292080349393
1710802121.044678,3.8067539532979326
1710802121.0447907,3.7752257453070746
1710802121.0449038,3.7419459554884167
1710802121.0450168,3.707265059153239
1710802121.0451298,3.671883477105035
1710802121.0452425,3.6361516846550836
1710802121.0453556,3.6018209987216525
1710802121.0454686,3.565388520558675
1710802121.0455816,3.5279051462809243
1710802121.0456944,3.4883197148640948
1710802121.0458074,3.445931805504693
1710802121.0459204,3.4000409973992243
1710802121.0460334,3.3513474464416504
1710802121.0461462,3.300201892852783
1710802121.0462592,3.2476549678378634
1710802121.0463722,3.1944073571099176
1710802121.0464852,3.1408095359802246
1710802121.046598,3.087562190161811
1710802121.046711,3.0329132080078125
1710802121.046824,2.9775640699598522
1710802121.046937,2.9201126098632812
1710802121.0470498,2.8602091471354165
1710802121.0471628,2.7982038921780057
1710802121.0472758,2.733396159278022
1710802121.0473888,2.6664863692389593
1710802121.0475016,2.59922636879815
1710802121.0476146,2.530214786529541
1710802121.0477276,2.460852993859185
1710802121.0478406,2.391490936279297
1710802121.0479534,2.322129143608941
1710802121.0480664,2.2510157691107855
1710802121.0481794,2.1788512335883246
1710802121.0482924,2.1045850382910833
1710802121.0484052,2.0275162325965033
1710802121.0485182,1.9490461879306369
1710802121.0486312,1.868474351035224
1710802121.0487442,1.7868514855702717
1710802121.048857,1.7041777239905462
1710802121.04897,1.6211536195543077
1710802121.049083,1.537779172261556
1710802121.049196,1.453353828854031
1710802121.0493088,1.3675272464752197
1710802121.0494218,1.280649767981635
1710802121.0495348,1.1923710505167644
1710802121.0496478,1.1023406849967108
1710802121.0497606,1.0095078415340848
1710802121.0498736,0.9163246552149454
1710802121.0499866,0.8210396766662598
1710802121.0500996,0.725754631890191
1710802121.0502124,0.6290683481428359
1710802121.0503254,0.5316814449098375
1710802121.0504384,0.4339442319340176
1710802121.0505514,0.3355063994725545
1710802121.0506642,0.23706856701109144
1710802121.0507772,0.1379301067855623
1710802121.0508902,0.03844133267800013
1710802121.0510032,-0.0620862344900767
1710802121.051116,-0.16120529837078518
1710802121.051229,-0.26137510935465497
1710802121.051342,-0.3611946768230862
1710802121.051455,-0.4613644546932644
1710802121.0515678,-0.5615342987908257
1710802121.0516808,-0.6627547740936279
1710802121.0517938,-0.7629246181911892
1710802121.0519068,-0.8630943960613674
1710802121.0520196,-0.9625637531280518
1710802121.0521326,-1.061332556936476
1710802121.0522456,-1.159050597084893
1710802121.0523586,-1.2567687034606934
1710802121.0524714,-1.3541365994347465
1710802121.0525844,-1.4504537317487929
1710802121.0526974,-1.547121074464586
1710802121.0528104,-1.6437884171803792
1710802121.0529232,-1.7408061027526855
1710802121.0530362,-1.8360724714067247
1710802121.0531492,-1.9309886296590169
1710802121.0532622,-2.023803260591295
1710802121.053375,-2.114866707060072
1710802121.053488,-2.204178969065348
1710802121.053601,-2.2917400466071234
1710802121.053714,-2.3782502280341253
1710802121.0538268,-2.4630093574523926
1710802121.0539398,-2.5481186972724066
1710802121.0540528,-2.6321771409776473
1710802121.0541658,-2.7162358495924206
1710802121.0542786,-2.7985432412889266
1710802121.0543916,-2.8794495264689126
1710802121.0545046,-2.9575538635253906
1710802121.0546176,-3.0335569381713867
1710802121.0547304,-3.1078086958991156
1710802121.0548434,-3.178207609388563
1710802121.0549564,-3.246855470869276
1710802121.0550694,-3.313401805029975
1710802121.0551822,-3.378547297583686
1710802121.0552952,-3.4429921044243708
1710802121.0554082,-3.5060360696580672
1710802121.0555212,-3.566278086768256
1710802121.055634,-3.625469472673204
1710802121.055747,-3.6811582247416177
1710802121.05586,-3.7347454494900174
1710802121.055973,-3.7841298845079208
1710802121.0560858,-3.8317630026075573
1710802121.0561988,-3.8765944374932184
1710802121.0563118,-3.9186236593458386
1710802121.0564249,-3.959952460394965
1710802121.0565376,-3.999179734124078
1710802121.0566506,-4.037706587049696
1710802121.0567636,-4.075182808770074
1710802121.0568767,-4.111257923973931
1710802121.0569894,-4.14453109105428
1710802121.0571024,-4.175702730814616
1710802121.0572155,-4.204422897762722
1710802121.0573285,-4.2306910620795355
1710802121.0574412,-4.254857963985867
1710802121.0575542,-4.274121390448676
1710802121.0576673,-4.294085237714979
1710802121.0577803,-4.31054671605428
1710802121.057893,-4.326307773590088
1710802121.058006,-4.341017935011122
1710802121.058119,-4.354677465226915
1710802121.058232,-4.364834626515706
1710802121.0583448,-4.3753419982062445
1710802121.0584579,-4.381996525658502
1710802121.0585709,-4.386900001102023
1710802121.0586839,-4.386900001102023
1710802121.0587966,-4.38584910498725
1710802121.0589097,-4.382346736060248
1710802121.0590227,-4.376042419009738
1710802121.0591357,-4.368336995442708
1710802121.0592484,-4.360981782277425
1710802121.0593615,-4.352575937906901
1710802121.0594745,-4.34381988313463
1710802121.0595875,-4.332612090640597
1710802121.0597003,-4.319652981228298
1710802121.0598133,-4.304242399003771
1710802121.0599263,-4.285679393344455
1710802121.0600393,-4.264664649963379
1710802121.060152,-4.2404980129665795
1710802121.060265,-4.216331111060248
1710802121.060378,-4.189712471432156
1710802121.060491,-4.163094096713595
1710802121.0606039,-4.136475457085504
1710802121.0607169,-4.109156396653917
1710802121.0608299,-4.080436494615343
1710802121.060943,-4.050665696461995
1710802121.0610557,-4.01669184366862
1710802121.0611687,-3.980616728464762
1710802121.0612817,-3.940689033932156
1710802121.0613947,-3.8990100224812823
1710802121.0615075,-3.8555796941121416
1710802121.0616205,-3.8103983137342663
1710802121.0617335,-3.7652166684468584
1710802121.0618465,-3.720035288068983
1710802121.0619593,-3.6745034323798285
1710802121.0620723,-3.6279209454854326
1710802121.0621853,-3.5788869857788086
1710802121.0622983,-3.5277512338426376
1710802121.062411,-3.472412692175971
1710802121.062524,-3.4146224127875433
1710802121.062637,-3.355781502193875
1710802121.06275,-3.2937881681654186
1710802121.0628629,-3.232145309448242
1710802121.062976,-3.1691013442145453
1710802121.063089,-3.1057071685791016
1710802121.063202,-3.041612572140164
1710802121.0633147,-2.9775177107916937
1710802121.0634277,-2.910270955827501
1710802121.0635407,-2.8409226735432944
1710802121.0636537,-2.7691226535373263
1710802121.0637665,-2.6945206854078503
1710802121.0638795,-2.618517610761854
1710802121.0639925,-2.5400630633036294
1710802121.0641055,-2.4609078301323786
1710802121.0642183,-2.3810521761576333
1710802121.0643313,-2.3004961013793945
1710802121.0644443,-2.2199398941463895
1710802121.0645573,-2.1379828453063965
1710802121.06467,-2.05497490035163
1710802121.064783,-1.9705661137898762
1710802121.064896,-1.8837055895063612
1710802121.065009,-1.796144644419352
1710802121.065122,-1.706482172012329
1710802121.065235,-1.616819699605306
1710802121.065348,-1.5257561206817627
1710802121.065461,-1.4339922534094915
1710802121.0655737,-1.3415278328789604
1710802121.0656867,-1.2483628590901692
1710802121.0657997,-1.154497464497884
1710802121.0659127,-1.059931582874722
1710802121.0660255,-0.9632642401589288
1710802121.0661385,-0.8662466208140055
1710802121.0662515,-0.7674777507781982
1710802121.0663645,-0.669059223598904
1710802121.0664773,-0.5688893795013428
1710802121.0665903,-0.46836935811572605
1710802121.0667033,-0.3664483295546638
1710802121.0668163,-0.26382681396272445
1710802121.066929,-0.16155554188622367
1710802121.067042,-0.05823354754183027
1710802121.0671551,0.04474695771932602
1710802121.0672681,0.14808918039004007
1710802121.067381,0.25003014339341056
1710802121.067494,0.3512704703542921
1710802121.067607,0.4525108138720194
1710802121.06772,0.5534008476469252
1710802121.0678327,0.6539405716790093
1710802121.0679457,0.7537796099980671
1710802121.0680587,0.8539690574010212
1710802121.0681717,0.9541584385765923
1710802121.0682845,1.0529465807808769
1710802121.0683975,1.1513843801286485
1710802121.0685105,1.2480706638760037
1710802121.0686235,1.3433557086520724
1710802121.0687363,1.437589857313368
1710802121.0688493,1.5290213955773246
1710802121.0689623,1.6204529338412814
1710802121.0690753,1.7097826798756917
1710802121.069188,1.7998129791683621
1710802121.0693011,1.8891427252027724
1710802121.0694141,1.9781221283806694
1710802121.0695271,2.0660506354437933
1710802121.06964,2.152928113937378
1710802121.069753,2.2373533248901367
1710802121.069866,2.319326665666368
1710802121.069979,2.399197949303521
1710802121.0700917,2.476616965399848
1710802121.0702047,2.5515837139553494
1710802121.0703177,2.6254998313056097
1710802121.0704308,2.6987149980333114
1710802121.0705435,2.7708795335557723
1710802121.0706565,2.842343383365207
1710802121.0707695,2.9131065474616156
1710802121.0708826,2.981066968705919
1710802121.0709953,3.0472760730319552
1710802121.0711083,3.1099820137023926
1710802121.0712214,3.1705861621432834
1710802121.0713344,3.2273369365268283
1710802121.0714471,3.2823358641730414
1710802121.0715601,3.334532578786214
1710802121.0716732,3.3867290284898544
1710802121.0717862,3.4364734755622015
1710802121.071899,3.485517236921522
1710802121.072012,3.5331596268547907
1710802121.072125,3.5783500141567655
1710802121.072238,3.6217888196309405
1710802121.0723507,3.6624251471625433
1710802121.0724638,3.700258731842041
1710802121.0725768,3.7359907892015243
1710802121.0726898,3.7678692075941296
1710802121.0728025,3.797295358445909
1710802121.0729156,3.8256706131829157
1710802121.0730286,3.8526447614034014
1710802121.0731416,3.878217538197835
1710802121.0732543,3.9023892084757485
1710802121.0733674,3.9255097177293563
1710802121.0734804,3.9461782243516708
1710802121.0735934,3.966146045260959
1710802121.0737062,3.9833113882276745
1710802121.0738192,3.9976742532518172
1710802121.0739322,4.009584850735134
1710802121.0740452,4.019743866390652
1710802121.074158,4.02815130021837
1710802121.074271,4.035157627529568
1710802121.074384,4.04146326912774
1710802121.074497,4.047768910725911
1710802121.0746098,4.0516222847832575
1710802121.0747228,4.056877030266656
1710802121.0748358,4.059329297807482
1710802121.0749488,4.060029718610975
1710802121.0750616,4.057227240668403
1710802121.0751746,4.053373866611056
1710802121.0752876,4.045316643185085
1710802121.0754006,4.034807417127821
1710802121.0755134,4.023247030046251
1710802121.0756264,4.010985957251655
1710802121.0757394,3.996973567538791
1710802121.0758524,3.9836615986294217
1710802121.0759652,3.969298998514811
1710802121.0760782,3.9535347620646157
1710802121.0761912,3.9367198944091797
1710802121.0763042,3.916401598188612
1710802121.076417,3.8932810889350042
1710802121.07653,3.8670076264275446
1710802121.076643,3.838982582092285
1710802121.076756,3.8092059559292264
1710802121.0768688,3.7787289089626737
1710802121.0769818,3.7479013866848416
1710802121.0770948,3.7160229682922363
1710802121.0772078,3.684144549899631
1710802121.0773206,3.652265866597493
1710802121.0774336,3.620037237803141
1710802121.0775466,3.584655655754937
1710802121.0776596,3.547172281477186
1710802121.0777724,3.5068861643473306
1710802121.0778854,3.464498519897461
1710802121.0779984,3.420008818308512
1710802121.0781114,3.3765700128343368
1710802121.0782242,3.330678939819336
1710802121.0783372,3.286189238230387
1710802121.0784502,3.239947954813639
1710802121.0785632,3.1958087285359698
1710802121.078676,3.1474656528896756
1710802121.078789,3.0977212058173285
1710802121.078902,3.0444735950893826
1710802121.079015,2.9894746674431696
1710802121.0791278,2.9299214151170516
1710802121.0792408,2.8703684277004666
1710802121.0793538,2.8083629078335233
1710802121.0794668,2.7460074424743652
1710802121.0795796,2.6829510264926486
1710802121.0796926,2.620945771535238
1710802121.0798056,2.5564882490370007
1710802121.0799186,2.492030726538764
1710802121.0800314,2.4251209364997015
1710802121.0801444,2.355058458116319
1710802121.0802574,2.282894187503391
1710802121.0803704,2.2089780701531305
1710802121.0804832,2.134361531999376
1710802121.0805962,2.0579934120178223
1710802121.0807092,1.9812749491797552
1710802121.0808222,1.9038559330834282
1710802121.080935,1.8260864416758218
1710802121.081048,1.7476163970099554
1710802121.081161,1.6673949029710557
1710802121.081274,1.5857720375061035
1710802121.0813868,1.5020473798116047
1710802121.0814998,1.4172716935475667
1710802121.0816128,1.329693529340956
1710802121.0817258,1.242115365134345
1710802121.0818386,1.1524354086981878
1710802121.0819516,1.0627553198072646
1710802121.0820646,0.972374677658081
1710802121.0821776,0.8816437588797675
1710802121.0822904,0.7902121543884277
1710802121.0824034,0.6980799304114448
1710802121.0825164,0.6048968103196886
1710802121.0826294,0.5110130045149062
1710802121.0827422,0.4164286123381721
1710802121.0828552,0.321844220161438
1710802121.0829682,0.2258585724565718
1710802121.0830812,0.1298729164732827
1710802121.083194,0.032836331261528864
1710802121.083307,-0.06488818675279617
1710802121.08342,-0.1626062724325392
1710802121.083533,-0.26172535287009346
1710802121.0836458,-0.3611946768230862
1710802121.0837588,-0.46066396766238743
1710802121.0838718,-0.5594328376981947
1710802121.0839849,-0.659602615568373
1710802121.0840976,-0.7580212089750502
1710802121.0842106,-0.8571402894126045
1710802121.0843236,-0.9548583295610216
1710802121.0844367,-1.05537838406033
1710802121.0845494,-1.15379704369439
1710802121.0846624,-1.2529159916771782
1710802121.0847754,-1.3516848617129855
1710802121.0848885,-1.4494029680887859
1710802121.0850012,-1.546420521206326
1710802121.0851142,-1.6413366794586182
1710802121.0852273,-1.7359026273091633
1710802121.08534,-1.8273162841796875
1710802121.085453,-1.9173290994432237
1710802121.085566,-2.006991571850247
1710802121.085679,-2.0959534909990096
1710802121.0857918,-2.184565332200792
1710802121.0859048,-2.272826830546061
1710802121.0860178,-2.35968722237481
1710802121.0861309,-2.4461976687113443
1710802121.0862436,-2.5302561124165854
1710802121.0863566,-2.6125635041130915
1710802121.0864697,-2.6920689476860895
1710802121.0865827,-2.7698230743408203
1710802121.0866954,-2.846176359388563
1710802121.0868084,-2.9204281171162925
1710802121.0869215,-2.993979189130995
1710802121.0870345,-3.0654289987352157
1710802121.0871472,-3.137579494052463
1710802121.0872602,-3.20692777633667
1710802121.0873733,-3.2759258482191296
1710802121.0874863,-3.3424721823798285
1710802121.087599,-3.40726719962226
1710802121.087712,-3.469610744052463
1710802121.087825,-3.5281014442443848
1710802121.087938,-3.5848410924275713
1710802121.0880508,-3.639829423692491
1710802121.0881639,-3.692015806833903
1710802121.0882769,-3.743501504262288
1710802121.0883899,-3.7935866249932184
1710802121.0885026,-3.8422703742980957
1710802121.0886157,-3.8902539677090116
1710802121.0887287,-3.9350851376851397
1710802121.0888417,-3.9778147803412542
1710802121.0889544,-4.018443160586886
1710802121.0890675,-4.055919382307264
1710802121.0891805,-4.089542759789361
1710802121.0892935,-4.12141482035319
1710802121.0894063,-4.150485197703044
1710802121.0895193,-4.178504678938124
1710802121.0896323,-4.203722212049696
1710802121.0897453,-4.228939745161268
1710802121.089858,-4.251705805460612
1710802121.089971,-4.274121390448676
1710802121.090084,-4.293384816911486
1710802121.090197,-4.3115973472595215
1710802121.0903099,-4.326307773590088
1710802121.0904229,-4.339266883002387
1710802121.0905359,-4.348373148176405
1710802121.090649,-4.356078571743435
1710802121.0907617,-4.360981782277425
1710802121.0908747,-4.365885257720947
1710802121.0909877,-4.368336995442708
1710802121.0911007,-4.371489153967963
1710802121.0912135,-4.372540050082736
1710802121.0913265,-4.372189574771457
1710802121.0914395,-4.370438522762722
1710802121.0915525,-4.3655350473192005
1710802121.0916653,-4.35782962375217
1710802121.0917783,-4.346621831258138
1710802121.0918913,-4.334013197157118
1710802121.0920043,-4.3179019292195635
1710802121.092117,-4.301090240478516
1710802121.09223,-4.283227655622694
1710802121.092343,-4.265365335676405
1710802121.092456,-4.246452119615343
1710802121.0925689,-4.22753890355428
1710802121.092682,-4.205473528967963
1710802121.092795,-4.182007047865126
1710802121.092908,-4.1553886731465655
1710802121.0930207,-4.126668506198459
1710802121.0931337,-4.09339533911811
1710802121.0932467,-4.058371120029025
1710802121.0933597,-4.022296004825168
1710802121.0934725,-3.9848197831047907
1710802121.0935855,-3.947343561384413
1710802121.0936985,-3.9091669188605414
1710802121.0938115,-3.870990541246202
1710802121.0939243,-3.8300119505988226
1710802121.0940373,-3.788332939147949
1710802121.0941503,-3.7431512938605414
1710802121.0942633,-3.695518175760905
1710802121.094376,-3.644032213422987
1710802121.094489,-3.5918458302815752
1710802121.094602,-3.537207974327935
1710802121.094715,-3.4822196430630155
1710802121.094828,-3.4268808364868164
1710802121.094941,-3.372242980533176
1710802121.095054,-3.31655396355523
1710802121.095167,-3.2594643698798285
1710802121.0952797,-3.2002729839748807
1710802121.0953927,-3.138279914855957
1710802121.0955057,-3.073484632703993
1710802121.0956187,-3.0058876673380532
1710802121.0957315,-2.9368895954555936
1710802121.0958445,-2.8657899962531195
1710802121.0959575,-2.793989976247152
1710802121.0960705,-2.7207888497246637
1710802121.0961833,-2.647237777709961
1710802121.0962963,-2.572986019982232
1710802121.0964093,-2.49768336613973
1710802121.0965223,-2.418878608279758
1710802121.096635,-2.3397233751085067
1710802121.096748,-2.257065773010254
1710802121.0968611,-2.172306776046753
1710802121.0969741,-2.086146672566732
1710802121.097087,-1.9978851742214627
1710802121.0972,-1.9096236758761935
1710802121.097313,-1.8199612034691703
1710802121.097426,-1.7306489414638944
1710802121.0975387,-1.6399357053968642
1710802121.0976517,-1.548872258928087
1710802121.0977647,-1.4557074175940619
1710802121.0978777,-1.3618420230017767
1710802121.0979905,-1.2665755218929715
1710802121.0981035,-1.1702583895789251
1710802121.0982165,-1.073240836461385
1710802121.0983295,-0.9751725196838379
1710802121.0984423,-0.8757032288445367
1710802121.0985553,-0.7772846354378594
1710802121.0986683,-0.6767645809385512
1710802121.0987813,-0.5758942498101128
1710802121.0988941,-0.4743234978781806
1710802121.0990071,-0.37310295634799534
1710802121.0991201,-0.2704814573129018
1710802121.0992332,-0.16856042875183952
1710802121.099346,-0.06523843026823467
1710802121.099459,0.03668977154625787
1710802121.099572,0.13933135403527153
1710802121.099685,0.24302388230959573
1710802121.0997977,0.3460157910982768
1710802121.0999107,0.45005861255857676
1710802121.1000237,0.5534008476469252
1710802121.1001368,0.6577940119637383
1710802121.1002495,0.7600852515962389
1710802121.1003625,0.8623765574561225
1710802121.1004755,0.9629162814882066
1710802121.1005886,1.0620547003216214
1710802121.1007013,1.1604924996693928
1710802121.1008143,1.2578794691297743
1710802121.1009274,1.3552663061353896
1710802121.1010404,1.4519525898827446
1710802121.1011531,1.549689902199639
1710802121.1012661,1.6467263963487413
1710802121.1013792,1.7423617839813232
1710802121.1014922,1.8369461430443657
1710802121.101605,1.9294287098778617
1710802121.101718,2.0194590091705322
1710802121.101831,2.10668683052063
1710802121.101944,2.192163070042928
1710802121.1020567,2.27623807059394
1710802121.1021698,2.3582114113701715
1710802121.1022828,2.4398340119255915
1710802121.1023958,2.5200557708740234
1710802121.1025085,2.6002772649129233
1710802121.1026216,2.6773460706075034
1710802121.1027346,2.753013504876031
1710802121.1028476,2.825878726111518
1710802121.1029603,2.8959412044949002
1710802121.1030734,2.9635514153374567
1710802121.1031864,3.027658727433946
1710802121.1032994,3.0896639823913574
1710802121.1034122,3.150618341233995
1710802121.1035252,3.210171593560113
1710802121.1036382,3.268323474460178
1710802121.1037512,3.3261248800489636
1710802121.103864,3.382525179121229
1710802121.103977,3.436123000250922
1710802121.10409,3.4883197148640948
1710802121.104203,3.5366627905103893
1710802121.1043158,3.5825538635253906
1710802121.1044288,3.6256421936882868
1710802121.1045418,3.666278521219889
1710802121.1046548,3.7058639526367188
1710802121.1047676,3.7436975373162165
1710802121.1048806,3.7801300154791937
1710802121.1049936,3.816212283240424
1710802121.1051066,3.849842283460829
1710802121.1052194,3.8824213875664606
1710802121.1053324,3.9128984345330133
1710802121.1054454,3.9405732684665256
1710802121.1055584,3.9654453595479326
1710802121.1056712,3.9871647622850204
1710802121.1057842,4.005030790964763
1710802121.1058972,4.021145237816705
1710802121.1060102,4.035507837931315
1710802121.106123,4.048469596438937
1710802121.106236,4.060029718610975
1710802121.106349,4.069838523864746
1710802121.106462,4.07894664340549
1710802121.1065748,4.087003866831462
1710802121.1066878,4.092608822716607
1710802121.1068008,4.096111986372206
1710802121.1069138,4.096111986372206
1710802121.1070266,4.094360404544406
1710802121.1071396,4.090156820085314
1710802121.1072526,4.085252285003662
1710802121.1073656,4.07754553688897
1710802121.1074784,4.069838523864746
1710802121.1075914,4.061431090037028
1710802121.1077044,4.053373866611056
1710802121.1078174,4.043214850955539
1710802121.1079302,4.032705359988742
1710802121.1080432,4.019043180677626
1710802121.1081562,4.004680580563015
1710802121.1082692,3.985413180457221
1710802121.108382,3.9640442530314126
1710802121.108495,3.9412739541795516
1710802121.108608,3.9171022839016385
1710802121.108721,3.8911792967054577
1710802121.1088338,3.8659567303127713
1710802121.1089468,3.8400334782070584
1710802121.1090598,3.8137600156995983
1710802121.1091728,3.7871363427903915
1710802121.1092856,3.758060402340359
1710802121.1093986,3.7265321943495007
1710802121.1095116,3.6925519837273493
1710802121.1096246,3.6557690302530923
1710802121.1097374,3.615483178032769
1710802121.1098504,3.5755475362141924
1710802121.1099634,3.5338603125678167
1710802121.1100764,3.492173088921441
1710802121.1101892,3.4511865509880915
1710802121.1103022,3.4091491169399686
1710802121.1104152,3.366410997178819
1710802121.1105282,3.3215708202785916
1710802121.110641,3.273928430345323
1710802121.110754,3.223833772871229
1710802121.110867,3.17093637254503
1710802121.11098,3.1155872344970703
1710802121.1110928,3.059186670515272
1710802121.1112058,3.0017354753282333
1710802121.1113188,2.942532698313395
1710802121.1114318,2.884731027815077
1710802121.1115446,2.826228936513265
1710802121.1116576,2.7677265803019204
1710802121.1117706,2.707122696770562
1710802121.1118836,2.6447669665018716
1710802121.1119964,2.579608758290609
1710802121.1121094,2.512348757849799
1710802121.1122224,2.44333717558119
1710802121.1123354,2.3736251725090876
1710802121.1124482,2.3018108473883734
1710802121.1125612,2.2299967871771917
1710802121.1126742,2.1578325165642633
1710802121.1127872,2.084967427783542
1710802121.1129,2.011051575342814
1710802121.113013,1.9364349047342935
1710802121.113126,1.857964860068427
1710802121.113239,1.7780937088860405
1710802121.1133518,1.695419814851549
1710802121.1134648,1.6120455000135634
1710802121.1135778,1.526218917634752
1710802121.1136909,1.4389910962846544
1710802121.1138036,1.3521134853363037
1710802121.1139166,1.264185110727946
1710802121.1140296,1.1759062608083088
1710802121.1141427,1.0862263043721516
1710802121.1142554,0.9954953193664551
1710802121.1143684,0.9044140577316284
1710802121.1144814,0.8112308714124892
1710802121.1145945,0.7173471318350898
1710802121.1147072,0.6227627065446641
1710802121.1148202,0.5267770753966438
1710802121.1149333,0.4307914442486233
1710802121.1150463,0.33480577998691136
1710802121.115159,0.23741887675391302
1710802121.115272,0.1400319900777605
1710802121.115385,0.041944459080696106
1710802121.115498,-0.055431595279110804
1710802121.1156108,-0.1534999410311381
1710802121.1157238,-0.25086778733465404
1710802121.1158369,-0.34893612066904706
1710802121.1159499,-0.44665422704484725
1710802121.1160626,-0.5436718132760789
1710802121.1161757,-0.6410396761364406
1710802121.1162887,-0.7387577825122409
1710802121.1164017,-0.8368260992897881
1710802121.1165144,-0.9352446926964654
1710802121.1166275,-1.0340134965048895
1710802121.1167405,-1.1313813262515597
1710802121.1168535,-1.2287492222256131
1710802121.1169662,-1.3247161441379123
1710802121.1170793,-1.4203327231936984
1710802121.1171923,-1.5141981177859836
1710802121.1173053,-1.6077133019765217
1710802121.117418,-1.7005279329087999
1710802121.117531,-1.794393327501085
1710802121.117644,-1.8865075376298692
1710802121.117757,-1.9789719581604004
1710802121.1178699,-2.0707359578874374
1710802121.1179829,-2.1614491939544678
1710802121.1180959,-2.2493603494432235
1710802121.118209,-2.335520585378011
1710802121.1183217,-2.420279449886746
1710802121.1184347,-2.5022366311815047
1710802121.1185477,-2.581391864352756
1710802121.1186607,-2.6605468326144748
1710802121.1187735,-2.737250328063965
1710802121.1188865,-2.815705140431722
1710802121.1189995,-2.890657318962945
1710802121.1191125,-2.9663099182976618
1710802121.1192253,-3.0381099383036294
1710802121.1193383,-3.1095597479078503
1710802121.1194513,-3.177507188585069
1710802121.1195643,-3.2437033123440213
1710802121.119677,-3.306397067175971
1710802121.11979,-3.3680399258931475
1710802121.119903,-3.4268808364868164
1710802121.120016,-3.484320905473497
1710802121.1201289,-3.540710343254937
1710802121.1202419,-3.5963990953233504
1710802121.120355,-3.6503367953830295
1710802121.120468,-3.7018224928114147
1710802121.1205807,-3.752257823944092
1710802121.1206937,-3.799540731641981
1710802121.1208067,-3.8443719016181097
1710802121.1209197,-3.886751333872477
1710802121.1210325,-3.9259788725111218
1710802121.1211455,-3.963805039723714
1710802121.1212585,-3.999179734124078
1710802121.1213715,-4.034554428524441
1710802121.1214843,-4.067827595604791
1710802121.1215973,-4.100750552283393
1710802121.1217103,-4.131221771240234
1710802121.1218233,-4.161342779795329
1710802121.121936,-4.189012050628662
1710802121.122049,-4.214229583740234
1710802121.122162,-4.2362949583265515
1710802121.122275,-4.2562588055928545
1710802121.122388,-4.272019863128662
1710802121.122501,-4.286379814147949
1710802121.122614,-4.298638502756755
1710802121.122727,-4.30949608484904
1710802121.1228397,-4.3193027708265515
1710802121.1229527,-4.327708615197076
1710802121.1230657,-4.335063828362359
1710802121.1231787,-4.340317514207628
1710802121.1232915,-4.343119462331136
1710802121.1234045,-4.3434696727328825
1710802121.1235175,-4.341017935011122
1710802121.1236305,-4.334713617960612
1710802121.1237433,-4.327008194393581
1710802121.1238563,-4.317551718817817
1710802121.1239693,-4.307044347127278
1710802121.1240823,-4.2954863442315
1710802121.124195,-4.283577866024441
1710802121.124308,-4.271319442325168
1710802121.1244211,-4.257309701707628
1710802121.1245341,-4.242249064975314
1710802121.124647,-4.224036534627278
1710802121.12476,-4.2030217912462025
1710802121.124873,-4.179555575052897
1710802121.124986,-4.152936935424805
1710802121.1250987,-4.125617874993218
1710802121.1252117,-4.0958470768398705
1710802121.1253247,-4.0667769643995495
1710802121.1254377,-4.036305745442708
1710802121.1255505,-4.005834526485867
1710802121.1256635,-3.9743124114142523
1710802121.1257765,-3.94138945473565
1710802121.1258895,-3.9056645499335394
1710802121.1260023,-3.8671376970079208
1710802121.1261153,-3.8251084751553006
1710802121.1262283,-3.781327936384413
1710802121.1263413,-3.7354458702935114
1710802121.126454,-3.687812752193875
1710802121.1265671,-3.639829423692491
1710802121.1266801,-3.5914956198798285
1710802121.126793,-3.544212712181939
1710802121.126906,-3.4941278563605414
1710802121.127019,-3.443692790137397
1710802121.127132,-3.389755090077718
1710802121.1272447,-3.3344165484110513
1710802121.1273577,-3.2748749521043563
1710802121.1274707,-3.2142827245924206
1710802121.1275837,-3.150888548956977
1710802121.1276965,-3.086443742116292
1710802121.1278095,-3.0216484599643283
1710802121.1279225,-2.9572036531236434
1710802121.1280355,-2.891357739766439
1710802121.1281483,-2.824110984802246
1710802121.1282613,-2.75581333372328
1710802121.1283743,-2.685063944922553
1710802121.1284873,-2.6129137145148382
1710802121.1286001,-2.5379615359836154
1710802121.1287131,-2.4609078301323786
1710802121.1288261,-2.382453282674154
1710802121.1289392,-2.3029478391011557
1710802121.129052,-2.2223914994133844
1710802121.129165,-2.1421857674916587
1710802121.129278,-2.0602285861968994
1710802121.129391,-1.9779213269551594
1710802121.1295037,-1.8945631715986464
1710802121.1296167,-1.8087534109751382
1710802121.1297297,-1.7218928866916232
1710802121.1298428,-1.632580624686347
1710802121.1299555,-1.5415171782175698
1710802121.1300685,-1.4494029680887859
1710802121.1301816,-1.3565883371565077
1710802121.1302946,-1.2620223893059623
1710802121.1304073,-1.1674564414554172
1710802121.1305203,-1.0707891649670072
1710802121.1306334,-0.9737715456220839
1710802121.1307464,-0.8757032288445367
1710802121.1308591,-0.7772846354378594
1710802121.1309721,-0.6774650679694282
1710802121.1310852,-0.5779957109027438
1710802121.1311982,-0.47782593303256565
1710802121.131311,-0.3762551479869419
1710802121.131424,-0.2753848665290409
1710802121.131537,-0.17241310742166308
1710802121.13165,-0.07119258244832356
1710802121.1317627,0.03248601944910155
1710802121.1318758,0.13547792202896541
1710802121.1319888,0.23811951279640198
1710802121.1321018,0.3404107689857483
1710802121.1322145,0.4420014222462972
1710802121.1323276,0.5435920755068461
1710802121.1324406,0.6441317664252387
1710802121.1325536,0.7436205943425497
1710802121.1326663,0.8431093560324775
1710802121.1327794,0.9418974982367622
1710802121.1328924,1.04103598329756
1710802121.1330054,1.1398241255018446
1710802121.1331182,1.2386122014787462
1710802121.1332312,1.3363495137956407
1710802121.1333442,1.4326854546864827
1710802121.1334572,1.526919470893012
1710802121.13357,1.6204529338412814
1710802121.133683,1.7115342617034912
1710802121.133796,1.8008640077379015
1710802121.133909,1.8901936213175454
1710802121.1340218,1.9784724712371826
1710802121.1341348,2.0678022172715926
1710802121.1342478,2.1550300386216903
1710802121.1343608,2.243308756086561
1710802121.1344736,2.328434785207113
1710802121.1345866,2.4121594429016113
1710802121.1346996,2.4941325187683105
1710802121.1348126,2.572602695888943
1710802121.1349254,2.6486203405592175
1710802121.1350384,2.721485561794705
1710802121.1351514,2.79435051812066
1710802121.1352644,2.8637123107910156
1710802121.1353772,2.9334245787726507
1710802121.1354902,3.0020859506395126
1710802121.1356032,3.068995475769043
1710802121.1357162,3.1341536839803057
1710802121.135829,3.1975603103637695
1710802121.135942,3.2567630873786078
1710802121.136055,3.3131633864508734
1710802121.136168,3.367111417982313
1710802121.1362808,3.418257236480713
1710802121.1363938,3.4680016835530596
1710802121.1365068,3.515644073486328
1710802121.1366198,3.561885356903076
1710802121.1367326,3.6074259546067977
1710802121.1368456,3.652265866597493
1710802121.1369586,3.6957046720716686
1710802121.1370716,3.7359907892015243
1710802121.1371844,3.7741748491923013
1710802121.1372974,3.810607327355279
1710802121.1374104,3.8431864314609103
1710802121.1375234,3.873663478427463
1710802121.1376362,3.8999369409349227
1710802121.1377492,3.926210403442383
1710802121.1378622,3.9500315984090166
1710802121.1379752,3.972451686859131
1710802121.138088,3.9945212999979653
1710802121.138201,4.014839596218533
1710802121.138314,4.033406045701769
1710802121.138427,4.050571388668484
1710802121.1385398,4.065634939405653
1710802121.1386528,4.077195061577691
1710802121.1387658,4.085952970716688
1710802121.1388788,4.092959298027886
1710802121.1389916,4.096462461683485
1710802121.1391046,4.100666046142578
1710802121.1392176,4.10206741756863
1710802121.1393306,4.104169209798177
1710802121.1394434,4.10381899939643
1710802121.1395564,4.1045194201999236
1710802121.1396694,4.10206741756863
1710802121.1397824,4.098914464314778
1710802121.1398952,4.091557926601833
1710802121.1400082,4.082800282372369
1710802121.1401212,4.070539209577772
1710802121.1402342,4.054775238037109
1710802121.140347,4.038660791185167
1710802121.14046,4.020094341701931
1710802121.140573,4.001177416907416
1710802121.140686,3.9822604921129012
1710802121.1407988,3.96264288160536
1710802121.1409118,3.942324850294325
1710802121.1410248,3.920605447557237
1710802121.1411378,3.89713446299235
1710802121.1412506,3.8712114757961698
1710802121.1413636,3.8417850600348578
1710802121.1414766,3.8102568520439997
1710802121.1415896,3.7776780128479004
1710802121.1417024,3.7419459554884167
1710802121.1418154,3.707265059153239
1710802121.1419284,3.6722336875067816
1710802121.1420414,3.6368523703681097
1710802121.1421542,3.6014707883199053
1710802121.1422672,3.5646878348456488
1710802121.1423802,3.5265037748548718
1710802121.1424932,3.485166761610243
1710802121.142606,3.4403268496195474
1710802121.142719,3.3937353558010526
1710802121.142832,3.3446915944417315
1710802121.142945,3.2949471473693848
1710802121.1430578,3.2445020145840116
1710802121.1431708,3.1940571467081704
1710802121.1432838,3.1439624892340765
1710802121.1433969,3.09246646033393
1710802121.1435096,3.0395693249172635
1710802121.1436226,2.9852708180745444
1710802121.1437356,2.9274691475762262
1710802121.1438487,2.8665147887335882
1710802121.1439614,2.803808848063151
1710802121.1440744,2.737950219048394
1710802121.1441875,2.670339743296305
1710802121.1443005,2.6020288467407227
1710802121.1444132,2.533367474873861
1710802121.1445262,2.464706367916531
1710802121.1446393,2.394994099934896
1710802121.1447523,2.3238807254367404
1710802121.144865,2.2513659795125327
1710802121.144978,2.176399098502265
1710802121.145091,2.099330292807685
1710802121.145204,2.0205099052853055
1710802121.1453168,1.9392373826768663
1710802121.1454298,1.8583152029249403
1710802121.1455429,1.7759917842017279
1710802121.1456559,1.6929676797654893
1710802121.1457686,1.6099435753292508
1710802121.1458817,1.526218917634752
1710802121.1459947,1.441092888514201
1710802121.1461077,1.3552663061353896
1710802121.1462204,1.268038484785292
1710802121.1463335,1.1783585283491347
1710802121.1464465,1.087627543343438
1710802121.1465595,0.9954953193664551
1710802121.1466722,0.9016115797890557
1710802121.1467853,0.8077277739842732
1710802121.1468983,0.7131433486938477
1710802121.1470113,0.6171577506595187
1710802121.147124,0.5204714669121636
1710802121.147237,0.4234348734219869
1710802121.14735,0.3249970409605238
1710802121.147463,0.2276101377275255
1710802121.1475759,0.1277710414595074
1710802121.1476889,0.02863258123397827
1710802121.1478019,-0.07119258244832356
1710802121.147915,-0.17066188984447056
1710802121.1480277,-0.2708317008283403
1710802121.1481407,-0.3720522258016798
1710802121.1482537,-0.4722220367855496
1710802121.1483667,-0.5741430653466119
1710802121.1484795,-0.6753636068767971
1710802121.1485925,-0.7762338717778523
1710802121.1487055,-0.8771042029062907
1710802121.1488185,-0.9772739807764689
1710802121.1489313,-1.076042784584893
1710802121.1490443,-1.1741111013624403
1710802121.1491573,-1.2714789973364935
1710802121.1492703,-1.3691971037122939
1710802121.149383,-1.466214656829834
1710802121.149496,-1.5632323424021402
1710802121.149609,-1.6595494747161865
1710802121.149722,-1.7555162641737196
1710802121.1498349,-1.8500822120242648
1710802121.149948,-1.942546632554796
1710802121.150061,-2.03396028942532
1710802121.150174,-2.1225721306271024
1710802121.1502867,-2.2101330757141113
1710802121.1503997,-2.2959428363376193
1710802121.1505127,-2.3810521761576333
1710802121.1506257,-2.4658113055759006
1710802121.1507385,-2.5498697492811413
1710802121.1508515,-2.633578247494168
1710802121.1509645,-2.716586059994168
1710802121.1510775,-2.7971421347724066
1710802121.1511903,-2.8759471575419107
1710802121.1513033,-2.9515997568766275
1710802121.1514163,-3.0262017250061035
1710802121.1515293,-3.0969511138068304
1710802121.151642,-3.166649606492784
1710802121.151755,-3.234246836768256
1710802121.151868,-3.3000924852159286
1710802121.151981,-3.36663908428616
1710802121.152094,-3.4300332599216037
1710802121.152207,-3.4927267498440213
1710802121.15232,-3.552618556552463
1710802121.152433,-3.6111092567443848
1710802121.1525457,-3.6664477984110513
1710802121.1526587,-3.718634181552463
1710802121.1527717,-3.7676684061686196
1710802121.1528847,-3.8142508930630155
1710802121.1529975,-3.85978274875217
1710802121.1531105,-3.9021621810065374
1710802121.1532235,-3.943841192457411
1710802121.1533365,-3.9830684661865234
1710802121.1534493,-4.022296004825168
1710802121.1535623,-4.0590715408325195
1710802121.1536753,-4.094096024831136
1710802121.1537883,-4.127018981509738
1710802121.153901,-4.156789514753553
1710802121.154014,-4.183408154381646
1710802121.1541271,-4.207925266689724
1710802121.1542401,-4.230340851677789
1710802121.154353,-4.249604278140597
1710802121.154466,-4.268867704603407
1710802121.154579,-4.285679393344455
1710802121.154692,-4.302140871683757
1710802121.1548047,-4.31720150841607
1710802121.1549177,-4.330860773722331
1710802121.1550307,-4.3420688311258955
1710802121.1551437,-4.35152530670166
1710802121.1552565,-4.356778992546929
1710802121.1553695,-4.360631571875678
1710802121.1554825,-4.360281361473931
1710802121.1555955,-4.358530309465197
1710802121.1557083,-4.355027675628662
1710802121.1558213,-4.350474675496419
1710802121.1559343,-4.34522098965115
1710802121.1560473,-4.338916407691108
1710802121.15616,-4.332612090640597
1710802121.1562731,-4.323155615064833
1710802121.1563861,-4.3122980329725475
1710802121.1564991,-4.298288292355007
1710802121.156612,-4.281476603613959
1710802121.156725,-4.2618627018398705
1710802121.156838,-4.239797327253553
1710802121.156951,-4.216331111060248
1710802121.1570637,-4.19181399875217
1710802121.1571767,-4.166596465640597
1710802121.1572897,-4.1420793533325195
1710802121.1574028,-4.117212030622694
1710802121.1575155,-4.089542759789361
1710802121.1576285,-4.060822592841254
1710802121.1577415,-4.028950532277425
1710802121.1578546,-3.9946264690823026
1710802121.1579673,-3.95680030186971
1710802121.1580803,-3.9172225528293185
1710802121.1581933,-3.875543541378445
1710802121.1583064,-3.832463688320584
1710802121.1584191,-3.789733780754937
1710802121.1585321,-3.7477045589023166
1710802121.1586452,-3.704274230533176
1710802121.1587582,-3.6587426397535534
1710802121.158871,-3.612510363260905
1710802121.158984,-3.564176559448242
1710802121.159097,-3.5119901763068304
1710802121.15921,-3.4570018450419107
1710802121.1593227,-3.400262461768256
1710802121.1594357,-3.341421286265055
1710802121.1595488,-3.2818799548678927
1710802121.1596618,-3.221637937757704
1710802121.1597745,-3.161746131049262
1710802121.1598876,-3.1004534827338324
1710802121.1600006,-3.0395110448201494
1710802121.1601136,-2.975066237979465
1710802121.1602263,-2.9095705350240073
1710802121.1603394,-2.8398720423380532
1710802121.1604524,-2.7684222327338324
1710802121.1605654,-2.6948708958095975
1710802121.1606781,-2.619218031565348
1710802121.1607912,-2.5428650114271374
1710802121.1609042,-2.4661615159776473
1710802121.1610172,-2.3877067036098905
1710802121.16113,-2.3096023665534124
1710802121.161243,-2.2293965021769204
1710802121.161356,-2.1481398741404214
1710802121.161469,-2.0654822720421686
1710802121.1615818,-1.9803729322221544
1710802121.1616948,-1.8931621975368924
1710802121.1618078,-1.8052509095933702
1710802121.1619208,-1.715938647588094
1710802121.1620336,-1.623824569914076
1710802121.1621466,-1.534162097507053
1710802121.1622596,-1.4427483081817627
1710802121.1623726,-1.3513346513112385
1710802121.1624854,-1.2581696775224473
1710802121.1625984,-1.1650048361884222
1710802121.1627114,-1.071489651997884
1710802121.1628244,-0.9758730067147149
1710802121.1629372,-0.8799061510297987
1710802121.1630502,-0.7832387420866225
1710802121.1631632,-0.6862211889690822
1710802121.1632762,-0.588853292995029
1710802121.163389,-0.4904347327020433
1710802121.163502,-0.39096540874905056
1710802121.163615,-0.2921965718269348
1710802121.163728,-0.1920267773999108
1710802121.1638408,-0.09045600063270992
1710802121.1639538,0.009015075241525968
1710802121.1640668,0.10990510384241739
1710802121.1641798,0.21009450157483417
1710802121.1642926,0.3099335895644294
1710802121.1644056,0.40907204151153564
1710802121.1645186,0.5092614558007982
1710802121.1646316,0.6094508700900607
1710802121.1647444,0.7103408707512749
1710802121.1648574,0.8105302519268459
1710802121.1649704,0.9107196993298
1710802121.1650834,1.0095078415340848
1710802121.1651962,1.1075953642527263
1710802121.1653092,1.2042816480000813
1710802121.1654222,1.2985156642066107
1710802121.1655352,1.39204912715488
1710802121.165648,1.4838310082753499
1710802121.165761,1.575963232252333
1710802121.165874,1.6677452458275688
1710802121.165987,1.7584760983784993
1710802121.1660998,1.849907769097222
1710802121.1662128,1.9402884112464056
1710802121.1663258,2.0289174715677896
1710802121.1664388,2.115794950061374
1710802121.1665516,2.199519740210639
1710802121.1666646,2.282894187503391
1710802121.1667776,2.361714310116238
1710802121.1668906,2.4398340119255915
1710802121.1670034,2.5165526072184243
1710802121.1671164,2.5911691453721786
1710802121.1672294,2.6650849978129068
1710802121.1673424,2.738650639851888
1710802121.1674552,2.810815175374349
1710802121.1675682,2.880877653757731
1710802121.1676812,2.94848812950982
1710802121.1677942,3.0129456520080566
1710802121.167907,3.0753011173672147
1710802121.16802,3.135204580095079
1710802121.168133,3.192305564880371
1710802121.1682458,3.24800517823961
1710802121.1683588,3.303004370795356
1710802121.1684718,3.357302877638075
1710802121.1685848,3.4105502234564886
1710802121.1686976,3.462396462758382
1710802121.1688106,3.5128415955437555
1710802121.1689236,3.561535146501329
1710802121.1690366,3.6067252688937717
1710802121.1691494,3.649113178253174
1710802121.1692624,3.688698609670003
1710802121.1693754,3.7258315086364746
1710802121.1694884,3.7598119841681585
1710802121.1696012,3.79239108827379
1710802121.1697142,3.822517924838596
1710802121.1698272,3.8519440756903753
1710802121.1699402,3.8796189096238876
1710802121.170053,3.9058923721313477
1710802121.170166,3.9297135670979815
1710802121.170279,3.9524838659498425
1710802121.170392,3.9717510011461044
1710802121.1705048,3.98891634411282
1710802121.1706178,4.002578523423937
1710802121.1707308,4.0141389105055065
1710802121.1708438,4.024297926161024
1710802121.1709566,4.032705359988742
1710802121.1710696,4.040762583414714
1710802121.1711826,4.047418700324164
1710802121.1712956,4.053373866611056
1710802121.1714084,4.0589788224962025
1710802121.1715214,4.062131775750054
1710802121.1716344,4.063532882266574
1710802121.1717474,4.06283246146308
1710802121.1718602,4.0596795082092285
1710802121.1719732,4.053373866611056
1710802121.1720862,4.046718014611138
1710802121.1721992,4.037609895070394
1710802121.172312,4.027100404103597
1710802121.172425,4.017291598849826
1710802121.172538,4.007132583194308
1710802121.172651,3.9962728818257647
1710802121.1727638,3.9836615986294217
1710802121.1728768,3.9703498946295843
1710802121.1729898,3.953184551662869
1710802121.1731029,3.934267626868354
1710802121.1732156,3.911497328016493
1710802121.1733286,3.8869754473368325
1710802121.1734416,3.8610521952311196
1710802121.1735547,3.834078311920166
1710802121.1736674,3.8064034779866533
1710802121.1737804,3.7790791193644204
1710802121.1738935,3.750353389316135
1710802121.1740065,3.722328609890408
1710802121.1741192,3.6911506123012967
1710802121.1742322,3.657871087392171
1710802121.1743453,3.6228397157457137
1710802121.1744583,3.5839549700419107
1710802121.174571,3.5433189074198403
1710802121.174684,3.500930998060438
1710802121.174797,3.4574921925862627
1710802121.17491,3.4140533871120877
1710802121.1750228,3.3706145816379123
1710802121.1751359,3.326475355360243
1710802121.1752489,3.281284968058268
1710802121.1753619,3.2367952664693194
1710802121.1754746,3.1884521908230252
1710802121.1755877,3.1373063723246255
1710802121.1757007,3.082657655080159
1710802121.1758137,3.025907145606147
1710802121.1759264,2.967755264706082
1710802121.1760395,2.907501326666938
1710802121.1761525,2.8472476535373263
1710802121.1762655,2.786993980407715
1710802121.1763783,2.7256891462537975
1710802121.1764913,2.6640341016981335
1710802121.1766043,2.6009779506259494
1710802121.1767173,2.5361702177259655
1710802121.17683,2.4678590562608504
1710802121.176943,2.3974463674757214
1710802121.177056,2.3245814111497665
1710802121.177169,2.2503150833977594
1710802121.1772819,2.1746475166744657
1710802121.1773949,2.098979949951172
1710802121.1775079,2.021911144256592
1710802121.177621,1.9448424710167778
1710802121.1777337,1.8667227692074246
1710802121.1778467,1.7868514855702717
1710802121.1779597,1.7055789629618325
1710802121.1780727,1.622554858525594
1710802121.1781855,1.5360275904337564
1710802121.1782985,1.448449558681912
1710802121.1784115,1.3601707087622747
1710802121.1785245,1.2704907523261175
1710802121.1786373,1.180110110176934
1710802121.1787503,1.0883281628290813
1710802121.1788633,0.9961959388520982
1710802121.1789763,0.9040637148751153
1710802121.179089,0.8119315571255153
1710802121.179202,0.7176974746916029
1710802121.179315,0.6234633260303073
1710802121.179428,0.5274776948822869
1710802121.1795409,0.4328933027055528
1710802121.179654,0.33480577998691136
1710802121.179767,0.23952075176768833
1710802121.17988,0.14143322904904684
1710802121.1799927,0.04474695771932602
1710802121.1801057,-0.054731108248233795
1710802121.1802187,-0.1513984633816613
1710802121.1803317,-0.2515682743655311
1710802121.1804445,-0.35033709473080105
1710802121.1805575,-0.4491059316529168
1710802121.1806705,-0.5475244919459025
1710802121.1807835,-0.6459430853525797
1710802121.1808963,-0.744361678759257
1710802121.1810093,-0.8424299955368042
1710802121.1811223,-0.9404983785417345
1710802121.1812353,-1.0399676693810356
1710802121.181348,-1.13908674981859
1710802121.181461,-1.2378556198543973
1710802121.181574,-1.3366243574354384
1710802121.181687,-1.4346926742129855
1710802121.1818,-1.5310098065270317
1710802121.181913,-1.626626518037584
1710802121.182026,-1.7204919126298692
1710802121.182139,-1.8136567539638944
1710802121.1822517,-1.9057709640926785
1710802121.1823647,-1.9975349638197157
1710802121.1824777,-2.0896491739484997
1710802121.1825907,-2.181413041220771
1710802121.1827035,-2.271075513627794
1710802121.1828165,-2.3607381184895835
1710802121.1829295,-2.4489996168348522
1710802121.1830425,-2.5344591670566134
1710802121.1831553,-2.61781718995836
1710802121.1832683,-2.6983732647365994
1710802121.1833813,-2.7775284979078503
1710802121.1834943,-2.8552826245625815
1710802121.183607,-2.9309354888068304
1710802121.18372,-3.006588088141547
1710802121.1838331,-3.0811900562710233
1710802121.1839461,-3.1543911827935114
1710802121.184059,-3.2251403066847057
1710802121.184172,-3.294839064280192
1710802121.184285,-3.361385398440891
1710802121.184398,-3.4258302052815752
1710802121.1845107,-3.486772643195258
1710802121.1846237,-3.5466644499037
1710802121.1847367,-3.603404098086887
1710802121.1848497,-3.658392164442274
1710802121.1849625,-3.713030285305447
1710802121.1850755,-3.765917354159885
1710802121.1851885,-3.8170528411865234
1710802121.1853015,-3.867487907409668
1710802121.1854143,-3.9158217112223306
1710802121.1855273,-3.961003091600206
1710802121.1856403,-4.004083209567599
1710802121.1857533,-4.043310483296712
1710802121.185866,-4.079735808902316
1710802121.1859791,-4.114059872097439
1710802121.1860921,-4.145931932661268
1710802121.1862051,-4.175002310011122
1710802121.186318,-4.204072422451443
1710802121.186431,-4.231391482883029
1710802121.186544,-4.256609280904134
1710802121.186657,-4.280075497097439
1710802121.1867697,-4.302491082085504
1710802121.1868827,-4.321754508548312
1710802121.1869957,-4.338215986887614
1710802121.1871088,-4.35152530670166
1710802121.1872215,-4.362733099195692
1710802121.1873345,-4.3697381019592285
1710802121.1874475,-4.376042419009738
1710802121.1875606,-4.380245208740234
1710802121.1876733,-4.383397632175021
1710802121.1877863,-4.38619958029853
1710802121.1878994,-4.387600421905518
1710802121.1880124,-4.387600421905518
1710802121.1881251,-4.385148684183757
1710802121.1882381,-4.38094589445326
1710802121.1883512,-4.373940891689724
1710802121.1884642,-4.363083309597439
1710802121.188577,-4.350824885898166
1710802121.18869,-4.336114459567599
1710802121.188803,-4.320353666941325
1710802121.188916,-4.303191502888997
1710802121.1890287,-4.287080499860975
1710802121.1891418,-4.269918335808648
1710802121.1892548,-4.251005384657118
1710802121.1893678,-4.231041272481282
1710802121.1894805,-4.208975897894965
1710802121.1895936,-4.183758364783393
1710802121.1897066,-4.155738883548312
1710802121.1898196,-4.1242170333862305
1710802121.1899323,-4.091294076707628
1710802121.1900454,-4.0569700135125055
1710802121.1901584,-4.021595319112142
1710802121.1902714,-3.9858704143100314
1710802121.1903841,-3.950495719909668
1710802121.1904972,-3.9137201839023166
1710802121.1906102,-3.875193330976698
1710802121.1907232,-3.8335143195258246
1710802121.190836,-3.7904342015584307
1710802121.190949,-3.743501504262288
1710802121.191062,-3.693416648440891
1710802121.191175,-3.641230265299479
1710802121.1912878,-3.5879932509528265
1710802121.1914008,-3.5337053404914007
1710802121.1915138,-3.4794176949395075
1710802121.1916268,-3.4247795740763345
1710802121.1917396,-3.3697912428114147
1710802121.1918526,-3.312351173824734
1710802121.1919656,-3.2542106840345593
1710802121.1920786,-3.1925675604078503
1710802121.1921914,-3.1284729639689126
1710802121.1923044,-3.0619266298082137
1710802121.1924174,-2.993628978729248
1710802121.1925304,-2.9232300652398004
1710802121.1926432,-2.852480676439073
1710802121.1927562,-2.7813810772365994
1710802121.1928692,-2.7092308468288846
1710802121.1929822,-2.6370806164211698
1710802121.193095,-2.562828858693441
1710802121.193208,-2.486825784047445
1710802121.193321,-2.4083712365892196
1710802121.193434,-2.3271144760979547
1710802121.1935468,-2.244807349310981
1710802121.1936598,-2.1596978770362005
1710802121.1937728,-2.073537906010946
1710802121.1938858,-1.9863271713256836
1710802121.1939986,-1.8987660937839084
1710802121.1941116,-1.8101543850368924
1710802121.1942246,-1.7208421230316162
1710802121.1943376,-1.630479097366333
1710802121.1944504,-1.5380146768358018
1710802121.1945634,-1.4452000459035237
1710802121.1946764,-1.3495834668477376
1710802121.1947894,-1.2536165449354384
1710802121.1949022,-1.155898438559638
1710802121.1950152,-1.0571296347512138
1710802121.1951282,-0.9576602776845295
1710802121.1952412,-0.8574904998143513
1710802121.195354,-0.7566202349132961
1710802121.195467,-0.6557499037848579
1710802121.19558,-0.5527781777911716
1710802121.195693,-0.45120739274554783
1710802121.1958058,-0.3485858771536085
1710802121.1959188,-0.24561411804623073
1710802121.1960318,-0.14299261901113722
1710802121.1961448,-0.04142183396551344
1710802121.1962576,0.06156196196873982
1710802121.1963706,0.1638532347149319
1710802121.1964836,0.2657941977183024
1710802121.1965966,0.3677351607216729
1710802121.1967094,0.4710773958100213
1710802121.1968224,0.5726680490705702
1710802121.1969354,0.6735580497317843
1710802121.1970484,0.7740977737638686
1710802121.1971612,0.8728859159681532
1710802121.1972742,0.9709734386867946
1710802121.1973872,1.0669591029485066
1710802121.1975002,1.1629447672102187
1710802121.197613,1.2582298119862874
1710802121.197726,1.3545657528771293
1710802121.197839,1.4502010080549452
1710802121.197952,1.5468872918023002
1710802121.1980648,1.641471783320109
1710802121.1981778,1.733954217698839
1710802121.1982908,1.8246852027045355
1710802121.1984038,1.915065844853719
1710802121.1985166,2.002293666203817
1710802121.1986296,2.087419695324368
1710802121.1987426,2.171845038731893
1710802121.1988556,2.2548691431681314
1710802121.1989684,2.337542904747857
1710802121.1990814,2.419866191016303
1710802121.1991944,2.5021897421942816
1710802121.1993074,2.5817108154296875
1710802121.1994202,2.6601807276407876
1710802121.1995332,2.735848161909315
1710802121.1996462,2.8087133831448026
1710802121.1997592,2.8780751758151584
1710802121.199872,2.9453351762559676
1710802121.199985,3.0094424883524575
1710802121.200098,3.072848849826389
1710802121.200211,3.134854369693332
1710802121.2003238,3.1965094142489963
1710802121.2004368,3.2550115055508084
1710802121.2005498,3.3138640721638994
1710802121.2006629,3.368862999810113
1710802121.2007756,3.4214099248250323
1710802121.2008886,3.4711543718973794
1710802121.2010016,3.518096341027154
1710802121.2011147,3.561535146501329
1710802121.2012274,3.6032221052381725
1710802121.2013404,3.643508222368028
1710802121.2014534,3.6827431784735785
1710802121.2015665,3.719876342349582
1710802121.2016792,3.7566590309143066
1710802121.2017922,3.7920406129625106
1710802121.2019053,3.8249701923794217
1710802121.2020183,3.8564981354607477
1710802121.202131,3.884873655107286
1710802121.202244,3.910796642303467
1710802121.202357,3.933566941155328
1710802121.20247,3.9542354477776422
1710802121.2025828,3.9728018972608776
1710802121.2026958,3.9892668194240994
1710802121.2028089,4.004330105251736
1710802121.2029219,4.018692970275879
1710802121.2030346,4.031654463873969
1710802121.2031476,4.043915536668566
1710802121.2032607,4.054074552324083
1710802121.2033737,4.062481986151801
1710802121.2034864,4.068086942036946
1710802121.2035995,4.070889419979519
1710802121.2037125,4.071239895290798
1710802121.2038255,4.069138103061252
1710802121.2039382,4.065634939405653
1710802121.2040513,4.0596795082092285
1710802121.2041643,4.054074552324083
1710802121.2042773,4.046718014611138
1710802121.20439,4.040412373012966
1710802121.204503,4.032004939185248
1710802121.204616,4.022896819644504
1710802121.204729,4.011686642964681
1710802121.2048419,3.9980244636535645
1710802121.2049549,3.980508910285102
1710802121.2050679,3.9615919854905868
1710802121.205181,3.9405732684665256
1710802121.2052937,3.9178029696146646
1710802121.2054067,3.8950326707628036
1710802121.2055197,3.8712114757961698
1710802121.2056327,3.8477404912312823
1710802121.2057455,3.823218610551622
1710802121.2058585,3.7979960441589355
1710802121.2059715,3.7713723712497287
1710802121.2060845,3.7419459554884167
1710802121.2061973,3.7104180124070907
1710802121.2063103,3.6753866407606335
1710802121.2064233,3.639304372999403
1710802121.2065363,3.6018209987216525
1710802121.206649,3.5636369387308755
1710802121.206762,3.5247521930270724
1710802121.206875,3.4862179226345487
1710802121.206988,3.4483840730455184
1710802121.2071009,3.408448431226942
1710802121.2072139,3.367111417982313
1710802121.207327,3.322972191704644
1710802121.20744,3.275680012173123
1710802121.2075527,3.225585354699029
1710802121.2076657,3.173388640085856
1710802121.2077787,3.119440608554416
1710802121.2078917,3.0644414159986706
1710802121.2080045,3.0090920130411782
1710802121.2081175,2.954093085394965
1710802121.2082305,2.8983932071261935
1710802121.2083435,2.842343383365207
1710802121.2084563,2.783841027153863
1710802121.2085693,2.7232371436225042
1710802121.2086823,2.659830517239041
1710802121.2087953,2.5939716233147516
1710802121.208908,2.526711622873942
1710802121.209021,2.456999354892307
1710802121.209134,2.387287351820204
1710802121.209247,2.3168743981255426
1710802121.20936,2.2461112340291343
1710802121.209473,2.1742971738179526
1710802121.209586,2.1017824278937445
1710802121.2096987,2.0282167858547635
1710802121.2098117,1.9525493515862358
1710802121.2099247,1.8744296497768826
1710802121.2100377,1.794908708996243
1710802121.2101505,1.7136361863878038
1710802121.2102635,1.6306120819515653
1710802121.2103765,1.5475879775153265
1710802121.2104895,1.4624619483947754
1710802121.2106023,1.3787372907002766
1710802121.2107153,1.2925603654649522
1710802121.2108283,1.2060332298278809
1710802121.2109413,1.11845506562127
1710802121.211054,1.0298259390725029
1710802121.211167,0.9380440579520332
1710802121.21128,0.8469627963172065
1710802121.211393,0.753078990512424
1710802121.211506,0.6584946314493815
1710802121.211619,0.5639102061589559
1710802121.211732,0.46862519449657863
1710802121.211845,0.3722892204920451
1710802121.2119577,0.2752526435587141
1710802121.2120707,0.17856637636820474
1710802121.2121837,0.0801285273498959
1710802121.2122967,-0.017605237662792206
1710802121.2124095,-0.11497308810551961
1710802121.2125225,-0.21269117792447406
1710802121.2126355,-0.3114599982897441
1710802121.2127485,-0.4084776176346673
1710802121.2128613,-0.506545967525906
1710802121.2129743,-0.6042640739017062
1710802121.2130873,-0.7026826010810004
1710802121.2132003,-0.8014514711168077
1710802121.213313,-0.898469090461731
1710802121.213426,-0.9961871306101481
1710802121.2135391,-1.0935550265842013
1710802121.2136521,-1.1891716056399875
1710802121.213765,-1.2837375534905326
1710802121.213878,-1.3783033688863118
1710802121.213991,-1.47181855307685
1710802121.214104,-1.5646333164638944
1710802121.2142167,-1.6570977369944253
1710802121.2143297,-1.7495621575249565
1710802121.2144427,-1.8420265780554876
1710802121.2145557,-1.9341407881842718
1710802121.2146685,-2.0245036813947888
1710802121.2147815,-2.114516496658325
1710802121.2148945,-2.202077441745334
1710802121.2150075,-2.2868365711636014
1710802121.2151203,-2.3712452252705893
1710802121.2152333,-2.453202406565348
1710802121.2153463,-2.5344591670566134
1710802121.2154593,-2.6150152418348522
1710802121.215572,-2.6941704750061035
1710802121.2156851,-2.772975232866075
1710802121.2157981,-2.8517802556355796
1710802121.2159111,-2.9281335406833224
1710802121.216024,-3.002034823099772
1710802121.216137,-3.074535528818766
1710802121.21625,-3.1435336007012262
1710802121.216363,-3.209729724460178
1710802121.2164757,-3.2752251625061035
1710802121.2165887,-3.338619338141547
1710802121.2167017,-3.400262461768256
1710802121.2168148,-3.460504478878445
1710802121.2169275,-3.5203960206773544
1710802121.2170405,-3.578186300065782
1710802121.2171535,-3.6345757378472223
1710802121.2172666,-3.688863648308648
1710802121.2173793,-3.74069955613878
1710802121.2174923,-3.78938357035319
1710802121.2176054,-3.8356158468458386
1710802121.2177184,-3.8793963856167264
1710802121.2178311,-3.9200245009528265
1710802121.2179441,-3.9596022499932184
1710802121.2180572,-3.9970782068040633
1710802121.2181702,-4.034204218122694
1710802121.218283,-4.068528016408284
1710802121.218396,-4.10250186920166
1710802121.218509,-4.13437392976549
1710802121.218622,-4.164144727918837
1710802121.2187347,-4.190763367546929
1710802121.2188478,-4.214930004543728
1710802121.2189608,-4.2362949583265515
1710802121.2190738,-4.255208174387614
1710802121.2191865,-4.272720283932156
1710802121.2192996,-4.287080499860975
1710802121.2194126,-4.301090240478516
1710802121.2195256,-4.314049084981282
1710802121.2196383,-4.325957563188341
1710802121.2197514,-4.336114459567599
1710802121.2198644,-4.344870779249403
1710802121.2199774,-4.351175096299913
1710802121.2200902,-4.355728096432156
1710802121.2202032,-4.355377886030409
1710802121.2203162,-4.353626834021674
1710802121.2204292,-4.348723358578152
1710802121.220542,-4.342419041527642
1710802121.220655,-4.333662721845839
1710802121.220768,-4.326307773590088
1710802121.220881,-4.3158004018995495
1710802121.2209938,-4.306694136725532
1710802121.2211068,-4.294785658518474
1710802121.2212198,-4.282177024417453
1710802121.2213328,-4.266065756479899
1710802121.2214456,-4.24680233001709
1710802121.2215586,-4.225437376234266
1710802121.2216716,-4.200219843122694
1710802121.2217846,-4.175002310011122
1710802121.2218974,-4.1476832495795355
1710802121.2220104,-4.120364189147949
1710802121.2221234,-4.0923447079128685
1710802121.2222364,-4.0646754370795355
1710802121.2223492,-4.035605059729682
1710802121.2224622,-4.004083209567599
1710802121.2225752,-3.9704598320855036
1710802121.2226882,-3.934384716881646
1710802121.222801,-3.8944567574395075
1710802121.222914,-3.853127956390381
1710802121.223027,-3.809347417619493
1710802121.22314,-3.7648664580451117
1710802121.2232528,-3.720035288068983
1710802121.2233658,-3.6748536427815752
1710802121.2234788,-3.629322052001953
1710802121.2235918,-3.5823893547058105
1710802121.2237046,-3.5337053404914007
1710802121.2238176,-3.482569853464762
1710802121.2239306,-3.4286321534050836
1710802121.2240436,-3.3711920844184027
1710802121.2241564,-3.3116507530212402
1710802121.2242694,-3.2493072085910373
1710802121.2243824,-3.1862632433573403
1710802121.2244954,-3.1228690677218967
1710802121.2246082,-3.058774471282959
1710802121.2247212,-2.993278768327501
1710802121.2248342,-2.927082644568549
1710802121.2249472,-2.8594856792026095
1710802121.22506,-2.7897869216071234
1710802121.225173,-2.716586059994168
1710802121.225286,-2.642334302266439
1710802121.225399,-2.564930386013455
1710802121.2255118,-2.4864755736456976
1710802121.2256248,-2.4069701300726996
1710802121.2257378,-2.3264140552944608
1710802121.2258508,-2.245157559712728
1710802121.2259636,-2.1646013524797225
1710802121.2260766,-2.0819437503814697
1710802121.2261896,-1.9978851742214627
1710802121.2263026,-1.9124256239997015
1710802121.2264154,-1.8252148893144395
1710802121.2265284,-1.7362528377109103
1710802121.2266414,-1.6448391808403862
1710802121.2267544,-1.5534255239698622
1710802121.2268672,-1.4606107605828178
1710802121.2269802,-1.3674459192487929
1710802121.2270932,-1.2725297609965007
1710802121.2272062,-1.1776136027442083
1710802121.227319,-1.0816466808319092
1710802121.227432,-0.9849793381161159
1710802121.227545,-0.8876115083694458
1710802121.227658,-0.7884924279318916
1710802121.2277708,-0.6900738345252143
1710802121.2278838,-0.589553780025906
1710802121.2279968,-0.4886835151248508
1710802121.2281098,-0.38711273007922703
1710802121.2282226,-0.28554194503360325
1710802121.2283356,-0.18221994241078696
1710802121.2284486,-0.07889794806639354
1710802121.2285616,0.024779143018854987
1710802121.2286744,0.12882197896639505
1710802121.2287874,0.23321512672636244
1710802121.2289004,0.3358567092153761
1710802121.2290134,0.43919894430372447
1710802121.2291262,0.5414902170499166
1710802121.2292392,0.6430808703104655
1710802121.2293522,0.745021833313836
1710802121.2294652,0.8469627963172065
1710802121.229578,0.9485534164640639
1710802121.229691,1.0504943794674344
1710802121.229804,1.1513843801286485
1710802121.229917,1.252274513244629
1710802121.2300298,1.3503620359632704
1710802121.2301428,1.4480992158253987
1710802121.2302558,1.5430339177449544
1710802121.2303689,1.6365673806932237
1710802121.2304816,1.7279989189571805
1710802121.2305946,1.818729903962877
1710802121.2307076,1.9098112318250868
1710802121.2308207,1.9991408454047308
1710802121.2309334,2.0898718304104276
1710802121.2310464,2.1788512335883246
1710802121.2311594,2.266079054938422
1710802121.2312725,2.3512050840589733
1710802121.2313852,2.434229056040446
1710802121.2314982,2.5137501292758517
1710802121.2316113,2.5911691453721786
1710802121.2317243,2.667187054951986
1710802121.231837,2.7393513255649142
1710802121.23195,2.812216281890869
1710802121.232063,2.88438081741333
1710802121.232176,2.954093085394965
1710802121.2322888,3.0248562494913735
1710802121.2324018,3.091765774620904
1710802121.2325149,3.157274193233914
1710802121.2326279,3.2192797131008573
1710802121.2327406,3.2788327005174422
1710802121.2328537,3.335583474900987
1710802121.2329667,3.388830820719401
1710802121.2330797,3.4406773249308267
1710802121.2331924,3.491122192806668
1710802121.2333055,3.5408666398790145
1710802121.2334185,3.588158819410536
1710802121.2335315,3.635450998942057
1710802121.2336442,3.680641386244032
1710802121.2337573,3.723729716406928
1710802121.2338703,3.7640158335367837
1710802121.2339833,3.801148732503255
1710802121.234096,3.8358298937479653
1710802121.234209,3.866306940714518
1710802121.234322,3.8946821954515243
1710802121.234435,3.920605447557237
1710802121.2345479,3.945828013949924
1710802121.2346609,3.968598312801785
1710802121.2347739,3.9910184012518988
1710802121.234887,4.011686642964681
1710802121.2349997,4.030603567759196
1710802121.2351127,4.048119121127658
1710802121.2352257,4.062131775750054
1710802121.2353387,4.074743058946398
1710802121.2354515,4.084551599290636
1710802121.2355645,4.091908401913113
1710802121.2356775,4.097513357798259
1710802121.2357905,4.101016521453857
1710802121.2359033,4.103468524085151
1710802121.2360163,4.10557058122423
1710802121.2361293,4.106971687740749
1710802121.2362423,4.107672373453776
1710802121.236355,4.106971687740749
1710802121.236468,4.10381899939643
1710802121.236581,4.098564253913032
1710802121.236694,4.090857240888807
1710802121.2368069,4.079647329118517
1710802121.2369199,4.066685835520427
1710802121.237033,4.0516222847832575
1710802121.237146,4.035507837931315
1710802121.2372587,4.018692970275879
1710802121.2373717,4.002578523423937
1710802121.2374847,3.9850629700554743
1710802121.2375977,3.9671969413757324
1710802121.2377105,3.9482800165812173
1710802121.2378235,3.9258601930406356
1710802121.2379365,3.900987837049696
1710802121.2380495,3.872963057623969
1710802121.2381623,3.842835956149631
1710802121.2382753,3.8099066416422525
1710802121.2383883,3.776276641421848
1710802121.2385013,3.742646641201443
1710802121.238614,3.707615269554986
1710802121.238727,3.671883477105035
1710802121.23884,3.6375527911716037
1710802121.238953,3.6004196272956
1710802121.239066,3.561885356903076
1710802121.239179,3.5212490293714733
1710802121.239292,3.4760586420694985
1710802121.239405,3.4294671482510037
1710802121.2395177,3.380773862202962
1710802121.2396307,3.330678939819336
1710802121.2397437,3.280234071943495
1710802121.2398567,3.229438728756375
1710802121.2399695,3.179344071282281
1710802121.2400825,3.1292494138081866
1710802121.2401955,3.077052699195014
1710802121.2403085,3.023104667663574
1710802121.2404213,2.965653207567003
1710802121.2405343,2.907501326666938
1710802121.2406473,2.8440949651930065
1710802121.2407603,2.780337863498264
1710802121.240873,2.715179920196533
1710802121.240986,2.6496712366739907
1710802121.241099,2.5824112362331815
1710802121.2412121,2.5162023968166776
1710802121.241325,2.4485919210645886
1710802121.241438,2.380631234910753
1710802121.241551,2.3091676500108504
1710802121.241664,2.2363024287753634
1710802121.2417767,2.161335680219862
1710802121.2418897,2.0828656355539956
1710802121.2420027,2.0043955908881292
1710802121.2421157,1.9234734111362033
1710802121.2422285,1.841850545671251
1710802121.2423415,1.7588264412350125
1710802121.2424545,1.6775539186265733
1710802121.2425675,1.5938292609320746
1710802121.2426803,1.5097542603810628
1710802121.2427933,1.4242778884039984
1710802121.2429063,1.3366997241973877
1710802121.2430193,1.2484210067325168
1710802121.243132,1.1580403645833333
1710802121.2432451,1.0669591029485066
1710802121.2433581,0.9748268789715236
1710802121.2434711,0.8823443783654107
1710802121.243584,0.7895115349027846
1710802121.243697,0.6956277290980021
1710802121.24381,0.6017439895206027
1710802121.243923,0.5071595642301772
1710802121.2440357,0.4111739330821567
1710802121.2441487,0.31518826882044476
1710802121.2442617,0.21850200162993536
1710802121.2443748,0.12146541641818152
1710802121.2444875,0.02372820344236162
1710802121.2446005,-0.0743447740872701
1710802121.2447135,-0.17311359445254007
1710802121.2448266,-0.27258291840553284
1710802121.2449393,-0.37275271283255684
1710802121.2450523,-0.4722220367855496
1710802121.2451653,-0.5716913276248508
1710802121.2452784,-0.6718611717224121
1710802121.2453911,-0.7706299755308363
1710802121.2455041,-0.8693987793392605
1710802121.2456172,-0.9678173727459377
1710802121.2457302,-1.065185268719991
1710802121.245843,-1.1622028880649142
1710802121.245956,-1.2592204411824544
1710802121.246069,-1.3562379942999945
1710802121.246182,-1.4536058902740479
1710802121.2462947,-1.550273232989841
1710802121.2464077,-1.6469405757056341
1710802121.2465208,-1.7408061027526855
1710802121.2466338,-1.8346714973449707
1710802121.2467465,-1.9264353646172416
1710802121.2468596,-2.016097837024265
1710802121.2469726,-2.104359335369534
1710802121.2470856,-2.191570202509562
1710802121.2471983,-2.27667940987481
1710802121.2473114,-2.362489170498318
1710802121.2474244,-2.447598510318332
1710802121.2475374,-2.5316572189331055
1710802121.2476501,-2.6139646106296115
1710802121.2477632,-2.6955713166130915
1710802121.2478762,-2.773675653669569
1710802121.2479892,-2.850379149119059
1710802121.248102,-2.924280696445041
1710802121.248215,-2.995730506049262
1710802121.248328,-3.066129684448242
1710802121.248441,-3.134427070617676
1710802121.2485538,-3.2023745112948947
1710802121.2486668,-3.2692710558573403
1710802121.2487798,-3.3351169692145453
1710802121.2488928,-3.399211565653483
1710802121.2490056,-3.4619053204854326
1710802121.2491186,-3.522497547997369
1710802121.2492316,-3.5802878273857965
1710802121.2493446,-3.6345757378472223
1710802121.2494574,-3.6860617001851397
1710802121.2495704,-3.7357963456047907
1710802121.2496834,-3.783429463704427
1710802121.2497964,-3.8282606336805554
1710802121.2499092,-3.873091803656684
1710802121.2500222,-3.9158217112223306
1710802121.2501352,-3.957150512271457
1710802121.2502482,-3.9967279964023166
1710802121.250361,-4.033854007720947
1710802121.250474,-4.068528016408284
1710802121.250587,-4.100400341881646
1710802121.2507,-4.128770033518474
1710802121.2508128,-4.155038462744819
1710802121.2509258,-4.178504678938124
1710802121.2510388,-4.200219843122694
1710802121.2511516,-4.220533900790744
1710802121.2512646,-4.239447116851807
1710802121.2513776,-4.257659912109375
1710802121.2514906,-4.274471600850423
1710802121.2516034,-4.289181762271457
1710802121.2517164,-4.302140871683757
1710802121.2518294,-4.312648243374294
1710802121.2519424,-4.3200034565395775
1710802121.2520552,-4.3256073527865935
1710802121.2521682,-4.328058825598823
1710802121.2522812,-4.328759511311849
1710802121.2523942,-4.328058825598823
1710802121.252507,-4.326657983991835
1710802121.25262,-4.3235058254665795
1710802121.252733,-4.321054087744819
1710802121.252846,-4.316500822703044
1710802121.2529588,-4.311247136857775
1710802121.2530718,-4.30284129248725
1710802121.2531848,-4.292684396107991
1710802121.2532978,-4.2790248658921985
1710802121.2534106,-4.262563387552897
1710802121.2535236,-4.244000381893581
1710802121.2536366,-4.223686324225532
1710802121.2537496,-4.2030217912462025
1710802121.2538624,-4.181656837463379
1710802121.2539754,-4.159591462877062
1710802121.2540884,-4.136475457085504
1710802121.2542014,-4.113359451293945
1710802121.2543142,-4.086390601264106
1710802121.2544272,-4.058020644717746
1710802121.2545402,-4.026148584153917
1710802121.2546532,-3.9911241001553006
1710802121.254766,-3.9536481433444552
1710802121.254879,-3.91477108001709
1710802121.254992,-3.874843120574951
1710802121.255105,-3.8345649507310653
1710802121.2552178,-3.794637256198459
1710802121.2553308,-3.7533084551493325
1710802121.2554438,-3.711279233296712
1710802121.2555568,-3.6667982737223306
1710802121.2556696,-3.620565997229682
1710802121.2557826,-3.570481141408284
1710802121.2558956,-3.5186449686686196
1710802121.2560086,-3.463306427001953
1710802121.2561214,-3.4069169892205133
1710802121.2562344,-3.3498273955451117
1710802121.2563474,-3.2923873265584307
1710802121.2564604,-3.234597047170003
1710802121.2565732,-3.1757558716668024
1710802121.2566862,-3.1172651714748807
1710802121.2567992,-3.0563227335611978
1710802121.2569122,-2.99222813712226
1710802121.257025,-2.9267324341668024
1710802121.257138,-2.8580845726860895
1710802121.257251,-2.787335183885362
1710802121.257364,-2.7148347430759006
1710802121.2574768,-2.642334302266439
1710802121.2575898,-2.5687829653422036
1710802121.2577028,-2.494180997212728
1710802121.2578158,-2.4192288186815047
1710802121.2579286,-2.3432257440355087
1710802121.2580416,-2.264771196577284
1710802121.2581546,-2.185615963406033
1710802121.2582676,-2.104009124967787
1710802121.2583804,-2.019250128004286
1710802121.2584934,-1.9341407881842718
1710802121.2586064,-1.8476304743025038
1710802121.2587194,-1.7600693967607286
1710802121.2588322,-1.6707572672102187
1710802121.2589452,-1.5817952156066895
1710802121.2590582,-1.4914323223961723
1710802121.2591712,-1.401069296730889
1710802121.259284,-1.309305297003852
1710802121.259397,-1.21579024526808
1710802121.25951,-1.1219247182210286
1710802121.259623,-1.0263081391652424
1710802121.2597358,-0.9303412834803263
1710802121.2598488,-0.8336739407645332
1710802121.2599618,-0.7363060447904799
1710802121.2600749,-0.6378874513838027
1710802121.2601876,-0.5394688910908169
1710802121.2603006,-0.4403498106532627
1710802121.2604136,-0.33947954575220746
1710802121.2605267,-0.23825900422202215
1710802121.2606394,-0.1384394367535909
1710802121.2607524,-0.038269638187355466
1710802121.2608654,0.0629632133576605
1710802121.2609785,0.16175135970115662
1710802121.2610912,0.2622910837332408
1710802121.2612042,0.3614295522371928
1710802121.2613173,0.4616189334127638
1710802121.2614303,0.5611077282163832
1710802121.261543,0.6623480717341105
1710802121.261656,0.7614864905675252
1710802121.261769,0.8609753184848361
1710802121.261882,0.9590628412034776
1710802121.2619948,1.056449744436476
1710802121.2621078,1.1517347229851616
1710802121.2622209,1.2466694249047172
1710802121.2623339,1.3416041268242729
1710802121.2624466,1.4351375897725422
1710802121.2625597,1.529722081290351
1710802121.2626727,1.6239560974968803
1710802121.2627857,1.717839903301663
1710802121.2628984,1.811023023393419
1710802121.2630115,1.9038559330834282
1710802121.2631245,1.9942365752326117
1710802121.2632375,2.0821649498409696
1710802121.2633502,2.1676411893632674
1710802121.2634633,2.2510157691107855
1710802121.2635763,2.3322881592644586
1710802121.2636893,2.411458757188585
1710802121.263802,2.4906293551127114
1710802121.263915,2.568749056922065
1710802121.264028,2.646168337927924
1710802121.264141,2.7211350864834256
1710802121.2642539,2.7947007285224066
1710802121.2643669,2.865463892618815
1710802121.2644799,2.9334245787726507
1710802121.264593,2.998582786983914
1710802121.2647057,3.0612887276543512
1710802121.2648187,3.1211921903822155
1710802121.2649317,3.1796942816840277
1710802121.2650447,3.2367952664693194
1710802121.2651575,3.293195565541585
1710802121.2652705,3.348544968499078
1710802121.2653835,3.4017925792270236
1710802121.2654965,3.453989028930664
1710802121.2656093,3.5037334760030108
1710802121.2657223,3.549974759419759
1710802121.2658353,3.595515357123481
1710802121.2659483,3.6368523703681097
1710802121.266061,3.67608732647366
1710802121.266174,3.7135707007514105
1710802121.266287,3.749652968512641
1710802121.2664,3.784333864847819
1710802121.2665129,3.8179638650682235
1710802121.266626,3.850893179575602
1710802121.266739,3.8820711771647134
1710802121.266852,3.911147117614746
1710802121.2669647,3.9381210009256997
1710802121.2670777,3.961942195892334
1710802121.2671907,3.9829611778259277
1710802121.2673037,4.001527627309163
1710802121.2674165,4.017291598849826
1710802121.2675295,4.032004939185248
1710802121.2676425,4.044616222381592
1710802121.2677555,4.055826134151882
1710802121.2678683,4.066335360209147
1710802121.2679813,4.075793955061171
1710802121.2680943,4.083851178487142
1710802121.2682073,4.089456134372287
1710802121.26832,4.093309508429633
1710802121.268433,4.094360404544406
1710802121.268546,4.092959298027886
1710802121.268659,4.088755448659261
1710802121.268772,4.082800282372369
1710802121.268885,4.074042373233371
1710802121.268998,4.066335360209147
1710802121.269111,4.056877030266656
1710802121.2692237,4.047418700324164
1710802121.2693367,4.037259419759114
1710802121.2694497,4.025699297587077
1710802121.2695627,4.012387328677707
1710802121.2696755,3.997323777940538
1710802121.2697885,3.9787573284573026
1710802121.2699015,3.9573881361219616
1710802121.2700145,3.934267626868354
1710802121.2701273,3.9097457461886935
1710802121.2702403,3.8838224940829806
1710802121.2703533,3.858249717288547
1710802121.2704663,3.8323267300923662
1710802121.270579,3.8060532675849066
1710802121.270692,3.7787289089626737
1710802121.2708051,3.749652968512641
1710802121.2709181,3.7184749709235296
1710802121.271031,3.684494760301378
1710802121.271144,3.645960489908854
1710802121.271257,3.6063750584920244
1710802121.27137,3.5646878348456488
1710802121.2714827,3.5212490293714733
1710802121.2715957,3.478160699208577
1710802121.2717087,3.4357727898491754
1710802121.2718217,3.3916332986619735
1710802121.2719345,3.3474940723843045
1710802121.2720475,3.3012527889675565
1710802121.2721605,3.2518588172064886
1710802121.2722735,3.200712998708089
1710802121.2723863,3.146764967176649
1710802121.2724993,3.0896639823913574
1710802121.2726123,3.030811415778266
1710802121.2727253,2.9716086387634277
1710802121.272838,2.911004490322537
1710802121.2729511,2.8514515029059515
1710802121.2730641,2.7911975648668075
1710802121.2731771,2.730593681335449
1710802121.27329,2.667887740665012
1710802121.273403,2.604130638970269
1710802121.273516,2.537571324242486
1710802121.273629,2.4682095315721297
1710802121.2737417,2.397095892164442
1710802121.2738547,2.3249316215515137
1710802121.2739677,2.2513659795125327
1710802121.2740808,2.176749308904012
1710802121.2741935,2.1017824278937445
1710802121.2743065,2.02646533648173
1710802121.2744195,1.9500970840454102
1710802121.2745326,1.873378621207343
1710802121.2746453,1.7921060985989041
1710802121.2747583,1.710833575990465
1710802121.2748713,1.6267585754394531
1710802121.2749844,1.5409319930606418
1710802121.2750971,1.4537041717105441
1710802121.2752101,1.3650751113891602
1710802121.2753232,1.2767963939242892
1710802121.2754362,1.187116305033366
1710802121.275549,1.0970860057406955
1710802121.275662,1.0060046778784857
1710802121.275775,0.9142227967580159
1710802121.275888,0.8210396766662598
1710802121.2760007,0.7268055942323473
1710802121.2761137,0.6318708260854086
1710802121.2762268,0.5355348851945665
1710802121.2763398,0.4381479819615682
1710802121.2764525,0.34076111184226143
1710802121.2765656,0.24197295308113098
1710802121.2766786,0.14318479432000053
1710802121.2767916,0.043345710469616786
1710802121.2769043,-0.05753306051095326
1710802121.2770174,-0.15735261970096165
1710802121.2771304,-0.25822291771570843
1710802121.2772434,-0.35909321573045516
1710802121.2773561,-0.4599634806315104
1710802121.2774692,-0.5597830480999416
1710802121.2775822,-0.66030310259925
1710802121.2776952,-0.7604728804694282
1710802121.277808,-0.8609929349687364
1710802121.277921,-0.9615129894680446
1710802121.278034,-1.06273353099823
1710802121.278147,-1.1636038621266682
1710802121.2782598,-1.2630731529659696
1710802121.2783728,-1.3628926542070177
1710802121.2784858,-1.4606107605828178
1710802121.2785988,-1.5569278928968642
1710802121.2787116,-1.6521942615509033
1710802121.2788246,-1.7471104198031955
1710802121.2789376,-1.8399250507354736
1710802121.2790506,-1.9341407881842718
1710802121.2791634,-2.02695541911655
1710802121.2792764,-2.120120392905341
1710802121.2793894,-2.2122346030341253
1710802121.2795024,-2.3029478391011557
1710802121.2796152,-2.3929603894551597
1710802121.2797282,-2.479821046193441
1710802121.2798412,-2.5652805964152017
1710802121.2799542,-2.6475879881117077
1710802121.280067,-2.7284942732916937
1710802121.28018,-2.8072992960611978
1710802121.280293,-2.885403633117676
1710802121.280406,-2.9617569181654186
1710802121.2805188,-3.0377597279018826
1710802121.2806318,-3.1127121713426376
1710802121.2807448,-3.1848624017503524
1710802121.2808578,-3.2552613152398004
1710802121.2809706,-3.3232087559170194
1710802121.2810836,-3.388704458872477
1710802121.2811966,-3.4499971071879068
1710802121.2813096,-3.5109395451015897
1710802121.2814224,-3.566278086768256
1710802121.2815354,-3.623017734951443
1710802121.2816484,-3.6769551701015897
1710802121.2817614,-3.7305426597595215
1710802121.2818742,-3.7820283571879068
1710802121.2819872,-3.8321134779188366
1710802121.2821002,-3.8800968064202204
1710802121.2822132,-3.926329082912869
1710802121.282326,-3.968358304765489
1710802121.282439,-4.008636474609375
1710802121.282552,-4.046462641821967
1710802121.282665,-4.080086019304064
1710802121.2827778,-4.112658765580919
1710802121.2828908,-4.143830670250787
1710802121.2830038,-4.172550572289361
1710802121.2831168,-4.201270474327935
1710802121.2832296,-4.228239324357775
1710802121.2833426,-4.252406226264106
1710802121.2834556,-4.27622291776869
1710802121.2835686,-4.296186765034993
1710802121.2836814,-4.315099981096056
1710802121.2837944,-4.330160352918837
1710802121.2839074,-4.343119462331136
1710802121.2840204,-4.352926148308648
1710802121.2841332,-4.361332257588704
1710802121.2842462,-4.368336995442708
1710802121.2843592,-4.374641312493218
1710802121.2844722,-4.37954478793674
1710802121.284585,-4.384448263380262
1710802121.284698,-4.387250211503771
1710802121.284811,-4.386900001102023
1710802121.284924,-4.384798473782009
1710802121.2850368,-4.378844367133246
1710802121.2851498,-4.370438522762722
1710802121.2852628,-4.358530309465197
1710802121.2853758,-4.345571200052897
1710802121.2854886,-4.330160352918837
1710802121.2856016,-4.3143995602925616
1710802121.2857146,-4.297587606641981
1710802121.2858276,-4.280775917900933
1710802121.2859404,-4.262913597954644
1710802121.2860534,-4.243650171491835
1710802121.2861664,-4.221935007307264
1710802121.2862794,-4.196367263793945
1710802121.2863922,-4.169048203362359
1710802121.2865052,-4.139627615610759
1710802121.2866182,-4.107755555046929
1710802121.2867312,-4.0741319126553
1710802121.286844,-4.041559431287977
1710802121.286957,-4.007935788896349
1710802121.28707,-3.9736119906107583
1710802121.287183,-3.9385875066121416
1710802121.2872958,-3.9028626018100314
1710802121.2874088,-3.863635328080919
1710802121.2875218,-3.8216061062282987
1710802121.2876348,-3.776424460940891
1710802121.2877476,-3.7273905012342663
1710802121.2878606,-3.6773053805033364
1710802121.2879736,-3.625469472673204
1710802121.2880867,-3.572582403818766
1710802121.2881994,-3.5200458102756076
1710802121.2883124,-3.4654076894124346
1710802121.2884254,-3.4111200438605414
1710802121.2885385,-3.3554312917921276
1710802121.2886512,-3.2976410124037
1710802121.2887642,-3.2373989952935114
1710802121.2888772,-3.1740048196580672
1710802121.2889903,-3.1081589063008623
1710802121.289103,-3.0409118864271374
1710802121.289216,-2.9712133937411838
1710802121.289329,-2.900814480251736
1710802121.289442,-2.8300650914510093
1710802121.2895548,-2.758965492248535
1710802121.2896678,-2.686465051439073
1710802121.2897809,-2.6129137145148382
1710802121.2898939,-2.5376113255818686
1710802121.2900066,-2.4602074093288846
1710802121.2901196,-2.3807019657558866
1710802121.2902327,-2.2990949948628745
1710802121.2903457,-2.2164375252193875
1710802121.2904584,-2.1323789490593805
1710802121.2905715,-2.046218845579359
1710802121.2906845,-1.9618100590176053
1710802121.2907975,-1.877050929599338
1710802121.2909102,-1.790540748172336
1710802121.2910233,-1.7036802238888211
1710802121.2911363,-1.615068382687039
1710802121.2912493,-1.5250556998782687
1710802121.291362,-1.4332917001512315
1710802121.291475,-1.3422282536824544
1710802121.291588,-1.2473120954301622
1710802121.291701,-1.152746280034383
1710802121.2918139,-1.057830121782091
1710802121.2919269,-0.9608125024371676
1710802121.2920399,-0.8644953701231215
1710802121.2921526,-0.7667772637473212
1710802121.2922657,-0.66765824953715
1710802121.2923787,-0.5681888924704658
1710802121.2924917,-0.46836935811572605
1710802121.2926044,-0.36749906010097927
1710802121.2927175,-0.2659282750553555
1710802121.2928305,-0.165408237112893
1710802121.2929435,-0.06348720855183071
1710802121.2930562,0.03844133267800013
1710802121.2931693,0.14108291930622524
1710802121.2932823,0.24302388230959573
1710802121.2933953,0.34671641058391994
1710802121.293508,0.44900768333011204
1710802121.293621,0.5519995755619472
1710802121.293734,0.6532399521933662
1710802121.293847,0.7544802957110934
1710802121.2939599,0.8532684379153781
1710802121.2940729,0.9510056177775065
1710802121.2941859,1.0490931404961479
1710802121.294299,1.1461297671000164
1710802121.2944117,1.2428160508473713
1710802121.2945247,1.3395023345947266
1710802121.2946377,1.4351375897725422
1710802121.2947507,1.5307729774051242
1710802121.2948635,1.6250069936116536
1710802121.2949765,1.7160883214738634
1710802121.2950895,1.8061186207665336
1710802121.2952025,1.8933464421166313
1710802121.2953153,1.979873710208469
1710802121.2954283,2.064299053615994
1710802121.2955413,2.1480237113104925
1710802121.2956543,2.231748369004991
1710802121.295767,2.314772605895996
1710802121.29588,2.3974463674757214
1710802121.295993,2.4783685472276473
1710802121.296106,2.557188934750027
1710802121.2962189,2.633907265133328
1710802121.296332,2.7078233824835882
1710802121.296445,2.7792869673834906
1710802121.296558,2.847597863939073
1710802121.2966707,2.9138069682651095
1710802121.2967837,2.9796658621893988
1710802121.2968967,3.0434226989746094
1710802121.2970097,3.1068293253580728
1710802121.2971225,3.1691850556267633
1710802121.2972355,3.2287380430433483
1710802121.2973485,3.287240399254693
1710802121.2974615,3.342940012613932
1710802121.2975743,3.3958371480305987
1710802121.2976873,3.4448809093899198
1710802121.2978003,3.491822878519694
1710802121.2979133,3.535611894395616
1710802121.298026,3.5783500141567655
1710802121.298139,3.619336552090115
1710802121.298252,3.658921983506944
1710802121.298365,3.6985071500142412
1710802121.298478,3.735640313890245
1710802121.298591,3.770321210225423
1710802121.298704,3.803250789642334
1710802121.298817,3.834078311920166
1710802121.2989297,3.861752880944146
1710802121.2990427,3.8873256577385797
1710802121.2991557,3.909045060475667
1710802121.2992687,3.9290128813849554
1710802121.2993815,3.9486304918924966
1710802121.2994945,3.965795834859212
1710802121.2996075,3.9822604921129012
1710802121.2997205,3.9987251493665905
1710802121.2998333,4.013088014390734
1710802121.2999463,4.026399718390571
1710802121.3000593,4.037609895070394
1710802121.3001723,4.046718014611138
1710802121.300285,4.05267318089803
1710802121.300398,4.057227240668403
1710802121.3005111,4.058628612094455
1710802121.3006241,4.057577715979682
1710802121.300737,4.057227240668403
1710802121.30085,4.05442476272583
1710802121.300963,4.051272074381511
1710802121.301076,4.048819806840685
1710802121.3011887,4.043565061357286
1710802121.3013017,4.03796010547214
1710802121.3014147,4.029202461242676
1710802121.3015277,4.018342759874132
1710802121.3016405,4.00362941953871
1710802121.3017535,3.987865447998047
1710802121.3018665,3.9689485232035318
1710802121.3019795,3.9500315984090166
1710802121.3020923,3.9290128813849554
1710802121.3022053,3.9086948500739203
1710802121.3023183,3.888026343451606
1710802121.3024313,3.8666574160257974
1710802121.302544,3.843536641862657
1710802121.3026571,3.82006565729777
1710802121.3027701,3.792741298675537
1710802121.3028831,3.7629646725124783
1710802121.302996,3.730385833316379
1710802121.303109,3.6957046720716686
1710802121.303222,3.6599728796217175
1710802121.303335,3.6235404014587402
1710802121.3034477,3.5860570271809893
1710802121.3035607,3.5496242841084795
1710802121.3036737,3.512140909830729
1710802121.3037868,3.4736066394382052
1710802121.3038995,3.4340212080213757
1710802121.3040125,3.3916332986619735
1710802121.3041255,3.346092700958252
1710802121.3042386,3.2984503110249834
1710802121.3043513,3.2483556535508895
1710802121.3044643,3.1975603103637695
1710802121.3045774,3.145714071061876
1710802121.3046904,3.093167146046956
1710802121.3048031,3.041320906745063
1710802121.3049161,2.988773981730143
1710802121.3050292,2.9348256852891708
1710802121.3051422,2.8798267576429577
1710802121.305255,2.821324666341146
1710802121.305368,2.7600198321872287
1710802121.305481,2.6969636811150446
1710802121.305594,2.630754576789008
1710802121.3057067,2.5631441010369196
1710802121.3058197,2.49448299407959
1710802121.3059328,2.425821622212728
1710802121.3060458,2.3564598295423718
1710802121.3061585,2.2860468758477106
1710802121.3062716,2.2152837117513022
1710802121.3063846,2.1427690982818604
1710802121.3064976,2.06815242767334
1710802121.3066103,1.9910837544335258
1710802121.3067234,1.9126137097676594
1710802121.3068364,1.8316915300157335
1710802121.3069494,1.7507692178090413
1710802121.3070621,1.6673949029710557
1710802121.3071752,1.5854216946495903
1710802121.3072882,1.5016970369550917
1710802121.3074012,1.417972246805827
1710802121.307514,1.3324960072835286
1710802121.307627,1.2463190820482042
1710802121.30774,1.1587410502963595
1710802121.307853,1.0701119237475925
1710802121.3079658,0.9800815582275391
1710802121.3080788,0.8882996771070693
1710802121.3081918,0.7965177959865993
1710802121.3083048,0.7033346096674601
1710802121.3084176,0.6094508700900607
1710802121.3085306,0.5155670642852783
1710802121.3086436,0.42063236236572266
1710802121.3087566,0.3249970409605238
1710802121.3088694,0.22831075721316868
1710802121.3089824,0.1316244817442364
1710802121.3090954,0.03423758265044954
1710802121.3092084,-0.06383745206726922
1710802121.3093212,-0.1619057854016622
1710802121.3094342,-0.2606746223237779
1710802121.3095472,-0.3597937027613322
1710802121.3096602,-0.4589127500851949
1710802121.309773,-0.5594328376981947
1710802121.309886,-0.6592523389392428
1710802121.309999,-0.7594221830368042
1710802121.310112,-0.8595919609069824
1710802121.3102248,-0.9594115283754137
1710802121.3103378,-1.057830121782091
1710802121.3104508,-1.1551980177561443
1710802121.3105638,-1.2518653604719374
1710802121.3106766,-1.3471317291259766
1710802121.3107896,-1.4430985185835097
1710802121.3109026,-1.5380146768358018
1710802121.3110156,-1.633281045489841
1710802121.3111284,-1.7278469933403862
1710802121.3112414,-1.8220625983344183
1710802121.3113544,-1.9145271513197157
1710802121.3114674,-2.0062910185919867
1710802121.3115802,-2.095253070195516
1710802121.3116932,-2.182463804880778
1710802121.3118062,-2.267923355102539
1710802121.3119192,-2.352332274119059
1710802121.312032,-2.4356902970208063
1710802121.312145,-2.5179976887173123
1710802121.312258,-2.6003050804138184
1710802121.312371,-2.681561575995551
1710802121.3124838,-2.7614172299702964
1710802121.3125968,-2.8402222527398004
1710802121.3127098,-2.9179763793945312
1710802121.3128228,-2.9918779267205133
1710802121.3129356,-3.064378367529975
1710802121.3130486,-3.134777545928955
1710802121.3131616,-3.2027247216966415
1710802121.3132746,-3.2685706350538464
1710802121.3133874,-3.3344165484110513
1710802121.3135004,-3.398511144849989
1710802121.3136134,-3.4626057412889266
1710802121.3137264,-3.524599075317383
1710802121.3138392,-3.5851913028293185
1710802121.3139522,-3.642631371815999
1710802121.3140652,-3.69867033428616
1710802121.3141782,-3.750156296624078
1710802121.314291,-3.799540731641981
1710802121.314404,-3.8464734289381237
1710802121.314517,-3.8902539677090116
1710802121.31463,-3.932633399963379
1710802121.3147428,-3.9729115698072643
1710802121.3148558,-4.0114384227328825
1710802121.3149688,-4.048914379543728
1710802121.3150818,-4.084989494747585
1710802121.3151946,-4.118612872229682
1710802121.3153076,-4.1497847768995495
1710802121.3154206,-4.179205099741618
1710802121.3155336,-4.2051233185662165
1710802121.3156464,-4.2285895347595215
1710802121.3157594,-4.249954488542345
1710802121.3158724,-4.269217915005154
1710802121.3159854,-4.287080499860975
1710802121.3160982,-4.303892188602023
1710802121.3162112,-4.319652981228298
1710802121.3163242,-4.334363407558865
1710802121.3164372,-4.348022937774658
1710802121.31655,-4.358880519866943
1710802121.316663,-4.368336995442708
1710802121.316776,-4.373940891689724
1710802121.316889,-4.377093050214979
1710802121.3170018,-4.376742839813232
1710802121.3171148,-4.374991522894965
1710802121.3172278,-4.37078873316447
1710802121.3173409,-4.3655350473192005
1710802121.3174536,-4.359580940670437
1710802121.3175666,-4.352575937906901
1710802121.3176796,-4.34522098965115
1710802121.3177927,-4.335414038764106
1710802121.3179054,-4.324906667073567
1710802121.3180184,-4.31054671605428
1710802121.3181314,-4.293384816911486
1710802121.3182445,-4.273070759243435
1710802121.3183572,-4.250304698944092
1710802121.3184702,-4.225437376234266
1710802121.3185833,-4.1995194223192005
1710802121.3186963,-4.172900782691108
1710802121.318809,-4.145931932661268
1710802121.318922,-4.118262661827935
1710802121.319035,-4.089542759789361
1710802121.319148,-4.058721330430773
1710802121.3192608,-4.025097952948676
1710802121.3193738,-3.9886723624335394
1710802121.3194869,-3.9501455095079208
1710802121.3195999,-3.9074158668518066
1710802121.3197126,-3.86468595928616
1710802121.3198256,-3.8191543685065374
1710802121.3199387,-3.774673408932156
1710802121.3200517,-3.729491763644748
1710802121.3201644,-3.6846605936686196
1710802121.3202775,-3.638428317175971
1710802121.3203905,-3.5907951990763345
1710802121.3205035,-3.540710343254937
1710802121.3206162,-3.4878235393100314
1710802121.3207293,-3.4317843119303384
1710802121.3208423,-3.373643822140164
1710802121.3209553,-3.314102490743001
1710802121.321068,-3.2528095775180392
1710802121.321181,-3.1911667188008623
1710802121.321294,-3.12882317437066
1710802121.321407,-3.065779209136963
1710802121.3215199,-3.001334402296278
1710802121.3216329,-2.9368895954555936
1710802121.3217459,-2.8689421547783747
1710802121.321859,-2.7978425555759006
1710802121.3219717,-2.7256923251681857
1710802121.3220847,-2.6489888297186956
1710802121.3221977,-2.572635809580485
1710802121.3223107,-2.493830786810981
1710802121.3224235,-2.4143253432379828
1710802121.3225365,-2.333769268459744
1710802121.3226495,-2.2532131936815047
1710802121.3227625,-2.1709058019849987
1710802121.3228753,-2.088248199886746
1710802121.3229883,-2.0020880964067245
1710802121.3231013,-1.9152275721232095
1710802121.3232143,-1.8266158633761935
1710802121.323327,-1.7348518636491563
1710802121.32344,-1.6427376535203722
1710802121.323553,-1.549222469329834
1710802121.323666,-1.4550068643358018
1710802121.3237789,-1.3604410489400227
1710802121.3238919,-1.2644741270277235
1710802121.324005,-1.1685072051154242
1710802121.324118,-1.0711393753687541
1710802121.3242307,-0.9723705715603298
1710802121.3243437,-0.8743021885553995
1710802121.3244567,-0.7744826873143513
1710802121.3245697,-0.6736123561859131
1710802121.3246825,-0.5727420912848579
1710802121.3247955,-0.47047081920835704
1710802121.3249085,-0.3696005211936103
1710802121.3250215,-0.2659282750553555
1710802121.3251343,-0.16330677602026197
1710802121.3252473,-0.059284282227357224
1710802121.3253603,0.043345710469616786
1710802121.3254733,0.1477388540903727
1710802121.325586,0.25073076287905377
1710802121.325699,0.3530220521820916
1710802121.325812,0.4563642541567484
1710802121.325925,0.5576045645607842
1710802121.326038,0.6598958704206679
1710802121.326151,0.7614864905675252
1710802121.326264,0.8641280730565388
1710802121.326377,0.9660690360599093
1710802121.3264897,1.0680099990632799
1710802121.3266027,1.1689000659518771
1710802121.3267157,1.268388827641805
1710802121.3268287,1.3664763503604465
1710802121.3269415,1.4624619483947754
1710802121.3270545,1.557046439912584
1710802121.3271675,1.6498792171478271
1710802121.3272805,1.74201144112481
1710802121.3273933,1.8334429793887668
1710802121.3275063,1.9252249929640028
1710802121.3276193,2.0166565312279596
1710802121.3277323,2.106336487664117
1710802121.327845,2.1946153375837536
1710802121.327958,2.2818430264790854
1710802121.328071,2.3652174737718368
1710802121.3281841,2.4464901288350425
1710802121.328297,2.524259355333116
1710802121.32841,2.599927054511176
1710802121.328523,2.674193117353651
1710802121.328636,2.7470583385891385
1710802121.3287487,2.81887239880032
1710802121.3288617,2.8899857732984753
1710802121.3289747,2.9600482516818576
1710802121.3290877,3.027658727433946
1710802121.3292005,3.092816670735677
1710802121.3293135,3.1558730867173934
1710802121.3294265,3.215426074133979
1710802121.3295395,3.2721768485175238
1710802121.3296523,3.327526251475016
1710802121.3297653,3.380073176489936
1710802121.3298783,3.43156894048055
1710802121.3299913,3.4827147589789496
1710802121.330104,3.53175852033827
1710802121.3302171,3.5804518063863116
1710802121.3303301,3.627043565114339
1710802121.3304431,3.6715332667032876
1710802121.330556,3.7132204903496637
1710802121.330669,3.7524554464552136
1710802121.330782,3.7888879246181912
1710802121.330895,3.8221677144368487
1710802121.3310077,3.8526447614034014
1710802121.3311207,3.8813704914516873
1710802121.3312337,3.9086948500739203
1710802121.3313468,3.936019208696153
1710802121.3314595,3.9605410893758135
1710802121.3315725,3.9843622843424478
1710802121.3316855,4.006431897481282
1710802121.3317986,4.026399718390571
1710802121.3319113,4.0442657470703125
1710802121.3320243,4.058278401692708
1710802121.3321373,4.070188999176025
1710802121.3322504,4.078596433003743
1710802121.3323631,4.085952970716688
1710802121.3324761,4.090857240888807
1710802121.3325891,4.09541130065918
1710802121.3327022,4.098214043511285
1710802121.332815,4.099965360429552
1710802121.332928,4.101716942257351
1710802121.333041,4.101366731855604
1710802121.333154,4.098564253913032
1710802121.3332667,4.094360404544406
1710802121.3333797,4.085952970716688
1710802121.3334928,4.076144165462917
1710802121.3336055,4.062481986151801
1710802121.3337185,4.049870702955458
1710802121.3338315,4.033756521013048
1710802121.3339446,4.018342759874132
1710802121.3340573,4.002228313022189
1710802121.3341703,3.9868145518832736
1710802121.3342834,3.9689485232035318
1710802121.3343964,3.950732284122043
1710802121.3345091,3.9300637774997287
1710802121.3346221,3.9062425825330944
1710802121.3347352,3.8799691200256348
1710802121.3348482,3.8505429691738553
1710802121.334961,3.8204161326090493
1710802121.335074,3.787837028503418
1710802121.335187,3.7556081347995334
1710802121.3353,3.723029030693902
1710802121.3354127,3.6908004018995495
1710802121.3355258,3.6575206120808916
1710802121.3356388,3.6235404014587402
1710802121.3357518,3.5860570271809893
1710802121.3358645,3.5475224918789334
1710802121.3359776,3.504083686404758
1710802121.3360906,3.4599444601270886
1710802121.3362036,3.4130024909973145
1710802121.3363163,3.3650096257527666
1710802121.3364294,3.315615653991699
1710802121.3365424,3.2676227887471514
1710802121.3366554,3.2185790273878307
1710802121.3367682,3.169885476430257
1710802121.3368812,3.1204915046691895
1710802121.3369942,3.0675943692525225
1710802121.3371072,3.0125951766967773
1710802121.33722,2.9551439815097384
1710802121.337333,2.895590729183621
1710802121.337446,2.833935684627957
1710802121.337559,2.7708795335557723
1710802121.3376718,2.7081735928853354
1710802121.3377848,2.644416756100125
1710802121.3378978,2.581010129716661
1710802121.3380108,2.5165526072184243
1710802121.3381236,2.4513943990071616
1710802121.3382366,2.383784188164605
1710802121.3383496,2.3133712344699435
1710802121.3384626,2.240856488545736
1710802121.3385754,2.166239950391981
1710802121.3386884,2.0902221732669406
1710802121.3388014,2.0128030247158475
1710802121.3389144,1.9343331125047472
1710802121.3390272,1.8544618288675943
1710802121.3391402,1.7752910984887016
1710802121.3392532,1.6943689187367756
1710802121.3393662,1.6127460532718234
1710802121.339479,1.5290213955773246
1710802121.339592,1.4438954989115398
1710802121.339705,1.3566675451066759
1710802121.339818,1.268038484785292
1710802121.3399308,1.1783585283491347
1710802121.3400438,1.0872772004869249
1710802121.3401568,0.9954953193664551
1710802121.3402698,0.903012818760342
1710802121.3403826,0.8105302519268459
1710802121.3404956,0.7173471318350898
1710802121.3406086,0.6231130494011773
1710802121.3407216,0.5281783474816216
1710802121.3408344,0.43219268321990967
1710802121.3409474,0.3365573618147108
1710802121.3410604,0.2398710780673557
1710802121.3411734,0.14318479432000053
1710802121.3412862,0.04544758548339208
1710802121.3413992,-0.05192915598551432
1710802121.3415122,-0.1506979763507843
1710802121.3416252,-0.24876632624202305
1710802121.341738,-0.3478853901227315
1710802121.341851,-0.44595374001397026
1710802121.341964,-0.5454230308532715
1710802121.342077,-0.6441919008890787
1710802121.3421898,-0.740859243604872
1710802121.3423028,-0.8392778370115492
1710802121.3424158,-0.9359451797273424
1710802121.3425288,-1.0333130094740126
1710802121.3426416,-1.1285793781280518
1710802121.3427546,-1.225246720843845
1710802121.3428676,-1.3219141960144043
1710802121.3429806,-1.4192819595336914
1710802121.3430934,-1.5155990918477376
1710802121.3432064,-1.6105152501000297
1710802121.3433194,-1.7043806446923149
1710802121.3434324,-1.796494854821099
1710802121.3435452,-1.8882588545481362
1710802121.3436582,-1.9768705632951524
1710802121.3437712,-2.0661828253004284
1710802121.3438842,-2.1533935599856906
1710802121.343997,-2.240604294670953
1710802121.34411,-2.3267642656962075
1710802121.344223,-2.412924501630995
1710802121.344336,-2.49768336613973
1710802121.3444488,-2.58069117863973
1710802121.3445618,-2.661597728729248
1710802121.3446748,-2.739702065785726
1710802121.3447878,-2.816755771636963
1710802121.3449006,-2.8910075293646917
1710802121.3450136,-2.962107128567166
1710802121.3451266,-3.0325060420566134
1710802121.3452396,-3.101504113939073
1710802121.3453524,-3.169451554616292
1710802121.3454654,-3.235997888776991
1710802121.3455784,-3.302194012535943
1710802121.3456914,-3.3641873465643988
1710802121.3458042,-3.4254799948798285
1710802121.3459172,-3.483620484670003
1710802121.3460302,-3.539659447140164
1710802121.3461432,-3.5925465159946017
1710802121.346256,-3.6436820030212402
1710802121.346369,-3.6930664380391436
1710802121.346482,-3.7410497665405273
1710802121.346595,-3.787982728746202
1710802121.3467078,-3.8342147403293185
1710802121.3468208,-3.879746596018473
1710802121.3469338,-3.9228264490763345
1710802121.3470469,-3.964155250125461
1710802121.3471596,-4.003032578362359
1710802121.3472726,-4.0391076935662165
1710802121.3473856,-4.0723808606465655
1710802121.3474987,-4.103552500406901
1710802121.3476114,-4.132622877756755
1710802121.3477244,-4.159241252475314
1710802121.3478374,-4.185159471299913
1710802121.3479505,-4.209326108296712
1710802121.3480632,-4.231741958194308
1710802121.3481762,-4.253456857469347
1710802121.3482893,-4.272370073530409
1710802121.3484023,-4.2902326583862305
1710802121.348515,-4.304242399003771
1710802121.348628,-4.315450191497803
1710802121.348741,-4.324206246270074
1710802121.348854,-4.329459932115343
1710802121.3489668,-4.333312511444092
1710802121.3490798,-4.334713617960612
1710802121.3491929,-4.335764249165853
1710802121.3493059,-4.335063828362359
1710802121.3494186,-4.334013197157118
1710802121.3495317,-4.332261880238851
1710802121.3496447,-4.328409300910102
1710802121.3497577,-4.321754508548312
1710802121.3498704,-4.312998453776042
1710802121.3499835,-4.301090240478516
1710802121.3500965,-4.286730024549696
1710802121.3502095,-4.270268546210395
1710802121.3503222,-4.252056015862359
1710802121.3504353,-4.233493010203044
1710802121.3505483,-4.213879373338488
1710802121.3506613,-4.194615946875678
1710802121.350774,-4.174301889207628
1710802121.350887,-4.1532871458265515
1710802121.351,-4.130171140034993
1710802121.351113,-4.103552500406901
1710802121.3512259,-4.0741319126553
1710802121.3513389,-4.042610062493218
1710802121.3514519,-4.008285999298096
1710802121.351565,-3.972561094495985
1710802121.3516777,-3.936135768890381
1710802121.3517907,-3.8990100224812823
1710802121.3519037,-3.861884011162652
1710802121.3520167,-3.8233571582370334
1710802121.3521295,-3.7841298845079208
1710802121.3522425,-3.7424508730570474
1710802121.3523555,-3.697969913482666
1710802121.3524685,-3.6506870057847762
1710802121.3525813,-3.6002516746520996
1710802121.3526943,-3.547364870707194
1710802121.3528073,-3.4927267498440213
1710802121.3529203,-3.4370379977756076
1710802121.353033,-3.3806488249037
1710802121.353146,-3.3253102832370334
1710802121.353259,-3.2682204246520996
1710802121.353372,-3.2107803556654186
1710802121.3534849,-3.15053833855523
1710802121.3535979,-3.0892456902398004
1710802121.353711,-3.0244504080878363
1710802121.353824,-2.9575538635253906
1710802121.3539367,-2.8892562124464245
1710802121.3540497,-2.818857298956977
1710802121.3541627,-2.747407489352756
1710802121.3542757,-2.675257258945041
1710802121.3543885,-2.603457238939073
1710802121.3545015,-2.5302561124165854
1710802121.3546145,-2.4563545650906033
1710802121.3547275,-2.3796513345506454
1710802121.3548403,-2.3015467325846353
1710802121.3549533,-2.2209906578063965
1710802121.3550663,-2.139033476511637
1710802121.3551793,-2.0546246899498835
1710802121.355292,-1.9688149293263753
1710802121.355405,-1.8830051687028673
1710802121.355518,-1.796144644419352
1710802121.355631,-1.709284120135837
1710802121.355744,-1.6203220685323079
1710802121.355857,-1.531360149383545
1710802121.35597,-1.4402965704600017
1710802121.356083,-1.3492331239912245
1710802121.3561957,-1.2550175189971924
1710802121.3563087,-1.1611521244049072
1710802121.3564217,-1.065185268719991
1710802121.3565347,-0.9685178597768147
1710802121.3566475,-0.8715002404318916
1710802121.3567605,-0.7727314366234673
1710802121.3568735,-0.6736123561859131
1710802121.3569865,-0.5730923016866049
1710802121.3570993,-0.4722220367855496
1710802121.3572123,-0.3713517387708028
1710802121.3573253,-0.2697809702820248
1710802121.3574383,-0.16785994172096252
1710802121.357551,-0.06628916081455019
1710802121.357664,0.03528852015733719
1710802121.357777,0.13722947902149624
1710802121.3578901,0.23846982253922355
1710802121.358003,0.3400604592429267
1710802121.358116,0.4420014222462972
1710802121.358229,0.5449933475918239
1710802121.358342,0.6462336911095513
1710802121.3584547,0.7474740346272787
1710802121.3585677,0.8480136924319797
1710802121.3586807,0.9471521774927775
1710802121.3587937,1.044889423582289
1710802121.3589065,1.141225364473131
1710802121.3590195,1.2372109625074599
1710802121.3591325,1.3331966929965549
1710802121.3592455,1.4284817377726238
1710802121.3593583,1.5237666500939262
1710802121.3594713,1.6194020377265081
1710802121.3595843,1.7139863967895508
1710802121.3596973,1.8075198597378201
1710802121.35981,1.898951530456543
1710802121.3599231,1.988281144036187
1710802121.3600361,2.0751587549845376
1710802121.3601491,2.161335680219862
1710802121.360262,2.2454105483161078
1710802121.360375,2.328434785207113
1710802121.360488,2.410057650672065
1710802121.360601,2.4927314122517905
1710802121.3607137,2.5736535920037165
1710802121.3608267,2.653875086042616
1710802121.3609397,2.7323452631632485
1710802121.3610528,2.80731201171875
1710802121.3611655,2.8798267576429577
1710802121.3612785,2.9495390256245932
1710802121.3613915,3.0167990260654025
1710802121.3615046,3.080205652448866
1710802121.3616173,3.142561117808024
1710802121.3617303,3.202815055847168
1710802121.3618433,3.262017832862006
1710802121.3619564,3.3208703994750977
1710802121.3620691,3.3772706985473633
1710802121.3621821,3.431218730078803
1710802121.3622952,3.4827147589789496
1710802121.3624082,3.531057834625244
1710802121.362521,3.5779998037550182
1710802121.362634,3.6203874482048883
1710802121.362747,3.66137425104777
1710802121.36286,3.700258731842041
1710802121.3629727,3.737742371029324
1710802121.3630857,3.7745250595940485
1710802121.3631988,3.8099066416422525
1710802121.3633118,3.8438868522644043
1710802121.3634245,3.8764659563700357
1710802121.3635375,3.9072934786478677
1710802121.3636506,3.93496831258138
1710802121.3637636,3.9608912997775607
1710802121.3638763,3.9829611778259277
1710802121.3639894,4.003279209136963
1710802121.3641024,4.0207947625054254
1710802121.3642154,4.036558998955621
1710802121.3643281,4.051272074381511
1710802121.3644412,4.06458404329088
1710802121.3645542,4.076844851175944
1710802121.3646672,4.088405238257514
1710802121.36478,4.098214043511285
1710802121.364893,4.106271002027723
1710802121.365006,4.112226433224148
1710802121.365119,4.11502891116672
1710802121.3652318,4.114678700764974
1710802121.3653448,4.112927118937175
1710802121.3654578,4.108022583855523
1710802121.3655708,4.10206741756863
1710802121.3656836,4.094360404544406
1710802121.3657966,4.087003866831462
1710802121.3659096,4.079297118716769
1710802121.3660226,4.069488313462999
1710802121.3661354,4.059329297807482
1710802121.3662484,4.047068225012885
1710802121.3663614,4.031304253472222
1710802121.3664744,4.013088014390734
1710802121.3665872,3.9913686116536455
1710802121.3667002,3.9682478374905057
1710802121.3668132,3.9444266425238714
1710802121.3669262,3.918503655327691
1710802121.367039,3.892930613623725
1710802121.367152,3.8670076264275446
1710802121.367265,3.8410843743218317
1710802121.367378,3.8137600156995983
1710802121.3674908,3.785734971364339
1710802121.3676038,3.7549077139960394
1710802121.3677168,3.7216279241773815
1710802121.3678298,3.685545656416151
1710802121.3679426,3.6470113860236273
1710802121.3680556,3.6074259546067977
1710802121.3681686,3.5678407880995007
1710802121.3682816,3.526853985256619
1710802121.3683944,3.4862179226345487
1710802121.3685074,3.445581595102946
1710802121.3686204,3.4024930000305176
1710802121.3687334,3.3590544594658747
1710802121.3688462,3.3124627007378473
1710802121.3689592,3.2630687289767795
1710802121.3690722,3.210171593560113
1710802121.3691852,3.1551724010043674
1710802121.369298,3.0987721019321017
1710802121.369411,3.0402700106302896
1710802121.369524,2.9824683401319714
1710802121.369637,2.922564877404107
1710802121.3697498,2.8644129965040417
1710802121.3698628,2.80415932337443
1710802121.3699758,2.7435551749335394
1710802121.3700888,2.6790976524353027
1710802121.3702016,2.6132387585110135
1710802121.3703146,2.5438769658406577
1710802121.3704276,2.473113801744249
1710802121.3705406,2.399197949303521
1710802121.3706534,2.325982517666287
1710802121.3707664,2.250665293799506
1710802121.3708794,2.176048755645752
1710802121.3709924,2.100381188922458
1710802121.3711052,2.024013068940904
1710802121.3712182,1.9462437099880643
1710802121.3713312,1.8663724263509114
1710802121.3714442,1.7850999037424722
1710802121.371557,1.7013752460479736
1710802121.37167,1.6162492169274223
1710802121.371783,1.530072291692098
1710802121.371896,1.4431948131985135
1710802121.3720088,1.3549160957336426
1710802121.3721218,1.2662869029574924
1710802121.3722348,1.1773074997795951
1710802121.3723478,1.087977819972568
1710802121.3724606,0.9968965583377414
1710802121.3725736,0.9047643343607584
1710802121.3726866,0.8119315571255153
1710802121.3727996,0.7166465123494467
1710802121.3729124,0.621711810429891
1710802121.3730254,0.5250255266825358
1710802121.3731384,0.4279889331923591
1710802121.3732514,0.329551100730896
1710802121.3733642,0.23111325171258715
1710802121.3734772,0.1316244817442364
1710802121.3735902,0.03143508194221391
1710802121.3737032,-0.06874086956183116
1710802121.373816,-0.16926091578271654
1710802121.373929,-0.2704814573129018
1710802121.374042,-0.3710014952553643
1710802121.374155,-0.47082106272379554
1710802121.3742678,-0.5716913276248508
1710802121.3743808,-0.6718611717224121
1710802121.3744938,-0.7720309495925903
1710802121.3746068,-0.8729012144936455
1710802121.3747196,-0.9737715456220839
1710802121.3748326,-1.0739413234922621
1710802121.3749456,-1.1737608909606934
1710802121.3750584,-1.2721794181399875
1710802121.3751714,-1.3705980777740479
1710802121.3752844,-1.466214656829834
1710802121.3753974,-1.5607806046803792
1710802121.3755102,-1.6546459992726643
1710802121.3756232,-1.7471104198031955
1710802121.3757362,-1.8406256039937336
1710802121.3758492,-1.9327398141225178
1710802121.375962,-2.025204234653049
1710802121.376075,-2.116267681121826
1710802121.376188,-2.2066307067871094
1710802121.376301,-2.2948922051323786
1710802121.3764138,-2.3821028073628745
1710802121.3765268,-2.4668619367811413
1710802121.3766398,-2.5495195388793945
1710802121.3767529,-2.6300756136576333
1710802121.3768656,-2.7092308468288846
1710802121.3769786,-2.7887362904018826
1710802121.3770916,-2.8664904170566134
1710802121.3772047,-2.9435441229078503
1710802121.3773174,-3.0195471975538464
1710802121.3774304,-3.0941491656833224
1710802121.3775434,-3.166649606492784
1710802121.3776565,-3.236698309580485
1710802121.3777692,-3.304295539855957
1710802121.3778822,-3.3687403466966415
1710802121.3779953,-3.4310838911268444
1710802121.3781083,-3.490975697835286
1710802121.378221,-3.549116187625461
1710802121.378334,-3.606206046210395
1710802121.378447,-3.6622450086805554
1710802121.37856,-3.715482023027208
1710802121.3786728,-3.768719302283393
1710802121.3787858,-3.818103472391764
1710802121.3788989,-3.86608706580268
1710802121.3790119,-3.9095173941718206
1710802121.3791246,-3.950495719909668
1710802121.3792377,-3.9897232585483127
1710802121.3793507,-4.02579837375217
1710802121.3794637,-4.059421751234266
1710802121.3795764,-4.091644287109375
1710802121.3796895,-4.122465716467963
1710802121.3798025,-4.15223651462131
1710802121.3799155,-4.180606206258138
1710802121.3800282,-4.207575056287977
1710802121.3801413,-4.233142799801296
1710802121.3802543,-4.254857963985867
1710802121.3803673,-4.275172021653917
1710802121.38048,-4.290933079189724
1710802121.380593,-4.3059934510125055
1710802121.380706,-4.31825213962131
1710802121.380819,-4.328759511311849
1710802121.3809319,-4.33751556608412
1710802121.3810449,-4.34522098965115
1710802121.3811579,-4.352575937906901
1710802121.381271,-4.357479413350423
1710802121.3813837,-4.3620326783921985
1710802121.3814967,-4.363783730400933
1710802121.3816097,-4.362733099195692
1710802121.3817227,-4.358530309465197
1710802121.3818355,-4.35152530670166
1710802121.3819485,-4.341718355814616
1710802121.3820615,-4.329459932115343
1710802121.3821745,-4.31720150841607
1710802121.3822873,-4.303541978200276
1710802121.3824003,-4.288481341467963
1710802121.3825133,-4.273771180046929
1710802121.3826263,-4.2583603329128685
1710802121.382739,-4.241548644171821
1710802121.382852,-4.220533900790744
1710802121.382965,-4.198819001515706
1710802121.383078,-4.172200361887614
1710802121.3831909,-4.14453109105428
1710802121.3833039,-4.114059872097439
1710802121.383417,-4.081837336222331
1710802121.38353,-4.049264589945476
1710802121.3836427,-4.01669184366862
1710802121.3837557,-3.9844695727030435
1710802121.3838687,-3.949445088704427
1710802121.3839817,-3.9137201839023166
1710802121.3840945,-3.877294858296712
1710802121.3842075,-3.8363162676493325
1710802121.3843205,-3.792535728878445
1710802121.3844335,-3.7470041380988226
1710802121.3845463,-3.699370755089654
1710802121.3846593,-3.6510372161865234
1710802121.3847723,-3.6009523603651257
1710802121.3848853,-3.552268346150716
1710802121.384998,-3.5028839111328125
1710802121.385111,-3.4520986345079208
1710802121.385224,-3.400262461768256
1710802121.385337,-3.3470254474216037
1710802121.38545,-3.2902857992384167
1710802121.385563,-3.230393992529975
1710802121.385676,-3.1684009234110513
1710802121.385789,-3.1039558516608343
1710802121.3859017,-3.0381099383036294
1710802121.3860147,-2.9715636041429305
1710802121.3861277,-2.904316849178738
1710802121.3862407,-2.837069829305013
1710802121.3863535,-2.7684222327338324
1710802121.3864665,-2.6973226335313583
1710802121.3865795,-2.6258728239271374
1710802121.3866925,-2.5509206453959146
1710802121.3868053,-2.4742171499464245
1710802121.3869183,-2.3943614959716797
1710802121.3870313,-2.3134552107916937
1710802121.3871443,-2.230797608693441
1710802121.387257,-2.1481398741404214
1710802121.38737,-2.0651320616404214
1710802121.3874831,-1.9803729322221544
1710802121.3875961,-1.8956139352586534
1710802121.387709,-1.8094538317786322
1710802121.387822,-1.7215426762898762
1710802121.387935,-1.6322304142846
1710802121.388048,-1.5418673886193168
1710802121.3881607,-1.4494029680887859
1710802121.3882737,-1.3558877838982475
1710802121.3883867,-1.2623725997077093
1710802121.3884997,-1.1671062310536702
1710802121.3886125,-1.0721901390287611
1710802121.3887255,-0.9762232171164619
1710802121.3888385,-0.8795558744006686
1710802121.3889515,-0.7825382550557454
1710802121.3890643,-0.6844699382781982
1710802121.3891773,-0.586401621500651
1710802121.3892903,-0.48798302809397376
1710802121.3894033,-0.388513704140981
1710802121.389516,-0.2897448672188653
1710802121.3896291,-0.1895750727918413
1710802121.3897421,-0.08940527008639441
1710802121.3898551,0.010766638442873955
1710802121.389968,0.1120069788561927
1710802121.390081,0.21394794185956317
1710802121.390194,0.31448764933480156
1710802121.390307,0.41607830259535045
1710802121.3904197,0.516267716884613
1710802121.3905327,0.6157565116882324
1710802121.3906457,0.7138440344068739
1710802121.3907588,0.8122818337546455
1710802121.3908715,0.9100190798441569
1710802121.3909845,1.006355020734999
1710802121.3910975,1.1040922005971272
1710802121.3912106,1.2011288272009955
1710802121.3913233,1.2985156642066107
1710802121.3914363,1.3941510518391926
1710802121.3915493,1.4894360966152616
1710802121.3916624,1.5826192167070177
1710802121.3917751,1.6733502017127142
1710802121.3918881,1.7626799477471244
1710802121.3920012,1.8513090080685086
1710802121.3921142,1.937485933303833
1710802121.392227,2.023662726084391
1710802121.39234,2.1087887552049422
1710802121.392453,2.1932140986124673
1710802121.392566,2.277989652421739
1710802121.3926787,2.3599627282884383
1710802121.3927917,2.440885172949897
1710802121.3929048,2.519355085160997
1710802121.3930178,2.5946723090277777
1710802121.3931305,2.6668365796407065
1710802121.3932436,2.738300429450141
1710802121.3933566,2.8062611156039767
1710802121.3934696,2.8745720121595593
1710802121.3935823,2.9407811164855957
1710802121.3936954,3.0069902208116317
1710802121.3938084,3.071447743309869
1710802121.3939214,3.135204580095079
1710802121.3940341,3.1965094142489963
1710802121.3941472,3.254661295149061
1710802121.3942602,3.3107111189100475
1710802121.3943732,3.36465941535102
1710802121.394486,3.4154547585381403
1710802121.394599,3.4630971484714084
1710802121.394712,3.5100391176011825
1710802121.394825,3.5562804010179305
1710802121.3949378,3.6004196272956
1710802121.3950508,3.643508222368028
1710802121.3951638,3.6862463421291776
1710802121.3952768,3.7251310878329806
1710802121.3953896,3.7622642517089844
1710802121.3955026,3.796594672732883
1710802121.3956156,3.8284733560350204
1710802121.3957286,3.857549296485053
1710802121.3958414,3.8827715979682074
1710802121.3959544,3.9072934786478677
1710802121.3960674,3.9283121956719294
1710802121.3961804,3.9500315984090166
1710802121.3962932,3.969298998514811
1710802121.3964062,3.987865447998047
1710802121.3965192,4.005381001366509
1710802121.3966322,4.020444552103679
1710802121.396745,4.034807417127821
1710802121.396858,4.045667118496365
1710802121.396971,4.054074552324083
1710802121.397084,4.060730404324001
1710802121.3971968,4.063883357577853
1710802121.3973098,4.066335360209147
1710802121.3974228,4.066685835520427
1710802121.3975358,4.0670360459221735
1710802121.3976486,4.066685835520427
1710802121.3977616,4.064934253692627
1710802121.3978746,4.06283246146308
1710802121.3979876,4.058628612094455
1710802121.3981004,4.0523229704962835
1710802121.3982134,4.043565061357286
1710802121.3983264,4.031304253472222
1710802121.3984394,4.017291598849826
1710802121.3985522,4.001527627309163
1710802121.3986652,3.9850629700554743
1710802121.3987782,3.9671969413757324
1710802121.3988912,3.9500315984090166
1710802121.399004,3.931114938524034
1710802121.399117,3.9135991202460394
1710802121.39923,3.892580403221978
1710802121.399343,3.8715616861979165
1710802121.3994558,3.84633911980523
1710802121.3995688,3.8183140754699707
1710802121.3996818,3.787837028503418
1710802121.3997948,3.7549077139960394
1710802121.3999076,3.7212774488661022
1710802121.4000206,3.6869470278422036
1710802121.4001336,3.6519156561957464
1710802121.4002466,3.6161838637457953
1710802121.4003594,3.5804518063863116
1710802121.4004724,3.5443698035346136
1710802121.4005854,3.5058352682325573
1710802121.4006984,3.4637978341844344
1710802121.4008112,3.420008818308512
1710802121.4009242,3.373417059580485
1710802121.4010372,3.3250739839341903
1710802121.4011502,3.2746291160583496
1710802121.401263,3.2248846689860025
1710802121.401376,3.1740893257988825
1710802121.401489,3.123994668324788
1710802121.401602,3.073199325137668
1710802121.4017148,3.0213530858357744
1710802121.4018278,2.9674047893948026
1710802121.4019408,2.911004490322537
1710802121.4020538,2.8514515029059515
1710802121.4021666,2.7897964583502874
1710802121.4022796,2.726389831966824
1710802121.4023926,2.660881413353814
1710802121.4025056,2.594322098626031
1710802121.4026184,2.527762518988715
1710802121.4027314,2.461553414662679
1710802121.4028444,2.3939432038201227
1710802121.4029574,2.3245814111497665
1710802121.4030702,2.253117561340332
1710802121.4031832,2.1809531582726374
1710802121.4032962,2.1045850382910833
1710802121.4034092,2.0275162325965033
1710802121.403522,1.9476449489593506
1710802121.403635,1.8663724263509114
1710802121.403748,1.7836986647711859
1710802121.403861,1.7020757993062336
1710802121.4039738,1.6180007987552218
1710802121.4040868,1.53392579820421
1710802121.4041998,1.448799769083659
1710802121.4043128,1.3629731867048476
1710802121.4044256,1.2746944692399766
1710802121.4045386,1.1853647232055664
1710802121.4046516,1.0946338044272528
1710802121.4047647,1.0028518570793998
1710802121.4048774,0.9093184603585137
1710802121.4049904,0.8168358935250176
1710802121.4051034,0.7222515344619751
1710802121.4052165,0.6269664896859063
1710802121.4053292,0.5313311351670159
1710802121.4054422,0.4349951942761739
1710802121.4055552,0.33795860078599715
1710802121.4056683,0.24162262678146362
1710802121.405781,0.14353510406282213
1710802121.405894,0.04579789936542511
1710802121.406007,-0.05262964301639133
1710802121.40612,-0.1506979763507843
1710802121.4062328,-0.24911656975746155
1710802121.4063458,-0.34823563363817
1710802121.4064589,-0.4477049575911628
1710802121.4065719,-0.547874735461341
1710802121.4066846,-0.6473440594143337
1710802121.4067976,-0.7475138372845119
1710802121.4069107,-0.8462827073203193
1710802121.4070237,-0.9454017877578735
1710802121.4071364,-1.0434701045354207
1710802121.4072495,-1.141538487540351
1710802121.4073625,-1.2396068043178983
1710802121.4074755,-1.3366243574354384
1710802121.4075882,-1.4346926742129855
1710802121.4077013,-1.532761123445299
1710802121.4078143,-1.629778676562839
1710802121.4079273,-1.7267962296803792
1710802121.40804,-1.8227631515926785
1710802121.408153,-1.9176793098449707
1710802121.408266,-2.0101437303755016
1710802121.408379,-2.100856966442532
1710802121.4084918,-2.189468675189548
1710802121.4086049,-2.27667940987481
1710802121.4087179,-2.362489170498318
1710802121.408831,-2.448298931121826
1710802121.4089437,-2.5330580605400934
1710802121.4090567,-2.61641608344184
1710802121.4091697,-2.698723475138346
1710802121.4092827,-2.7799802356296115
1710802121.4093955,-2.8584347830878363
1710802121.4095085,-2.9351382785373263
1710802121.4096215,-3.008689615461561
1710802121.4097345,-3.080139425065782
1710802121.4098473,-3.149837917751736
1710802121.4099603,-3.217785358428955
1710802121.4100733,-3.2853823237948947
1710802121.4101863,-3.3512282371520996
1710802121.410299,-3.4167239401075573
1710802121.410412,-3.480818536546495
1710802121.410525,-3.543162080976698
1710802121.410638,-3.602002991570367
1710802121.4107509,-3.6594430605570474
1710802121.4108639,-3.7140811814202204
1710802121.410977,-3.764516247643365
1710802121.41109,-3.8128500514560275
1710802121.4112027,-3.85978274875217
1710802121.4113157,-3.9053143395317926
1710802121.4114287,-3.9487446679009333
1710802121.4115417,-3.9907738897535534
1710802121.4116545,-4.031752480400933
1710802121.4117675,-4.071680174933539
1710802121.4118805,-4.108105765448676
1710802121.4119935,-4.142779774136013
1710802121.4121063,-4.175002310011122
1710802121.4122193,-4.204072422451443
1710802121.4123323,-4.2306910620795355
1710802121.4124453,-4.253807332780626
1710802121.412558,-4.274471600850423
1710802121.412671,-4.294435448116726
1710802121.412784,-4.3115973472595215
1710802121.412897,-4.328058825598823
1710802121.41301,-4.343119462331136
1710802121.413123,-4.356778992546929
1710802121.413236,-4.367986785040961
1710802121.413349,-4.376742839813232
1710802121.4134617,-4.382346736060248
1710802121.4135747,-4.385498894585504
1710802121.4136877,-4.38584910498725
1710802121.4138007,-4.384448263380262
1710802121.4139135,-4.38094589445326
1710802121.4140265,-4.376392629411486
1710802121.4141395,-4.3711389435662165
1710802121.4142525,-4.365184836917453
1710802121.4143653,-4.358880519866943
1710802121.4144783,-4.351175096299913
1710802121.4145913,-4.3413681454128685
1710802121.4147043,-4.328409300910102
1710802121.414817,-4.3122980329725475
1710802121.41493,-4.294085237714979
1710802121.415043,-4.272019863128662
1710802121.4151561,-4.248903857337104
1710802121.415269,-4.225437376234266
1710802121.415382,-4.200219843122694
1710802121.415495,-4.1753525204128685
1710802121.415608,-4.149434566497803
1710802121.4157207,-4.123166137271457
1710802121.4158337,-4.0937455495198565
1710802121.4159467,-4.062223699357775
1710802121.4160597,-4.027549425760905
1710802121.4161725,-3.9904236793518066
1710802121.4162855,-3.950495719909668
1710802121.4163985,-3.9088167084587946
1710802121.4165113,-3.865386644999186
1710802121.4166243,-3.8219563166300454
1710802121.4167373,-3.778175777859158
1710802121.4168503,-3.735095659891764
1710802121.416963,-3.689914279513889
1710802121.417076,-3.642631371815999
1710802121.4171891,-3.5928967263963485
1710802121.4173021,-3.540009922451443
1710802121.417415,-3.484320905473497
1710802121.417528,-3.4261804156833224
1710802121.417641,-3.3659383985731335
1710802121.417754,-3.3053461710611978
1710802121.4178667,-3.2437033123440213
1710802121.4179797,-3.1820604536268444
1710802121.4180927,-3.1204173300001354
1710802121.4182057,-3.0570231543646917
1710802121.4183185,-2.99222813712226
1710802121.4184315,-2.924981117248535
1710802121.4185445,-2.8545822037590876
1710802121.4186575,-2.7827821837531195
1710802121.4187703,-2.7081802156236434
1710802121.4188833,-2.6318269305759006
1710802121.4189963,-2.5544230143229165
1710802121.4191093,-2.476318677266439
1710802121.419222,-2.3971634440951877
1710802121.4193351,-2.3183584213256836
1710802121.4194481,-2.237802346547445
1710802121.4195611,-2.155845297707452
1710802121.419674,-2.0721369319491916
1710802121.419787,-1.9856266180674234
1710802121.4199,-1.8977153301239014
1710802121.420013,-1.8084032005733914
1710802121.4201257,-1.717339621649848
1710802121.4202387,-1.62522554397583
1710802121.4203517,-1.532060570187039
1710802121.4204648,-1.4388955963982475
1710802121.4205775,-1.3450302018059623
1710802121.4206905,-1.2497638331519232
1710802121.4208035,-1.15379704369439
1710802121.4209166,-1.056429147720337
1710802121.4210293,-0.9583607647154067
1710802121.4211423,-0.8599422375361124
1710802121.4212554,-0.7597723934385512
1710802121.4213684,-0.659602615568373
1710802121.4214811,-0.5583820740381876
1710802121.4215941,-0.45576055844624835
1710802121.4217072,-0.3531390428543091
1710802121.4218202,-0.24981705678833854
1710802121.421933,-0.14579456713464525
1710802121.422046,-0.04247256451182895
1710802121.422159,0.060861338343885206
1710802121.422272,0.1638532347149319
1710802121.4223847,0.2654438879754808
1710802121.4224977,0.36703454123602974
1710802121.4226108,0.46827488475375706
1710802121.4227238,0.5691648854149712
1710802121.4228365,0.668653647104899
1710802121.4229496,0.7688430945078532
1710802121.4230626,0.8697330951690674
1710802121.4231756,0.9699224763446384
1710802121.4232883,1.068360341919793
1710802121.4234014,1.1657472451527913
1710802121.4235144,1.2631340821584065
1710802121.4236274,1.3573682308197021
1710802121.4237401,1.4509016937679715
1710802121.4238532,1.5437344710032144
1710802121.4239662,1.6369177235497367
1710802121.4240792,1.7290499475267198
1710802121.424192,1.822233067618476
1710802121.424305,1.9140149487389457
1710802121.424418,2.0061471727159286
1710802121.424531,2.0968781577216253
1710802121.4246438,2.1858575608995223
1710802121.4247568,2.272034486134847
1710802121.4248698,2.3554086685180664
1710802121.4249828,2.4366813235812717
1710802121.4250956,2.515501711103651
1710802121.4252086,2.592220041486952
1710802121.4253216,2.6682379510667587
1710802121.4254346,2.74320469962226
1710802121.4255474,2.8171208169725204
1710802121.4256604,2.888934877183702
1710802121.4257734,2.959698041280111
1710802121.4258864,3.02695804172092
1710802121.4259992,3.0914155642191568
1710802121.4261122,3.153070608774821
1710802121.4262252,3.211572700076633
1710802121.4263382,3.2672725783454046
1710802121.426451,3.321921295589871
1710802121.426564,3.3741177452935114
1710802121.426677,3.4245628780788846
1710802121.42679,3.4750077459547253
1710802121.4269028,3.5244019826253252
1710802121.4270158,3.5713436868455672
1710802121.4271288,3.616534074147542
1710802121.4272418,3.658221297793918
1710802121.4273546,3.6978067292107477
1710802121.4274676,3.7345894177754717
1710802121.4275806,3.768219417995877
1710802121.4276936,3.800097836388482
1710802121.4278064,3.830925358666314
1710802121.4279194,3.8593006134033203
1710802121.4280324,3.887676133049859
1710802121.4281454,3.915000491672092
1710802121.4282582,3.9402230580647783
1710802121.4283712,3.9640442530314126
1710802121.4284842,3.9864640765719943
1710802121.4285972,4.005381001366509
1710802121.42871,4.022196133931478
1710802121.428823,4.035858313242595
1710802121.428936,4.046718014611138
1710802121.429049,4.055125448438856
1710802121.4291618,4.062131775750054
1710802121.4292748,4.0677367316351996
1710802121.4293878,4.072641001807319
1710802121.4295008,4.076144165462917
1710802121.4296136,4.079647329118517
1710802121.4297266,4.080348014831543
1710802121.4298396,4.079997539520264
1710802121.4299526,4.076844851175944
1710802121.4300654,4.071239895290798
1710802121.4301784,4.062481986151801
1710802121.4302914,4.051972760094537
1710802121.4304044,4.03971168729994
1710802121.4305172,4.026049507988824
1710802121.4306302,4.012737539079454
1710802121.4307432,3.9983749389648438
1710802121.4308562,3.984012073940701
1710802121.430969,3.969298998514811
1710802121.431082,3.9521336555480957
1710802121.431195,3.933566941155328
1710802121.431308,3.911147117614746
1710802121.4314208,3.8873256577385797
1710802121.4315338,3.860701984829373
1710802121.4316468,3.8323267300923662
1710802121.4317598,3.8036010000440807
1710802121.4318726,3.7741748491923013
1710802121.4319856,3.7447484334309893
1710802121.4320986,3.716373178693983
1710802121.4322116,3.6865965525309243
1710802121.4323244,3.6554188198513455
1710802121.4324374,3.6217888196309405
1710802121.4325504,3.5860570271809893
1710802121.4326634,3.546821806165907
1710802121.4327762,3.5054850578308105
1710802121.4328892,3.461345566643609
1710802121.4330022,3.4168558650546603
1710802121.4331152,3.3713152673509383
1710802121.433228,3.3261248800489636
1710802121.433341,3.280234071943495
1710802121.433454,3.233642578125
1710802121.433567,3.186350133683946
1710802121.4336798,3.1355550554063583
1710802121.4337928,3.082657655080159
1710802121.4339058,3.026607831319173
1710802121.4340189,2.968455950419108
1710802121.4341316,2.907851801978217
1710802121.4342446,2.8458465470208063
1710802121.4343576,2.783841027153863
1710802121.4344707,2.7218357721964517
1710802121.4345834,2.6587796211242676
1710802121.4346964,2.595723205142551
1710802121.4348094,2.5312656826443143
1710802121.4349225,2.4657572640313044
1710802121.4350352,2.3974463674757214
1710802121.4351482,2.3273838890923395
1710802121.4352612,2.2541684574551053
1710802121.4353743,2.179902129703098
1710802121.435487,2.1052855915493436
1710802121.4356,2.0289174715677896
1710802121.435713,1.952899694442749
1710802121.435826,1.8754805458916557
1710802121.4359388,1.7980615297953286
1710802121.4360518,1.718540456559923
1710802121.4361649,1.63796861966451
1710802121.4362779,1.5556452009412978
1710802121.4363906,1.4708695146772597
1710802121.4365036,1.3850429322984483
1710802121.4366167,1.2971144252353244
1710802121.4367297,1.2091860506269667
1710802121.4368424,1.1195059617360432
1710802121.4369555,1.0291253195868597
1710802121.4370685,0.9380440579520332
1710802121.4371815,0.8466124534606934
1710802121.4372942,0.7548305723402235
1710802121.4374073,0.6609468327628242
1710802121.4375203,0.5670630269580417
1710802121.4376333,0.47212832503848606
1710802121.437746,0.3764929705195957
1710802121.437859,0.28050733937157524
1710802121.437972,0.18452167510986328
1710802121.438085,0.08678447041246626
1710802121.4381979,-0.010950599486629168
1710802121.4383109,-0.10901894006464216
1710802121.4384239,-0.20743752519289652
1710802121.438537,-0.3062063455581665
1710802121.4386497,-0.40497518248028225
1710802121.4387627,-0.5030434992578294
1710802121.4388757,-0.6011118491490682
1710802121.4389887,-0.6991801659266154
1710802121.4391015,-0.7958475748697916
1710802121.4392145,-0.8925149175855849
1710802121.4393275,-0.989532536930508
1710802121.4394405,-1.0854993926154242
1710802121.4395533,-1.1828672885894775
1710802121.4396663,-1.2791844209035237
1710802121.4397793,-1.3755014207628038
1710802121.4398923,-1.469717158211602
1710802121.440005,-1.5639327632056341
1710802121.440118,-1.6560469733344183
1710802121.440231,-1.7467602094014485
1710802121.440344,-1.8364226818084717
1710802121.4404569,-1.9246841801537407
1710802121.4405699,-2.0129456784990096
1710802121.440683,-2.101557387246026
1710802121.440796,-2.190519438849555
1710802121.4409087,-2.2777303059895835
1710802121.4410217,-2.365291118621826
1710802121.4411347,-2.4500502480400934
1710802121.4412477,-2.5344591670566134
1710802121.4413605,-2.615715662638346
1710802121.4414735,-2.6959215270148382
1710802121.4415865,-2.7726250224643283
1710802121.4416995,-2.848978307512071
1710802121.4418123,-2.924280696445041
1710802121.4419253,-2.9974818229675293
1710802121.4420383,-3.070332474178738
1710802121.4421513,-3.1421324941847057
1710802121.442264,-3.21183098687066
1710802121.442377,-3.2797784275478787
1710802121.44249,-3.3459745513068304
1710802121.442603,-3.4083180957370334
1710802121.442716,-3.467859427134196
1710802121.442829,-3.5256497065226235
1710802121.442942,-3.58098824818929
1710802121.443055,-3.6338753170437283
1710802121.4431677,-3.686411910586887
1710802121.4432807,-3.7368469768100314
1710802121.4433937,-3.7855309910244412
1710802121.4435067,-3.8338645299275713
1710802121.4436195,-3.8793963856167264
1710802121.4437325,-3.9238773451911078
1710802121.4438455,-3.963805039723714
1710802121.4439585,-4.003382788764106
1710802121.4440713,-4.037356376647949
1710802121.4441843,-4.070979754130046
1710802121.4442973,-4.100750552283393
1710802121.4444103,-4.130171140034993
1710802121.444523,-4.156789514753553
1710802121.444636,-4.183408154381646
1710802121.444749,-4.208625687493218
1710802121.4448621,-4.231741958194308
1710802121.444975,-4.253106647067599
1710802121.445088,-4.273420969645183
1710802121.445201,-4.290933079189724
1710802121.445314,-4.304242399003771
1710802121.4454267,-4.3158004018995495
1710802121.4455397,-4.324906667073567
1710802121.4456527,-4.332261880238851
1710802121.4457657,-4.33751556608412
1710802121.4458785,-4.342419041527642
1710802121.4459915,-4.346271620856391
1710802121.4461045,-4.349073568979899
1710802121.4462175,-4.350824885898166
1710802121.4463303,-4.349773989783393
1710802121.4464433,-4.346621831258138
1710802121.4465563,-4.340667724609375
1710802121.4466693,-4.33121124903361
1710802121.446782,-4.318952560424805
1710802121.4468951,-4.305643240610759
1710802121.4470081,-4.28883155186971
1710802121.4471211,-4.273070759243435
1710802121.447234,-4.255558384789361
1710802121.447347,-4.238046275244819
1710802121.44746,-4.21983347998725
1710802121.447573,-4.200219843122694
1710802121.4476857,-4.17780425813463
1710802121.4477987,-4.1532871458265515
1710802121.4479117,-4.125968085394965
1710802121.4480247,-4.095496866438124
1710802121.4481375,-4.063274330563015
1710802121.4482505,-4.028950532277425
1710802121.4483635,-3.994976944393582
1710802121.4484766,-3.959952460394965
1710802121.4485893,-3.9249279763963485
1710802121.4487023,-3.8892030715942383
1710802121.4488153,-3.851376904381646
1710802121.4489284,-3.812149365743001
1710802121.4490411,-3.770120143890381
1710802121.4491541,-3.7245885531107583
1710802121.4492671,-3.6766049596998425
1710802121.4493802,-3.626169893476698
1710802121.449493,-3.5743337207370334
1710802121.449606,-3.5214469167921276
1710802121.449719,-3.468910323248969
1710802121.449832,-3.415673043992784
1710802121.4499447,-3.3617356088426376
1710802121.4500577,-3.306747277577718
1710802121.4501708,-3.249657418992784
1710802121.4502838,-3.1894154018825955
1710802121.4503965,-3.126721911960178
1710802121.4505095,-3.060875998602973
1710802121.4506226,-2.992928557925754
1710802121.4507356,-2.923580275641547
1710802121.4508483,-2.853181097242567
1710802121.4509614,-2.7813810772365994
1710802121.4510744,-2.7095810572306314
1710802121.4511874,-2.636380195617676
1710802121.4513001,-2.562128437889947
1710802121.4514132,-2.4864755736456976
1710802121.4515262,-2.408021026187473
1710802121.4516392,-2.3285155826144748
1710802121.451752,-2.2458579805162215
1710802121.451865,-2.1614491939544678
1710802121.451978,-2.0763398541344538
1710802121.452091,-1.9894793298509386
1710802121.4522038,-1.9033192263709173
1710802121.4523168,-1.8164587020874023
1710802121.4524298,-1.7281972037421331
1710802121.4525428,-1.6395854949951172
1710802121.4526556,-1.549572812186347
1710802121.4527686,-1.45850936571757
1710802121.4528816,-1.3649941815270317
1710802121.4529946,-1.2707784440782335
1710802121.4531074,-1.1748116546207004
1710802121.4532204,-1.0784945223066542
1710802121.4533334,-0.981126692559984
1710802121.4534464,-0.8830583095550537
1710802121.4535592,-0.7842895057466295
1710802121.4536722,-0.6844699382781982
1710802121.4537852,-0.584650370809767
1710802121.4538982,-0.4827293422487047
1710802121.454011,-0.38185907734764946
1710802121.454124,-0.2802882923020257
1710802121.454237,-0.1776667767100864
1710802121.45435,-0.07539550463358562
1710802121.4544628,0.026881018032630283
1710802121.4545758,0.12952260673046112
1710802121.4546888,0.23321512672636244
1710802121.4548018,0.3365573618147108
1710802121.4549146,0.4409504930178324
1710802121.4550276,0.5446430378490024
1710802121.4551406,0.6476349300808376
1710802121.4552536,0.7502765125698513
1710802121.4553664,0.8518671327167087
1710802121.4554794,0.9513559606340196
1710802121.4555924,1.0501441028383043
1710802121.4557054,1.148581902186076
1710802121.4558182,1.2470197677612305
1710802121.4559312,1.3440563943650987
1710802121.4560442,1.441443231370714
1710802121.4561572,1.5381295151180692
1710802121.45627,1.6348157988654242
1710802121.456383,1.7294001579284668
1710802121.456496,1.822233067618476
1710802121.456609,1.9133142630259194
1710802121.4567218,2.002293666203817
1710802121.4568348,2.0891712771521673
1710802121.4569478,2.173946830961439
1710802121.4570608,2.2587225172254772
1710802121.4571736,2.3427976502312555
1710802121.4572866,2.425821622212728
1710802121.4573996,2.5077946980794272
1710802121.4575124,2.5897680388556585
1710802121.4576254,2.669288847181532
1710802121.4577384,2.7453067567613387
1710802121.4578514,2.81887239880032
1710802121.4579642,2.8899857732984753
1710802121.4580772,2.9575962490505643
1710802121.4581902,3.0245057741800943
1710802121.4583032,3.088963296678331
1710802121.458416,3.1527201334635415
1710802121.458529,3.215776549445258
1710802121.458642,3.277431594000922
1710802121.458755,3.3376852671305337
1710802121.4588678,3.3958371480305987
1710802121.4589808,3.4511865509880915
1710802121.4590938,3.5030327902899847
1710802121.4592068,3.552777237362332
1710802121.4593196,3.59901852077908
1710802121.4594326,3.642457326253255
1710802121.4595456,3.6837940745883517
1710802121.4596586,3.723729716406928
1710802121.4597714,3.761563565995958
1710802121.4598844,3.7983462545606823
1710802121.4599974,3.8337278366088867
1710802121.4601104,3.8677083121405706
1710802121.4602232,3.8978351487053766
1710802121.4603362,3.926911089155409
1710802121.4604492,3.9528340763515897
1710802121.4605622,3.9752541648017035
1710802121.460675,3.995922671424018
1710802121.460788,4.013088014390734
1710802121.460901,4.0295526716444225
1710802121.461014,4.044616222381592
1710802121.4611268,4.057577715979682
1710802121.4612398,4.070539209577772
1710802121.4613528,4.082099596659343
1710802121.4614658,4.091908401913113
1710802121.4615786,4.100315835740831
1710802121.4616916,4.106271002027723
1710802121.4618046,4.110124640994601
1710802121.4619176,4.111525747511122
1710802121.4620304,4.109774165683322
1710802121.4621434,4.106971687740749
1710802121.4622564,4.103468524085151
1710802121.4623694,4.098914464314778
1710802121.4624822,4.092959298027886
1710802121.4625952,4.087354342142741
1710802121.4627082,4.080348014831543
1710802121.4628212,4.072290791405572
1710802121.462934,4.062131775750054
1710802121.463047,4.048119121127658
1710802121.46316,4.032004939185248
1710802121.463273,4.013088014390734
1710802121.4633858,3.9910184012518988
1710802121.4634988,3.9675474166870117
1710802121.4636118,3.9430255360073514
1710802121.4637249,3.9192040761311846
1710802121.4638376,3.8943319850497775
1710802121.4639506,3.8691094186570907
1710802121.4640636,3.842835956149631
1710802121.4641767,3.815511597527398
1710802121.4642894,3.784684075249566
1710802121.4644024,3.7517547607421875
1710802121.4645154,3.714972072177463
1710802121.4646285,3.6771382225884333
1710802121.4647412,3.6372025807698565
1710802121.4648542,3.59726693895128
1710802121.4649673,3.5559299257066512
1710802121.4650803,3.515644073486328
1710802121.465193,3.4743073251512313
1710802121.465306,3.4340212080213757
1710802121.465419,3.3902321921454535
1710802121.465532,3.344341119130452
1710802121.4656448,3.295647833082411
1710802121.4657578,3.2441518041822643
1710802121.4658709,3.1898532973395453
1710802121.4659839,3.134503894382053
1710802121.4660966,3.0781035953097873
1710802121.4662097,3.021002610524495
1710802121.4663227,2.963901890648736
1710802121.4664357,2.9064504305521646
1710802121.4665484,2.8482985496520996
1710802121.4666615,2.788395086924235
1710802121.4667745,2.726039621565077
1710802121.4668875,2.66158209906684
1710802121.4670002,2.5939716233147516
1710802121.4671133,2.5246098306443954
1710802121.4672263,2.453145980834961
1710802121.4673393,2.380631234910753
1710802121.467452,2.308116488986545
1710802121.467565,2.234550846947564
1710802121.467678,2.160634994506836
1710802121.467791,2.0860184563530817
1710802121.4679039,2.0096502039167614
1710802121.4680169,1.9315305021074083
1710802121.4681299,1.8506083223554823
1710802121.468243,1.7675842179192436
1710802121.4683557,1.6835092173682318
1710802121.4684687,1.5966317388746474
1710802121.4685817,1.5097542603810628
1710802121.4686947,1.422526306576199
1710802121.4688075,1.3342475891113281
1710802121.4689205,1.2466694249047172
1710802121.4690335,1.157339678870307
1710802121.4691465,1.0680099990632799
1710802121.4692593,0.9772790802849664
1710802121.4693723,0.8858474757936265
1710802121.4694853,0.7930146323310004
1710802121.4695983,0.6994811693827311
1710802121.469711,0.6052470869488186
1710802121.469824,0.5106626947720846
1710802121.469937,0.4146770636240641
1710802121.47005,0.31904170910517377
1710802121.4701629,0.22130449612935382
1710802121.4702759,0.1253188567029105
1710802121.470389,0.026881018032630283
1710802121.470502,-0.07084233065446217
1710802121.4706147,-0.16996140281359354
1710802121.4707277,-0.26837997966342503
1710802121.4708407,-0.36819954713185626
1710802121.4709537,-0.4666181405385335
1710802121.4710665,-0.5664377080069648
1710802121.4711795,-0.664856301413642
1710802121.4712925,-0.7650260792838203
1710802121.4714055,-0.8651958571539985
1710802121.4715183,-0.9650154246224297
1710802121.4716313,-1.064134505059984
1710802121.4717443,-1.1629033088684082
1710802121.4718573,-1.2606214152442083
1710802121.47197,-1.3572887579600017
1710802121.472083,-1.4532556798723009
1710802121.472196,-1.547471284866333
1710802121.472309,-1.6416870223151312
1710802121.472422,-1.7355524169074164
1710802121.472535,-1.8294178114997015
1710802121.472648,-1.9222324424319797
1710802121.472761,-2.0146968629625106
1710802121.4728737,-2.106460862689548
1710802121.4729867,-2.195422781838311
1710802121.4730997,-2.282633516523573
1710802121.4732127,-2.36879375245836
1710802121.4733255,-2.4514513545566134
1710802121.4734385,-2.532707850138346
1710802121.4735515,-2.6118630833095975
1710802121.4736645,-2.6913685268825955
1710802121.4737773,-2.7691226535373263
1710802121.4738903,-2.846876780192057
1710802121.4740033,-2.923580275641547
1710802121.4741163,-2.99853245417277
1710802121.474229,-3.070682684580485
1710802121.474342,-3.141081862979465
1710802121.474455,-3.2093795140584307
1710802121.4745681,-3.2752251625061035
1710802121.474681,-3.3382691277398004
1710802121.474794,-3.399211565653483
1710802121.474907,-3.4598037931654186
1710802121.47502,-3.518995179070367
1710802121.4751327,-3.5767854584587946
1710802121.4752457,-3.632824420928955
1710802121.4753587,-3.6874625417921276
1710802121.4754717,-3.739999135335286
1710802121.4755845,-3.789733780754937
1710802121.4756975,-3.8363162676493325
1710802121.4758105,-3.881147437625461
1710802121.4759235,-3.9214256074693465
1710802121.4760363,-3.960302670796712
1710802121.4761493,-3.9967279964023166
1710802121.4762623,-4.0314022699991865
1710802121.4763753,-4.064325226677789
1710802121.476488,-4.096547497643365
1710802121.4766011,-4.126668506198459
1710802121.4767141,-4.155738883548312
1710802121.4768271,-4.183057943979899
1710802121.47694,-4.206874370574951
1710802121.477053,-4.2285895347595215
1710802121.477166,-4.248203171624078
1710802121.477279,-4.263614018758138
1710802121.4773917,-4.277623759375678
1710802121.4775047,-4.289882447984484
1710802121.4776177,-4.30038955476549
1710802121.4777308,-4.310896926456027
1710802121.4778435,-4.318952560424805
1710802121.4779565,-4.326657983991835
1710802121.4780695,-4.331911669837104
1710802121.4781826,-4.336114459567599
1710802121.4782953,-4.336464934878879
1710802121.4784083,-4.334713617960612
1710802121.4785213,-4.330510563320583
1710802121.4786344,-4.3235058254665795
1710802121.4787471,-4.315099981096056
1710802121.4788601,-4.3059934510125055
1710802121.4789732,-4.2954863442315
1710802121.4790862,-4.2846287621392145
1710802121.479199,-4.274121390448676
1710802121.479312,-4.2618627018398705
1710802121.479425,-4.248553646935357
1710802121.479538,-4.231041272481282
1710802121.4796507,-4.21212805642022
1710802121.4797637,-4.189362261030409
1710802121.4798768,-4.165195359124078
1710802121.4799898,-4.1378762986924915
1710802121.4801025,-4.109856817457411
1710802121.4802155,-4.081136915418837
1710802121.4803286,-4.052066538068983
1710802121.4804416,-4.022296004825168
1710802121.4805543,-3.9914743105570474
1710802121.4806674,-3.958551353878445
1710802121.4807804,-3.9238773451911078
1710802121.4808934,-3.885350492265489
1710802121.4810061,-3.8443719016181097
1710802121.4811192,-3.800941573248969
1710802121.4812322,-3.7554099824693465
1710802121.4813452,-3.708127074771457
1710802121.481458,-3.6601434813605414
1710802121.481571,-3.612510363260905
1710802121.481684,-3.563826349046495
1710802121.481797,-3.5151425997416177
1710802121.4819098,-3.464357058207194
1710802121.4820228,-3.4118204646640353
1710802121.4821358,-3.3561317125956216
1710802121.4822488,-3.298691643608941
1710802121.4823616,-3.238099416097005
1710802121.4824746,-3.174705240461561
1710802121.4825876,-3.1113110648261175
1710802121.4827006,-3.0461655722724066
1710802121.4828134,-2.982070975833469
1710802121.4829264,-2.916575272878011
1710802121.4830394,-2.850379149119059
1710802121.4831524,-2.78383281495836
1710802121.4832652,-2.7141343222724066
1710802121.4833782,-2.6430347230699325
1710802121.4834912,-2.5694833861456976
1710802121.4836042,-2.493480576409234
1710802121.483717,-2.415376239352756
1710802121.48383,-2.337271637386746
1710802121.483943,-2.258466879526774
1710802121.484056,-2.177910672293769
1710802121.4841688,-2.097354465060764
1710802121.4842818,-2.015397416220771
1710802121.4843948,-1.9330900245242648
1710802121.4845078,-1.8479806847042508
1710802121.4846206,-1.7625211344824896
1710802121.4847336,-1.6732088724772134
1710802121.4848466,-1.5852977169884575
1710802121.4849596,-1.4928332964579265
1710802121.4850724,-1.401769717534383
1710802121.4851854,-1.307554112540351
1710802121.4852984,-1.214389271206326
1710802121.4854114,-1.1208740870157878
1710802121.4855242,-1.0249071651034884
1710802121.4856372,-0.9285900327894423
1710802121.4857502,-0.831922690073649
1710802121.4858632,-0.7349050707287258
1710802121.485976,-0.6368367539511787
1710802121.486089,-0.5380679170290629
1710802121.486202,-0.4392990801069471
1710802121.486315,-0.33982978926764595
1710802121.4864278,-0.24001022179921466
1710802121.4865408,-0.1398404108153449
1710802121.4866538,-0.04002085576454798
1710802121.4867668,0.06121165222591824
1710802121.4868796,0.1621016694439782
1710802121.4869926,0.2622910837332408
1710802121.4871056,0.3628307912084791
1710802121.4872186,0.46266986264122856
1710802121.4873314,0.5618083477020264
1710802121.4874444,0.6598958704206679
1710802121.4875574,0.7579833931393093
1710802121.4876704,0.8571218782001071
1710802121.4877832,0.9555596775478786
1710802121.4878962,1.0543478197521634
1710802121.4880092,1.153135961956448
1710802121.4881222,1.2515738275316026
1710802121.488235,1.3493110073937309
1710802121.488348,1.4445960521697998
1710802121.488461,1.5395307540893555
1710802121.488574,1.6313126352098253
1710802121.4886868,1.723094516330295
1710802121.4887998,1.8127746052212186
1710802121.4889128,1.9014036655426025
1710802121.4890258,1.9910837544335258
1710802121.4891386,2.07971281475491
1710802121.4892516,2.167991532219781
1710802121.4893646,2.2548691431681314
1710802121.4894776,2.338944011264377
1710802121.4895904,2.4205668767293296
1710802121.4897034,2.500087949964735
1710802121.4898164,2.5761055946350098
1710802121.4899294,2.6503719223870172
1710802121.4900422,2.722536457909478
1710802121.4901552,2.7936498324076333
1710802121.4902682,2.8626614146762424
1710802121.4903812,2.931322786543104
1710802121.490494,2.999633683098687
1710802121.490607,3.065842787424723
1710802121.49072,3.1288989384969073
1710802121.490833,3.1898532973395453
1710802121.4909458,3.2487058639526367
1710802121.4910588,3.303705056508382
1710802121.4911718,3.356602191925049
1710802121.4912848,3.407747745513916
1710802121.4913976,3.4567915068732367
1710802121.4915106,3.5051345825195312
1710802121.4916236,3.552777237362332
1710802121.4917367,3.59901852077908
1710802121.4918494,3.643157747056749
1710802121.4919624,3.6865965525309243
1710802121.4920754,3.72688266966078
1710802121.4921885,3.764366043938531
1710802121.4923012,3.799046940273709
1710802121.4924142,3.8312758339775934
1710802121.4925272,3.860701984829373
1710802121.4926403,3.8873256577385797
1710802121.492753,3.9135991202460394
1710802121.492866,3.9381210009256997
1710802121.492979,3.9615919854905868
1710802121.493092,3.9836615986294217
1710802121.4932048,4.004330105251736
1710802121.4933178,4.023247030046251
1710802121.4934309,4.040412373012966
1710802121.4935439,4.05442476272583
1710802121.4936566,4.065634939405653
1710802121.4937696,4.074042373233371
1710802121.4938827,4.079997539520264
1710802121.4939957,4.085252285003662
1710802121.4941084,4.088405238257514
1710802121.4942214,4.091207716200087
1710802121.4943345,4.092608822716607
1710802121.4944475,4.0936599837409124
1710802121.4945602,4.093309508429633
1710802121.4946733,4.091207716200087
1710802121.4947863,4.086303181118435
1710802121.4948993,4.079647329118517
1710802121.495012,4.069488313462999
1710802121.495125,4.056526819864909
1710802121.495238,4.042514165242513
1710802121.495351,4.02675019370185
1710802121.4954638,4.010635746849908
1710802121.4955769,3.9941710895962186
1710802121.4956899,3.9777064323425293
1710802121.4958029,3.9605410893758135
1710802121.4959157,3.941624164581299
1710802121.4960287,3.9209556579589844
1710802121.4961417,3.8974849383036294
1710802121.4962547,3.8712114757961698
1710802121.4963675,3.842835956149631
1710802121.4964805,3.812709119584825
1710802121.4965935,3.7801300154791937
1710802121.4967065,3.748952282799615
1710802121.4968193,3.7160229682922363
1710802121.4969323,3.6834438641866045
1710802121.4970453,3.650164074367947
1710802121.4971583,3.615833388434516
1710802121.497271,3.579751385582818
1710802121.497384,3.5401659541659884
1710802121.497497,3.4970776240030923
1710802121.49761,3.4511865509880915
1710802121.4977229,3.403544161054823
1710802121.4978359,3.354149924384223
1710802121.497949,3.3033545811971026
1710802121.498062,3.253610399034288
1710802121.4981747,3.201763894822862
1710802121.4982877,3.1513190269470215
1710802121.4984007,3.0987721019321017
1710802121.4985137,3.044824070400662
1710802121.4986265,2.9873726103040905
1710802121.4987395,2.9278196228875055
1710802121.4988525,2.8661645783318415
1710802121.4989653,2.8013568454318576
1710802121.4990783,2.7365488476223416
1710802121.4991913,2.6699895328945584
1710802121.4993043,2.604130638970269
1710802121.499417,2.537571324242486
1710802121.49953,2.471012009514703
1710802121.499643,2.403051323360867
1710802121.499756,2.333339055379232
1710802121.4998689,2.2608243094550238
1710802121.4999819,2.187258799870809
1710802121.500095,2.1115912331475153
1710802121.500208,2.033821874194675
1710802121.5003207,1.9546511438157823
1710802121.5004337,1.8747798601786294
1710802121.5005467,1.7942080232832167
1710802121.5006597,1.7136361863878038
1710802121.5007725,1.6320133209228516
1710802121.5008855,1.5486388736300998
1710802121.5009985,1.464563873079088
1710802121.5011115,1.3780367374420166
1710802121.5012243,1.2890573342641194
1710802121.5013373,1.1986766921149359
1710802121.5014503,1.106894744767083
1710802121.5015633,1.0130109389623005
1710802121.501676,0.9191271993849013
1710802121.501789,0.8241924974653456
1710802121.501902,0.7285571098327637
1710802121.502015,0.6315205494562784
1710802121.502128,0.5355348851945665
1710802121.502241,0.4370970527331034
1710802121.502354,0.3383089105288188
1710802121.502467,0.24022138781017727
1710802121.5025797,0.14108291930622524
1710802121.5026927,0.041944459080696106
1710802121.5028057,-0.05683257348007626
1710802121.5029187,-0.15665213267008463
1710802121.5030315,-0.2568219270971086
1710802121.5031445,-0.3576922085550096
1710802121.5032575,-0.4582122630543179
1710802121.5033705,-0.5587322844399346
1710802121.5034833,-0.6592523389392428
1710802121.5035963,-0.7597723934385512
1710802121.5037093,-0.8588914738761054
1710802121.5038223,-0.9573100672827827
1710802121.503935,-1.056429147720337
1710802121.504048,-1.154497464497884
1710802121.5041611,-1.2536165449354384
1710802121.5042741,-1.3516848617129855
1710802121.504387,-1.4497531784905326
1710802121.5045,-1.547471284866333
1710802121.504613,-1.6455396016438801
1710802121.504726,-1.7415065235561795
1710802121.5048387,-1.8367728922102187
1710802121.5049517,-1.9299378659990098
1710802121.5050647,-2.0217017332712808
1710802121.5051777,-2.111364205678304
1710802121.5052905,-2.200326257281833
1710802121.5054035,-2.2882374127705893
1710802121.5055165,-2.3747478591071234
1710802121.5056295,-2.4626591470506454
1710802121.5057423,-2.5488191180759006
1710802121.5058553,-2.6342786682976618
1710802121.5059683,-2.7179869016011557
1710802121.5060813,-2.799593872494168
1710802121.506194,-2.8801499472724066
1710802121.5063071,-2.955802811516656
1710802121.5064201,-3.0300545692443848
1710802121.5065331,-3.1025550100538464
1710802121.506646,-3.172603713141547
1710802121.506759,-3.241951995425754
1710802121.506872,-3.309899436102973
1710802121.506985,-3.375745349460178
1710802121.5070977,-3.440890842013889
1710802121.5072107,-3.5035843319363065
1710802121.5073237,-3.563125928243001
1710802121.5074368,-3.6209162076314287
1710802121.5075495,-3.6748536427815752
1710802121.5076625,-3.726339605119493
1710802121.5077755,-3.775023619333903
1710802121.5078886,-3.8212558958265515
1710802121.5080013,-3.866787486606174
1710802121.5081143,-3.9105680253770614
1710802121.5082273,-3.9536481433444552
1710802121.5083404,-3.994976944393582
1710802121.5084531,-4.0349046389261884
1710802121.5085661,-4.072731071048312
1710802121.5086792,-4.108455975850423
1710802121.5087922,-4.141378932529025
1710802121.508905,-4.17149994108412
1710802121.509018,-4.198819001515706
1710802121.509131,-4.223686324225532
1710802121.509244,-4.246452119615343
1710802121.5093567,-4.268167283799913
1710802121.5094697,-4.28778092066447
1710802121.5095828,-4.306694136725532
1710802121.5096958,-4.323155615064833
1710802121.5098085,-4.339617093404134
1710802121.5099216,-4.352926148308648
1710802121.5100346,-4.364484416113959
1710802121.5101476,-4.37183936436971
1710802121.5102603,-4.377443260616726
1710802121.5103734,-4.379894998338488
1710802121.5104864,-4.380595684051514
1710802121.5105994,-4.378143946329753
1710802121.5107121,-4.376392629411486
1710802121.5108252,-4.372890260484484
1710802121.5109382,-4.368336995442708
1710802121.5110512,-4.3634335199991865
1710802121.511164,-4.355728096432156
1710802121.511277,-4.346621831258138
1710802121.51139,-4.334013197157118
1710802121.511503,-4.318952560424805
1710802121.5116158,-4.300740030076769
1710802121.5117288,-4.279375076293945
1710802121.5118418,-4.256959491305881
1710802121.5119548,-4.233493010203044
1710802121.5120676,-4.208625687493218
1710802121.5121806,-4.184458785586886
1710802121.5122936,-4.159241252475314
1710802121.5124066,-4.133323298560248
1710802121.5125194,-4.105303817325168
1710802121.5126324,-4.074832598368327
1710802121.5127454,-4.041559431287977
1710802121.5128584,-4.0051338407728405
1710802121.5129712,-3.9673076735602484
1710802121.5130842,-3.926329082912869
1710802121.5131972,-3.8857007026672363
1710802121.5133102,-3.844021691216363
1710802121.513423,-3.802342679765489
1710802121.513536,-3.7603131930033364
1710802121.513649,-3.7175835503472223
1710802121.513762,-3.6717014842563205
1710802121.5138748,-3.6244185765584307
1710802121.5139878,-3.5729326142205133
1710802121.5141008,-3.518995179070367
1710802121.5142138,-3.461555110083686
1710802121.5143266,-3.403064409891764
1710802121.5144396,-3.3438730239868164
1710802121.5145526,-3.2846819029914007
1710802121.5146656,-3.223739465077718
1710802121.5147784,-3.1634974479675293
1710802121.5148914,-3.1011539035373263
1710802121.5150044,-3.0381099383036294
1710802121.5151174,-2.972264289855957
1710802121.5152302,-2.904316849178738
1710802121.5153432,-2.833217249976264
1710802121.5154562,-2.760366598765055
1710802121.5155692,-2.685063944922553
1710802121.515682,-2.6094113455878363
1710802121.515795,-2.5337584813435874
1710802121.515908,-2.456004354688856
1710802121.516021,-2.3782502280341253
1710802121.5161338,-2.2997956805759006
1710802121.5162468,-2.2202901045481362
1710802121.5163598,-2.1379828453063965
1710802121.5164728,-2.0539242691463895
1710802121.5165856,-1.9688149293263753
1710802121.5166986,-1.8812538517846
1710802121.5168116,-1.792642143037584
1710802121.5169246,-1.7040304342905679
1710802121.5170374,-1.614017751481798
1710802121.5171504,-1.5229541725582547
1710802121.5172634,-1.4318907260894775
1710802121.5173764,-1.3397766484154594
1710802121.5174892,-1.2462614642249212
1710802121.5176022,-1.152396069632636
1710802121.5177152,-1.0574798451529608
1710802121.5178282,-0.9608125024371676
1710802121.517941,-0.8630943960613674
1710802121.518054,-0.7646758026546902
1710802121.518167,-0.665206511815389
1710802121.51828,-0.5650367339452108
1710802121.5183928,-0.46451667944590247
1710802121.5185058,-0.3625956508848402
1710802121.5186188,-0.2603243788083394
1710802121.5187318,-0.15770286321640015
1710802121.5188446,-0.0550813517636723
1710802121.5189576,0.047199146615134344
1710802121.5190706,0.14949041936132643
1710802121.5191836,0.2514313823646969
1710802121.5192964,0.35267170932557845
1710802121.5194094,0.454612672328949
1710802121.5195224,0.5551523963610331
1710802121.5196354,0.6574436691072252
1710802121.5197482,0.7583336697684394
1710802121.5198612,0.8595740132861667
1710802121.5199742,0.9597634606891208
1710802121.5200872,1.0582012600368924
1710802121.5202,1.1555882294972737
1710802121.520313,1.2505229314168294
1710802121.520426,1.345107290479872
1710802121.520539,1.437940067715115
1710802121.5206518,1.530072291692098
1710802121.5207648,1.6215039624108207
1710802121.5208778,1.7136361863878038
1710802121.5209908,1.8057682779100206
1710802121.5211036,1.8968496057722304
1710802121.5212166,1.9861793518066406
1710802121.5213296,2.0734071731567383
1710802121.5214427,2.1578325165642633
1710802121.5215554,2.2405062781439886
1710802121.5216684,2.322129143608941
1710802121.5217814,2.399898370107015
1710802121.5218945,2.478018071916368
1710802121.5220072,2.553685771094428
1710802121.5221202,2.6293532053629556
1710802121.5222332,2.7046704292297363
1710802121.5223463,2.7785862816704645
1710802121.522459,2.850050131479899
1710802121.522572,2.919061713748508
1710802121.522685,2.9863217141893172
1710802121.522798,3.050429026285807
1710802121.5229108,3.111033174726698
1710802121.5230238,3.16953526602851
1710802121.5231369,3.2262857755025225
1710802121.5232499,3.281284968058268
1710802121.5233626,3.3362841606140137
1710802121.5234756,3.3898819817437067
1710802121.5235887,3.4413777457343206
1710802121.5237017,3.4914724032084146
1710802121.5238144,3.5398157437642412
1710802121.5239275,3.585005866156684
1710802121.5240405,3.6266930898030596
1710802121.5241535,3.6666287316216364
1710802121.5242662,3.7023607889811196
1710802121.5243793,3.737742371029324
1710802121.5244923,3.768920103708903
1710802121.5246053,3.800097836388482
1710802121.524718,3.830575148264567
1710802121.524831,3.8593006134033203
1710802121.524944,3.88557407591078
1710802121.525057,3.9100959565904403
1710802121.5251698,3.933917416466607
1710802121.5252829,3.9542354477776422
1710802121.5253959,3.9738530582851834
1710802121.5255089,3.988566133711073
1710802121.5256217,4.002578523423937
1710802121.5257347,4.014489120907253
1710802121.5258477,4.026049507988824
1710802121.5259607,4.0369092093573675
1710802121.5260735,4.045316643185085
1710802121.5261865,4.05442476272583
1710802121.5262995,4.062131775750054
1710802121.5264125,4.0677367316351996
1710802121.5265253,4.071239895290798
1710802121.5266383,4.073341687520345
1710802121.5267513,4.071590105692546
1710802121.5268643,4.0670360459221735
1710802121.526977,4.060380193922255
1710802121.52709,4.0516222847832575
1710802121.527203,4.042514165242513
1710802121.527316,4.032355149586995
1710802121.5274289,4.020444552103679
1710802121.5275419,4.009935061136882
1710802121.527655,3.996623357137044
1710802121.527768,3.9822604921129012
1710802121.5278807,3.965095149146186
1710802121.5279937,3.9451273282368975
1710802121.5281067,3.9227072397867837
1710802121.5282197,3.89713446299235
1710802121.5283325,3.870160314771864
1710802121.5284455,3.842835956149631
1710802121.5285585,3.8141104910108776
1710802121.5286715,3.786085446675618
1710802121.5287843,3.757710191938612
1710802121.5288973,3.7286342514885797
1710802121.5290103,3.6985071500142412
1710802121.5291233,3.6659283108181424
1710802121.529236,3.631247149573432
1710802121.529349,3.5937637752956815
1710802121.529462,3.554178343878852
1710802121.529575,3.5128415955437555
1710802121.529688,3.4711543718973794
1710802121.529801,3.4291169378492565
1710802121.529914,3.3867290284898544
1710802121.530027,3.3446915944417315
1710802121.5301397,3.3009025785658093
1710802121.5302527,3.2571132977803545
1710802121.5303657,3.2094709078470864
1710802121.5304787,3.1600769360860186
1710802121.5305915,3.1075300110710993
1710802121.5307045,3.051830132802327
1710802121.5308175,2.995079623328315
1710802121.5309305,2.9355263710021973
1710802121.5310433,2.877024279700385
1710802121.5311563,2.816770341661241
1710802121.5312693,2.757567564646403
1710802121.5313823,2.695912520090739
1710802121.531495,2.634607950846354
1710802121.531608,2.570500638749864
1710802121.531721,2.504291534423828
1710802121.5318341,2.435279952155219
1710802121.531947,2.364166577657064
1710802121.53206,2.291651831732856
1710802121.532173,2.2173856364356146
1710802121.532286,2.1438199943966336
1710802121.5323987,2.069553666644626
1710802121.5325117,1.9945867856343586
1710802121.5326247,1.9185690085093179
1710802121.5327377,1.8407996495564778
1710802121.5328505,1.7616289191775851
1710802121.5329635,1.6807067394256592
1710802121.5330765,1.5973322921329074
1710802121.5331895,1.5125567383236356
1710802121.5333023,1.425679127375285
1710802121.5334153,1.3381010956234403
1710802121.5335283,1.2501725885603163
1710802121.5336413,1.160842842525906
1710802121.533754,1.0711628198623657
1710802121.5338671,0.9811325205696954
1710802121.5339801,0.8907518784205118
1710802121.5340931,0.7989699310726589
1710802121.534206,0.7061371538374159
1710802121.534319,0.6122533480326334
1710802121.534432,0.5180192655987209
1710802121.534545,0.42378518316480845
1710802121.5346577,0.3285001715024312
1710802121.5347707,0.23216419749789768
1710802121.5348837,0.13547792202896541
1710802121.5349967,0.03844133267800013
1710802121.5351095,-0.05963452574279573
1710802121.5352225,-0.15840335024727714
1710802121.5353355,-0.25787265764342415
1710802121.5354486,-0.3566414780086941
1710802121.5355613,-0.45611080196168685
1710802121.5356743,-0.5545293953683641
1710802121.5357873,-0.6546992063522339
1710802121.5359004,-0.7538182867897881
1710802121.5360131,-0.8529373009999592
1710802121.5361261,-0.9527568684683906
1710802121.5362391,-1.0529267125659518
1710802121.5363522,-1.152045726776123
1710802121.536465,-1.2515150176154242
1710802121.536578,-1.3492331239912245
1710802121.536691,-1.4462508095635307
1710802121.536804,-1.541166967815823
1710802121.5369167,-1.634682019551595
1710802121.5370297,-1.7274967829386392
1710802121.5371428,-1.8189104398091633
1710802121.5372558,-1.9099738862779405
1710802121.5373685,-2.0003369119432235
1710802121.5374815,-2.0903495947519937
1710802121.5375946,-2.17966185675727
1710802121.5377076,-2.26897398630778
1710802121.5378203,-2.3554844326443143
1710802121.5379333,-2.4405937724643283
1710802121.5380464,-2.5236015849643283
1710802121.5381594,-2.604157659742567
1710802121.5382721,-2.6833128929138184
1710802121.5383852,-2.760366598765055
1710802121.5384982,-2.837069829305013
1710802121.5386112,-2.912722693549262
1710802121.538724,-2.988025082482232
1710802121.538837,-3.061576419406467
1710802121.53895,-3.1340768602159286
1710802121.539063,-3.2044760386149087
1710802121.5391757,-3.273474110497369
1710802121.5392888,-3.3393200238545733
1710802121.5394018,-3.403064409891764
1710802121.5395148,-3.463306427001953
1710802121.5396276,-3.5228477583991156
1710802121.5397406,-3.5799376169840493
1710802121.5398536,-3.63597657945421
1710802121.5399666,-3.6902644899156356
1710802121.5400794,-3.7438517146640353
1710802121.5401924,-3.795337677001953
1710802121.5403054,-3.8454225328233504
1710802121.5404181,-3.892355230119493
1710802121.5405312,-3.936836454603407
1710802121.5406442,-3.9788656764560275
1710802121.5407572,-4.016341633266872
1710802121.54087,-4.051716327667236
1710802121.540983,-4.085339705149333
1710802121.541096,-4.116861820220947
1710802121.541209,-4.146632618374294
1710802121.5413218,-4.175702730814616
1710802121.5414348,-4.203372001647949
1710802121.5415478,-4.229640430874294
1710802121.5416608,-4.253807332780626
1710802121.5417736,-4.275172021653917
1710802121.5418866,-4.294785658518474
1710802121.5419996,-4.310896926456027
1710802121.5421126,-4.324906667073567
1710802121.5422254,-4.336815145280626
1710802121.5423384,-4.346621831258138
1710802121.5424514,-4.355027675628662
1710802121.5425644,-4.362382888793945
1710802121.5426772,-4.3690374162462025
1710802121.5427902,-4.374291102091472
1710802121.5429032,-4.378143946329753
1710802121.5430162,-4.37954478793674
1710802121.543129,-4.378844367133246
1710802121.543242,-4.374991522894965
1710802121.543355,-4.367286364237468
1710802121.543468,-4.357129202948676
1710802121.5435808,-4.34522098965115
1710802121.5436938,-4.331911669837104
1710802121.5438068,-4.317551718817817
1710802121.5439198,-4.302491082085504
1710802121.5440326,-4.286379814147949
1710802121.5441456,-4.270268546210395
1710802121.5442586,-4.252056015862359
1710802121.5443716,-4.231741958194308
1710802121.5444844,-4.207575056287977
1710802121.5445974,-4.181656837463379
1710802121.5447104,-4.1518863042195635
1710802121.5448234,-4.120714399549696
1710802121.5449362,-4.087791442871094
1710802121.5450492,-4.053467644585504
1710802121.5451622,-4.019143581390381
1710802121.5452752,-3.9844695727030435
1710802121.545388,-3.9501455095079208
1710802121.545501,-3.912669552697076
1710802121.545614,-3.874492910173204
1710802121.545727,-3.8314127922058105
1710802121.5458398,-3.787282043033176
1710802121.5459528,-3.7396489249335394
1710802121.5460658,-3.6902644899156356
1710802121.5461788,-3.639129002888997
1710802121.5462916,-3.5872928301493325
1710802121.5464046,-3.536157078213162
1710802121.5465176,-3.48397069507175
1710802121.5466306,-3.4307336807250977
1710802121.5467434,-3.377146191067166
1710802121.5468564,-3.321807649400499
1710802121.5469694,-3.2626165284050836
1710802121.5470824,-3.2006231943766275
1710802121.5471952,-3.1368788083394366
1710802121.5473082,-3.069982263776991
1710802121.5474212,-3.000633981492784
1710802121.5475342,-2.931986120012071
1710802121.547647,-2.8615869416130915
1710802121.54776,-2.79048760732015
1710802121.547873,-2.7190377977159286
1710802121.547986,-2.6465370919969344
1710802121.5480988,-2.5715849134657116
1710802121.5482118,-2.4945312076144748
1710802121.5483248,-2.4143253432379828
1710802121.5484378,-2.3320179515414767
1710802121.5485506,-2.2490101390414767
1710802121.5486636,-2.163900931676229
1710802121.5487766,-2.0784413814544678
1710802121.5488896,-1.9919310675726996
1710802121.5490024,-1.9057709640926785
1710802121.5491154,-1.8178596761491563
1710802121.5492284,-1.7295981778038871
1710802121.5493414,-1.6388850741916232
1710802121.5494542,-1.548171838124593
1710802121.5495672,-1.4550068643358018
1710802121.5496802,-1.3611414697435167
1710802121.5497932,-1.2658751010894775
1710802121.549906,-1.1685072051154242
1710802121.550019,-1.0725403494305081
1710802121.550132,-0.9737715456220839
1710802121.550245,-0.8760534392462836
1710802121.5503578,-0.7769343588087294
1710802121.5504708,-0.6771147913402981
1710802121.5505838,-0.5762445264392428
1710802121.5506968,-0.4750239849090576
1710802121.5508096,-0.37345319986343384
1710802121.5509226,-0.27188243137465584
1710802121.5510356,-0.16961115929815504
1710802121.5511487,-0.06698965198463863
1710802121.5512614,0.03563883403937022
1710802121.5513744,0.13933135403527153
1710802121.5514874,0.24267357256677416
1710802121.5516005,0.34636610084109837
1710802121.5517132,0.4504089223013984
1710802121.5518262,0.5537511573897468
1710802121.5519392,0.6563927067650689
1710802121.5520523,0.7572827736536661
1710802121.552165,0.8588733938005235
1710802121.552278,0.9580118788613213
1710802121.552391,1.0575006405512493
1710802121.552504,1.156639125612047
1710802121.5526168,1.2557775444454617
1710802121.5527298,1.3549160957336426
1710802121.5528429,1.4544048574235704
1710802121.5529559,1.552842590543959
1710802121.5530686,1.649178663889567
1710802121.5531816,1.7451642619238958
1710802121.5532947,1.8369461430443657
1710802121.5534077,1.9280274709065754
1710802121.5535204,2.0170068740844727
1710802121.5536335,2.1038843525780573
1710802121.5537465,2.1897109349568686
1710802121.5538595,2.2741362783643932
1710802121.5539722,2.3596125178866916
1710802121.5540853,2.442636754777696
1710802121.5541983,2.5239091449313693
1710802121.5543113,2.604130638970269
1710802121.554424,2.680849234263102
1710802121.554537,2.7551155620151095
1710802121.55465,2.826228936513265
1710802121.554763,2.8959412044949002
1710802121.5548759,2.961799833509657
1710802121.5549889,3.0280089378356934
1710802121.5551019,3.0914155642191568
1710802121.555215,3.15482219060262
1710802121.5553277,3.217177655961778
1710802121.5554407,3.277781804402669
1710802121.5555537,3.337335056728787
1710802121.5556667,3.3926844596862793
1710802121.5557795,3.445931805504693
1710802121.5558925,3.4963769382900662
1710802121.5560055,3.5436691178215876
1710802121.5561185,3.588509029812283
1710802121.5562313,3.630896939171685
1710802121.5563443,3.672584162818061
1710802121.5564573,3.7132204903496637
1710802121.5565703,3.7524554464552136
1710802121.556683,3.7902890311347113
1710802121.556796,3.826021088494195
1710802121.556909,3.8593006134033203
1710802121.557022,3.8908288213941784
1710802121.5571349,3.918503655327691
1710802121.5572479,3.9437259568108454
1710802121.557361,3.966146045260959
1710802121.557474,3.9864640765719943
1710802121.5575867,4.004680580563015
1710802121.5576997,4.0207947625054254
1710802121.5578127,4.035507837931315
1710802121.5579257,4.050571388668484
1710802121.5580385,4.063532882266574
1710802121.5581515,4.0750932693481445
1710802121.5582645,4.084551599290636
1710802121.5583775,4.091557926601833
1710802121.5584903,4.095761775970459
1710802121.5586033,4.0978635682000055
1710802121.5587163,4.098214043511285
1710802121.5588293,4.095061090257433
1710802121.558942,4.092608822716607
1710802121.559055,4.088405238257514
1710802121.559168,4.084201388888888
1710802121.559281,4.07894664340549
1710802121.559394,4.073341687520345
1710802121.559507,4.065284464094374
1710802121.55962,4.055826134151882
1710802121.559733,4.043915536668566
1710802121.5598457,4.027801089816623
1710802121.5599587,4.010285536448161
1710802121.5600717,3.9899672402275934
1710802121.5601847,3.9682478374905057
1710802121.5602975,3.9454775386386447
1710802121.5604105,3.922357029385037
1710802121.5605235,3.8992362552218967
1710802121.5606365,3.8757655355665417
1710802121.5607493,3.850893179575602
1710802121.5608623,3.824269506666395
1710802121.5609753,3.795894251929389
1710802121.5610883,3.764366043938531
1710802121.561201,3.7296851476033526
1710802121.561314,3.6939530902438693
1710802121.561427,3.6554188198513455
1710802121.5615401,3.6175849702623153
1710802121.561653,3.579751385582818
1710802121.561766,3.540516164567735
1710802121.561879,3.5030327902899847
1710802121.561992,3.4630971484714084
1710802121.5621047,3.4224608209398055
1710802121.5622177,3.37762090894911
1710802121.5623307,3.3310294151306152
1710802121.5624437,3.2798835966322155
1710802121.5625565,3.2283878326416016
1710802121.5626695,3.1740893257988825
1710802121.5627825,3.1187399228413897
1710802121.5628955,3.0633905198838973
1710802121.5630083,3.007690906524658
1710802121.5631213,2.9516408178541393
1710802121.5632343,2.895590729183621
1710802121.5633473,2.8374388482835555
1710802121.56346,2.777185175153944
1710802121.5635731,2.714829444885254
1710802121.5636861,2.6496712366739907
1710802121.5637991,2.583812607659234
1710802121.563912,2.5158519215053983
1710802121.564025,2.4471908145480685
1710802121.564138,2.3774785465664334
1710802121.564251,2.308116488986545
1710802121.5643637,2.2370031144883895
1710802121.5644767,2.166239950391981
1710802121.5645897,2.092674308353
1710802121.5647027,2.018057770199246
1710802121.5648155,1.9402884112464056
1710802121.5649285,1.8597164418962266
1710802121.5650415,1.7777433660295274
1710802121.5651546,1.6933180226220024
1710802121.5652673,1.6088926792144775
1710802121.5653803,1.5237666500939262
1710802121.5654933,1.438290410571628
1710802121.5656064,1.3510625892215304
1710802121.5657191,1.2634844250149198
1710802121.5658321,1.176256603664822
1710802121.5659451,1.0855256848865085
1710802121.5660582,0.995145042737325
1710802121.566171,0.9026624759038289
1710802121.566284,0.8098296324412028
1710802121.566397,0.7159458928638034
1710802121.56651,0.6213614675733778
1710802121.5666227,0.5260764559110006
1710802121.5667357,0.4293901721636454
1710802121.5668488,0.333404541015625
1710802121.5669618,0.23706856701109144
1710802121.5670745,0.1400319900777605
1710802121.5671875,0.041944459080696106
1710802121.5673006,-0.0550813517636723
1710802121.5674136,-0.1527994540002611
1710802121.5675263,-0.24981705678833854
1710802121.5676394,-0.3478853901227315
1710802121.5677524,-0.44490300946765476
1710802121.5678654,-0.542971326245202
1710802121.5679781,-0.6406893995073106
1710802121.5680912,-0.7394582695431179
1710802121.5682042,-0.8378768629497951
1710802121.5683172,-0.9359451797273424
1710802121.56843,-1.0329627990722656
1710802121.568543,-1.1296301417880588
1710802121.568656,-1.225246720843845
1710802121.568769,-1.320162879096137
1710802121.5688818,-1.4143786165449355
1710802121.5689948,-1.5085942215389676
1710802121.5691078,-1.6021094057295058
1710802121.5692208,-1.6966752211252847
1710802121.5693336,-1.790890958574083
1710802121.5694466,-1.8844061427646213
1710802121.5695596,-1.9772207736968994
1710802121.5696726,-2.0672334565056696
1710802121.5697854,-2.157596482170953
1710802121.5698984,-2.2441066635979547
1710802121.5700114,-2.3292160034179688
1710802121.5701244,-2.4122238159179688
1710802121.5702372,-2.493830786810981
1710802121.5703502,-2.5750872823927136
1710802121.5704632,-2.654242515563965
1710802121.5705762,-2.733747959136963
1710802121.570689,-2.8122025065951877
1710802121.570802,-2.8882055812411838
1710802121.570915,-2.9624573389689126
1710802121.571028,-3.0342573589748807
1710802121.5711408,-3.1025550100538464
1710802121.5712538,-3.170151975419786
1710802121.5713668,-3.234246836768256
1710802121.5714798,-3.296940326690674
1710802121.5715926,-3.3578827646043563
1710802121.5717056,-3.4188254674275713
1710802121.5718186,-3.478366798824734
1710802121.5719316,-3.5365072886149087
1710802121.5720444,-3.5925465159946017
1710802121.5721574,-3.646834161546495
1710802121.5722704,-3.6990205446879068
1710802121.5723834,-3.7484049797058105
1710802121.5724962,-3.794637256198459
1710802121.5726092,-3.8387680053710938
1710802121.5727222,-3.880797227223714
1710802121.5728352,-3.9207251866658526
1710802121.572948,-3.9596022499932184
1710802121.573061,-3.9963777860005694
1710802121.573174,-4.033153322007921
1710802121.573287,-4.0681778060065374
1710802121.5733998,-4.100750552283393
1710802121.5735128,-4.131922192043728
1710802121.5736258,-4.160292148590088
1710802121.5737388,-4.185859892103407
1710802121.5738516,-4.208975897894965
1710802121.5739646,-4.228939745161268
1710802121.5740776,-4.248203171624078
1710802121.5741906,-4.264664649963379
1710802121.5743034,-4.279375076293945
1710802121.5744164,-4.293735027313232
1710802121.5745294,-4.306343926323785
1710802121.5746424,-4.31825213962131
1710802121.5747552,-4.327358404795329
1710802121.5748682,-4.335063828362359
1710802121.5749812,-4.338916407691108
1710802121.5750942,-4.339967303805881
1710802121.575207,-4.337865776485867
1710802121.57532,-4.334013197157118
1710802121.575433,-4.327358404795329
1710802121.575546,-4.320703877343072
1710802121.5756588,-4.3115973472595215
1710802121.5757718,-4.30284129248725
1710802121.5758848,-4.293384816911486
1710802121.5759978,-4.2825272348192005
1710802121.5761106,-4.270268546210395
1710802121.5762236,-4.25450775358412
1710802121.5763366,-4.236995379130046
1710802121.5764496,-4.217031531863742
1710802121.5765624,-4.1939155260721845
1710802121.5766754,-4.169398413764106
1710802121.5767884,-4.1441808806525335
1710802121.5769014,-4.118612872229682
1710802121.5770142,-4.091994497511122
1710802121.5771272,-4.065726068284777
1710802121.5772402,-4.03840700785319
1710802121.5773532,-4.008986685011122
1710802121.577466,-3.9771143595377603
1710802121.577579,-3.941039244333903
1710802121.577692,-3.9035630226135254
1710802121.577805,-3.862934907277425
1710802121.5779178,-3.8198547893100314
1710802121.5780308,-3.776424460940891
1710802121.5781438,-3.7312430805630155
1710802121.5782568,-3.6860617001851397
1710802121.5783696,-3.641230265299479
1710802121.5784826,-3.5946477784050836
1710802121.5785956,-3.547014660305447
1710802121.5787086,-3.4965795940823026
1710802121.5788214,-3.4440430005391436
1710802121.5789344,-3.387653562757704
1710802121.5790474,-3.329162862565782
1710802121.5791605,-3.2692710558573403
1710802121.5792732,-3.2072779867384167
1710802121.5793862,-3.145985338422987
1710802121.5794992,-3.083641793992784
1710802121.5796123,-3.0209480391608343
1710802121.579725,-2.9568534427218967
1710802121.579838,-2.891357739766439
1710802121.579951,-2.825161616007487
1710802121.580064,-2.7544124921162925
1710802121.5801768,-2.682612207200792
1710802121.5802898,-2.6080102390713162
1710802121.5804029,-2.5316572189331055
1710802121.5805159,-2.4542533026801214
1710802121.5806286,-2.376498911115858
1710802121.5807416,-2.2976941532558866
1710802121.5808547,-2.2192394733428955
1710802121.5809677,-2.1386832661098905
1710802121.5810804,-2.0574266380733914
1710802121.5811934,-1.9740686151716444
1710802121.5813065,-1.8889592753516302
1710802121.5814195,-1.8020987510681152
1710802121.5815322,-1.713136699464586
1710802121.5816453,-1.6234742270575628
1710802121.5817583,-1.532060570187039
1710802121.581871,-1.4402965704600017
1710802121.581984,-1.3471317291259766
1710802121.582097,-1.2532663345336914
1710802121.58221,-1.1587003866831462
1710802121.5823228,-1.0634340180291069
1710802121.5824358,-0.9667666753133137
1710802121.5825489,-0.8690485689375136
1710802121.5826619,-0.7706299755308363
1710802121.5827746,-0.6711606846915351
1710802121.5828876,-0.5720416042539809
1710802121.5830007,-0.4711713062392341
1710802121.5831137,-0.3706512517399258
1710802121.5832264,-0.2690804832511478
1710802121.5833395,-0.166809211174647
1710802121.5834525,-0.06418769558270772
1710802121.5835655,0.03844133267800013
1710802121.5836782,0.14108291930622524
1710802121.5837913,0.24232326282395256
1710802121.5839043,0.3439138995276557
1710802121.5840173,0.4448039333025614
1710802121.58413,0.5456939670774672
1710802121.584243,0.6458833482530382
1710802121.584356,0.7460727294286092
1710802121.584469,0.8462621768315632
1710802121.5845819,0.9468019008636475
1710802121.5846949,1.0466409391827054
1710802121.5848079,1.14542908138699
1710802121.584921,1.2438669469621446
1710802121.5850337,1.3409035735660129
1710802121.5851467,1.4347872469160292
1710802121.5852597,1.5283207098642984
1710802121.5853727,1.6204529338412814
1710802121.5854855,1.710833575990465
1710802121.5855985,1.8015645609961615
1710802121.5857115,1.8936967849731445
1710802121.5858245,1.9837270842658148
1710802121.5859373,2.0737575160132513
1710802121.5860503,2.1620362334781222
1710802121.5861633,2.250665293799506
1710802121.5862763,2.333689530690511
1710802121.586389,2.4170637130737305
1710802121.586502,2.49588410059611
1710802121.586615,2.5743542777167425
1710802121.586728,2.649321026272244
1710802121.5868409,2.7246382501390243
1710802121.5869539,2.7982038921780057
1710802121.587067,2.8710688485039606
1710802121.58718,2.942532698313395
1710802121.5872927,3.0132958624098034
1710802121.5874057,3.080555862850613
1710802121.5875187,3.1443126996358233
1710802121.5876317,3.2059677441914873
1710802121.5877445,3.2641196250915527
1710802121.5878575,3.319819238450792
1710802121.5879705,3.373417059580485
1710802121.5880835,3.425613774193658
1710802121.5881963,3.476409117380778
1710802121.5883093,3.5265037748548718
1710802121.5884223,3.5751973258124456
1710802121.5885353,3.6214386092291937
1710802121.588648,3.6659283108181424
1710802121.588761,3.708315955268012
1710802121.588874,3.7482515970865884
1710802121.588987,3.7850345505608454
1710802121.5891,3.81866455078125
1710802121.589213,3.850192493862576
1710802121.589326,3.8789182239108615
1710802121.589439,3.9072934786478677
1710802121.5895517,3.934267626868354
1710802121.5896647,3.9598404036627874
1710802121.5897777,3.984012073940701
1710802121.5898907,4.0067823727925616
1710802121.5900035,4.027100404103597
1710802121.5901165,4.045316643185085
1710802121.5902295,4.061431090037028
1710802121.5903425,4.073692162831624
1710802121.5904553,4.083851178487142
1710802121.5905683,4.092608822716607
1710802121.5906813,4.099264939626058
1710802121.5907943,4.1052201059129505
1710802121.590907,4.110825061798096
1710802121.59102,4.114678700764974
1710802121.591133,4.11853207482232
1710802121.5912461,4.11993318133884
1710802121.591359,4.120283656650119
1710802121.591472,4.117130703396267
1710802121.591585,4.111175537109375
1710802121.591698,4.101716942257351
1710802121.5918107,4.090156820085314
1710802121.5919237,4.076844851175944
1710802121.5920367,4.061431090037028
1710802121.5921497,4.045316643185085
1710802121.5922625,4.02815130021837
1710802121.5923755,4.011686642964681
1710802121.5924885,3.9931201934814453
1710802121.5926015,3.9745534790886774
1710802121.5927143,3.953184551662869
1710802121.5928273,3.9290128813849554
1710802121.5929403,3.9027394188774958
1710802121.5930533,3.873663478427463
1710802121.593166,3.842485745747884
1710802121.5932791,3.8109575377570257
1710802121.5933921,3.779779805077447
1710802121.5935051,3.7468504905700684
1710802121.593618,3.7146215968661838
1710802121.593731,3.6830933888753252
1710802121.593844,3.6487629678514266
1710802121.593957,3.6130309104919434
1710802121.5940697,3.5744966400994196
1710802121.5941827,3.5331596268547907
1710802121.5942957,3.4900712966918945
1710802121.5944088,3.4438300132751465
1710802121.5945215,3.397938940260145
1710802121.5946345,3.34994633992513
1710802121.5947475,3.302654160393609
1710802121.5948606,3.2550115055508084
1710802121.5949733,3.2063179545932345
1710802121.5950863,3.157624668545193
1710802121.5951993,3.1050777435302734
1710802121.5953124,3.050429026285807
1710802121.5954251,2.992627355787489
1710802121.5955381,2.9323736826578775
1710802121.5956511,2.868616845872667
1710802121.5957642,2.803808848063151
1710802121.595877,2.738300429450141
1710802121.59599,2.672091325124105
1710802121.596103,2.6058822207980685
1710802121.596216,2.539673116472032
1710802121.5963287,2.471012009514703
1710802121.5964417,2.4012997415330672
1710802121.5965548,2.329135470920139
1710802121.5966678,2.2548691431681314
1710802121.5967805,2.1781506803300643
1710802121.5968935,2.1000309785207114
1710802121.5970066,2.0205099052853055
1710802121.5971196,1.9402884112464056
1710802121.5972323,1.8597164418962266
1710802121.5973454,1.7784439192877874
1710802121.5974584,1.6968211862776015
1710802121.5975714,1.6141472922431097
1710802121.5976841,1.5304226345486112
1710802121.5977972,1.4442457093132866
1710802121.5979102,1.3563173347049289
1710802121.5980232,1.268038484785292
1710802121.598136,1.1776578426361084
1710802121.598249,1.0855256848865085
1710802121.598362,0.9933934609095255
1710802121.598475,0.9002102745903863
1710802121.5985878,0.8056259155273438
1710802121.5987008,0.7110414902369181
1710802121.5988138,0.6161067883173624
1710802121.5989268,0.5197708143128289
1710802121.5990396,0.422033601337009
1710802121.5991526,0.3246467312177022
1710802121.5992656,0.22620888219939336
1710802121.5993786,0.12707042197386423
1710802121.5994914,0.027581643727090623
1710802121.5996044,-0.07189306947920057
1710802121.5997174,-0.17276335093710157
1710802121.5998304,-0.2743341359827253
1710802121.5999432,-0.37485417392518783
1710802121.6000562,-0.4764249589708116
1710802121.6001692,-0.5772952238718668
1710802121.6002822,-0.6778152783711752
1710802121.600395,-0.7783353328704834
1710802121.600508,-0.8778046899371676
1710802121.600621,-0.9762232171164619
1710802121.600734,-1.0753422975540161
1710802121.6008468,-1.1741111013624403
1710802121.6009598,-1.2721794181399875
1710802121.6010728,-1.3712984985775418
1710802121.6011858,-1.469016604953342
1710802121.6012986,-1.566734711329142
1710802121.6014116,-1.6627016332414415
1710802121.6015246,-1.7583182122972276
1710802121.6016376,-1.8521836068895128
1710802121.6017504,-1.942546632554796
1710802121.6018634,-2.032209104961819
1710802121.6019764,-2.1215213669670954
1710802121.6020894,-2.2090823120541043
1710802121.6022022,-2.2966432571411133
1710802121.6023152,-2.3831537034776473
1710802121.6024282,-2.4700140953063965
1710802121.6025412,-2.5547732247246637
1710802121.602654,-2.6381312476264105
1710802121.602767,-2.719388008117676
1710802121.60288,-2.7992436620924206
1710802121.602993,-2.8748962614271374
1710802121.6031058,-2.9491480191548667
1710802121.6032188,-3.0219989352756076
1710802121.6033318,-3.0927480591668024
1710802121.6034448,-3.162446816762288
1710802121.6035576,-3.231094413333469
1710802121.6036706,-3.2993920644124346
1710802121.6037836,-3.3652379777696395
1710802121.6038966,-3.4300332599216037
1710802121.6040094,-3.4913259082370334
1710802121.6041224,-3.5515679253472223
1710802121.6042354,-3.608307308620877
1710802121.6043484,-3.6618947982788086
1710802121.6044612,-3.7126800749037
1710802121.6045742,-3.7617142995198565
1710802121.6046872,-3.809347417619493
1710802121.6048002,-3.8562801149156356
1710802121.604913,-3.90041086408827
1710802121.605026,-3.943841192457411
1710802121.605139,-3.9858704143100314
1710802121.605252,-4.025097952948676
1710802121.6053648,-4.06152327855428
1710802121.6054778,-4.09479644563463
1710802121.6055908,-4.126668506198459
1710802121.6057038,-4.154337777031793
1710802121.6058166,-4.180606206258138
1710802121.6059296,-4.204422897762722
1710802121.6060426,-4.226838482750787
1710802121.6061556,-4.247852961222331
1710802121.6062684,-4.267817073398166
1710802121.6063814,-4.28778092066447
1710802121.6064944,-4.303892188602023
1710802121.6066074,-4.3200034565395775
1710802121.6067202,-4.331911669837104
1710802121.6068332,-4.342419041527642
1710802121.6069462,-4.348723358578152
1710802121.6070592,-4.353276623619927
1710802121.607172,-4.354677465226915
1710802121.607285,-4.355027675628662
1710802121.607398,-4.355027675628662
1710802121.607511,-4.352926148308648
1710802121.6076238,-4.350824885898166
1710802121.6077368,-4.347672727372911
1710802121.6078498,-4.342769251929389
1710802121.6079628,-4.334713617960612
1710802121.6080756,-4.324206246270074
1710802121.6081886,-4.3101965056525335
1710802121.6083016,-4.293735027313232
1710802121.6084146,-4.275172021653917
1710802121.6085274,-4.25450775358412
1710802121.6086404,-4.2327925893995495
1710802121.6087534,-4.211077425214979
1710802121.6088665,-4.187961419423421
1710802121.6089792,-4.1655455695258246
1710802121.6090922,-4.140678246815999
1710802121.6092052,-4.115460713704427
1710802121.6093183,-4.086390601264106
1710802121.609431,-4.0548684861924915
1710802121.609544,-4.020544687906901
1710802121.609657,-3.9848197831047907
1710802121.60977,-3.9452422989739313
1710802121.6098828,-3.9074158668518066
1710802121.6099958,-3.868188593122694
1710802121.6101089,-3.8286108440823026
1710802121.6102219,-3.789033359951443
1710802121.6103346,-3.7484049797058105
1710802121.6104476,-3.705325126647949
1710802121.6105607,-3.6601434813605414
1710802121.6106737,-3.611809942457411
1710802121.6107864,-3.561724821726481
1710802121.6108994,-3.5088380177815752
1710802121.6110125,-3.452448844909668
1710802121.6111255,-3.397110303243001
1710802121.6112382,-3.340720865461561
1710802121.6113513,-3.2850321133931475
1710802121.6114643,-3.2265414132012262
1710802121.6115773,-3.1687511338127985
1710802121.61169,-3.1092095375061035
1710802121.611803,-3.0465157826741533
1710802121.611916,-2.981020344628228
1710802121.612029,-2.913423114352756
1710802121.6121418,-2.842673990461561
1710802121.6122549,-2.7705234951443143
1710802121.6123679,-2.6973226335313583
1710802121.6124809,-2.6230708758036294
1710802121.6125937,-2.5491693284776473
1710802121.6127067,-2.4735167291429305
1710802121.6128197,-2.3964630232916937
1710802121.6129327,-2.3187086317274304
1710802121.6130455,-2.2381525569491916
1710802121.6131585,-2.1568959289126926
1710802121.6132715,-2.071786721547445
1710802121.6133845,-1.9859768284691703
1710802121.6134973,-1.8984158833821614
1710802121.6136103,-1.8108548058403862
1710802121.6137233,-1.7218928866916232
1710802121.6138363,-1.632930835088094
1710802121.613949,-1.5432683626810708
1710802121.614062,-1.4525551266140408
1710802121.614175,-1.3607912593417697
1710802121.614288,-1.2686770492129855
1710802121.6144009,-1.1748116546207004
1710802121.6145139,-1.0798954963684082
1710802121.614627,-0.9846291277143691
1710802121.61474,-0.8879617187711928
1710802121.6148527,-0.7912943760553995
1710802121.6149657,-0.6935762696795993
1710802121.6150787,-0.5948074658711752
1710802121.6151917,-0.49603862894905937
1710802121.6153045,-0.39656930499606663
1710802121.6154175,-0.2960492836104499
1710802121.6155305,-0.19587947262658012
1710802121.6156435,-0.09535941812727186
1710802121.6157563,0.005511949873632855
1710802121.6158693,0.10605166355768839
1710802121.6159823,0.20554044180446202
1710802121.6160953,0.306430459022522
1710802121.616208,0.4073204927974277
1710802121.616321,0.5078602168295119
1710802121.616434,0.6091005272335476
1710802121.616547,0.7096402512656318
1710802121.6166599,0.8112308714124892
1710802121.616773,0.9103693564732869
1710802121.616886,1.0081066025627983
1710802121.616999,1.1040922005971272
1710802121.6171117,1.1993772453731961
1710802121.6172247,1.2936113940344915
1710802121.6173377,1.387845410241021
1710802121.6174507,1.4806783199310303
1710802121.6175635,1.5742117828792996
1710802121.6176765,1.6673949029710557
1710802121.6177895,1.7598773373497856
1710802121.6179025,1.8506083223554823
1710802121.6180153,1.9402884112464056
1710802121.6181283,2.026815546883477
1710802121.6182413,2.1115912331475153
1710802121.6183543,2.1942649947272406
1710802121.618467,2.2751871744791665
1710802121.61858,2.3540075620015464
1710802121.618693,2.432827949523926
1710802121.6188061,2.510597176022
1710802121.618919,2.58766598171658
1710802121.619032,2.6633336808946395
1710802121.619145,2.736899322933621
1710802121.619258,2.8087133831448026
1710802121.6193707,2.877024279700385
1710802121.6194837,2.9435835944281683
1710802121.6195967,3.006640010409885
1710802121.6197097,3.0686452653672958
1710802121.6198225,3.1288989384969073
1710802121.6199355,3.1877515051099987
1710802121.6200485,3.24660407172309
1710802121.6201615,3.3051061630249023
1710802121.6202743,3.3611562516954208
1710802121.6203873,3.416155179341634
1710802121.6205003,3.4680016835530596
1710802121.6206133,3.518096341027154
1710802121.620726,3.5650380452473955
1710802121.620839,3.6095277468363443
1710802121.6209521,3.650164074367947
1710802121.6210651,3.68904882007175
1710802121.621178,3.7247806125217013
1710802121.621291,3.7605126698811846
1710802121.621404,3.7948430909050836
1710802121.621517,3.827071984608968
1710802121.6216297,3.8578995068868
1710802121.6217427,3.8866252369350858
1710802121.6218557,3.9135991202460394
1710802121.6219687,3.9363694190979004
1710802121.6220815,3.958088821834988
1710802121.6221945,3.9759548505147295
1710802121.6223075,3.992069297366672
1710802121.6224205,4.0060816870795355
1710802121.6225333,4.018342759874132
1710802121.6226463,4.029902882046169
1710802121.6227593,4.041113058725993
1710802121.622872,4.050921599070231
1710802121.6229851,4.0596795082092285
1710802121.6230981,4.066335360209147
1710802121.6232111,4.071239895290798
1710802121.623324,4.073692162831624
1710802121.623437,4.074042373233371
1710802121.62355,4.070889419979519
1710802121.623663,4.067386521233453
1710802121.6237757,4.061781300438775
1710802121.6238887,4.055475658840603
1710802121.6240017,4.048119121127658
1710802121.6241148,4.041113058725993
1710802121.6242275,4.032705359988742
1710802121.6243405,4.023247030046251
1710802121.6244535,4.01203711827596
1710802121.6245666,3.9987251493665905
1710802121.6246793,3.9808591206868487
1710802121.6247923,3.9622926712036133
1710802121.6249053,3.9395223723517523
1710802121.6250184,3.916401598188612
1710802121.6251311,3.891529507107205
1710802121.6252441,3.8659567303127713
1710802121.6253572,3.8403839535183377
1710802121.6254702,3.8141104910108776
1710802121.625583,3.7881872389051647
1710802121.625696,3.7598119841681585
1710802121.625809,3.7293346722920733
1710802121.625922,3.696055147382948
1710802121.6260347,3.6599728796217175
1710802121.6261477,3.6210881339179144
1710802121.6262608,3.581152492099338
1710802121.6263738,3.541567325592041
1710802121.6264865,3.499880101945665
1710802121.6265996,3.4592437744140625
1710802121.6267126,3.4175565507676864
1710802121.6268256,3.3765700128343368
1710802121.6269383,3.3327809969584146
1710802121.6270514,3.2865397135416665
1710802121.6271644,3.238546848297119
1710802121.6272774,3.188101715511746
1710802121.6273901,3.133102787865533
1710802121.6275032,3.0774029095967608
1710802121.6276162,3.0206524001227484
1710802121.6277292,2.962150308820936
1710802121.627842,2.9046988487243652
1710802121.627955,2.8468974431355796
1710802121.628068,2.787694401211209
1710802121.628181,2.726740042368571
1710802121.6282938,2.6650849978129068
1710802121.6284068,2.599927054511176
1710802121.6285198,2.532667054070367
1710802121.6286328,2.4629547860887313
1710802121.6287456,2.39254183239407
1710802121.6288586,2.3196768760681152
1710802121.6289716,2.2475126054551864
1710802121.6290846,2.1732462777031794
1710802121.6291974,2.099680635664198
1710802121.6293104,2.0243634117974176
1710802121.6294234,1.9476449489593506
1710802121.6295364,1.868824561436971
1710802121.6296492,1.7868514855702717
1710802121.6297622,1.7038273811340332
1710802121.6298752,1.6190516948699951
1710802121.6299882,1.5314735306633842
1710802121.630101,1.4431948131985135
1710802121.630214,1.35351472430759
1710802121.630327,1.264535453584459
1710802121.63044,1.1745050218370225
1710802121.6305528,1.0834237602021959
1710802121.6306658,0.9923424985673692
1710802121.6307788,0.8995096551047431
1710802121.6308918,0.8066768116421169
1710802121.6310046,0.7127930720647176
1710802121.6311176,0.6175080272886488
1710802121.6312306,0.5225733253690932
1710802121.6313436,0.425887041621738
1710802121.6314564,0.32990141047371757
1710802121.6315694,0.23286481698354083
1710802121.6316824,0.1361785415146086
1710802121.6317954,0.03774070905314551
1710802121.6319082,-0.06033501277367274
1710802121.6320212,-0.15945408079359266
1710802121.6321342,-0.2571721706125471
1710802121.6322472,-0.3566414780086941
1710802121.63236,-0.45576055844624835
1710802121.632473,-0.5541791518529257
1710802121.632586,-0.6532982322904799
1710802121.632699,-0.752067036098904
1710802121.6328118,-0.8511861165364583
1710802121.6329248,-0.9517061710357666
1710802121.6330378,-1.0515257385041978
1710802121.6331508,-1.150294542312622
1710802121.6332636,-1.2497638331519232
1710802121.6333766,-1.3474819395277235
1710802121.6334896,-1.4437990718417697
1710802121.6336026,-1.5397659937540689
1710802121.6337154,-1.633631388346354
1710802121.6338284,-1.7274967829386392
1710802121.6339414,-1.8213621775309243
1710802121.6340544,-1.9145271513197157
1710802121.6341672,-2.007691992653741
1710802121.6342802,-2.100156413184272
1710802121.6343932,-2.191219859653049
1710802121.6345062,-2.2808824645148382
1710802121.634619,-2.3691439628601074
1710802121.634732,-2.4546035130818686
1710802121.634845,-2.5379615359836154
1710802121.634958,-2.619218031565348
1710802121.6350708,-2.6994241608513727
1710802121.6351838,-2.7782289187113443
1710802121.6352968,-2.8566837310791016
1710802121.6354098,-2.9337374369303384
1710802121.6355226,-3.0107911427815752
1710802121.6356356,-3.0857433213127985
1710802121.6357486,-3.1578935517205133
1710802121.6358616,-3.228292465209961
1710802121.6359744,-3.2965901162889266
1710802121.6360874,-3.3617356088426376
1710802121.6362004,-3.4244293636745877
1710802121.6363134,-3.4857220119900174
1710802121.6364262,-3.544562922583686
1710802121.6365392,-3.6030536227756076
1710802121.6366522,-3.660493691762288
1710802121.6367652,-3.716182443830702
1710802121.636878,-3.7697699334886337
1710802121.636991,-3.8216061062282987
1710802121.637104,-3.870990541246202
1710802121.637217,-3.9179232385423446
1710802121.6373298,-3.961003091600206
1710802121.6374428,-4.001281261444092
1710802121.6375558,-4.03980811436971
1710802121.6376688,-4.075182808770074
1710802121.6377816,-4.109506607055664
1710802121.6378946,-4.142429563734266
1710802121.6380076,-4.173601203494601
1710802121.6381207,-4.203372001647949
1710802121.6382334,-4.231741958194308
1710802121.6383464,-4.2583603329128685
1710802121.6384594,-4.281476603613959
1710802121.6385725,-4.302491082085504
1710802121.6386852,-4.3200034565395775
1710802121.6387982,-4.334713617960612
1710802121.6389112,-4.347322252061632
1710802121.6390243,-4.35782962375217
1710802121.639137,-4.36693615383572
1710802121.63925,-4.373940891689724
1710802121.639363,-4.381296104855007
1710802121.639476,-4.386549790700276
1710802121.6395888,-4.390402370029025
1710802121.6397018,-4.39250389734904
1710802121.6398149,-4.391453001234266
1710802121.6399279,-4.386900001102023
1710802121.6400406,-4.380595684051514
1710802121.6401536,-4.37183936436971
1710802121.6402667,-4.3599311510721845
1710802121.6403797,-4.346621831258138
1710802121.6404924,-4.332962301042345
1710802121.6406054,-4.318602350023058
1710802121.6407185,-4.304592609405518
1710802121.6408315,-4.289181762271457
1710802121.6409442,-4.272019863128662
1710802121.6410573,-4.252756436665853
1710802121.6411703,-4.230340851677789
1710802121.6412833,-4.2051233185662165
1710802121.641396,-4.17780425813463
1710802121.641509,-4.148733880784777
1710802121.641622,-4.116861820220947
1710802121.641735,-4.086040390862359
1710802121.6418478,-4.053117434183757
1710802121.6419609,-4.021245108710395
1710802121.6420739,-3.9883221520317926
1710802121.6421869,-3.953297668033176
1710802121.6422997,-3.916171921624078
1710802121.6424127,-3.875893751780192
1710802121.6425257,-3.8317630026075573
1710802121.6426387,-3.784480094909668
1710802121.6427515,-3.7357963456047907
1710802121.6428645,-3.6846605936686196
1710802121.6429775,-3.633524841732449
1710802121.6430905,-3.5813387235005694
1710802121.6432033,-3.529152340359158
1710802121.6433163,-3.4762652715047198
1710802121.6434293,-3.4226780467563205
1710802121.6435423,-3.3659383985731335
1710802121.643655,-3.308498594495985
1710802121.643768,-3.24755589167277
1710802121.643881,-3.1841617160373263
1710802121.643994,-3.1193666987948947
1710802121.6441069,-3.052470154232449
1710802121.6442199,-2.985573344760471
1710802121.644333,-2.917626168992784
1710802121.644446,-2.849678728315565
1710802121.6445587,-2.7810308668348522
1710802121.6446717,-2.7099312676323786
1710802121.6447847,-2.6367304060194225
1710802121.6448977,-2.5617782274881997
1710802121.6450105,-2.4836736255221896
1710802121.6451235,-2.403817971547445
1710802121.6452365,-2.3211603694491916
1710802121.6453495,-2.2367517153422036
1710802121.6454623,-2.1523427963256836
1710802121.6455753,-2.0668832461039224
1710802121.6456883,-1.9810734854804144
1710802121.6458013,-1.8935124079386392
1710802121.645914,-1.8052509095933702
1710802121.646027,-1.715938647588094
1710802121.64614,-1.6248752011193168
1710802121.646253,-1.532060570187039
1710802121.646366,-1.4388955963982475
1710802121.646479,-1.3436292277442083
1710802121.646592,-1.2476624382866752
1710802121.646705,-1.150644752714369
1710802121.6468177,-1.0532769229676988
1710802121.6469307,-0.9548583295610216
1710802121.6470437,-0.8564398023817275
1710802121.6471567,-0.7555694712532891
1710802121.6472695,-0.6557499037848579
1710802121.6473825,-0.5534786648220485
1710802121.6474955,-0.4529586103227403
1710802121.6476085,-0.35138782527711654
1710802121.6477213,-0.24981705678833854
1710802121.6478343,-0.14719554119639927
1710802121.6479473,-0.04562476028998693
1710802121.6480603,0.05595696055226856
1710802121.648173,0.15859855545891655
1710802121.648286,0.2615904476907518
1710802121.648399,0.36318110095130074
1710802121.6485121,0.46477175421184963
1710802121.648625,0.5663624074723985
1710802121.648738,0.6665517886479696
1710802121.648851,0.7649896542231241
1710802121.648964,0.8641280730565388
1710802121.6490767,0.9615149762895372
1710802121.6491897,1.0599528418646917
1710802121.6493027,1.157339678870307
1710802121.6494157,1.2561278873019748
1710802121.6495285,1.3542154100206163
1710802121.6496415,1.4509016937679715
1710802121.6497545,1.5472376346588135
1710802121.6498675,1.6421723365783691
1710802121.6499803,1.7346549034118652
1710802121.6500933,1.8250355455610487
1710802121.6502063,1.915065844853719
1710802121.6503193,2.0019434558020697
1710802121.650432,2.0891712771521673
1710802121.6505451,2.1753480699327254
1710802121.6506581,2.261875205569797
1710802121.6507711,2.346300548977322
1710802121.650884,2.4303756819831
1710802121.650997,2.5126992331610785
1710802121.65111,2.591519355773926
1710802121.651223,2.667887740665012
1710802121.6513357,2.741453382703993
1710802121.6514487,2.8125667572021484
1710802121.6515617,2.880877653757731
1710802121.6516747,2.9481376541985407
1710802121.6517875,3.015047444237603
1710802121.6519005,3.080205652448866
1710802121.6520135,3.143612013922797
1710802121.6521266,3.2056175337897406
1710802121.6522393,3.2655209965176053
1710802121.6523523,3.3222715059916177
1710802121.6524653,3.376920223236084
1710802121.6525784,3.427014880710178
1710802121.6526911,3.475708431667752
1710802121.6528041,3.5212490293714733
1710802121.6529171,3.565738730960422
1710802121.6530302,3.608126640319824
1710802121.653143,3.6498138639662
1710802121.653256,3.6908004018995495
1710802121.653369,3.7300353580050998
1710802121.653482,3.7675187322828503
1710802121.6535947,3.8021998935275607
1710802121.6537077,3.834428522321913
1710802121.6538208,3.8645553588867188
1710802121.6539338,3.891529507107205
1710802121.6540465,3.915701177385118
1710802121.6541595,3.9381210009256997
1710802121.6542726,3.958789507548014
1710802121.6543856,3.978056642744276
1710802121.6544983,3.9962728818257647
1710802121.6546113,4.0141389105055065
1710802121.6547244,4.0288519859313965
1710802121.6548374,4.043915536668566
1710802121.6549501,4.055475658840603
1710802121.6550632,4.065634939405653
1710802121.6551762,4.071590105692546
1710802121.6552892,4.076494640774197
1710802121.655402,4.07754553688897
1710802121.655515,4.077895747290717
1710802121.655628,4.076144165462917
1710802121.655741,4.074042373233371
1710802121.6558537,4.071590105692546
1710802121.6559668,4.0677367316351996
1710802121.6560798,4.063532882266574
1710802121.6561928,4.057577715979682
1710802121.6563056,4.050221178266737
1710802121.6564186,4.038660791185167
1710802121.6565316,4.026049507988824
1710802121.6566446,4.009584850735134
1710802121.6567574,3.9913686116536455
1710802121.6568704,3.972451686859131
1710802121.6569834,3.9521336555480957
1710802121.6570964,3.9325160450405545
1710802121.6572092,3.911147117614746
1710802121.6573222,3.8911792967054577
1710802121.6574352,3.8691094186570907
1710802121.6575482,3.845288223690457
1710802121.657661,3.8190147611829968
1710802121.657774,3.7902890311347113
1710802121.657887,3.758410612742106
1710802121.658,3.7247806125217013
1710802121.6581128,3.6904501914978027
1710802121.6582258,3.654718134138319
1710802121.6583388,3.6203874482048883
1710802121.6584518,3.58430544535319
1710802121.6585646,3.5485733879937067
1710802121.6586776,3.5110900137159557
1710802121.6587906,3.4736066394382052
1710802121.6589036,3.43156894048055
1710802121.6590164,3.387429714202881
1710802121.6591294,3.3390866385565863
1710802121.6592424,3.289342191484239
1710802121.6593554,3.2378461625840926
1710802121.6594682,3.185299237569173
1710802121.6595812,3.1327523125542536
1710802121.6596942,3.080205652448866
1710802121.6598072,3.02695804172092
1710802121.65992,2.973360220591227
1710802121.660033,2.9169599215189614
1710802121.660146,2.8588080406188965
1710802121.660259,2.7982038921780057
1710802121.6603718,2.734797265794542
1710802121.6604848,2.669288847181532
1710802121.6605978,2.6023790571424694
1710802121.6607108,2.534418635898166
1710802121.6608236,2.4664579497443304
1710802121.6609366,2.3967456817626953
1710802121.6610496,2.3280843098958335
1710802121.6611626,2.2587225172254772
1710802121.6612754,2.1858575608995223
1710802121.6613884,2.1126421292622886
1710802121.6615014,2.037324905395508
1710802121.6616144,1.9592052035861545
1710802121.6617272,1.8796842628055148
1710802121.6618402,1.7987620830535889
1710802121.6619532,1.7174895604451497
1710802121.6620662,1.6358666949801974
1710802121.662179,1.552842590543959
1710802121.662292,1.4698186185624864
1710802121.662405,1.3864441712697346
1710802121.662518,1.3016684850056965
1710802121.6626308,1.2147910065121121
1710802121.6627438,1.126161946190728
1710802121.6628568,1.0368322001563177
1710802121.6629698,0.9461012813780043
1710802121.6630826,0.8539690574010212
1710802121.6631956,0.7611362139383951
1710802121.6633086,0.6672524081336128
1710802121.6634216,0.5730183256997002
1710802121.6635344,0.47843393352296615
1710802121.6636474,0.38244830237494576
1710802121.6637604,0.2857620186275906
1710802121.6638734,0.18907575143708122
1710802121.6639862,0.09238946768972608
1710802121.6640992,-0.006397426542308595
1710802121.6642122,-0.10376527905464172
1710802121.664325,-0.20078288184271917
1710802121.664438,-0.29920147524939644
1710802121.664551,-0.3976200355423821
1710802121.664664,-0.49638887246449787
1710802121.6647768,-0.5948074658711752
1710802121.6648898,-0.6939265463087294
1710802121.6650028,-0.7916446526845295
1710802121.6651158,-0.8904134564929538
1710802121.6652286,-0.987431075837877
1710802121.6653416,-1.0840984185536702
1710802121.6654546,-1.1793647872077093
1710802121.6655676,-1.2742809454600017
1710802121.6656804,-1.3695473141140408
1710802121.6657934,-1.463762919108073
1710802121.6659064,-1.5586790773603652
1710802121.6660194,-1.6532450252109103
1710802121.6661322,-1.7478109730614555
1710802121.6662452,-1.8402753935919867
1710802121.6663582,-1.9323896037207708
1710802121.6664712,-2.021351522869534
1710802121.666584,-2.110313574473063
1710802121.666697,-2.196823755900065
1710802121.66681,-2.281933095720079
1710802121.666923,-2.3663420147365994
1710802121.6670358,-2.449700037638346
1710802121.6671488,-2.5330580605400934
1710802121.6672618,-2.615715662638346
1710802121.6673748,-2.6973226335313583
1710802121.6674876,-2.7768280771043563
1710802121.6676006,-2.8552826245625815
1710802121.6677136,-2.9312856992085776
1710802121.6678267,-3.00483677122328
1710802121.6679394,-3.075936370425754
1710802121.6680524,-3.144584231906467
1710802121.6681654,-3.2107803556654186
1710802121.6682785,-3.2769764794243708
1710802121.6683912,-3.3421219719780817
1710802121.6685042,-3.405165937211778
1710802121.6686172,-3.466458585527208
1710802121.6687303,-3.526700602637397
1710802121.668843,-3.5855415132310653
1710802121.668956,-3.6401796340942383
1710802121.669069,-3.6930664380391436
1710802121.669182,-3.7424508730570474
1710802121.6692948,-3.789733780754937
1710802121.6694078,-3.8338645299275713
1710802121.6695209,-3.876944647894965
1710802121.6696339,-3.9186236593458386
1710802121.6697466,-3.958551353878445
1710802121.6698596,-3.99777889251709
1710802121.6699727,-4.0349046389261884
1710802121.6700857,-4.070979754130046
1710802121.6701984,-4.103902710808648
1710802121.6703115,-4.135424825880262
1710802121.6704245,-4.163094096713595
1710802121.6705375,-4.188311629825168
1710802121.6706502,-4.211427635616726
1710802121.6707633,-4.232442378997803
1710802121.6708763,-4.251355595058865
1710802121.6709893,-4.269217915005154
1710802121.671102,-4.286379814147949
1710802121.671215,-4.301790661282009
1710802121.671328,-4.316150612301296
1710802121.671441,-4.328409300910102
1710802121.6715539,-4.338916407691108
1710802121.6716669,-4.345571200052897
1710802121.6717799,-4.35012420018514
1710802121.671893,-4.35152530670166
1710802121.6720057,-4.350474675496419
1710802121.6721187,-4.347322252061632
1710802121.6722317,-4.34381988313463
1710802121.6723447,-4.338916407691108
1710802121.6724575,-4.332962301042345
1710802121.6725705,-4.326307773590088
1710802121.6726835,-4.318952560424805
1710802121.6727965,-4.309145874447292
1710802121.6729093,-4.29653697543674
1710802121.6730223,-4.280775917900933
1710802121.6731353,-4.263263808356391
1710802121.6732483,-4.242249064975314
1710802121.673361,-4.21983347998725
1710802121.673474,-4.195666578080919
1710802121.673587,-4.171149730682373
1710802121.6737,-4.147333039177789
1710802121.6738129,-4.1221155060662165
1710802121.6739259,-4.0958470768398705
1710802121.674039,-4.0681778060065374
1710802121.674152,-4.037706587049696
1710802121.6742647,-4.004433419969347
1710802121.6743777,-3.969058725568983
1710802121.6744907,-3.929831451839871
1710802121.6746037,-3.889553281995985
1710802121.6747165,-3.8478742705451117
1710802121.6748295,-3.806545469495985
1710802121.6749425,-3.764516247643365
1710802121.6750555,-3.721786340077718
1710802121.6751683,-3.6783562766181097
1710802121.6752813,-3.6338753170437283
1710802121.6753943,-3.5851913028293185
1710802121.6755073,-3.5358068678114147
1710802121.67562,-3.480818536546495
1710802121.675733,-3.4240788883633084
1710802121.675846,-3.3655881881713867
1710802121.675959,-3.305696646372477
1710802121.676072,-3.244053522745768
1710802121.676185,-3.1834612952338324
1710802121.676298,-3.1214682261149087
1710802121.676411,-3.0584242608812118
1710802121.6765237,-2.993278768327501
1710802121.6766367,-2.9267324341668024
1710802121.6767497,-2.8573841518825955
1710802121.6768627,-2.7852339214748807
1710802121.6769755,-2.7106319533454046
1710802121.6770885,-2.6349790891011557
1710802121.6772015,-2.5579253832499185
1710802121.6773145,-2.479821046193441
1710802121.6774273,-2.401716709136963
1710802121.6775403,-2.322211265563965
1710802121.6776533,-2.2430560323927136
1710802121.6777663,-2.1628501680162215
1710802121.677879,-2.0794920126597085
1710802121.677992,-1.9950832260979545
1710802121.678105,-1.9082227018144395
1710802121.6782181,-1.8199612034691703
1710802121.678331,-1.7302987310621474
1710802121.678444,-1.6399357053968642
1710802121.678557,-1.54782149526808
1710802121.67867,-1.4560576279958088
1710802121.6787827,-1.3632429970635307
1710802121.6788957,-1.2690272596147325
1710802121.6790087,-1.1741111013624403
1710802121.6791217,-1.0788447327084012
1710802121.6792345,-0.981476902961731
1710802121.6793475,-0.8837587965859307
1710802121.6794605,-0.7846397161483765
1710802121.6795735,-0.6855207019382052
1710802121.6796863,-0.585000647438897
1710802121.6797993,-0.4837800727950202
1710802121.6799123,-0.38255956437852645
1710802121.6800253,-0.2802882923020257
1710802121.680138,-0.17661604616377088
1710802121.6802511,-0.07294380002551608
1710802121.6803641,0.02968351874086592
1710802121.6804771,0.13337604701519012
1710802121.68059,0.2360176377826267
1710802121.680703,0.33865922027164036
1710802121.680816,0.4409504930178324
1710802121.680929,0.5428914560212029
1710802121.6810417,0.645182728767395
1710802121.6811547,0.7478243112564087
1710802121.6812677,0.8504658937454224
1710802121.6813807,0.9527571996053059
1710802121.6814935,1.0536472002665203
1710802121.6816065,1.1545372009277344
1710802121.6817195,1.252624723646376
1710802121.6818326,1.3493110073937309
1710802121.6819453,1.4445960521697998
1710802121.6820583,1.5388302008310952
1710802121.6821713,1.6316629780663383
1710802121.6822844,1.7241455448998344
1710802121.6823971,1.8159274260203042
1710802121.6825101,1.9087602032555473
1710802121.6826231,1.999841531117757
1710802121.6827362,2.0905725161234536
1710802121.682849,2.1778003374735513
1710802121.682962,2.264327473110623
1710802121.683075,2.3473517100016275
1710802121.683188,2.4289743105570474
1710802121.6833007,2.5081451733907065
1710802121.6834137,2.58591439988878
1710802121.6835268,2.6619323094685874
1710802121.6836398,2.737950219048394
1710802121.6837525,2.8125667572021484
1710802121.6838655,2.8871832953559027
1710802121.6839786,2.9589973555670843
1710802121.6840916,3.0290598339504666
1710802121.6842043,3.095969623989529
1710802121.6843174,3.1593762503729925
1710802121.6844304,3.2199801339043512
1710802121.6845434,3.2781322797139483
1710802121.6846561,3.3341821034749346
1710802121.6847692,3.388130399915907
1710802121.6848822,3.4413777457343206
1710802121.6849952,3.4939246707492404
1710802121.685108,3.5443698035346136
1710802121.685221,3.5934135648939343
1710802121.685334,3.6396548483106823
1710802121.685447,3.684494760301378
1710802121.6855597,3.7251310878329806
1710802121.6856728,3.7636653582255044
1710802121.6857858,3.7986967298719616
1710802121.6858988,3.830925358666314
1710802121.6860116,3.8610521952311196
1710802121.6861246,3.8908288213941784
1710802121.6862376,3.9192040761311846
1710802121.6863506,3.9454775386386447
1710802121.6864634,3.9703498946295843
1710802121.6865764,3.9941710895962186
1710802121.6866894,4.014489120907253
1710802121.6868024,4.034456941816542
1710802121.6869152,4.050571388668484
1710802121.6870282,4.063883357577853
1710802121.6871412,4.074042373233371
1710802121.6872542,4.082800282372369
1710802121.687367,4.0905070304870605
1710802121.68748,4.098214043511285
1710802121.687593,4.103468524085151
1710802121.687706,4.107672373453776
1710802121.6878188,4.113627804650201
1710802121.6879318,4.114678700764974
1710802121.6880448,4.116079807281494
1710802121.6881578,4.113978015051948
1710802121.6882706,4.109774165683322
1710802121.6883836,4.10206741756863
1710802121.6884966,4.092959298027886
1710802121.6886096,4.082099596659343
1710802121.6887224,4.069488313462999
1710802121.6888354,4.056877030266656
1710802121.6889484,4.043915536668566
1710802121.6890614,4.029202461242676
1710802121.6891742,4.0141389105055065
1710802121.6892872,3.9980244636535645
1710802121.6894002,3.979808224572076
1710802121.6895132,3.957738611433241
1710802121.689626,3.9328662554423013
1710802121.689739,3.905191686418321
1710802121.689852,3.8750648498535156
1710802121.689965,3.843536641862657
1710802121.6900778,3.8123589091830783
1710802121.6901908,3.7808307011922198
1710802121.6903038,3.7475509113735623
1710802121.6904168,3.71532228257921
1710802121.6905296,3.680991596645779
1710802121.6906426,3.645259804195828
1710802121.6907556,3.6060248480902777
1710802121.6908686,3.565388520558675
1710802121.6909814,3.5215995046827526
1710802121.6910944,3.475708431667752
1710802121.6912074,3.4291169378492565
1710802121.6913204,3.3821749687194824
1710802121.6914332,3.334882789187961
1710802121.6915462,3.288291295369466
1710802121.6916592,3.2413493262396917
1710802121.6917722,3.191955354478624
1710802121.691885,3.1408095359802246
1710802121.691998,3.0879124005635576
1710802121.692111,3.0311618910895453
1710802121.692224,2.9716086387634277
1710802121.6923368,2.9106542799207897
1710802121.6924498,2.8472476535373263
1710802121.6925628,2.7841915024651422
1710802121.6926758,2.7200841903686523
1710802121.6927886,2.656677563985189
1710802121.6929016,2.5911691453721786
1710802121.6930146,2.5249600410461426
1710802121.6931276,2.457700040605333
1710802121.6932404,2.3869368765089245
1710802121.6933534,2.314772605895996
1710802121.6934664,2.239104906717936
1710802121.6935794,2.1627369191911483
1710802121.6936922,2.085668113496568
1710802121.6938052,2.006497515572442
1710802121.6939182,1.9273267851935492
1710802121.6940312,1.8474555015563965
1710802121.694144,1.7668836646609836
1710802121.694257,1.6856111420525444
1710802121.69437,1.6029373804728189
1710802121.694483,1.5178113513522677
1710802121.6945958,1.4309338728586833
1710802121.6947088,1.3430053657955594
1710802121.6948218,1.2536757522159152
1710802121.6949348,1.1625944243537054
1710802121.6950476,1.0718634393480089
1710802121.6951606,0.9793809387418959
1710802121.6952736,0.887599057621426
1710802121.6953866,0.7947662141587999
1710802121.6954994,0.7015830940670437
1710802121.6956124,0.6069986687766181
1710802121.6957254,0.5120639668570625
1710802121.6958385,0.4164286123381721
1710802121.6959512,0.31904170910517377
1710802121.6960642,0.22270575165748596
1710802121.6961772,0.1253188567029105
1710802121.6962903,0.027231329845057592
1710802121.696403,-0.07189306947920057
1710802121.696516,-0.17101213335990906
1710802121.696629,-0.2711819443437788
1710802121.696742,-0.3706512517399258
1710802121.6968548,-0.4711713062392341
1710802121.6969678,-0.5709908405939738
1710802121.6970809,-0.6704601976606581
1710802121.6971939,-0.7695792118708292
1710802121.6973066,-0.8686982923083835
1710802121.6974196,-0.9664163986841837
1710802121.6975327,-1.065535479121738
1710802121.6976457,-1.1629033088684082
1710802121.6977584,-1.2616721789042156
1710802121.6978714,-1.3590399424235027
1710802121.6979845,-1.4571083916558158
1710802121.6980975,-1.552724970711602
1710802121.6982102,-1.6476411289638944
1710802121.6983232,-1.7418567339579263
1710802121.6984363,-1.8332705232832167
1710802121.6985493,-1.9232832060919867
1710802121.698662,-2.0118949148390026
1710802121.698775,-2.101207176844279
1710802121.698888,-2.188417911529541
1710802121.699001,-2.2759789890713162
1710802121.6991138,-2.362839380900065
1710802121.6992269,-2.4489996168348522
1710802121.6993399,-2.5330580605400934
1710802121.6994529,-2.6150152418348522
1710802121.6995656,-2.6948708958095975
1710802121.6996787,-2.7726250224643283
1710802121.6997917,-2.8479274113972983
1710802121.6999047,-2.921128537919786
1710802121.7000175,-2.993278768327501
1710802121.7001305,-3.064378367529975
1710802121.7002435,-3.134777545928955
1710802121.7003565,-3.204125828213162
1710802121.7004693,-3.2720730039808483
1710802121.7005823,-3.3379189173380532
1710802121.7006953,-3.40236398908827
1710802121.7008083,-3.463306427001953
1710802121.700921,-3.5221473375956216
1710802121.701034,-3.5778360896640353
1710802121.701147,-3.631423579321967
1710802121.70126,-3.6829092767503524
1710802121.7013729,-3.732643922170003
1710802121.7014859,-3.78167814678616
1710802121.701599,-3.8289610544840493
1710802121.701712,-3.874843120574951
1710802121.7018247,-3.9186236593458386
1710802121.7019377,-3.960652881198459
1710802121.7020507,-3.9995299445258246
1710802121.7021637,-4.035955270131429
1710802121.7022765,-4.069578912523058
1710802121.7023895,-4.099349445766872
1710802121.7025025,-4.127369191911486
1710802121.7026155,-4.1532871458265515
1710802121.7027283,-4.17780425813463
1710802121.7028413,-4.2009202639261884
1710802121.7029543,-4.2229856385125055
1710802121.7030673,-4.244000381893581
1710802121.70318,-4.262913597954644
1710802121.703293,-4.280075497097439
1710802121.703406,-4.294785658518474
1710802121.703519,-4.3059934510125055
1710802121.7036319,-4.315099981096056
1710802121.703745,-4.321754508548312
1710802121.703858,-4.326307773590088
1710802121.703971,-4.32981014251709
1710802121.7040837,-4.331561459435357
1710802121.7041967,-4.332612090640597
1710802121.7043097,-4.332962301042345
1710802121.7044227,-4.332962301042345
1710802121.7045355,-4.330510563320583
1710802121.7046485,-4.326307773590088
1710802121.7047615,-4.318952560424805
1710802121.7048745,-4.308445188734266
1710802121.7049873,-4.2954863442315
1710802121.7051003,-4.279725286695692
1710802121.7052133,-4.263263808356391
1710802121.7053263,-4.246101909213595
1710802121.705439,-4.22753890355428
1710802121.705552,-4.208625687493218
1710802121.705665,-4.189362261030409
1710802121.705778,-4.169048203362359
1710802121.705891,-4.1455817222595215
1710802121.706004,-4.1200139787462025
1710802121.706117,-4.091294076707628
1710802121.7062297,-4.060122172037761
1710802121.7063427,-4.026148584153917
1710802121.7064557,-3.9911241001553006
1710802121.7065687,-3.953998353746202
1710802121.7066815,-3.9172225528293185
1710802121.7067945,-3.8800968064202204
1710802121.7069075,-3.8422703742980957
1710802121.7070205,-3.803043100568983
1710802121.7071333,-3.7624147203233504
1710802121.7072463,-3.718634181552463
1710802121.7073593,-3.6720516946580672
1710802121.7074723,-3.622667524549696
1710802121.707585,-3.570481141408284
1710802121.707698,-3.5165434413486056
1710802121.707811,-3.4619053204854326
1710802121.7079241,-3.40726719962226
1710802121.708037,-3.352979554070367
1710802121.70815,-3.2965901162889266
1710802121.708263,-3.2409013642205133
1710802121.708376,-3.1813597679138184
1710802121.7084887,-3.1221686469184027
1710802121.7086017,-3.0584242608812118
1710802121.7087147,-2.993278768327501
1710802121.7088277,-2.924630906846788
1710802121.7089405,-2.8552826245625815
1710802121.7090535,-2.7848837110731335
1710802121.7091665,-2.713083691067166
1710802121.7092795,-2.641633881462945
1710802121.7093923,-2.569833861456977
1710802121.7095053,-2.496632734934489
1710802121.7096183,-2.4206296602884927
1710802121.7097313,-2.3432257440355087
1710802121.709844,-2.264420986175537
1710802121.7099571,-2.182463804880778
1710802121.7100701,-2.099455992380778
1710802121.7101831,-2.014346652560764
1710802121.710296,-1.9285368919372559
1710802121.710409,-1.8430773417154946
1710802121.710522,-1.7562168174319797
1710802121.710635,-1.6679553190867105
1710802121.7107477,-1.5793434778849282
1710802121.7108607,-1.4893307950761583
1710802121.7109737,-1.3979171382056341
1710802121.7110868,-1.30580292807685
1710802121.7111995,-1.2119375334845648
1710802121.7113125,-1.1166711648305256
1710802121.7114255,-1.0217549403508503
1710802121.7115386,-0.9247373872333102
1710802121.7116513,-0.827719767888387
1710802121.7117643,-0.7300016615125868
1710802121.7118773,-0.6319333447350396
1710802121.7119904,-0.5328142642974854
1710802121.7121031,-0.4336951838599311
1710802121.7122161,-0.3342258599069383
1710802121.7123291,-0.23405606547991434
1710802121.7124422,-0.13528724511464438
1710802121.712555,-0.03511743826998605
1710802121.712668,0.06436446474658118
1710802121.712781,0.1638532347149319
1710802121.712894,0.2636923227045271
1710802121.7130067,0.36318110095130074
1710802121.7131197,0.46442144446902806
1710802121.7132328,0.5646108256445991
1710802121.7133458,0.66444993019104
1710802121.7134585,0.7639386918809679
1710802121.7135715,0.8623765574561225
1710802121.7136846,0.9597634606891208
1710802121.7137976,1.056449744436476
1710802121.7139103,1.1517347229851616
1710802121.7140234,1.249121692445543
1710802121.7141364,1.3444066047668457
1710802121.7142494,1.441092888514201
1710802121.7143621,1.537078619003296
1710802121.7144752,1.6323636637793646
1710802121.7145882,1.726597679985894
1710802121.7147012,1.8201311429341633
1710802121.714814,1.9105117850833468
1710802121.714927,1.9977396064334445
1710802121.71504,2.083916531668769
1710802121.715153,2.168341875076294
1710802121.7152658,2.2513659795125327
1710802121.7153788,2.333339055379232
1710802121.7154918,2.414611710442437
1710802121.7156048,2.49588410059611
1710802121.7157176,2.5743542777167425
1710802121.7158306,2.652473979526096
1710802121.7159436,2.726389831966824
1710802121.7160566,2.7989045778910318
1710802121.7161694,2.868967056274414
1710802121.7162824,2.9355263710021973
1710802121.7163954,3.00068457921346
1710802121.7165084,3.0633905198838973
1710802121.7166212,3.1250455644395614
1710802121.7167342,3.1859999232821994
1710802121.7168472,3.245553175608317
1710802121.7169602,3.303705056508382
1710802121.717073,3.3601053555806475
1710802121.717186,3.4137031767103405
1710802121.717299,3.4648487302992077
1710802121.717412,3.5131918059455023
1710802121.7175248,3.558382193247477
1710802121.7176378,3.6018209987216525
1710802121.7177508,3.642807536655002
1710802121.7178638,3.6827431784735785
1710802121.7179766,3.722328609890408
1710802121.7180896,3.7594617737664118
1710802121.7182026,3.7969451480441623
1710802121.7183156,3.831976254781087
1710802121.7184284,3.865606255001492
1710802121.7185414,3.896083566877577
1710802121.7186544,3.9251595073276095
1710802121.7187674,3.950382073720296
1710802121.7188802,3.972451686859131
1710802121.7189932,3.992069297366672
1710802121.7191062,4.009584850735134
1710802121.7192192,4.025699297587077
1710802121.719332,4.040412373012966
1710802121.719445,4.05442476272583
1710802121.719558,4.066335360209147
1710802121.719671,4.077895747290717
1710802121.7197838,4.087003866831462
1710802121.7198968,4.093309508429633
1710802121.7200098,4.098214043511285
1710802121.7201228,4.098914464314778
1710802121.7202356,4.098914464314778
1710802121.7203486,4.096111986372206
1710802121.7204616,4.091557926601833
1710802121.7205746,4.087354342142741
1710802121.7206874,4.0824498070610895
1710802121.7208004,4.076494640774197
1710802121.7209134,4.070188999176025
1710802121.7210264,4.062481986151801
1710802121.7211392,4.05302365620931
1710802121.7212522,4.040762583414714
1710802121.7213652,4.025699297587077
1710802121.7214782,4.007483058505588
1710802121.721591,3.987865447998047
1710802121.721704,3.9664965205722384
1710802121.721817,3.943375746409098
1710802121.72193,3.919904761844211
1710802121.7220428,3.896433777279324
1710802121.7221558,3.872963057623969
1710802121.7222688,3.8480907016330295
1710802121.7223818,3.8218172391255694
1710802121.7224946,3.7930917739868164
1710802121.7226076,3.7605126698811846
1710802121.7227206,3.7251310878329806
1710802121.7228336,3.6883481343587237
1710802121.7229464,3.6498138639662
1710802121.7230594,3.6098782221476235
1710802121.7231724,3.569592105017768
1710802121.7232854,3.5296564631991916
1710802121.7233982,3.4890204005771213
1710802121.7235112,3.4476833873324924
1710802121.7236242,3.4052957428826227
1710802121.7237372,3.359754880269368
1710802121.72385,3.3107111189100475
1710802121.723963,3.2592153549194336
1710802121.724076,3.204216162363688
1710802121.724189,3.148516549004449
1710802121.7243018,3.091765774620904
1710802121.7244148,3.0336138937208386
1710802121.7245278,2.9761626985337997
1710802121.7246408,2.918361028035482
1710802121.7247536,2.8598589367336698
1710802121.7248666,2.799955474005805
1710802121.7249796,2.737950219048394
1710802121.7250926,2.6738429069519043
1710802121.7252054,2.607633802625868
1710802121.7253184,2.539673116472032
1710802121.7254314,2.4703113238016763
1710802121.7255445,2.398847473992242
1710802121.7256572,2.3273838890923395
1710802121.7257702,2.255569828881158
1710802121.7258832,2.183405293358697
1710802121.7259963,2.110189994176229
1710802121.726109,2.0359236664242215
1710802121.726222,1.9588549931844075
1710802121.726335,1.880384948518541
1710802121.726448,1.7984117401970756
1710802121.7265608,1.7157379786173501
1710802121.7266738,1.630261739095052
1710802121.7267869,1.5444351567162407
1710802121.7268999,1.4575576782226562
1710802121.7270126,1.3699795140160453
1710802121.7271256,1.2820510069529216
1710802121.7272387,1.1927212609185112
1710802121.7273517,1.102690961625841
1710802121.7274644,1.0105587376488578
1710802121.7275774,0.918426579899258
1710802121.7276905,0.8238421546088325
1710802121.7278035,0.7289074526892768
1710802121.7279162,0.6322211689419216
1710802121.7280293,0.5362355377939012
1710802121.7281423,0.4384983248180813
1710802121.7282553,0.3404107689857483
1710802121.728368,0.24162262678146362
1710802121.728481,0.14283448457717896
1710802121.728594,0.04299539658758375
1710802121.728707,-0.055431595279110804
1710802121.7288198,-0.15595164563920763
1710802121.7289329,-0.2557711965507931
1710802121.7290459,-0.3552405039469401
1710802121.7291589,-0.45435958438449436
1710802121.7292717,-0.5541791518529257
1710802121.7293847,-0.6550494167539809
1710802121.7294977,-0.7552192608515421
1710802121.7296107,-0.8550388283199734
1710802121.7297235,-0.9566095802519057
1710802121.7298365,-1.057830121782091
1710802121.7299495,-1.1565989918178983
1710802121.7300625,-1.2560682826571994
1710802121.7301753,-1.3537863890329997
1710802121.7302883,-1.450103521347046
1710802121.7304013,-1.546070310804579
1710802121.7305143,-1.6409864690568712
1710802121.730627,-1.7366030481126573
1710802121.73074,-1.8315192063649495
1710802121.730853,-1.9257349438137479
1710802121.730966,-2.019600338406033
1710802121.7310789,-2.113465732998318
1710802121.7311919,-2.204879389868842
1710802121.731305,-2.2941917843288846
1710802121.731418,-2.3817525969611273
1710802121.7315307,-2.4675623575846353
1710802121.7316437,-2.5509206453959146
1710802121.7317567,-2.6328775617811413
1710802121.7318697,-2.7141343222724066
1710802121.7319825,-2.7950406074523926
1710802121.7320955,-2.8738456302218967
1710802121.7322085,-2.9523001776801214
1710802121.7323215,-3.0290036731296115
1710802121.7324343,-3.1036056412590876
1710802121.7325473,-3.175405661265055
1710802121.7326603,-3.2444037331475153
1710802121.7327733,-3.310599856906467
1710802121.732886,-3.374694718254937
1710802121.732999,-3.435987366570367
1710802121.733112,-3.4962293836805554
1710802121.733225,-3.554720083872477
1710802121.7333379,-3.612510363260905
1710802121.733451,-3.6681991153293185
1710802121.733564,-3.7231874465942383
1710802121.733677,-3.775023619333903
1710802121.7337897,-3.8254586855570474
1710802121.7339027,-3.872741593254937
1710802121.7340157,-3.9168723424275713
1710802121.7341287,-3.959252039591471
1710802121.7342415,-3.99777889251709
1710802121.7343545,-4.035254849327935
1710802121.7344675,-4.070629543728298
1710802121.7345805,-4.104603131612142
1710802121.7346933,-4.1378762986924915
1710802121.7348063,-4.169398413764106
1710802121.7349193,-4.198819001515706
1710802121.7350323,-4.226838482750787
1710802121.735145,-4.252056015862359
1710802121.735258,-4.274471600850423
1710802121.735371,-4.294435448116726
1710802121.7354841,-4.31054671605428
1710802121.735597,-4.324906667073567
1710802121.73571,-4.33751556608412
1710802121.735823,-4.348723358578152
1710802121.735936,-4.358179834153917
1710802121.7360487,-4.3676365746392145
1710802121.7361617,-4.374991522894965
1710802121.7362747,-4.380595684051514
1710802121.7363877,-4.384448263380262
1710802121.7365005,-4.385148684183757
1710802121.7366135,-4.383397632175021
1710802121.7367265,-4.377793735928005
1710802121.7368395,-4.3697381019592285
1710802121.7369523,-4.3599311510721845
1710802121.7370653,-4.348723358578152
1710802121.7371783,-4.336464934878879
1710802121.7372913,-4.3235058254665795
1710802121.737404,-4.31054671605428
1710802121.737517,-4.296186765034993
1710802121.7376301,-4.2804257074991865
1710802121.7377431,-4.261162281036377
1710802121.737856,-4.240848223368327
1710802121.737969,-4.216681321461995
1710802121.738082,-4.190062681833903
1710802121.738195,-4.162043200598823
1710802121.7383077,-4.131922192043728
1710802121.7384207,-4.102151393890381
1710802121.7385337,-4.071680174933539
1710802121.7386467,-4.041208955976698
1710802121.7387595,-4.01038752661811
1710802121.7388725,-3.9767641491360135
1710802121.7389855,-3.941039244333903
1710802121.7390985,-3.902512391408284
1710802121.7392113,-3.860132959153917
1710802121.7393243,-3.8149513138665094
1710802121.7394373,-3.7676684061686196
1710802121.7395504,-3.71898439195421
1710802121.7396631,-3.6692497465345593
1710802121.7397761,-3.619865576426188
1710802121.7398891,-3.5694302452935114
1710802121.7400022,-3.5186449686686196
1710802121.740115,-3.465758164723714
1710802121.740228,-3.411470254262288
1710802121.740341,-3.3540301852756076
1710802121.740454,-3.2944885889689126
1710802121.7405667,-3.231795099046495
1710802121.7406797,-3.167350027296278
1710802121.7407928,-3.1018545892503524
1710802121.7409058,-3.0353079901801214
1710802121.7410185,-2.9680612352159286
1710802121.7411315,-2.900464004940457
1710802121.7412446,-2.8314659330579968
1710802121.7413576,-2.76211765077379
1710802121.7414703,-2.689967420366075
1710802121.7415833,-2.6160658730400934
1710802121.7416964,-2.5397128529018826
1710802121.7418094,-2.4612580405341253
1710802121.7419221,-2.3810521761576333
1710802121.7420352,-2.2994452052646213
1710802121.7421482,-2.2178384992811413
1710802121.7422612,-2.1351808971828885
1710802121.742374,-2.0518227418263755
1710802121.742487,-1.9684647189246283
1710802121.7426,-1.8840557999081082
1710802121.742713,-1.797895828882853
1710802121.7428257,-1.710685094197591
1710802121.7429388,-1.6217230425940619
1710802121.7430518,-1.5310098065270317
1710802121.7431648,-1.4392459392547607
1710802121.7432775,-1.3464311758677165
1710802121.7433906,-1.2525657812754314
1710802121.7435036,-1.1583501762813992
1710802121.7436166,-1.06273353099823
1710802121.7437294,-0.9667666753133137
1710802121.7438424,-0.8690485689375136
1710802121.7439554,-0.7706299755308363
1710802121.7440684,-0.6718611717224121
1710802121.7441812,-0.5723918146557277
1710802121.7442942,-0.4715215497546726
1710802121.7444072,-0.3710014952553643
1710802121.7445202,-0.2694307267665863
1710802121.744633,-0.1664589676592085
1710802121.744746,-0.06453794323735766
1710802121.744859,0.03914195630285475
1710802121.744972,0.14213386509153578
1710802121.7450848,0.24617670310868156
1710802121.7451978,0.348818302154541
1710802121.7453108,0.4514598846435547
1710802121.7454238,0.552700228161282
1710802121.7455366,0.6532399521933662
1710802121.7456496,0.7523783710267808
1710802121.7457626,0.8508162366019355
1710802121.7458756,0.949254035949707
1710802121.7459884,1.0473415586683485
1710802121.7461014,1.14542908138699
1710802121.7462144,1.2431662612491183
1710802121.7463274,1.3398525449964735
1710802121.7464402,1.4358382754855685
1710802121.7465532,1.529722081290351
1710802121.7466662,1.6218541728125677
1710802121.7467792,1.711183918846978
1710802121.746892,1.8005136648813882
1710802121.747005,1.888091829087999
1710802121.747118,1.9749693075815835
1710802121.7472308,2.0614965756734214
1710802121.7473438,2.1473231580522323
1710802121.7474568,2.233499950832791
1710802121.7475698,2.3175750838385687
1710802121.7476826,2.400599055820041
1710802121.7477956,2.480470339457194
1710802121.7479086,2.557539145151774
1710802121.7480216,2.6325061586168075
1710802121.7481344,2.704320218827989
1710802121.7482474,2.775083382924398
1710802121.7483604,2.8437444898817272
1710802121.7484734,2.9124058617485895
1710802121.7485862,2.980716758304172
1710802121.7486992,3.045524491204156
1710802121.7488122,3.111033174726698
1710802121.7489252,3.173038429684109
1710802121.749038,3.2332921028137207
1710802121.749151,3.289342191484239
1710802121.749264,3.3432902230156794
1710802121.749377,3.3937353558010526
1710802121.7494898,3.442428641849094
1710802121.7496028,3.4890204005771213
1710802121.7497158,3.5338603125678167
1710802121.7498288,3.5779998037550182
1710802121.7499416,3.6207379235161676
1710802121.7500546,3.662074671851264
1710802121.7501676,3.7013096279568143
1710802121.7502806,3.73984416325887
1710802121.7503934,3.7734741634792752
1710802121.7505064,3.8050023714701333
1710802121.7506194,3.834428522321913
1710802121.7507324,3.8610521952311196
1710802121.7508452,3.885223865509033
1710802121.7509582,3.9086948500739203
1710802121.7510712,3.9307644632127547
1710802121.7511842,3.951432969835069
1710802121.751297,3.9717510011461044
1710802121.75141,3.9903177155388727
1710802121.751523,4.007483058505588
1710802121.751636,4.022546344333224
1710802121.7517488,4.035507837931315
1710802121.7518618,4.045316643185085
1710802121.7519748,4.05302365620931
1710802121.7520878,4.057927926381429
1710802121.7522006,4.062131775750054
1710802121.7523136,4.064233567979601
1710802121.7524266,4.066335360209147
1710802121.7525396,4.0670360459221735
1710802121.7526524,4.0677367316351996
1710802121.7527654,4.0659851498074
1710802121.7528784,4.063532882266574
1710802121.7529914,4.058278401692708
1710802121.7531042,4.050221178266737
1710802121.7532172,4.03971168729994
1710802121.7533302,4.025699297587077
1710802121.7534432,4.010285536448161
1710802121.753556,3.993470403883192
1710802121.753669,3.9759548505147295
1710802121.753782,3.9573881361219616
1710802121.753895,3.939171897040473
1710802121.7540078,3.9209556579589844
1710802121.7541208,3.900987837049696
1710802121.7542338,3.8789182239108615
1710802121.7543468,3.854746553632948
1710802121.7544596,3.827071984608968
1710802121.7545726,3.7976458337571883
1710802121.7546856,3.764366043938531
1710802121.7547987,3.7314367294311523
1710802121.7549114,3.6974562538994684
1710802121.7550244,3.6631255679660373
1710802121.7551374,3.6284446716308594
1710802121.7552505,3.5934135648939343
1710802121.7553632,3.5580319828457303
1710802121.7554762,3.5208988189697266
1710802121.7555892,3.481313387552897
1710802121.7557023,3.438575267791748
1710802121.755815,3.393034670088026
1710802121.755928,3.3464431762695312
1710802121.756041,3.2977496253119574
1710802121.756154,3.2487058639526367
1710802121.7562668,3.200012312995063
1710802121.7563798,3.150618341233995
1710802121.7564929,3.1008738941616483
1710802121.7566059,3.0507792366875544
1710802121.7567186,2.9978821012708874
1710802121.7568316,2.942532698313395
1710802121.7569447,2.88438081741333
1710802121.7570577,2.8237766689724393
1710802121.7571704,2.7607205179002547
1710802121.7572834,2.695912520090739
1710802121.7573965,2.629703680674235
1710802121.7575095,2.5631441010369196
1710802121.7576222,2.496934996710883
1710802121.7577353,2.4293247858683267
1710802121.7578483,2.361364099714491
1710802121.7579613,2.291301621331109
1710802121.758074,2.2194875611199274
1710802121.758187,2.144870890511407
1710802121.7583,2.0692034562428794
1710802121.758413,1.9903830687204995
1710802121.7585258,1.9115626811981201
1710802121.7586389,1.8309908443027072
1710802121.7587519,1.7504190074072943
1710802121.7588649,1.669496695200602
1710802121.7589777,1.5875236193339028
1710802121.7590907,1.5048498577541776
1710802121.7592037,1.4207748572031658
1710802121.7593167,1.3363495137956407
1710802121.7594295,1.2484210067325168
1710802121.7595425,1.1601422892676458
1710802121.7596555,1.0697615808910794
1710802121.7597685,0.9800815582275391
1710802121.7598813,0.8879493342505561
1710802121.7599943,0.7958171765009562
1710802121.7601073,0.7026339901818169
1710802121.7602203,0.6098011467191908
1710802121.760333,0.5155670642852783
1710802121.760446,0.4202820526229011
1710802121.760559,0.3249970409605238
1710802121.760672,0.22831075721316868
1710802121.7607849,0.13127417200141483
1710802121.7608979,0.033536956955989204
1710802121.761011,-0.06453794323735766
1710802121.761124,-0.16400726305113897
1710802121.7612367,-0.26242583990097046
1710802121.7613497,-0.36294589440027875
1710802121.7614627,-0.4624151852395799
1710802121.7615757,-0.5639859702852037
1710802121.7616885,-0.6641557481553819
1710802121.7618015,-0.7636251052220662
1710802121.7619145,-0.8623939090304904
1710802121.7620275,-0.9618632660971748
1710802121.7621403,-1.0595813062455919
1710802121.7622533,-1.157299412621392
1710802121.7623663,-1.2539667553371854
1710802121.7624793,-1.3516848617129855
1710802121.762592,-1.4480019940270317
1710802121.762705,-1.543968915939331
1710802121.762818,-1.6399357053968642
1710802121.762931,-1.7352020740509033
1710802121.7630439,-1.8280168374379475
1710802121.763157,-1.9194304943084717
1710802121.76327,-2.0090929667154946
1710802121.763383,-2.097354465060764
1710802121.7634957,-2.184565332200792
1710802121.7636087,-2.269324461619059
1710802121.7637217,-2.355134222242567
1710802121.7638347,-2.439542876349555
1710802121.7639475,-2.5243020057678223
1710802121.7640605,-2.606959607866075
1710802121.7641735,-2.6892669995625815
1710802121.7642865,-2.7687724431355796
1710802121.7643993,-2.846876780192057
1710802121.7645123,-2.9225296444363065
1710802121.7646253,-2.995730506049262
1710802121.7647383,-3.066830105251736
1710802121.764851,-3.136178387535943
1710802121.764964,-3.2044760386149087
1710802121.765077,-3.272773689693875
1710802121.7651901,-3.3400204446580672
1710802121.765303,-3.405165937211778
1710802121.765416,-3.4685601128472223
1710802121.765529,-3.5302029715643988
1710802121.765642,-3.5897445678710938
1710802121.7657547,-3.6447328991360135
1710802121.7658677,-3.698320123884413
1710802121.7659807,-3.7480547693040633
1710802121.7660937,-3.796738783518473
1710802121.7662065,-3.843321270412869
1710802121.7663195,-3.8885026507907443
1710802121.7664325,-3.9322831895616317
1710802121.7665455,-3.974662621815999
1710802121.7666583,-4.015291002061632
1710802121.7667713,-4.053117434183757
1710802121.7668843,-4.089192549387614
1710802121.7669973,-4.122465716467963
1710802121.76711,-4.153637356228298
1710802121.7672231,-4.1809564166598845
1710802121.7673361,-4.206173949771457
1710802121.7674491,-4.2292902204725475
1710802121.767562,-4.251005384657118
1710802121.767675,-4.271669652726915
1710802121.767788,-4.289882447984484
1710802121.767901,-4.307744767930773
1710802121.7680137,-4.324206246270074
1710802121.7681267,-4.338566197289361
1710802121.7682397,-4.350474675496419
1710802121.7683527,-4.35923073026869
1710802121.7684655,-4.366235468122694
1710802121.7685785,-4.369387626647949
1710802121.7686915,-4.3711389435662165
1710802121.7688046,-4.37078873316447
1710802121.7689173,-4.369387626647949
1710802121.7690303,-4.3676365746392145
1710802121.7691433,-4.364834626515706
1710802121.7692564,-4.361682467990451
1710802121.7693691,-4.356428782145183
1710802121.7694821,-4.349073568979899
1710802121.7695951,-4.339266883002387
1710802121.7697082,-4.3256073527865935
1710802121.769821,-4.309145874447292
1710802121.769934,-4.290582868787977
1710802121.770047,-4.270268546210395
1710802121.77016,-4.247852961222331
1710802121.7702727,-4.224386745029025
1710802121.7703857,-4.2009202639261884
1710802121.7704988,-4.177103837331136
1710802121.7706118,-4.150835408104791
1710802121.7707245,-4.123166137271457
1710802121.7708375,-4.0937455495198565
1710802121.7709506,-4.059771961636013
1710802121.7710636,-4.024047056833903
1710802121.7711763,-3.9851699935065374
1710802121.7712893,-3.9452422989739313
1710802121.7714024,-3.9039134979248047
1710802121.7715154,-3.861884011162652
1710802121.7716281,-3.8198547893100314
1710802121.7717412,-3.778175777859158
1710802121.7718542,-3.735095659891764
1710802121.7719672,-3.690614700317383
1710802121.77208,-3.643331792619493
1710802121.772193,-3.5935971471998425
1710802121.772306,-3.540710343254937
1710802121.772419,-3.484320905473497
1710802121.7725317,-3.4275815221998425
1710802121.7726448,-3.3687403466966415
1710802121.7727578,-3.309199015299479
1710802121.7728708,-3.250357839796278
1710802121.7729836,-3.1908165083991156
1710802121.7730966,-3.129523860083686
1710802121.7732096,-3.06753052605523
1710802121.7733226,-3.002385033501519
1710802121.7734354,-2.9347880681355796
1710802121.7735484,-2.8650895754496255
1710802121.7736614,-2.7929390801323786
1710802121.7737744,-2.7179869016011557
1710802121.7738872,-2.6430347230699325
1710802121.7740002,-2.5666814380221896
1710802121.7741132,-2.490328417883979
1710802121.7742262,-2.4122238159179688
1710802121.774339,-2.3334190580579968
1710802121.774452,-2.252862983279758
1710802121.774565,-2.1709058019849987
1710802121.774678,-2.0857964621649847
1710802121.7747908,-1.9989359378814697
1710802121.7749038,-1.9113748603396945
1710802121.7750168,-1.8210119671291776
1710802121.7751298,-1.7295981778038871
1710802121.7752426,-1.6378343105316162
1710802121.7753556,-1.545369890001085
1710802121.7754686,-1.4525551266140408
1710802121.7755816,-1.3586897320217557
1710802121.7756944,-1.2637735737694633
1710802121.7758074,-1.1678067843119304
1710802121.7759204,-1.0711393753687541
1710802121.7760334,-0.9727207819620768
1710802121.7761462,-0.8739519781536526
1710802121.7762592,-0.7744826873143513
1710802121.7763722,-0.6746631198459201
1710802121.7764852,-0.5734425783157349
1710802121.776598,-0.4722220367855496
1710802121.776711,-0.3703010082244873
1710802121.776824,-0.266979005601671
1710802121.776937,-0.16330677602026197
1710802121.7770498,-0.05998476925823423
1710802121.7771628,0.043345710469616786
1710802121.7772758,0.14633761511908636
1710802121.7773888,0.24862888786527845
1710802121.7775016,0.3509201606114705
1710802121.7776146,0.4549630151854621
1710802121.7777276,0.5572542879316542
1710802121.7778406,0.6602461470497979
1710802121.7779534,0.7635884152518378
1710802121.7780664,0.8665802743699815
1710802121.7781794,0.9681709607442219
1710802121.7782924,1.0694113042619493
1710802121.7784052,1.168549723095364
1710802121.7785182,1.2666372458140056
1710802121.7786312,1.3629731867048476
1710802121.7787442,1.4586085743374295
1710802121.778857,1.552842590543959
1710802121.77897,1.6470767392052543
1710802121.779083,1.74131088786655
1710802121.779196,1.8355449040730794
1710802121.7793088,1.9283778137630887
1710802121.7794218,2.0205099052853055
1710802121.7795348,2.110189994176229
1710802121.7796478,2.1977681583828397
1710802121.7797606,2.2825437121921115
1710802121.7798736,2.3652174737718368
1710802121.7799866,2.44508875740899
1710802121.7800996,2.5232084592183432
1710802121.7802124,2.6002772649129233
1710802121.7803254,2.6755944887797036
1710802121.7804384,2.751261923048231
1710802121.7805514,2.8248275650872126
1710802121.7806642,2.8969921006096735
1710802121.7807772,2.9670545789930554
1710802121.7808902,3.0336138937208386
1710802121.7810032,3.096670309702555
1710802121.781116,3.1583253542582193
1710802121.781229,3.217177655961778
1710802121.781342,3.2746291160583496
1710802121.781455,3.3303287294175887
1710802121.7815678,3.3860283427768283
1710802121.7816808,3.4396261639065213
1710802121.7817938,3.492873774634467
1710802121.7819068,3.5436691178215876
1710802121.7820196,3.593063089582655
1710802121.7821326,3.6389541625976562
1710802121.7822456,3.6834438641866045
1710802121.7823586,3.7233795060051813
1710802121.7824714,3.760862880282932
1710802121.7825844,3.795894251929389
1710802121.7826974,3.8288235664367676
1710802121.7828104,3.8596510887145996
1710802121.7829232,3.8901281356811523
1710802121.7830362,3.9192040761311846
1710802121.7831492,3.9461782243516708
1710802121.7832623,3.9721014764573837
1710802121.783375,3.995221985710992
1710802121.783488,4.016240702735053
1710802121.783601,4.034106731414795
1710802121.783714,4.049170282151964
1710802121.7838268,4.062131775750054
1710802121.7839398,4.071940581003825
1710802121.7840528,4.081398910946316
1710802121.7841659,4.088755448659261
1710802121.7842786,4.09541130065918
1710802121.7843916,4.100666046142578
1710802121.7845047,4.10557058122423
1710802121.7846177,4.108022583855523
1710802121.7847304,4.109774165683322
1710802121.7848434,4.108022583855523
1710802121.7849565,4.10381899939643
1710802121.7850695,4.096812672085232
1710802121.7851822,4.088054762946235
1710802121.7852952,4.076844851175944
1710802121.7854083,4.065634939405653
1710802121.7855213,4.053373866611056
1710802121.785634,4.040412373012966
1710802121.785747,4.027100404103597
1710802121.78586,4.01378870010376
1710802121.785973,3.9983749389648438
1710802121.7860858,3.980508910285102
1710802121.7861989,3.9601908789740667
1710802121.7863119,3.9367198944091797
1710802121.7864249,3.910796642303467
1710802121.7865376,3.8838224940829806
1710802121.7866507,3.8554472393459744
1710802121.7867637,3.8256706131829157
1710802121.7868767,3.796594672732883
1710802121.7869895,3.7675187322828503
1710802121.7871025,3.737742371029324
1710802121.7872155,3.7058639526367188
1710802121.7873285,3.6722336875067816
1710802121.7874413,3.635450998942057
1710802121.7875543,3.595515357123481
1710802121.7876673,3.5531274477640786
1710802121.7877803,3.50863774617513
1710802121.787893,3.462046252356635
1710802121.788006,3.415804968939887
1710802121.788119,3.3706145816379123
1710802121.7882318,3.324023087819417
1710802121.7883449,3.277431594000922
1710802121.7884579,3.2287380430433483
1710802121.788571,3.1789935959710016
1710802121.7886837,3.1260964605543347
1710802121.7887967,3.071447743309869
1710802121.7889097,3.0132958624098034
1710802121.7890227,2.9551439815097384
1710802121.7891355,2.894890308380127
1710802121.7892485,2.834286159939236
1710802121.7893615,2.773331801096598
1710802121.7894745,2.7137785487704806
1710802121.7895873,2.6510726081000433
1710802121.7897003,2.5890673531426325
1710802121.7898133,2.524259355333116
1710802121.7899263,2.45664914449056
1710802121.790039,2.387287351820204
1710802121.790152,2.31547302669949
1710802121.790265,2.240856488545736
1710802121.790378,2.164838711420695
1710802121.7904909,2.0891712771521673
1710802121.7906039,2.0124528143141003
1710802121.790717,1.9350336657630072
1710802121.79083,1.8558630678388808
1710802121.7909427,1.7766923374599881
1710802121.7910557,1.695419814851549
1710802121.7911687,1.6120455000135634
1710802121.7912817,1.5276201566060383
1710802121.7913945,1.441793574227227
1710802121.7915075,1.35351472430759
1710802121.7916205,1.264885663986206
1710802121.7917335,1.1748553646935356
1710802121.7918463,1.0844747225443523
1710802121.7919593,0.9933934609095255
1710802121.7920723,0.903012818760342
1710802121.7921853,0.8112308714124892
1710802121.792298,0.7173471318350898
1710802121.792411,0.6241640117433336
1710802121.792524,0.5295795864529079
1710802121.792637,0.433593922191196
1710802121.79275,0.33795860078599715
1710802121.792863,0.24127231703864202
1710802121.792976,0.14493635959095424
1710802121.793089,0.046848836872312755
1710802121.7932017,-0.05122866895463731
1710802121.7933147,-0.14929700228903028
1710802121.7934277,-0.24736533562342325
1710802121.7935407,-0.3457839290301005
1710802121.7936535,-0.44490300946765476
1710802121.7937665,-0.5426210827297634
1710802121.7938795,-0.6399889124764336
1710802121.7939925,-0.7377070188522339
1710802121.7941053,-0.8343744277954102
1710802121.7942183,-0.9324427445729573
1710802121.7943313,-1.0287598768870037
1710802121.7944443,-1.1275286144680448
1710802121.794557,-1.224546300040351
1710802121.79467,-1.3226146168178983
1710802121.794783,-1.4185815387301974
1710802121.7948961,-1.5141981177859836
1710802121.795009,-1.6084137227800157
1710802121.795122,-1.7005279329087999
1710802121.795235,-1.791591379377577
1710802121.795348,-1.882654825846354
1710802121.7954607,-1.9723174307081435
1710802121.7955737,-2.061629560258653
1710802121.7956867,-2.1502414014604354
1710802121.7957997,-2.2395536634657116
1710802121.7959125,-2.3264140552944608
1710802121.7960255,-2.4118736055162215
1710802121.7961385,-2.496282524532742
1710802121.7962515,-2.5778892305162215
1710802121.7963643,-2.656344042883979
1710802121.7964773,-2.733047538333469
1710802121.7965903,-2.809751033782959
1710802121.7967033,-2.8833021057976618
1710802121.796816,-2.9561530219184027
1710802121.7969291,-3.0279530419243708
1710802121.7970421,-3.0990526411268444
1710802121.7971551,-3.1684009234110513
1710802121.797268,-3.235647678375244
1710802121.797381,-3.3000924852159286
1710802121.797494,-3.3631364504496255
1710802121.797607,-3.4226780467563205
1710802121.7977197,-3.4794176949395075
1710802121.7978327,-3.535456657409668
1710802121.7979457,-3.5883434613545733
1710802121.7980587,-3.6408800548977323
1710802121.7981715,-3.69236601723565
1710802121.7982845,-3.7424508730570474
1710802121.7983975,-3.791134887271457
1710802121.7985106,-3.8387680053710938
1710802121.7986233,-3.884650071461995
1710802121.7987363,-3.927029503716363
1710802121.7988493,-3.9673076735602484
1710802121.7989624,-4.004083209567599
1710802121.7990751,-4.039457903967963
1710802121.7991881,-4.071329964531793
1710802121.7993011,-4.10250186920166
1710802121.7994142,-4.131571981641981
1710802121.799527,-4.159591462877062
1710802121.79964,-4.18550968170166
1710802121.799753,-4.210727214813232
1710802121.799866,-4.2341934310065374
1710802121.7999787,-4.255208174387614
1710802121.8000917,-4.272370073530409
1710802121.8002048,-4.28778092066447
1710802121.8003178,-4.299689133961995
1710802121.8004305,-4.30949608484904
1710802121.8005435,-4.316851033104791
1710802121.8006566,-4.322454929351807
1710802121.8007696,-4.326657983991835
1710802121.8008823,-4.33121124903361
1710802121.8009953,-4.334013197157118
1710802121.8011084,-4.334713617960612
1710802121.8012214,-4.335414038764106
1710802121.8013341,-4.332612090640597
1710802121.8014472,-4.327008194393581
1710802121.8015602,-4.3179019292195635
1710802121.8016732,-4.306694136725532
1710802121.801786,-4.293735027313232
1710802121.801899,-4.2790248658921985
1710802121.802012,-4.262913597954644
1710802121.802125,-4.246452119615343
1710802121.8022377,-4.2306910620795355
1710802121.8023508,-4.213178952534993
1710802121.8024638,-4.194265736473931
1710802121.8025768,-4.173601203494601
1710802121.8026896,-4.150485197703044
1710802121.8028026,-4.1242170333862305
1710802121.8029156,-4.096547497643365
1710802121.8030286,-4.065025647481282
1710802121.8031414,-4.033153322007921
1710802121.8032544,-3.9995299445258246
1710802121.8033674,-3.9666069878472223
1710802121.8034804,-3.9329836103651257
1710802121.8035932,-3.8983096016777887
1710802121.8037062,-3.863285117679172
1710802121.8038192,-3.8247582647535534
1710802121.8039322,-3.7841298845079208
1710802121.804045,-3.7403493457370334
1710802121.804158,-3.6930664380391436
1710802121.804271,-3.6436820030212402
1710802121.804384,-3.5925465159946017
1710802121.8044968,-3.54036013285319
1710802121.8046098,-3.487122853597005
1710802121.8047228,-3.4349364704555936
1710802121.8048358,-3.381699456108941
1710802121.8049486,-3.3274115456475153
1710802121.8050616,-3.2703219519721136
1710802121.8051746,-3.212181462181939
1710802121.8052876,-3.15053833855523
1710802121.8054004,-3.087494373321533
1710802121.8055134,-3.0219989352756076
1710802121.8056264,-2.9547519154018826
1710802121.8057394,-2.886804739634196
1710802121.8058522,-2.817806667751736
1710802121.8059652,-2.7491588062710233
1710802121.8060782,-2.679460048675537
1710802121.8061912,-2.6087109247843423
1710802121.806304,-2.5351595878601074
1710802121.806417,-2.4609078301323786
1710802121.80653,-2.3828034930759006
1710802121.806643,-2.3039984703063965
1710802121.8067558,-2.2220414214664035
1710802121.8068688,-2.1393838193681503
1710802121.8069818,-2.0553252432081432
1710802121.8070948,-1.9712666670481362
1710802121.8072076,-1.8865075376298692
1710802121.8073206,-1.8006977770063612
1710802121.8074336,-1.713136699464586
1710802121.8075466,-1.625925964779324
1710802121.8076594,-1.5362634923723009
1710802121.8077724,-1.4452000459035237
1710802121.8078854,-1.3520350721147325
1710802121.8079984,-1.2574692567189534
1710802121.8081112,-1.1625530984666612
1710802121.8082242,-1.067286729812622
1710802121.8083372,-0.9695686234368218
1710802121.8084502,-0.8707997534010146
1710802121.808563,-0.7723812262217203
1710802121.808676,-0.6729118691550361
1710802121.808789,-0.5720416042539809
1710802121.808902,-0.4715215497546726
1710802121.8090148,-0.3706512517399258
1710802121.8091278,-0.2697809702820248
1710802121.8092408,-0.16821018523640102
1710802121.8093538,-0.06558867378367318
1710802121.8094666,0.036339457664224833
1710802121.8095796,0.1379301067855623
1710802121.8096926,0.23952075176768833
1710802121.8098056,0.3432132800420125
1710802121.8099184,0.44410331381691825
1710802121.8100314,0.5470952060487535
1710802121.8101444,0.6469343105951945
1710802121.8102574,0.7471236917707655
1710802121.8103702,0.8462621768315632
1710802121.8104832,0.9436490800645616
1710802121.8105962,1.0406856404410467
1710802121.8107092,1.1370216475592718
1710802121.810822,1.234408484564887
1710802121.810935,1.3317954540252686
1710802121.811048,1.4277810520595975
1710802121.811161,1.5237666500939262
1710802121.8112738,1.6197523805830214
1710802121.8113868,1.7136361863878038
1710802121.8114998,1.8043670389387343
1710802121.8116128,1.8943974706861708
1710802121.8117256,1.9826761881510415
1710802121.8118386,2.068853113386366
1710802121.8119516,2.1550300386216903
1710802121.8120646,2.2405062781439886
1710802121.8121774,2.3256323072645397
1710802121.8122904,2.410057650672065
1710802121.8124034,2.493431833055284
1710802121.8125165,2.5747044881184897
1710802121.8126292,2.65317440032959
1710802121.8127422,2.7298929956224227
1710802121.8128552,2.803108162350125
1710802121.8129683,2.873521116044786
1710802121.813081,2.941832012600369
1710802121.813194,3.008391327328152
1710802121.813307,3.073549535539415
1710802121.81342,3.138007058037652
1710802121.8135328,3.200362788306342
1710802121.8136458,3.261667357550727
1710802121.8137589,3.3212206098768444
1710802121.8138719,3.37762090894911
1710802121.8139846,3.431218730078803
1710802121.8140976,3.4823642836676703
1710802121.8142107,3.530006938510471
1710802121.8143237,3.5755475362141924
1710802121.8144364,3.618986341688368
1710802121.8145494,3.66137425104777
1710802121.8146625,3.7030612097846136
1710802121.8147755,3.742646641201443
1710802121.8148882,3.781881597306993
1710802121.8150012,3.8176136546664767
1710802121.8151143,3.853345447116428
1710802121.8152273,3.884873655107286
1710802121.81534,3.9146500163608127
1710802121.815453,3.9412739541795516
1710802121.815566,3.964744938744439
1710802121.815679,3.9864640765719943
1710802121.8157918,4.006431897481282
1710802121.8159049,4.02499861187405
1710802121.8160179,4.042514165242513
1710802121.8161309,4.0589788224962025
1710802121.8162436,4.074743058946398
1710802121.8163567,4.087704552544488
1710802121.8164697,4.099965360429552
1710802121.8165827,4.109423955281575
1710802121.8166955,4.116079807281494
1710802121.8168085,4.119582970937093
1710802121.8169215,4.120984342363146
1710802121.8170345,4.119582970937093
1710802121.8171473,4.117481178707546
1710802121.8172603,4.1125766436258955
1710802121.8173733,4.109073479970296
1710802121.8174863,4.10381899939643
1710802121.817599,4.0978635682000055
1710802121.817712,4.090156820085314
1710802121.817825,4.079997539520264
1710802121.817938,4.0677367316351996
1710802121.8180509,4.051972760094537
1710802121.8181639,4.033055835300021
1710802121.818277,4.0134382247924805
1710802121.81839,3.9910184012518988
1710802121.8185027,3.9678976270887585
1710802121.8186157,3.9454775386386447
1710802121.8187287,3.922357029385037
1710802121.8188417,3.8988860448201494
1710802121.8189545,3.8750648498535156
1710802121.8190675,3.8491415977478027
1710802121.8191805,3.8218172391255694
1710802121.8192935,3.7913401921590166
1710802121.8194063,3.7587610880533853
1710802121.8195193,3.723729716406928
1710802121.8196323,3.687297238243951
1710802121.8197453,3.6498138639662
1710802121.819858,3.6123304896884494
1710802121.819971,3.5741461647881403
1710802121.820084,3.5366627905103893
1710802121.820197,3.4974278344048395
1710802121.8203099,3.45644129647149
1710802121.820423,3.4126522805955672
1710802121.820536,3.36606052186754
1710802121.820649,3.315615653991699
1710802121.8207617,3.2627185185750323
1710802121.8208747,3.2087702221340604
1710802121.8209877,3.1527201334635415
1710802121.8211007,3.0970205201043024
1710802121.8212135,3.0409704314337835
1710802121.8213265,2.983869446648492
1710802121.8214395,2.9267687267727323
1710802121.8215525,2.8675656848483615
1710802121.8216653,2.8066113260057235
1710802121.8217783,2.7439053853352866
1710802121.8218913,2.6773460706075034
1710802121.8220043,2.6090351740519204
1710802121.822117,2.5389726956685386
1710802121.82223,2.4682095315721297
1710802121.822343,2.395694785647922
1710802121.8224561,2.3245814111497665
1710802121.822569,2.2517161899142795
1710802121.822682,2.1778003374735513
1710802121.822795,2.1031836668650308
1710802121.822908,2.026815546883477
1710802121.8230207,1.9472946061028373
1710802121.8231337,1.865671740637885
1710802121.8232467,1.7822974257998996
1710802121.8233597,1.6975217395358615
1710802121.8234725,1.6120455000135634
1710802121.8235855,1.5272698137495253
1710802121.8236985,1.4396916495429144
1710802121.8238115,1.3521134853363037
1710802121.8239243,1.264885663986206
1710802121.8240373,1.1755560504065619
1710802121.8241503,1.0844747225443523
1710802121.8242633,0.9930431180530124
1710802121.824376,0.9002102745903863
1710802121.824489,0.8059761921564738
1710802121.8246021,0.7103408707512749
1710802121.8247151,0.6150558259752061
1710802121.824828,0.5176689558558993
1710802121.824941,0.4195814331372579
1710802121.825054,0.32219452990425956
1710802121.825167,0.22270575165748596
1710802121.8252797,0.12356729143195681
1710802121.8253927,0.02372820344236162
1710802121.8255057,-0.07609599166446261
1710802121.8256187,-0.17696628967920938
1710802121.8257315,-0.27748632762167186
1710802121.8258445,-0.37765612204869586
1710802121.8259575,-0.47747568951712716
1710802121.8260705,-0.5790464745627509
1710802121.8261833,-0.6799167394638062
1710802121.8262963,-0.7804367939631144
1710802121.8264093,-0.8813071250915527
1710802121.8265224,-0.981827179590861
1710802121.8266351,-1.080946193801032
1710802121.8267481,-1.1797149976094563
1710802121.8268611,-1.2763824727800157
1710802121.8269742,-1.3726994726392958
1710802121.827087,-1.467615630891588
1710802121.8272,-1.5618313683403862
1710802121.827313,-1.6560469733344183
1710802121.827426,-1.7506129211849637
1710802121.8275387,-1.8444783157772489
1710802121.8276517,-1.9376431571112738
1710802121.8277647,-2.030808130900065
1710802121.8278778,-2.1222217877705893
1710802121.8279905,-2.211534049775865
1710802121.8281035,-2.2994452052646213
1710802121.8282166,-2.3849047554863825
1710802121.8283296,-2.4686132536994085
1710802121.8284423,-2.5512708557976618
1710802121.8285553,-2.6328775617811413
1710802121.8286684,-2.71378411187066
1710802121.8287814,-2.7946903970506454
1710802121.8288941,-2.8738456302218967
1710802121.8290071,-2.9512495464748807
1710802121.8291202,-3.0269021458095975
1710802121.8292332,-3.1001032723320856
1710802121.829346,-3.1708526611328125
1710802121.829459,-3.238799836900499
1710802121.829572,-3.30394532945421
1710802121.8296847,-3.366288873884413
1710802121.8297977,-3.4282819430033364
1710802121.8299108,-3.4892243809170194
1710802121.8300238,-3.549466398027208
1710802121.8301365,-3.606206046210395
1710802121.8302495,-3.6632956398857965
1710802121.8303626,-3.716532919141981
1710802121.8304756,-3.7683688269721136
1710802121.8305883,-3.81740305158827
1710802121.8307014,-3.861884011162652
1710802121.8308144,-3.9042637083265515
1710802121.8309274,-3.9452422989739313
1710802121.8310401,-3.9837691518995495
1710802121.8311532,-4.01949405670166
1710802121.8312662,-4.055218696594238
1710802121.8313792,-4.089892970191108
1710802121.831492,-4.12281592686971
1710802121.831605,-4.1532871458265515
1710802121.831718,-4.182357523176405
1710802121.831831,-4.208625687493218
1710802121.8319438,-4.2327925893995495
1710802121.8320568,-4.253456857469347
1710802121.8321698,-4.271319442325168
1710802121.8322828,-4.28778092066447
1710802121.8323956,-4.302140871683757
1710802121.8325086,-4.315450191497803
1710802121.8326216,-4.326657983991835
1710802121.8327346,-4.33751556608412
1710802121.8328474,-4.347322252061632
1710802121.8329604,-4.354327254825168
1710802121.8330734,-4.360281361473931
1710802121.8331864,-4.363083309597439
1710802121.8332992,-4.362733099195692
1710802121.8334122,-4.3599311510721845
1710802121.8335252,-4.352926148308648
1710802121.8336382,-4.346271620856391
1710802121.833751,-4.336464934878879
1710802121.833864,-4.326657983991835
1710802121.833977,-4.3158004018995495
1710802121.83409,-4.305293030209011
1710802121.8342028,-4.292684396107991
1710802121.8343158,-4.278674655490451
1710802121.8344288,-4.26221317715115
1710802121.8345418,-4.242249064975314
1710802121.8346546,-4.220533900790744
1710802121.8347676,-4.194966157277425
1710802121.8348806,-4.167647096845839
1710802121.8349936,-4.139277405209011
1710802121.8351064,-4.110207027859158
1710802121.8352194,-4.08078670501709
1710802121.8353324,-4.050315486060248
1710802121.8354454,-4.01949405670166
1710802121.8355582,-3.9876217312282987
1710802121.8356712,-3.952247036827935
1710802121.8357842,-3.9151212904188366
1710802121.8358972,-3.874843120574951
1710802121.83601,-3.8321134779188366
1710802121.836123,-3.7876322534349227
1710802121.836236,-3.7417504522535534
1710802121.836349,-3.695167965359158
1710802121.8364618,-3.6489356888665094
1710802121.8365748,-3.603404098086887
1710802121.8366878,-3.555770715077718
1710802121.8368008,-3.5070869657728405
1710802121.8369136,-3.4563014242384167
1710802121.8370266,-3.40236398908827
1710802121.8371396,-3.3459745513068304
1710802121.8372526,-3.2874838511149087
1710802121.8373654,-3.226191202799479
1710802121.8374784,-3.1634974479675293
1710802121.8375914,-3.1001032723320856
1710802121.8377044,-3.0360086758931475
1710802121.8378172,-2.9715636041429305
1710802121.8379302,-2.906768586900499
1710802121.8380432,-2.839521567026774
1710802121.8381562,-2.7698230743408203
1710802121.838269,-2.698723475138346
1710802121.838382,-2.6244717174106174
1710802121.838495,-2.5488191180759006
1710802121.838608,-2.4700140953063965
1710802121.8387208,-2.3905086517333984
1710802121.8388338,-2.3099525769551597
1710802121.8389468,-2.2290462917751737
1710802121.8390598,-2.1477896637386746
1710802121.8391726,-2.0647818512386746
1710802121.8392856,-1.9803729322221544
1710802121.8393986,-1.8956139352586534
1710802121.8395116,-1.8084032005733914
1710802121.8396244,-1.7201417022281222
1710802121.8397374,-1.629778676562839
1710802121.8398504,-1.5380146768358018
1710802121.8399634,-1.4466010199652777
1710802121.8400762,-1.3534360461764865
1710802121.8401892,-1.2609716256459553
1710802121.8403022,-1.1660554673936632
1710802121.8404152,-1.071489651997884
1710802121.840528,-0.9765734937455919
1710802121.840641,-0.8806066380606757
1710802121.840754,-0.7839392291174995
1710802121.840867,-0.6872718864017062
1710802121.8409798,-0.589553780025906
1710802121.8410928,-0.4911352197329203
1710802121.8412058,-0.39166589577992755
1710802121.8413188,-0.2921965718269348
1710802121.8414316,-0.1920267773999108
1710802121.8415446,-0.09080624414814843
1710802121.8416576,0.009715700935986307
1710802121.8417706,0.11095604134930505
1710802121.8418834,0.2121963765886095
1710802121.8419964,0.3130864103635152
1710802121.8421094,0.4132757915390862
1710802121.8422225,0.5131148960855272
1710802121.8423352,0.6122533480326334
1710802121.8424482,0.7110414902369181
1710802121.8425612,0.8101799752977159
1710802121.8426743,0.9089681175020006
1710802121.842787,1.0081066025627983
1710802121.8429,1.106894744767083
1710802121.843013,1.2042816480000813
1710802121.843126,1.3023691707187228
1710802121.8432388,1.3973038726382785
1710802121.8433518,1.4911876784430609
1710802121.8434649,1.5826192167070177
1710802121.8435779,1.672649515999688
1710802121.8436906,1.7616289191775851
1710802121.8438036,1.849557426240709
1710802121.8439167,1.938186486562093
1710802121.8440297,2.025764650768704
1710802121.8441424,2.1119415760040283
1710802121.8442554,2.1977681583828397
1710802121.8443685,2.2818430264790854
1710802121.8444815,2.3627654711405435
1710802121.8445942,2.441585593753391
1710802121.8447073,2.5176035033331976
1710802121.8448203,2.592220041486952
1710802121.8449333,2.6636838912963867
1710802121.845046,2.735848161909315
1710802121.845159,2.8066113260057235
1710802121.845272,2.876673804389106
1710802121.845385,2.9446344905429416
1710802121.8454978,3.0136460728115506
1710802121.8456109,3.0788042810228133
1710802121.8457239,3.1408095359802246
1710802121.8458369,3.201763894822862
1710802121.8459496,3.2581644588046603
1710802121.8460627,3.31351359685262
1710802121.8461757,3.36606052186754
1710802121.8462887,3.4168558650546603
1710802121.8464015,3.4669505225287542
1710802121.8465145,3.515644073486328
1710802121.8466275,3.5632867283291287
1710802121.8467405,3.6095277468363443
1710802121.8468533,3.6536672380235458
1710802121.8469663,3.6946537759568954
1710802121.8470793,3.7328378359476724
1710802121.8471923,3.768920103708903
1710802121.847305,3.800798522101508
1710802121.847418,3.830575148264567
1710802121.847531,3.858249717288547
1710802121.847644,3.8838224940829806
1710802121.8477569,3.909045060475667
1710802121.8478699,3.931815359327528
1710802121.847983,3.9542354477776422
1710802121.848096,3.9749039543999567
1710802121.8482087,3.993470403883192
1710802121.8483217,4.010285536448161
1710802121.8484347,4.024297926161024
1710802121.8485477,4.0369092093573675
1710802121.8486605,4.046367539299859
1710802121.8487735,4.053724341922336
1710802121.8488865,4.0589788224962025
1710802121.8489995,4.06458404329088
1710802121.8491123,4.068787627749972
1710802121.8492253,4.071940581003825
1710802121.8493383,4.074743058946398
1710802121.8494513,4.076144165462917
1710802121.849564,4.075793955061171
1710802121.849677,4.073341687520345
1710802121.84979,4.0677367316351996
1710802121.849903,4.0589788224962025
1710802121.8500159,4.049520492553711
1710802121.850129,4.036558998955621
1710802121.850242,4.023247030046251
1710802121.850355,4.008183479309082
1710802121.8504677,3.9945212999979653
1710802121.8505807,3.978056642744276
1710802121.8506937,3.9629933569166393
1710802121.8508067,3.9451273282368975
1710802121.8509195,3.926560878753662
1710802121.8510325,3.9037903149922686
1710802121.8511455,3.8799691200256348
1710802121.8512585,3.8512436548868814
1710802121.8513713,3.8214670287238226
1710802121.8514843,3.7909897168477373
1710802121.8515973,3.7587610880533853
1710802121.8517103,3.727583090464274
1710802121.851823,3.6950042512681747
1710802121.851936,3.66277535756429
1710802121.852049,3.6291453573438854
1710802121.8521621,3.5934135648939343
1710802121.852275,3.554879029591878
1710802121.852388,3.5135422812567816
1710802121.852501,3.4704536861843533
1710802121.852614,3.423862192365858
1710802121.8527267,3.3772706985473633
1710802121.8528397,3.3292778333028155
1710802121.8529527,3.281284968058268
1710802121.8530657,3.234342998928494
1710802121.8531785,3.1867006089952254
1710802121.8532915,3.1369561619228787
1710802121.8534045,3.0861608187357583
1710802121.8535175,3.0322127872043185
1710802121.8536303,2.9754620128207736
1710802121.8537433,2.916609446207682
1710802121.8538563,2.8546041912502713
1710802121.8539693,2.79259893629286
1710802121.854082,2.72884209950765
1710802121.854195,2.6657856835259333
1710802121.8543081,2.601328161027696
1710802121.8544211,2.537221113840739
1710802121.854534,2.471012009514703
1710802121.854647,2.403401533762614
1710802121.85476,2.3329888449774847
1710802121.854873,2.26012388865153
1710802121.8549857,2.1848065323299832
1710802121.8550987,2.108438412348429
1710802121.8552117,2.0292678144243026
1710802121.8553247,1.94939653078715
1710802121.8554375,1.8695252471499972
1710802121.8555505,1.787902381685045
1710802121.8556635,1.7066298590766058
1710802121.8557765,1.622554858525594
1710802121.8558893,1.5391804112328422
1710802121.8560023,1.453003618452284
1710802121.8561153,1.3661260075039334
1710802121.8562284,1.2764460510677762
1710802121.8563411,1.1853647232055664
1710802121.8564541,1.0939331849416096
1710802121.8565671,1.0011003414789836
1710802121.8566802,0.9082674980163574
1710802121.856793,0.8147340350680881
1710802121.856906,0.7201496097776625
1710802121.857019,0.6266161468293932
1710802121.857132,0.5313311351670159
1710802121.8572447,0.4342945416768392
1710802121.8573577,0.33865922027164036
1710802121.8574708,0.24127231703864202
1710802121.8575838,0.14458604984813267
1710802121.8576965,0.04649852299027973
1710802121.8578095,-0.05122866895463731
1710802121.8579226,-0.14999748931990728
1710802121.8580356,-0.24946681327290005
1710802121.8581483,-0.34823563363817
1710802121.8582613,-0.4480552011066013
1710802121.8583744,-0.547874735461341
1710802121.8584874,-0.6473440594143337
1710802121.8586001,-0.7468133502536349
1710802121.8587132,-0.8466329177220662
1710802121.8588262,-0.9450515111287434
1710802121.8589392,-1.0431198279062908
1710802121.859052,-1.141188144683838
1710802121.859165,-1.2399570147196453
1710802121.859278,-1.3380253314971924
1710802121.859391,-1.4378449651930068
1710802121.8595037,-1.5359132819705539
1710802121.8596168,-1.632580624686347
1710802121.8597298,-1.7285475465986464
1710802121.8598428,-1.8224129411909316
1710802121.8599555,-1.9148773617214627
1710802121.8600686,-2.0062910185919867
1710802121.8601816,-2.095603280597263
1710802121.8602946,-2.183864778942532
1710802121.8604074,-2.2724766201443143
1710802121.8605204,-2.35968722237481
1710802121.8606334,-2.4472482999165854
1710802121.8607464,-2.5330580605400934
1710802121.8608592,-2.61781718995836
1710802121.8609722,-2.6994241608513727
1710802121.8610852,-2.7803304460313583
1710802121.8611982,-2.8580845726860895
1710802121.861311,-2.9337374369303384
1710802121.861424,-3.0062378777398004
1710802121.861537,-3.079088528951009
1710802121.86165,-3.149487707349989
1710802121.8617628,-3.21953641043769
1710802121.8618758,-3.287834061516656
1710802121.8619888,-3.3554312917921276
1710802121.8621018,-3.4209267298380532
1710802121.8622146,-3.484671115875244
1710802121.8623276,-3.5449131329854326
1710802121.8624406,-3.6027034123738604
1710802121.8625536,-3.6580419540405273
1710802121.8626664,-3.709878126780192
1710802121.8627794,-3.761013878716363
1710802121.8628924,-3.8096976280212402
1710802121.8630054,-3.85838164223565
1710802121.8631182,-3.9053143395317926
1710802121.8632312,-3.950495719909668
1710802121.8633442,-3.9942762586805554
1710802121.8634572,-4.036655955844455
1710802121.86357,-4.076583650377062
1710802121.863683,-4.113008975982666
1710802121.863796,-4.145931932661268
1710802121.863909,-4.17640315161811
1710802121.8640218,-4.20477310816447
1710802121.8641348,-4.230340851677789
1710802121.8642478,-4.254157543182373
1710802121.8643608,-4.275522232055664
1710802121.8644736,-4.29653697543674
1710802121.8645866,-4.315450191497803
1710802121.8646996,-4.332612090640597
1710802121.8648126,-4.3469720416598845
1710802121.8649254,-4.3599311510721845
1710802121.8650384,-4.3690374162462025
1710802121.8651514,-4.376042419009738
1710802121.8652644,-4.380245208740234
1710802121.8653772,-4.382346736060248
1710802121.8654902,-4.381996525658502
1710802121.8656032,-4.38094589445326
1710802121.8657162,-4.379894998338488
1710802121.865829,-4.377793735928005
1710802121.865942,-4.3753419982062445
1710802121.866055,-4.370438522762722
1710802121.866168,-4.363783730400933
1710802121.8662808,-4.353977044423421
1710802121.8663938,-4.3420688311258955
1710802121.8665068,-4.325957563188341
1710802121.8666198,-4.3080949783325195
1710802121.8667326,-4.288481341467963
1710802121.8668456,-4.26711638768514
1710802121.8669586,-4.245751698811849
1710802121.8670716,-4.224386745029025
1710802121.8671844,-4.201270474327935
1710802121.8672974,-4.178154468536377
1710802121.8674104,-4.152586725023058
1710802121.8675234,-4.123516347673204
1710802121.8676362,-4.0923447079128685
1710802121.8677492,-4.058721330430773
1710802121.8678622,-4.022296004825168
1710802121.8679752,-3.98341867658827
1710802121.868088,-3.944541613260905
1710802121.868201,-3.9039134979248047
1710802121.868314,-3.863985538482666
1710802121.868427,-3.8223065270317926
1710802121.8685398,-3.781327936384413
1710802121.8686528,-3.737197187211778
1710802121.8687658,-3.6909649107191296
1710802121.8688788,-3.641230265299479
1710802121.8689916,-3.5890438821580672
1710802121.8691046,-3.533355130089654
1710802121.8692176,-3.476615746815999
1710802121.8693306,-3.4181247817145453
1710802121.8694434,-3.3589336607191296
1710802121.8695564,-3.301143381330702
1710802121.8696694,-3.24125157462226
1710802121.8697824,-3.1817102432250977
1710802121.8698952,-3.1193666987948947
1710802121.8700082,-3.055622312757704
1710802121.8701212,-2.9890759785970054
1710802121.8702343,-2.921128537919786
1710802121.870347,-2.8486280971103244
1710802121.87046,-2.7754269705878363
1710802121.870573,-2.7011752128601074
1710802121.870686,-2.6272736655341253
1710802121.8707988,-2.5509206453959146
1710802121.8709118,-2.4759682019551597
1710802121.8710248,-2.3985642857021756
1710802121.8711376,-2.320109738243951
1710802121.8712506,-2.2388529777526855
1710802121.8713636,-2.155845297707452
1710802121.8714767,-2.0700354046291776
1710802121.8715894,-1.9831748803456624
1710802121.8717024,-1.8949133820003934
1710802121.8718154,-1.8045504887898762
1710802121.8719285,-1.713487042321099
1710802121.8720412,-1.6231240166558158
1710802121.8721542,-1.5306595961252847
1710802121.8722672,-1.4374946223364935
1710802121.8723803,-1.3436292277442083
1710802121.872493,-1.2487130694919162
1710802121.872606,-1.152396069632636
1710802121.872719,-1.055028173658583
1710802121.872832,-0.9566095802519057
1710802121.8729448,-0.8574904998143513
1710802121.8730578,-0.7576709323459201
1710802121.8731709,-0.6571508778466119
1710802121.8732839,-0.5559303363164266
1710802121.8733966,-0.45506007141537136
1710802121.8735096,-0.3520883123079936
1710802121.8736227,-0.24911656975746155
1710802121.8737357,-0.14649505416552225
1710802121.8738484,-0.04457402974367142
1710802121.8739614,0.057708525823222265
1710802121.8740745,0.15964948468738133
1710802121.8741875,0.26053951846228707
1710802121.8743002,0.36213017172283596
1710802121.8744133,0.46372082498338485
1710802121.8745263,0.5649611685011122
1710802121.8746393,0.6665517886479696
1710802121.874752,0.76814247502221
1710802121.874865,0.8686821990542941
1710802121.874978,0.9681709607442219
1710802121.875091,1.0669591029485066
1710802121.8752038,1.1636453204684787
1710802121.8753169,1.260331604215834
1710802121.8754299,1.3552663061353896
1710802121.8755429,1.448799769083659
1710802121.8756557,1.544785499572754
1710802121.8757687,1.6390195157792833
1710802121.8758817,1.733604007297092
1710802121.8759947,1.8274876806471083
1710802121.8761075,1.9206709331936307
1710802121.8762205,2.011401785744561
1710802121.8763335,2.099680635664198
1710802121.8764465,2.1851568751864963
1710802121.8765593,2.269232008192274
1710802121.8766723,2.3505043983459473
1710802121.8767853,2.4303756819831
1710802121.8768983,2.509896755218506
1710802121.877011,2.58766598171658
1710802121.877124,2.66473478741116
1710802121.877237,2.7411029073927136
1710802121.87735,2.8150190247429743
1710802121.8774629,2.886833084954156
1710802121.8775759,2.9551439815097384
1710802121.877689,3.0213530858357744
1710802121.877802,3.0847597122192383
1710802121.8779147,3.1446631749471026
1710802121.8780277,3.202815055847168
1710802121.8781407,3.2595655653211804
1710802121.8782537,3.3166665501064725
1710802121.8783665,3.3713152673509383
1710802121.8784795,3.425613774193658
1710802121.8785925,3.4771098030938044
1710802121.8787055,3.526853985256619
1710802121.8788183,3.573095268673367
1710802121.8789313,3.6168845494588213
1710802121.8790443,3.657871087392171
1710802121.8791573,3.696405357784695
1710802121.87927,3.7321371502346463
1710802121.879383,3.7661176257663302
1710802121.879496,3.799397415584988
1710802121.879609,3.83162604437934
1710802121.8797219,3.8631542523701983
1710802121.879835,3.891529507107205
1710802121.879948,3.918853865729438
1710802121.880061,3.9444266425238714
1710802121.8801737,3.9675474166870117
1710802121.8802867,3.987865447998047
1710802121.8803997,4.004330105251736
1710802121.8805127,4.019743866390652
1710802121.8806255,4.031654463873969
1710802121.8807385,4.042864640553792
1710802121.8808515,4.05302365620931
1710802121.8809645,4.061781300438775
1710802121.8810773,4.069488313462999
1710802121.8811903,4.076844851175944
1710802121.8813033,4.0824498070610895
1710802121.8814163,4.085252285003662
1710802121.881529,4.085602760314941
1710802121.881642,4.083851178487142
1710802121.881755,4.07894664340549
1710802121.8818681,4.071590105692546
1710802121.881981,4.062131775750054
1710802121.882094,4.0523229704962835
1710802121.882207,4.042514165242513
1710802121.88232,4.030603567759196
1710802121.8824327,4.019743866390652
1710802121.8825457,4.006431897481282
1710802121.8826587,3.9931201934814453
1710802121.8827717,3.976655536227756
1710802121.8828845,3.958088821834988
1710802121.8829975,3.9367198944091797
1710802121.8831105,3.9132489098442926
1710802121.8832235,3.888026343451606
1710802121.8833363,3.862453566657172
1710802121.8834493,3.8368807898627386
1710802121.8835623,3.8102568520439997
1710802121.8836753,3.784684075249566
1710802121.883788,3.7573597166273327
1710802121.8839011,3.7296851476033526
1710802121.8840141,3.6985071500142412
1710802121.8841271,3.6648771497938366
1710802121.88424,3.628094461229112
1710802121.884353,3.5899104012383356
1710802121.884466,3.5485733879937067
1710802121.884579,3.506535953945584
1710802121.8846917,3.462746938069661
1710802121.8848047,3.4210597144232855
1710802121.8849177,3.376920223236084
1710802121.8850307,3.3334814177619085
1710802121.8851435,3.2879408200581866
1710802121.8852565,3.2402984301249185
1710802121.8853695,3.1898532973395453
1710802121.8854825,3.1369561619228787
1710802121.8855953,3.081256548563639
1710802121.8857083,3.023104667663574
1710802121.8858213,2.9642521010504828
1710802121.8859344,2.9053995344373913
1710802121.8860471,2.84514586130778
1710802121.8861601,2.7855926089816623
1710802121.8862731,2.725338935852051
1710802121.8863862,2.664384577009413
1710802121.886499,2.60062747531467
1710802121.886612,2.53511905670166
1710802121.886725,2.4668081601460776
1710802121.886838,2.397095892164442
1710802121.8869507,2.3245814111497665
1710802121.8870637,2.2517161899142795
1710802121.8871768,2.1774499946170383
1710802121.8872898,2.103534009721544
1710802121.8874025,2.0292678144243026
1710802121.8875155,1.9539505905575223
1710802121.8876286,1.876531442006429
1710802121.8877416,1.799112425910102
1710802121.8878543,1.718890799416436
1710802121.8879673,1.6365673806932237
1710802121.8880804,1.553192933400472
1710802121.8881934,1.4666657977634006
1710802121.8883061,1.3804888725280762
1710802121.8884192,1.2932610511779785
1710802121.8885322,1.2053325441148546
1710802121.8886452,1.1160027980804443
1710802121.888758,1.0270234611299303
1710802121.888871,0.9359421994951036
1710802121.888984,0.8455615573459201
1710802121.889097,0.7523783710267808
1710802121.8892097,0.6588449080785116
1710802121.8893228,0.5646108256445991
1710802121.8894358,0.4696761237250434
1710802121.8895488,0.37404080231984455
1710802121.8896616,0.2780551380581326
1710802121.8897746,0.1813688708676232
1710802121.8898876,0.08433228565586938
1710802121.8900006,-0.01375255174934864
1710802121.8901134,-0.11147064467271169
1710802121.8902264,-0.20918874277008903
1710802121.8903394,-0.3076073196199205
1710802121.8904524,-0.40532542599572075
1710802121.8905652,-0.5037439862887064
1710802121.8906782,-0.6000610854890611
1710802121.8907912,-0.6974289814631144
1710802121.8909042,-0.7951470878389146
1710802121.891017,-0.8932154046164619
1710802121.89113,-0.989882747332255
1710802121.891243,-1.0886516173680623
1710802121.891356,-1.1842682626512315
1710802121.8914688,-1.2816360261705186
1710802121.8915818,-1.3762019740210638
1710802121.8916948,-1.470417579015096
1710802121.8918078,-1.5621815787421331
1710802121.8919206,-1.6539454460144043
1710802121.8920336,-1.7453592353396945
1710802121.8921466,-1.8350217077467177
1710802121.8922596,-1.9257349438137479
1710802121.8923724,-2.016448179880778
1710802121.8924854,-2.107511626349555
1710802121.8925984,-2.196123335096571
1710802121.8927114,-2.285085254245334
1710802121.8928242,-2.3715957005818686
1710802121.8929372,-2.456004354688856
1710802121.8930502,-2.539012167188856
1710802121.8931632,-2.6199187172783747
1710802121.893276,-2.6997743712531195
1710802121.893389,-2.7771782875061035
1710802121.893502,-2.8549324141608343
1710802121.893615,-2.9323363304138184
1710802121.8937278,-3.006938298543294
1710802121.8938408,-3.080839845869276
1710802121.8939538,-3.152639865875244
1710802121.8940668,-3.221988148159451
1710802121.8941796,-3.287834061516656
1710802121.8942926,-3.3519286579555936
1710802121.8944056,-3.412871095869276
1710802121.8945186,-3.471011850568983
1710802121.8946314,-3.5288018650478787
1710802121.8947444,-3.584140671624078
1710802121.8948574,-3.6380781067742243
1710802121.8949704,-3.691315121120877
1710802121.8950832,-3.7424508730570474
1710802121.8951962,-3.791835308074951
1710802121.8953092,-3.8391182157728405
1710802121.8954222,-3.883949385748969
1710802121.895535,-3.926329082912869
1710802121.895648,-3.9652061462402344
1710802121.895761,-4.001981682247585
1710802121.895874,-4.036305745442708
1710802121.8959868,-4.069929122924805
1710802121.8960998,-4.101801183488634
1710802121.8962128,-4.132622877756755
1710802121.8963258,-4.162393411000569
1710802121.8964386,-4.190062681833903
1710802121.8965516,-4.216331111060248
1710802121.8966646,-4.239797327253553
1710802121.8967776,-4.261162281036377
1710802121.8968904,-4.279725286695692
1710802121.8970034,-4.295136133829753
1710802121.8971164,-4.3080949783325195
1710802121.8972294,-4.318952560424805
1710802121.8973422,-4.329109721713595
1710802121.8974552,-4.336815145280626
1710802121.8975682,-4.34381988313463
1710802121.8976812,-4.35012420018514
1710802121.897794,-4.355027675628662
1710802121.897907,-4.357479413350423
1710802121.89802,-4.357479413350423
1710802121.898133,-4.354677465226915
1710802121.8982458,-4.348373148176405
1710802121.8983588,-4.339967303805881
1710802121.8984718,-4.329109721713595
1710802121.8985848,-4.316851033104791
1710802121.8986976,-4.303892188602023
1710802121.8988106,-4.289882447984484
1710802121.8989236,-4.276573128170437
1710802121.8990366,-4.26081207063463
1710802121.8991494,-4.245051013098823
1710802121.8992624,-4.226137797037761
1710802121.8993754,-4.20477310816447
1710802121.8994884,-4.181306627061632
1710802121.8996012,-4.153987566630046
1710802121.8997142,-4.125267664591472
1710802121.8998272,-4.0944462352328825
1710802121.8999403,-4.063624805874294
1710802121.900053,-4.031752480400933
1710802121.900166,-4.000230630238851
1710802121.900279,-3.967657883961995
1710802121.900392,-3.934034241570367
1710802121.9005048,-3.8969084951612682
1710802121.9006178,-3.8590820630391436
1710802121.9007308,-3.8160022099812823
1710802121.9008439,-3.771521250406901
1710802121.9009566,-3.7238878673977323
1710802121.9010696,-3.6759045388963485
1710802121.9011827,-3.626520103878445
1710802121.9012957,-3.5767854584587946
1710802121.9014084,-3.526700602637397
1710802121.9015214,-3.4762652715047198
1710802121.9016345,-3.4247795740763345
1710802121.9017475,-3.370141453213162
1710802121.9018602,-3.313401805029975
1710802121.9019732,-3.2535102632310653
1710802121.9020863,-3.1908165083991156
1710802121.9021993,-3.1263714366488986
1710802121.902312,-3.0598251024881997
1710802121.902425,-2.991527716318766
1710802121.902538,-2.9232300652398004
1710802121.902651,-2.8545822037590876
1710802121.9027638,-2.784533235761854
1710802121.9028769,-2.71378411187066
1710802121.9029899,-2.6402327749464245
1710802121.9031029,-2.5652805964152017
1710802121.9032156,-2.4878766801622176
1710802121.9033287,-2.4083712365892196
1710802121.9034417,-2.3267642656962075
1710802121.9035547,-2.2444568739997015
1710802121.9036674,-2.1614491939544678
1710802121.9037805,-2.0777408281962075
1710802121.9038935,-1.9929816987779405
1710802121.9040065,-1.9078724914126926
1710802121.9041193,-1.8213621775309243
1710802121.9042323,-1.7341514428456624
1710802121.9043453,-1.6441386275821261
1710802121.9044583,-1.554125944773356
1710802121.904571,-1.460260550181071
1710802121.904684,-1.3674459192487929
1710802121.904797,-1.2714789973364935
1710802121.90491,-1.1751618650224473
1710802121.9050229,-1.0784945223066542
1710802121.9051359,-0.980776415930854
1710802121.9052489,-0.8820076121224297
1710802121.905362,-0.7828885316848755
1710802121.9054747,-0.6823684771855673
1710802121.9055877,-0.5818484226862589
1710802121.9057007,-0.4813283681869507
1710802121.9058137,-0.3794073396258884
1710802121.9059265,-0.27748632762167186
1710802121.9060395,-0.17486482858657837
1710802121.9061525,-0.07259355651007758
1710802121.9062655,0.030734456247753568
1710802121.9063783,0.13442698452207777
1710802121.9064913,0.23882013228204516
1710802121.9066043,0.3421623508135478
1710802121.9067173,0.44620517227384776
1710802121.90683,0.5495474073621962
1710802121.906943,0.6518386469946967
1710802121.907056,0.752728713883294
1710802121.907169,0.8539690574010212
1710802121.9072819,0.953107476234436
1710802121.907395,1.052596304151747
1710802121.907508,1.1524354086981878
1710802121.907621,1.2515738275316026
1710802121.9077337,1.3496613502502441
1710802121.9078467,1.4480992158253987
1710802121.9079597,1.545135842429267
1710802121.9080727,1.6407710976070828
1710802121.9081855,1.733954217698839
1710802121.9082985,1.8246852027045355
1710802121.9084115,1.914715501997206
1710802121.9085245,2.00264400906033
1710802121.9086373,2.0895214875539145
1710802121.9087503,2.176749308904012
1710802121.9088633,2.2622256808810763
1710802121.9089763,2.3484026061164007
1710802121.909089,2.4331781599256725
1710802121.909202,2.5158519215053983
1710802121.909315,2.595723205142551
1710802121.9094281,2.673142221238878
1710802121.909541,2.7477590243021646
1710802121.909654,2.819222609202067
1710802121.909767,2.889285087585449
1710802121.90988,2.9586471451653376
1710802121.9099927,3.0262573560078936
1710802121.9101057,3.093167146046956
1710802121.9102187,3.1597264607747393
1710802121.9103317,3.223833772871229
1710802121.9104445,3.2858390278286405
1710802121.9105575,3.346092700958252
1710802121.9106705,3.4024930000305176
1710802121.9107835,3.4560908211602106
1710802121.9108963,3.5058352682325573
1710802121.9110093,3.554879029591878
1710802121.9111223,3.600069416893853
1710802121.9112353,3.6442089080810547
1710802121.911348,3.6865965525309243
1710802121.911461,3.7289844618903265
1710802121.9115741,3.7678692075941296
1710802121.9116871,3.8064034779866533
1710802121.9118,3.8410843743218317
1710802121.911913,3.874364164140489
1710802121.912026,3.904140790303548
1710802121.912139,3.931114938524034
1710802121.9122517,3.955286343892415
1710802121.9123647,3.9763050609164767
1710802121.9124777,3.996623357137044
1710802121.9125905,4.016240702735053
1710802121.9127035,4.034456941816542
1710802121.9128165,4.049870702955458
1710802121.9129295,4.066335360209147
1710802121.9130423,4.079997539520264
1710802121.9131553,4.091557926601833
1710802121.9132683,4.101016521453857
1710802121.9133813,4.108723269568549
1710802121.913494,4.1132773293389215
1710802121.9136071,4.115729596879747
1710802121.9137201,4.11678049299452
1710802121.9138331,4.115729596879747
1710802121.913946,4.114678700764974
1710802121.914059,4.1125766436258955
1710802121.914172,4.110474851396349
1710802121.914285,4.106271002027723
1710802121.9143977,4.101366731855604
1710802121.9145107,4.093309508429633
1710802121.9146237,4.083150492774116
1710802121.9147367,4.069838523864746
1710802121.9148495,4.053724341922336
1710802121.9149625,4.034456941816542
1710802121.9150755,4.014489120907253
1710802121.9151886,3.993470403883192
1710802121.9153013,3.9714007907443576
1710802121.9154143,3.94968138800727
1710802121.9155273,3.9276117748684354
1710802121.9156404,3.9037903149922686
1710802121.9157531,3.8785680135091143
1710802121.9158661,3.850893179575602
1710802121.9159791,3.8211165534125433
1710802121.9160922,3.7874865531921387
1710802121.916205,3.7524554464552136
1710802121.916318,3.7160229682922363
1710802121.916431,3.678189118703206
1710802121.916544,3.6403552691141763
1710802121.9166567,3.602871894836426
1710802121.9167697,3.5646878348456488
1710802121.9168828,3.526153564453125
1710802121.9169958,3.4862179226345487
1710802121.9171085,3.442779117160373
1710802121.9172215,3.3972385194566512
1710802121.9173346,3.3481947580973306
1710802121.9174476,3.296698729197184
1710802121.9175603,3.2441518041822643
1710802121.9176733,3.1895030869377985
1710802121.9177864,3.1359052658081055
1710802121.9178994,3.0816067589653864
1710802121.9180121,3.026607831319173
1710802121.9181252,2.9716086387634277
1710802121.9182382,2.914858129289415
1710802121.9183512,2.8556550873650446
1710802121.918464,2.79435051812066
1710802121.918577,2.72884209950765
1710802121.91869,2.6626329951816134
1710802121.918803,2.595372994740804
1710802121.9189157,2.525310516357422
1710802121.9190288,2.4555982483757868
1710802121.9191418,2.3855357699924045
1710802121.9192548,2.314772605895996
1710802121.9193676,2.243308756086561
1710802121.9194806,2.168692217932807
1710802121.9195936,2.0937253369225397
1710802121.9197066,2.0156056351131864
1710802121.9198194,1.9353840086195204
1710802121.9199324,1.8523599041832817
1710802121.9200454,1.7682849036322699
1710802121.9201584,1.683859560224745
1710802121.9202712,1.5980329778459337
1710802121.9203842,1.5122063954671223
1710802121.9204972,1.426029470231798
1710802121.9206102,1.3391519917382133
1710802121.920723,1.2512234846750896
1710802121.920836,1.1629447672102187
1710802121.920949,1.0729144016901653
1710802121.921062,0.9821834166844685
1710802121.9211748,0.8897009160783556
1710802121.9212878,0.7972184154722426
1710802121.9214008,0.7036849525239732
1710802121.9215138,0.6094508700900607
1710802121.9216266,0.5148664447996352
1710802121.9217396,0.41993174288007945
1710802121.9218526,0.3235957688755459
1710802121.9219656,0.22655919194221497
1710802121.9220784,0.12882197896639505
1710802121.9221914,0.03143508194221391
1710802121.9223044,-0.06733989550007714
1710802121.9224174,-0.1657584806283315
1710802121.9225302,-0.2645273009936015
1710802121.9226432,-0.36434686846203274
1710802121.9227562,-0.46416643593046397
1710802121.9228692,-0.5646864573160807
1710802121.922982,-0.6641557481553819
1710802121.923095,-0.7646758026546902
1710802121.923208,-0.8637948830922444
1710802121.923321,-0.9636144505606757
1710802121.9234338,-1.06273353099823
1710802121.9235468,-1.1594009399414062
1710802121.9236598,-1.2564184930589464
1710802121.9237728,-1.3516848617129855
1710802121.9238856,-1.4480019940270317
1710802121.9239986,-1.542567941877577
1710802121.9241116,-1.6385347313351102
1710802121.9242246,-1.7338010999891493
1710802121.9243374,-1.8276666270362005
1710802121.9244504,-1.9222324424319797
1710802121.9245634,-2.0136460993025036
1710802121.9246764,-2.104009124967787
1710802121.9247892,-2.1919204129113092
1710802121.9249022,-2.2777303059895835
1710802121.9250152,-2.361438539293077
1710802121.9251282,-2.444446351793077
1710802121.925241,-2.5260533226860895
1710802121.925354,-2.6066093974643283
1710802121.925467,-2.6861148410373263
1710802121.92558,-2.765269809299045
1710802121.9256928,-2.843374411265055
1710802121.9258058,-2.9186768001980252
1710802121.9259188,-2.99222813712226
1710802121.9260318,-3.0626270506117077
1710802121.9261446,-3.131625122494168
1710802121.9262576,-3.1971208254496255
1710802121.9263706,-3.2622663180033364
1710802121.9264836,-3.3260107040405273
1710802121.9265964,-3.388704458872477
1710802121.9267094,-3.4499971071879068
1710802121.9268224,-3.5116399659050836
1710802121.9269354,-3.5708313518100314
1710802121.9270482,-3.627220524681939
1710802121.9271612,-3.6818586455451117
1710802121.9272742,-3.7329943974812823
1710802121.9273872,-3.78167814678616
1710802121.9275,-3.826509316762288
1710802121.927613,-3.869589434729682
1710802121.927726,-3.9105680253770614
1710802121.927839,-3.949795299106174
1710802121.9279518,-3.9879719416300454
1710802121.9280648,-4.02439726723565
1710802121.9281778,-4.0590715408325195
1710802121.9282908,-4.091994497511122
1710802121.9284036,-4.123166137271457
1710802121.9285166,-4.151535828908284
1710802121.9286296,-4.1774540477328825
1710802121.9287426,-4.199869632720947
1710802121.9288554,-4.220884376102023
1710802121.9289684,-4.23909690645006
1710802121.9290814,-4.255908595191108
1710802121.9291945,-4.270969231923421
1710802121.9293072,-4.284978972540961
1710802121.9294202,-4.298288292355007
1710802121.9295332,-4.30949608484904
1710802121.9296463,-4.319652981228298
1710802121.929759,-4.327008194393581
1710802121.929872,-4.332612090640597
1710802121.929985,-4.334713617960612
1710802121.930098,-4.334363407558865
1710802121.9302108,-4.33121124903361
1710802121.9303238,-4.327008194393581
1710802121.9304368,-4.3214042981465655
1710802121.9305499,-4.314749770694308
1710802121.9306626,-4.307744767930773
1710802121.9307756,-4.30038955476549
1710802121.9308887,-4.291283289591472
1710802121.9310017,-4.28112612830268
1710802121.9311144,-4.26851749420166
1710802121.9312274,-4.252756436665853
1710802121.9313405,-4.233843220604791
1710802121.9314535,-4.211777846018474
1710802121.9315662,-4.188311629825168
1710802121.9316792,-4.164494938320583
1710802121.9317923,-4.137526088290744
1710802121.9319053,-4.112658765580919
1710802121.932018,-4.085690180460612
1710802121.932131,-4.0590715408325195
1710802121.932244,-4.029650953080919
1710802121.932357,-3.99777889251709
1710802121.9324698,-3.962754408518473
1710802121.9325829,-3.9252781867980957
1710802121.9326959,-3.8850002818637424
1710802121.9328089,-3.8422703742980957
1710802121.9329216,-3.798489835527208
1710802121.9330347,-3.7540088759528265
1710802121.9331477,-3.709878126780192
1710802121.9332607,-3.6636458502875433
1710802121.9333735,-3.6188146803114147
1710802121.9334865,-3.571181562211778
1710802121.9335995,-3.5214469167921276
1710802121.9337125,-3.468910323248969
1710802121.9338253,-3.4142722023857965
1710802121.9339383,-3.3568321333991156
1710802121.9340513,-3.2965901162889266
1710802121.9341643,-3.236348099178738
1710802121.934277,-3.175405661265055
1710802121.93439,-3.1134125921461315
1710802121.934503,-3.051419258117676
1710802121.934616,-2.988725768195258
1710802121.9347289,-2.924981117248535
1710802121.9348419,-2.8587849934895835
1710802121.934955,-2.7901371320088706
1710802121.935068,-2.7179869016011557
1710802121.9351807,-2.645136250389947
1710802121.9352937,-2.570184071858724
1710802121.9354067,-2.493130366007487
1710802121.9355197,-2.41607666015625
1710802121.9356325,-2.33797205819024
1710802121.9357455,-2.2602179315355087
1710802121.9358585,-2.180712620417277
1710802121.9359715,-2.099455992380778
1710802121.9360843,-2.016798390282525
1710802121.9361973,-1.9337905777825248
1710802121.9363103,-1.8472802639007568
1710802121.9364233,-1.7597191863589816
1710802121.936536,-1.6704069243537054
1710802121.936649,-1.5807444519466824
1710802121.936762,-1.4907317691379123
1710802121.936875,-1.398617559009128
1710802121.9369879,-1.306503348880344
1710802121.937101,-1.2126379542880588
1710802121.937214,-1.1191227700975206
1710802121.937327,-1.0235061910417345
1710802121.9374397,-0.9278895457585652
1710802121.9375527,-0.830871926413642
1710802121.9376657,-0.7328036096360948
1710802121.9377787,-0.6347352928585476
1710802121.9378915,-0.5356162124209933
1710802121.9380045,-0.4364971319834391
1710802121.9381175,-0.33632732099956936
1710802121.9382305,-0.23650777008798388
1710802121.9383433,-0.13528724511464438
1710802121.9384563,-0.03511743826998605
1710802121.9385693,0.06541540225346883
1710802121.9386823,0.16525449024306402
1710802121.938795,0.2640426324473487
1710802121.938908,0.3635314106941223
1710802121.939021,0.46266986264122856
1710802121.9391341,0.5618083477020264
1710802121.939247,0.660596489906311
1710802121.93936,0.7600852515962389
1710802121.939473,0.8595740132861667
1710802121.939586,0.9597634606891208
1710802121.9396987,1.0589018795225356
1710802121.9398117,1.1580403645833333
1710802121.9399247,1.2561278873019748
1710802121.9400377,1.3510625892215304
1710802121.9401505,1.4470481872558594
1710802121.9402635,1.5398810969458685
1710802121.9403765,1.6330642170376248
1710802121.9404895,1.7248460981580946
1710802121.9406023,1.8169783221350775
1710802121.9407153,1.9084099928538003
1710802121.9408283,1.9991408454047308
1710802121.9409413,2.0884705914391413
1710802121.941054,2.175698412789239
1710802121.941167,2.2608243094550238
1710802121.9412801,2.3427976502312555
1710802121.9413931,2.422668933868408
1710802121.941506,2.4990370538499618
1710802121.941619,2.575405173831516
1710802121.941732,2.6489708158704968
1710802121.941845,2.722536457909478
1710802121.9419577,2.795051203833686
1710802121.9420707,2.8661645783318415
1710802121.9421837,2.9365772671169705
1710802121.9422967,3.0048884285820856
1710802121.9424095,3.0693459510803223
1710802121.9425225,3.131351206037733
1710802121.9426355,3.191955354478624
1710802121.9427485,3.2483556535508895
1710802121.9428613,3.304055266910129
1710802121.9429743,3.358003298441569
1710802121.9430873,3.4112509091695147
1710802121.9432003,3.4634476237826877
1710802121.9433131,3.5138924916585283
1710802121.9434261,3.5632867283291287
1710802121.9435391,3.61057890786065
1710802121.9436522,3.6557690302530923
1710802121.943765,3.6974562538994684
1710802121.943878,3.7359907892015243
1710802121.943991,3.7720727920532227
1710802121.944104,3.8050023714701333
1710802121.9442167,3.8368807898627386
1710802121.9443297,3.8673578368292914
1710802121.9444427,3.895382881164551
1710802121.9445558,3.9227072397867837
1710802121.9446685,3.949331177605523
1710802121.9447815,3.973152372572157
1710802121.9448946,3.995221985710992
1710802121.9450076,4.01518980662028
1710802121.9451203,4.032355149586995
1710802121.9452333,4.047418700324164
1710802121.9453464,4.0589788224962025
1710802121.9454594,4.069138103061252
1710802121.9455721,4.07754553688897
1710802121.9456851,4.084201388888888
1710802121.9457982,4.090857240888807
1710802121.9459112,4.096111986372206
1710802121.946024,4.100666046142578
1710802121.946137,4.10381899939643
1710802121.94625,4.105920791625977
1710802121.946363,4.104869895511203
1710802121.9464757,4.100666046142578
1710802121.9465888,4.094360404544406
1710802121.9467018,4.084902074601915
1710802121.9468148,4.073692162831624
1710802121.9469275,4.062131775750054
1710802121.9470406,4.049520492553711
1710802121.9471536,4.035507837931315
1710802121.9472666,4.021845658620198
1710802121.9473794,4.0067823727925616
1710802121.9474924,3.9910184012518988
1710802121.9476054,3.973152372572157
1710802121.9477184,3.9517831802368164
1710802121.9478312,3.9290128813849554
1710802121.9479442,3.9027394188774958
1710802121.9480572,3.8750648498535156
1710802121.9481702,3.84633911980523
1710802121.948283,3.8169129689534502
1710802121.948396,3.7867861323886447
1710802121.948509,3.757009506225586
1710802121.948622,3.727583090464274
1710802121.9487348,3.695354461669922
1710802121.9488478,3.66137425104777
1710802121.9489608,3.623890611860487
1710802121.9490738,3.58430544535319
1710802121.9491866,3.5412168502807617
1710802121.9492996,3.496026462978787
1710802121.9494126,3.449084758758545
1710802121.9495256,3.4014421039157443
1710802121.9496384,3.3530990282694497
1710802121.9497514,3.304755952623155
1710802121.9498644,3.2560624016655817
1710802121.9499774,3.2063179545932345
1710802121.9500902,3.15482219060262
1710802121.9502032,3.1012243694729276
1710802121.9503162,3.0434226989746094
1710802121.9504292,2.984920607672797
1710802121.950542,2.9243164592319064
1710802121.950655,2.86126004325019
1710802121.950768,2.7985541025797525
1710802121.950881,2.735147741105821
1710802121.9509938,2.672091325124105
1710802121.9511068,2.607984277937147
1710802121.9512198,2.543176280127631
1710802121.9513328,2.475916279686822
1710802121.9514456,2.406904697418213
1710802121.9515586,2.334740426805284
1710802121.9516716,2.2615249951680503
1710802121.9517846,2.1855072180430093
1710802121.9518974,2.108438412348429
1710802121.9520104,2.02961802482605
1710802121.9521234,1.9514983230166965
1710802121.9522364,1.8712768289777968
1710802121.9523492,1.7921060985989041
1710802121.9524622,1.710833575990465
1710802121.9525752,1.6285101572672525
1710802121.9526882,1.5440848138597276
1710802121.952801,1.457207335366143
1710802121.952914,1.368928485446506
1710802121.953027,1.2792485290103488
1710802121.95314,1.187816990746392
1710802121.9532528,1.0960350433985393
1710802121.9533658,1.00250158045027
1710802121.9534788,0.9086177746454874
1710802121.9535916,0.8154346545537312
1710802121.9537046,0.7208502292633057
1710802121.9538176,0.6252149078581068
1710802121.9539306,0.5281783474816216
1710802121.9540434,0.43149206373426646
1710802121.9541564,0.333404541015625
1710802121.9542694,0.23531700174013773
1710802121.9543824,0.13687916927867466
1710802121.9544952,0.03774070905314551
1710802121.9546082,-0.061735990974638194
1710802121.9547212,-0.16085505485534668
1710802121.9548342,-0.26137510935465497
1710802121.954947,-0.3622454073694017
1710802121.95506,-0.4617146982087029
1710802121.955173,-0.5625849962234497
1710802121.955286,-0.6620542870627509
1710802121.9553988,-0.7615236441294352
1710802121.9555118,-0.8609929349687364
1710802121.9556248,-0.9604622920354207
1710802121.9557378,-1.0595813062455919
1710802121.9558506,-1.1597511503431532
1710802121.9559636,-1.2599209944407146
1710802121.9560766,-1.3593902852800157
1710802121.9561896,-1.4595599969228108
1710802121.9563024,-1.5576284461551242
1710802121.9564154,-1.6549962096744113
1710802121.9565284,-1.7506129211849637
1710802121.9566414,-1.8451787365807426
1710802121.9567542,-1.9362421830495198
1710802121.9568672,-2.028006182776557
1710802121.9569802,-2.117318444781833
1710802121.9570932,-2.2073311275906033
1710802121.957206,-2.2966432571411133
1710802121.957319,-2.3852552307976618
1710802121.957432,-2.4735167291429305
1710802121.957545,-2.5589762793646917
1710802121.9576578,-2.6433849334716797
1710802121.9577708,-2.7249919043646917
1710802121.9578838,-2.8051977687411838
1710802121.9579968,-2.882601684994168
1710802121.9581096,-2.9582542843288846
1710802121.9582226,-3.0325060420566134
1710802121.9583356,-3.1053569581773544
1710802121.9584486,-3.1771569781833224
1710802121.9585614,-3.2479063669840493
1710802121.9586744,-3.317254649268256
1710802121.9587874,-3.384851614634196
1710802121.9589005,-3.4489462110731335
1710802121.9590132,-3.5109395451015897
1710802121.9591262,-3.5694302452935114
1710802121.9592392,-3.6251189973619247
1710802121.9593523,-3.678006066216363
1710802121.959465,-3.7287913428412542
1710802121.959578,-3.777825567457411
1710802121.959691,-3.8261591063605414
1710802121.959804,-3.872741593254937
1710802121.9599168,-3.918273448944092
1710802121.9600298,-3.9624041981167264
1710802121.9601429,-4.004083209567599
1710802121.9602559,-4.043310483296712
1710802121.9603686,-4.080436494615343
1710802121.9604816,-4.114059872097439
1710802121.9605947,-4.144881301456027
1710802121.9607077,-4.174301889207628
1710802121.9608204,-4.201270474327935
1710802121.9609334,-4.226838482750787
1710802121.9610465,-4.251705805460612
1710802121.9611595,-4.273420969645183
1710802121.9612722,-4.2954863442315
1710802121.9613853,-4.315099981096056
1710802121.9614983,-4.332612090640597
1710802121.9616113,-4.346621831258138
1710802121.961724,-4.358530309465197
1710802121.961837,-4.36693615383572
1710802121.96195,-4.372540050082736
1710802121.962063,-4.376392629411486
1710802121.9621758,-4.378143946329753
1710802121.9622889,-4.379194577534993
1710802121.9624019,-4.378143946329753
1710802121.9625149,-4.377443260616726
1710802121.9626276,-4.374991522894965
1710802121.9627407,-4.37183936436971
1710802121.9628537,-4.3655350473192005
1710802121.9629667,-4.356778992546929
1710802121.9630795,-4.344870779249403
1710802121.9631925,-4.33121124903361
1710802121.9633055,-4.3143995602925616
1710802121.9634185,-4.295836554633246
1710802121.9635313,-4.277273548973931
1710802121.9636443,-4.256609280904134
1710802121.9637573,-4.236645168728298
1710802121.9638703,-4.214930004543728
1710802121.963983,-4.193565315670437
1710802121.964096,-4.167997307247585
1710802121.964209,-4.1420793533325195
1710802121.964322,-4.1109077135721845
1710802121.9644349,-4.077634546491835
1710802121.9645479,-4.042259852091472
1710802121.964661,-4.004783630371094
1710802121.964774,-3.966957198248969
1710802121.9648867,-3.9273797141181097
1710802121.9649997,-3.889553281995985
1710802121.9651127,-3.848925166659885
1710802121.9652257,-3.8082967864142523
1710802121.9653385,-3.7662675645616317
1710802121.9654515,-3.721786340077718
1710802121.9655645,-3.6748536427815752
1710802121.9656775,-3.624068366156684
1710802121.9657903,-3.5708313518100314
1710802121.9659033,-3.5158430205451117
1710802121.9660163,-3.459453582763672
1710802121.9661293,-3.402013513776991
1710802121.966242,-3.3459745513068304
1710802121.966355,-3.2888846927218967
1710802121.966468,-3.230043782128228
1710802121.966581,-3.170502185821533
1710802121.9666939,-3.1078086958991156
1710802121.966807,-3.0426632033454046
1710802121.96692,-2.974365552266439
1710802121.967033,-2.903966638776991
1710802121.9671457,-2.831816408369276
1710802121.9672587,-2.758965492248535
1710802121.9673717,-2.685063944922553
1710802121.9674847,-2.610812187194824
1710802121.9675975,-2.5358600086636014
1710802121.9677105,-2.4605576197306314
1710802121.9678235,-2.3831537034776473
1710802121.9679365,-2.3043486807081432
1710802121.9680493,-2.2234423955281577
1710802121.9681623,-2.1407847934299045
1710802121.9682753,-2.0563758744133844
1710802121.9683883,-1.9705661137898762
1710802121.968501,-1.8844061427646213
1710802121.968614,-1.797195275624593
1710802121.968727,-1.709284120135837
1710802121.9688401,-1.6203220685323079
1710802121.968953,-1.5306595961252847
1710802121.969066,-1.4402965704600017
1710802121.969179,-1.3485327031877306
1710802121.969292,-1.2539667553371854
1710802121.9694047,-1.1587003866831462
1710802121.9695177,-1.0623832543690999
1710802121.9696307,-0.9653657012515597
1710802121.9697437,-0.8672973182466295
1710802121.9698565,-0.7685285144382052
1710802121.9699695,-0.669059223598904
1710802121.9700825,-0.5688893795013428
1710802121.9701955,-0.467668871084849
1710802121.9703083,-0.3664483295546638
1710802121.9704213,-0.2645273009936015
1710802121.9705343,-0.1629565159479777
1710802121.9706473,-0.061735990974638194
1710802121.97076,0.03949227018488778
1710802121.970873,0.14038229982058206
1710802121.9709861,0.24197295308113098
1710802121.9710991,0.34286297029919094
1710802121.971212,0.4437530040740967
1710802121.971325,0.5463945865631104
1710802121.971438,0.6469343105951945
1710802121.971551,0.7481746541129218
1710802121.9716637,0.8480136924319797
1710802121.9717767,0.9464515580071343
1710802121.9718897,1.0424372222688463
1710802121.9720027,1.1401744683583577
1710802121.9721155,1.234408484564887
1710802121.9722285,1.3286426332261827
1710802121.9723415,1.422876649432712
1710802121.9724545,1.5178113513522677
1710802121.9725673,1.611344814300537
1710802121.9726803,1.7052286201053195
1710802121.9727933,1.7963099479675293
1710802121.9729064,1.8877414862314859
1710802121.9730191,1.97637054655287
1710802121.9731321,2.062547471788194
1710802121.9732451,2.146272129482693
1710802121.9733582,2.227894994947645
1710802121.973471,2.3091676500108504
1710802121.973584,2.3897393544514975
1710802121.973697,2.4696106380886502
1710802121.97381,2.5473801294962564
1710802121.9739227,2.626200517018636
1710802121.9740357,2.7022181616889105
1710802121.9741488,2.7757838037278915
1710802121.9742618,2.8465469678243003
1710802121.9743745,2.9145076539781356
1710802121.9744875,2.9796658621893988
1710802121.9746006,3.042371802859836
1710802121.9747136,3.1026254759894476
1710802121.9748263,3.1625289387173123
1710802121.9749393,3.2213815053304033
1710802121.9750524,3.2784824901156955
1710802121.9751654,3.335232999589708
1710802121.9752781,3.3902321921454535
1710802121.9753911,3.4417282210456
1710802121.9755042,3.491122192806668
1710802121.9756172,3.538064161936442
1710802121.97573,3.5815029674106174
1710802121.975843,3.622489505343967
1710802121.975956,3.6610237757364907
1710802121.976069,3.6978067292107477
1710802121.9761817,3.7338887320624456
1710802121.9762948,3.7675187322828503
1710802121.9764078,3.8004483116997614
1710802121.9765208,3.831976254781087
1710802121.9766335,3.8610521952311196
1710802121.9767466,3.8883765538533526
1710802121.9768596,3.9132489098442926
1710802121.9769726,3.936019208696153
1710802121.9770854,3.9549361334906683
1710802121.9771984,3.9721014764573837
1710802121.9773114,3.9882156583997936
1710802121.9774244,4.003279209136963
1710802121.9775372,4.016941388448079
1710802121.9776502,4.030603567759196
1710802121.9777632,4.043565061357286
1710802121.9778762,4.054074552324083
1710802121.977989,4.064233567979601
1710802121.978102,4.071590105692546
1710802121.978215,4.076144165462917
1710802121.978328,4.078246222601996
1710802121.9784408,4.07754553688897
1710802121.9785538,4.074042373233371
1710802121.9786668,4.069138103061252
1710802121.9787798,4.06283246146308
1710802121.9788926,4.057227240668403
1710802121.9790056,4.049520492553711
1710802121.9791186,4.041813479529487
1710802121.9792316,4.032004939185248
1710802121.9793444,4.0207947625054254
1710802121.9794574,4.0067823727925616
1710802121.9795704,3.989617029825846
1710802121.9796834,3.969999419318305
1710802121.9797962,3.9482800165812173
1710802121.9799092,3.9251595073276095
1710802121.9800222,3.899586730533176
1710802121.9801352,3.874364164140489
1710802121.980248,3.8491415977478027
1710802121.980361,3.823568820953369
1710802121.980474,3.7976458337571883
1710802121.980587,3.770321210225423
1710802121.9806998,3.7401943736606174
1710802121.9808128,3.7086664305792914
1710802121.9809258,3.673635058932834
1710802121.9810388,3.6368523703681097
1710802121.9811516,3.5979676246643066
1710802121.9812646,3.5587324036492243
1710802121.9813776,3.51879702674018
1710802121.9814906,3.4795618057250977
1710802121.9816034,3.4399766392178006
1710802121.9817164,3.3993403116861978
1710802121.9818294,3.358003298441569
1710802121.9819424,3.3128131760491266
1710802121.9820552,3.265871206919352
1710802121.9821682,3.214725653330485
1710802121.9822812,3.1628794140285916
1710802121.9823942,3.107880221472846
1710802121.982507,3.051830132802327
1710802121.98262,2.9943789376152887
1710802121.982733,2.937628428141276
1710802121.982846,2.880176968044705
1710802121.9829588,2.8220250871446395
1710802121.9830718,2.7631725205315485
1710802121.9831848,2.7015177408854165
1710802121.9832978,2.6374104287889266
1710802121.9834106,2.5719020101759167
1710802121.9835236,2.503591113620334
1710802121.9836366,2.4324774742126465
1710802121.9837496,2.362414995829264
1710802121.9838624,2.2891998291015625
1710802121.9839754,2.2173856364356146
1710802121.9840884,2.144870890511407
1710802121.9842014,2.0713052484724255
1710802121.9843142,1.9966887103186712
1710802121.9844272,1.9199702474806044
1710802121.9845402,1.8411498599582248
1710802121.9846532,1.7602276802062988
1710802121.984766,1.6782546043395996
1710802121.984879,1.5934789180755615
1710802121.984992,1.5083528889550102
1710802121.985105,1.4214754104614258
1710802121.9852178,1.3352984852261014
1710802121.9853308,1.2473701106177435
1710802121.9854438,1.1597919464111328
1710802121.9855568,1.0708125432332356
1710802121.9856696,0.9804319010840522
1710802121.9857826,0.8893506394492255
1710802121.9858956,0.7975686921013726
1710802121.9860086,0.7047358486387465
1710802121.9861214,0.6108521090613471
1710802121.9862344,0.516267716884613
1710802121.9863474,0.42098267210854423
1710802121.9864604,0.325697660446167
1710802121.9865732,0.22936168644163343
1710802121.9866862,0.13232510950830248
1710802121.9867992,0.033536956955989204
1710802121.9869123,-0.06488818675279617
1710802121.987025,-0.16365701953570047
1710802121.987138,-0.26312632693184745
1710802121.987251,-0.3625956508848402
1710802121.987364,-0.4617146982087029
1710802121.9874768,-0.5611840221616957
1710802121.9875898,-0.661704076661004
1710802121.9877028,-0.7618738545311822
1710802121.9878159,-0.8623939090304904
1710802121.9879286,-0.9625637531280518
1710802121.9880416,-1.0620330439673529
1710802121.9881546,-1.1611521244049072
1710802121.9882677,-1.2592204411824544
1710802121.9883804,-1.3555375734965007
1710802121.9884934,-1.4504537317487929
1710802121.9886065,-1.544669336742825
1710802121.9887195,-1.6378343105316162
1710802121.9888322,-1.7299485206604004
1710802121.9889452,-1.8227631515926785
1710802121.9890583,-1.9152275721232095
1710802121.9891713,-2.0062910185919867
1710802121.989284,-2.097004254659017
1710802121.989397,-2.186316516664293
1710802121.98951,-2.2738774617513022
1710802121.989623,-2.360037432776557
1710802121.9897358,-2.4433957205878363
1710802121.9898489,-2.525352636973063
1710802121.9899619,-2.6052082909478083
1710802121.9900749,-2.6854141553243003
1710802121.9901876,-2.763868967692057
1710802121.9903007,-2.842673990461561
1710802121.9904137,-2.9204281171162925
1710802121.9905267,-2.996430926852756
1710802121.9906394,-3.069632053375244
1710802121.9907525,-3.141782283782959
1710802121.9908655,-3.210430145263672
1710802121.9909785,-3.2776769002278643
1710802121.9910913,-3.3417717615763345
1710802121.9912043,-3.403764830695258
1710802121.9913173,-3.464707268608941
1710802121.9914303,-3.5242488649156356
1710802121.991543,-3.5827395651075573
1710802121.991656,-3.639829423692491
1710802121.991769,-3.695518175760905
1710802121.991882,-3.7484049797058105
1710802121.9919949,-3.800241152445475
1710802121.9921079,-3.8485746913486056
1710802121.9922209,-3.8948069678412542
1710802121.992334,-3.936836454603407
1710802121.9924467,-3.9764139387342663
1710802121.9925597,-4.013889895545112
1710802121.9926727,-4.050665696461995
1710802121.9927857,-4.083938863542345
1710802121.9928985,-4.118262661827935
1710802121.9930115,-4.149084356096056
1710802121.9931245,-4.180606206258138
1710802121.9932375,-4.207925266689724
1710802121.9933503,-4.233843220604791
1710802121.9934633,-4.256609280904134
1710802121.9935763,-4.277273548973931
1710802121.9936893,-4.295136133829753
1710802121.993802,-4.309846295250787
1710802121.993915,-4.323155615064833
1710802121.994028,-4.335414038764106
1710802121.994141,-4.348022937774658
1710802121.9942539,-4.357129202948676
1710802121.994367,-4.3655350473192005
1710802121.99448,-4.373940891689724
1710802121.994593,-4.3784941567315
1710802121.9947057,-4.381646315256755
1710802121.9948187,-4.38094589445326
1710802121.9949317,-4.377793735928005
1710802121.9950445,-4.3711389435662165
1710802121.9951575,-4.3634335199991865
1710802121.9952705,-4.353977044423421
1710802121.9953835,-4.343119462331136
1710802121.9954963,-4.33121124903361
1710802121.9956093,-4.3193027708265515
1710802121.9957223,-4.306343926323785
1710802121.9958353,-4.292333920796712
1710802121.995948,-4.27482181125217
1710802121.996061,-4.254157543182373
1710802121.996174,-4.231041272481282
1710802121.996287,-4.204422897762722
1710802121.9963999,-4.17640315161811
1710802121.996513,-4.1462824079725475
1710802121.996626,-4.116161399417453
1710802121.996739,-4.084639284345839
1710802121.9968517,-4.052767223782009
1710802121.9969647,-4.020894898308648
1710802121.9970777,-3.9876217312282987
1710802121.9971907,-3.9515466160244412
1710802121.9973035,-3.9130197630988226
1710802121.9974165,-3.871690962049696
1710802121.9975295,-3.826509316762288
1710802121.9976425,-3.780277305179172
1710802121.9977553,-3.732293711768256
1710802121.9978683,-3.6839601728651257
1710802121.9979813,-3.634925948248969
1710802121.9980943,-3.5858917236328125
1710802121.998207,-3.536157078213162
1710802121.99832,-3.484671115875244
1710802121.998433,-3.4321345223320856
1710802121.9985461,-3.3760955598619247
1710802121.998659,-3.31795507007175
1710802121.998772,-3.2566624217563205
1710802121.998885,-3.1929180357191296
1710802121.998998,-3.1277725431654186
1710802121.9991107,-3.061576419406467
1710802121.9992237,-2.9946798748440213
1710802121.9993367,-2.9281335406833224
1710802121.9994497,-2.8598358896043563
1710802121.9995625,-2.7908378177218967
1710802121.9996755,-2.718687587314182
1710802121.9997885,-2.645136250389947
1710802121.9999015,-2.5687829653422036
1710802122.0000143,-2.489978207482232
1710802122.0001273,-2.4090716573927136
1710802122.0002403,-2.3264140552944608
1710802122.0003533,-2.2430560323927136
1710802122.000466,-2.1593476666344538
1710802122.000579,-2.074588669670953
1710802122.0006921,-1.9894793298509386
1710802122.0008051,-1.9022685951656766
1710802122.000918,-1.8154080708821614
1710802122.001031,-1.7253952556186252
1710802122.001144,-1.634682019551595
1710802122.001257,-1.5422175990210638
1710802122.0013697,-1.448702547285292
1710802122.0014827,-1.3537863890329997
1710802122.0015957,-1.2585200203789604
1710802122.0017087,-1.1622028880649142
1710802122.0018215,-1.065535479121738
1710802122.0019345,-0.9674671623441908
1710802122.0020475,-0.8697490559683906
1710802122.0021605,-0.7706299755308363
1710802122.0022733,-0.670810408062405
1710802122.0023863,-0.5699401431613498
1710802122.0024993,-0.46906984514660305
1710802122.0026124,-0.36714881658554077
1710802122.0027251,-0.26487754450904
1710802122.0028381,-0.1622560289171007
1710802122.0029511,-0.05893403457270728
1710802122.0030642,0.04474695771932602
1710802122.003177,0.15019105540381536
1710802122.00329,0.25318294763565063
1710802122.003403,0.3572258022096422
1710802122.003516,0.4609183139271206
1710802122.0036287,0.5632095866733127
1710802122.0037417,0.6651505496766832
1710802122.0038548,0.7663908931944106
1710802122.0039678,0.8665802743699815
1710802122.0040805,0.9667697217729356
1710802122.0041935,1.0673093795776367
1710802122.0043066,1.1678491698371039
1710802122.0044196,1.268038484785292
1710802122.0045323,1.3678775893317328
1710802122.0046453,1.4666657977634006
1710802122.0047584,1.5630017386542425
1710802122.0048714,1.6582867834303114
1710802122.0049841,1.7507692178090413
1710802122.0050972,1.842200888527764
1710802122.0052102,1.9315305021074083
1710802122.0053232,2.0201596948835583
1710802122.005436,2.107037173377143
1710802122.005549,2.1946153375837536
1710802122.005662,2.2811426056755915
1710802122.005775,2.36626836988661
1710802122.0058877,2.4478912353515625
1710802122.0060008,2.5284632047017417
1710802122.0061138,2.606232696109348
1710802122.0062268,2.6804987589518228
1710802122.0063396,2.753013504876031
1710802122.0064526,2.823075983259413
1710802122.0065656,2.892087565528022
1710802122.0066786,2.959698041280111
1710802122.0067914,3.027308252122667
1710802122.0069044,3.0938678317599826
1710802122.0070174,3.157624668545193
1710802122.0071304,3.2199801339043512
1710802122.0072432,3.280584282345242
1710802122.0073562,3.338035477532281
1710802122.0074692,3.393034670088026
1710802122.0075822,3.4445306989881725
1710802122.007695,3.4939246707492404
1710802122.007808,3.5412168502807617
1710802122.007921,3.587808609008789
1710802122.008034,3.6326485209994845
1710802122.0081468,3.678189118703206
1710802122.0082598,3.720226552751329
1710802122.0083728,3.760862880282932
1710802122.0084858,3.799046940273709
1710802122.0085986,3.8351292080349393
1710802122.0087116,3.8677083121405706
1710802122.0088246,3.89713446299235
1710802122.0089376,3.923758135901557
1710802122.0090504,3.9475795957777233
1710802122.0091634,3.9703498946295843
1710802122.0092764,3.9913686116536455
1710802122.0093894,4.010985957251655
1710802122.0095022,4.0288519859313965
1710802122.0096152,4.046017328898112
1710802122.0097282,4.061781300438775
1710802122.0098412,4.074042373233371
1710802122.009954,4.085602760314941
1710802122.010067,4.093309508429633
1710802122.01018,4.098564253913032
1710802122.010293,4.101366731855604
1710802122.0104058,4.102417627970378
1710802122.0105188,4.103118313683404
1710802122.0106318,4.102768103281657
1710802122.0107448,4.100666046142578
1710802122.0108576,4.098914464314778
1710802122.0109706,4.096462461683485
1710802122.0110836,4.091557926601833
1710802122.0111966,4.084902074601915
1710802122.0113094,4.0750932693481445
1710802122.0114224,4.062481986151801
1710802122.0115354,4.047768910725911
1710802122.0116484,4.030953778160943
1710802122.0117612,4.01203711827596
1710802122.0118742,3.993470403883192
1710802122.0119872,3.9728018972608776
1710802122.0121002,3.9535347620646157
1710802122.012213,3.9332167307535806
1710802122.012326,3.91184753841824
1710802122.012439,3.888026343451606
1710802122.012552,3.861752880944146
1710802122.0126648,3.8337278366088867
1710802122.0127778,3.8025501039293075
1710802122.0128908,3.768920103708903
1710802122.0130038,3.733538521660699
1710802122.0131166,3.6985071500142412
1710802122.0132296,3.662074671851264
1710802122.0133426,3.626342879401313
1710802122.0134556,3.5899104012383356
1710802122.0135684,3.5531274477640786
1710802122.0136814,3.514593177371555
1710802122.0137944,3.4736066394382052
1710802122.0139074,3.4291169378492565
1710802122.0140202,3.381474283006456
1710802122.0141332,3.331379625532362
1710802122.0142462,3.2798835966322155
1710802122.0143592,3.2273369365268283
1710802122.014472,3.1740893257988825
1710802122.014585,3.1218926111857095
1710802122.014698,3.068995475769043
1710802122.014811,3.01539765463935
1710802122.0149238,2.961099147796631
1710802122.0150368,2.903297742207845
1710802122.0151498,2.8437444898817272
1710802122.0152628,2.7817392349243164
1710802122.0153756,2.7176319228278265
1710802122.0154886,2.652473979526096
1710802122.0156016,2.5862648752000594
1710802122.0157146,2.5200557708740234
1710802122.0158274,2.453145980834961
1710802122.0159404,2.3858859803941512
1710802122.0160534,2.3175750838385687
1710802122.0161664,2.247162130143907
1710802122.0162792,2.1746475166744657
1710802122.0163922,2.1000309785207114
1710802122.0165052,2.022611829969618
1710802122.0166183,1.9430908891889784
1710802122.016731,1.8614680237240262
1710802122.016844,1.779494947857327
1710802122.016957,1.6968211862776015
1710802122.01707,1.6127460532718234
1710802122.0171828,1.5283207098642984
1710802122.0172958,1.4424941274854872
1710802122.0174088,1.3563173347049289
1710802122.0175219,1.2694397237565782
1710802122.0176346,1.180110110176934
1710802122.0177476,1.0900797446568806
1710802122.0178607,0.9982977973090278
1710802122.0179737,0.9058152967029147
1710802122.0180864,0.8126321766111586
1710802122.0181994,0.7194489902920193
1710802122.0183125,0.6248646312289767
1710802122.0184255,0.5302802059385512
1710802122.0185382,0.4346448845333523
1710802122.0186512,0.33900953001446194
1710802122.0187643,0.24302388230959573
1710802122.0188773,0.14598730537626478
1710802122.01899,0.04930102162890964
1710802122.019103,-0.0484267125527064
1710802122.019216,-0.14579456713464525
1710802122.019329,-0.24351265695359972
1710802122.0194418,-0.34088051981396145
1710802122.0195549,-0.4403498106532627
1710802122.0196679,-0.5387684040599399
1710802122.0197809,-0.6375372409820557
1710802122.0198936,-0.7363060447904799
1710802122.0200067,-0.8347246381971571
1710802122.0201197,-0.9324427445729573
1710802122.0202327,-1.0294603639178805
1710802122.0203454,-1.1261276404062908
1710802122.0204585,-1.221043798658583
1710802122.0205715,-1.317010720570882
1710802122.0206845,-1.4129776424831815
1710802122.0207973,-1.5082440111372206
1710802122.0209103,-1.6031601693895128
1710802122.0210233,-1.698776748445299
1710802122.0211363,-1.792642143037584
1710802122.021249,-1.8858071168263753
1710802122.021362,-1.9765203528934054
1710802122.021475,-2.0658324824439154
1710802122.021588,-2.1526930067274304
1710802122.0217009,-2.2381525569491916
1710802122.0218139,-2.322911686367459
1710802122.0219269,-2.406619919670953
1710802122.02204,-2.489978207482232
1710802122.0221527,-2.5722853342692056
1710802122.0222657,-2.653191884358724
1710802122.0223787,-2.732697327931722
1710802122.0224917,-2.8115020857916937
1710802122.0226045,-2.887154950035943
1710802122.0227175,-2.9603558116488986
1710802122.0228305,-3.0304047796461315
1710802122.0229435,-3.0990526411268444
1710802122.0230563,-3.16594918568929
1710802122.0231693,-3.231094413333469
1710802122.0232823,-3.294839064280192
1710802122.0233953,-3.3582332399156356
1710802122.023508,-3.4202263090345593
1710802122.023621,-3.480118115743001
1710802122.023734,-3.53895902633667
1710802122.023847,-3.5942975680033364
1710802122.0239599,-3.6475348472595215
1710802122.024073,-3.697269492679172
1710802122.024186,-3.7456030315823026
1710802122.024299,-3.792185518476698
1710802122.0244117,-3.8359660572475858
1710802122.0245247,-3.880447016821967
1710802122.0246377,-3.9224762386745877
1710802122.0247507,-3.9631046189202204
1710802122.0248635,-4.003732999165853
1710802122.0249765,-4.041559431287977
1710802122.0250895,-4.076583650377062
1710802122.0252025,-4.110207027859158
1710802122.0253153,-4.140328036414252
1710802122.0254283,-4.167997307247585
1710802122.0255413,-4.192164209153917
1710802122.0256543,-4.214930004543728
1710802122.025767,-4.235944747924805
1710802122.02588,-4.254157543182373
1710802122.025993,-4.272019863128662
1710802122.026106,-4.287430710262722
1710802122.026219,-4.302140871683757
1710802122.026332,-4.315099981096056
1710802122.026445,-4.3256073527865935
1710802122.026558,-4.332612090640597
1710802122.0266707,-4.33751556608412
1710802122.0267837,-4.339266883002387
1710802122.0268967,-4.338566197289361
1710802122.0270097,-4.336114459567599
1710802122.0271225,-4.332612090640597
1710802122.0272355,-4.328409300910102
1710802122.0273485,-4.322805404663086
1710802122.0274615,-4.31720150841607
1710802122.0275743,-4.3101965056525335
1710802122.0276873,-4.301790661282009
1710802122.0278003,-4.290582868787977
1710802122.0279133,-4.275872707366943
1710802122.028026,-4.259060753716363
1710802122.028139,-4.240147802564833
1710802122.0282521,-4.218432638380262
1710802122.0283651,-4.1960170533921985
1710802122.028478,-4.1732509930928545
1710802122.028591,-4.150134987301296
1710802122.028704,-4.126668506198459
1710802122.028817,-4.102151393890381
1710802122.0289297,-4.076233439975314
1710802122.0290427,-4.04751353793674
1710802122.0291557,-4.015641212463379
1710802122.0292687,-3.980616728464762
1710802122.0293815,-3.943140771653917
1710802122.0294945,-3.902512391408284
1710802122.0296075,-3.8622342215643988
1710802122.0297205,-3.8198547893100314
1710802122.0298333,-3.778525988260905
1710802122.0299463,-3.736496766408284
1710802122.0300593,-3.693416648440891
1710802122.0301723,-3.6478850576612682
1710802122.0302851,-3.601302570766873
1710802122.0303981,-3.5515679253472223
1710802122.0305111,-3.4986811214023166
1710802122.0306242,-3.444393210940891
1710802122.030737,-3.38695314195421
1710802122.03085,-3.329162862565782
1710802122.030963,-3.269971741570367
1710802122.031076,-3.211130566067166
1710802122.0311887,-3.152289655473497
1710802122.0313017,-3.092397848765055
1710802122.0314147,-3.0300545692443848
1710802122.0315278,-2.966660393608941
1710802122.0316405,-2.899763584136963
1710802122.0317535,-2.83111572265625
1710802122.0318666,-2.759665913052029
1710802122.0319796,-2.6861148410373263
1710802122.0320923,-2.6111626625061035
1710802122.0322053,-2.535509798261854
1710802122.0323184,-2.4598571989271374
1710802122.0324314,-2.3831537034776473
1710802122.0325441,-2.3046988911098905
1710802122.0326571,-2.2262443436516657
1710802122.0327702,-2.1463886896769204
1710802122.0328832,-2.0640812979804144
1710802122.032996,-1.9782715373569064
1710802122.033109,-1.8921114338768852
1710802122.033222,-1.8045504887898762
1710802122.033335,-1.716989411248101
1710802122.0334477,-1.625925964779324
1710802122.0335608,-1.5369640456305609
1710802122.0336738,-1.4452000459035237
1710802122.0337868,-1.3530858357747395
1710802122.0338995,-1.2599209944407146
1710802122.0340126,-1.1653550465901692
1710802122.0341256,-1.069037914276123
1710802122.0342386,-0.9716700845294528
1710802122.0343513,-0.8743021885553995
1710802122.0344644,-0.7744826873143513
1710802122.0345774,-0.6739626328150431
1710802122.0346904,-0.5741430653466119
1710802122.0348032,-0.47362301084730357
1710802122.0349162,-0.3710014952553643
1710802122.0350292,-0.26767949263254803
1710802122.0351422,-0.1657584806283315
1710802122.035255,-0.06313696503639221
1710802122.035368,0.03914195630285475
1710802122.035481,0.14038229982058206
1710802122.035594,0.24197295308113098
1710802122.0357068,0.34286297029919094
1710802122.0358198,0.4437530040740967
1710802122.0359328,0.5442926949924892
1710802122.0360458,0.6458833482530382
1710802122.0361586,0.7460727294286092
1710802122.0362716,0.8476634158028497
1710802122.0363846,0.9475025203492906
1710802122.0364974,1.0462906625535753
1710802122.0366104,1.1450787385304768
1710802122.0367234,1.241414811876085
1710802122.0368364,1.3366997241973877
1710802122.0369492,1.4316345585717094
1710802122.0370622,1.5248176786634657
1710802122.0371752,1.6180007987552218
1710802122.0372882,1.7115342617034912
1710802122.037401,1.8047173817952473
1710802122.037514,1.8975502914852567
1710802122.037627,1.9896825154622395
1710802122.03774,2.079362471898397
1710802122.0378528,2.1669406361050076
1710802122.0379658,2.2524168756273055
1710802122.0380788,2.335440847608778
1710802122.0381918,2.4167135026719833
1710802122.0383046,2.495183414883084
1710802122.0384176,2.573303116692437
1710802122.0385306,2.6510726081000433
1710802122.0386436,2.7277912033928766
1710802122.0387564,2.803108162350125
1710802122.0388694,2.876673804389106
1710802122.0389824,2.9481376541985407
1710802122.0390954,3.016448550754123
1710802122.0392082,3.082657655080159
1710802122.0393212,3.1446631749471026
1710802122.0394342,3.2045666376749673
1710802122.0395472,3.262368043263753
1710802122.03966,3.3180676566229925
1710802122.039773,3.3741177452935114
1710802122.039886,3.427715566423204
1710802122.039999,3.4802624914381237
1710802122.0401118,3.53175852033827
1710802122.0402248,3.579751385582818
1710802122.0403378,3.626342879401313
1710802122.0404508,3.6690809991624618
1710802122.0405636,3.7104180124070907
1710802122.0406766,3.7479013866848416
1710802122.0407896,3.7832829687330456
1710802122.0409026,3.8172631793551974
1710802122.0410154,3.8487913873460555
1710802122.0411284,3.880669805738661
1710802122.0412414,3.9104464319017196
1710802122.0413544,3.939171897040473
1710802122.0414672,3.9654453595479326
1710802122.0415802,3.9906679259406195
1710802122.0416932,4.0134382247924805
1710802122.0418062,4.033055835300021
1710802122.041919,4.049520492553711
1710802122.042032,4.06458404329088
1710802122.042145,4.076494640774197
1710802122.042258,4.087354342142741
1710802122.0423708,4.096812672085232
1710802122.0424838,4.106271002027723
1710802122.0425968,4.1132773293389215
1710802122.0427098,4.119582970937093
1710802122.0428226,4.125187926822238
1710802122.0429356,4.1279904047648115
1710802122.0430486,4.1279904047648115
1710802122.0431616,4.125187926822238
1710802122.0432744,4.119232760535346
1710802122.0433874,4.110124640994601
1710802122.0435004,4.100315835740831
1710802122.0436134,4.087354342142741
1710802122.0437262,4.074743058946398
1710802122.0438392,4.061431090037028
1710802122.0439522,4.047418700324164
1710802122.0440652,4.032705359988742
1710802122.044178,4.016591178046332
1710802122.044291,3.9983749389648438
1710802122.044404,3.97735595703125
1710802122.044517,3.9535347620646157
1710802122.0446298,3.9286626709832086
1710802122.0447428,3.900637626647949
1710802122.0448558,3.872963057623969
1710802122.0449688,3.843536641862657
1710802122.0450816,3.8137600156995983
1710802122.0451946,3.785384760962592
1710802122.0453076,3.7563088205125594
1710802122.0454206,3.7254812982347274
1710802122.0455334,3.692902194129096
1710802122.0456464,3.657871087392171
1710802122.0457594,3.6186358663770886
1710802122.0458724,3.5783500141567655
1710802122.0459852,3.534560998280843
1710802122.0460982,3.4907719824049206
1710802122.0462112,3.445931805504693
1710802122.0463243,3.401091893513997
1710802122.046437,3.3562519815233016
1710802122.04655,3.3100106981065536
1710802122.046663,3.2627185185750323
1710802122.046776,3.214024967617459
1710802122.0468888,3.161478042602539
1710802122.0470018,3.1061286396450467
1710802122.0471148,3.0483269691467285
1710802122.0472279,2.98772308561537
1710802122.0473406,2.9260680410597057
1710802122.0474536,2.863011625077989
1710802122.0475667,2.7996052636040583
1710802122.0476797,2.7361986372205944
1710802122.0477924,2.672091325124105
1710802122.0479054,2.607283592224121
1710802122.0480185,2.540724277496338
1710802122.0481315,2.471012009514703
1710802122.0482442,2.399548159705268
1710802122.0483572,2.325982517666287
1710802122.0484703,2.2510157691107855
1710802122.0485833,2.173946830961439
1710802122.048696,2.0968781577216253
1710802122.048809,2.0194590091705322
1710802122.048922,1.9409889645046658
1710802122.049035,1.8621687094370523
1710802122.0491478,1.7815967400868733
1710802122.0492609,1.7010249031914604
1710802122.0493739,1.6173001130421956
1710802122.0494869,1.5321742163764105
1710802122.0495996,1.4442457093132866
1710802122.0497127,1.3559669918484158
1710802122.0498257,1.2659366925557454
1710802122.0499387,1.1752057075500488
1710802122.0500515,1.0830734835730658
1710802122.0501645,0.9909412595960829
1710802122.0502775,0.8981084161334567
1710802122.0503905,0.8042246765560573
1710802122.0505033,0.7089396317799886
1710802122.0506163,0.614004929860433
1710802122.0507293,0.5176689558558993
1710802122.0508423,0.41993174288007945
1710802122.050955,0.32219452990425956
1710802122.051068,0.2234063876999749
1710802122.051181,0.12496853868166605
1710802122.051294,0.025129454831282295
1710802122.0514069,-0.07469501760270861
1710802122.0515199,-0.17556531561745536
1710802122.051633,-0.27573511004447937
1710802122.051746,-0.37695563501781887
1710802122.0518587,-0.47782593303256565
1710802122.0519717,-0.5783459875318739
1710802122.0520847,-0.6785157654020522
1710802122.0521977,-0.7783353328704834
1710802122.0523105,-0.8774544133080376
1710802122.0524235,-0.9765734937455919
1710802122.0525365,-1.076042784584893
1710802122.0526495,-1.1755120754241943
1710802122.0527623,-1.2742809454600017
1710802122.0528753,-1.3730498154958088
1710802122.0529883,-1.4711181322733562
1710802122.0531013,-1.5674352645874023
1710802122.053214,-1.6623514228396945
1710802122.053327,-1.7551660537719727
1710802122.05344,-1.8462295002407498
1710802122.053553,-1.936592525906033
1710802122.0536659,-2.02695541911655
1710802122.053779,-2.116267681121826
1710802122.053892,-2.205930153528849
1710802122.054005,-2.2945419947306314
1710802122.0541177,-2.382453282674154
1710802122.0542307,-2.4689634641011557
1710802122.0543437,-2.5540728039211698
1710802122.0544567,-2.6353292995029025
1710802122.0545695,-2.716586059994168
1710802122.0546825,-2.7950406074523926
1710802122.0547955,-2.8713938925001354
1710802122.0549085,-2.9456456502278647
1710802122.0550213,-3.0198974079555936
1710802122.0551343,-3.0937989552815752
1710802122.0552473,-3.1648982895745172
1710802122.0553603,-3.236348099178738
1710802122.055473,-3.304295539855957
1710802122.055586,-3.3704916636149087
1710802122.055699,-3.4335356288486056
1710802122.0558121,-3.4934274355570474
1710802122.055925,-3.551217714945475
1710802122.056038,-3.606206046210395
1710802122.056151,-3.6590928501553006
1710802122.056264,-3.709878126780192
1710802122.0563767,-3.7589123513963485
1710802122.0564897,-3.8079465760125055
1710802122.0566027,-3.855229483710395
1710802122.0567157,-3.8993602328830295
1710802122.0568285,-3.94279056125217
1710802122.0569415,-3.9830684661865234
1710802122.0570545,-4.021595319112142
1710802122.0571675,-4.056619803110759
1710802122.0572803,-4.08849212858412
1710802122.0573933,-4.118963347540961
1710802122.0575063,-4.148033459981282
1710802122.0576193,-4.1753525204128685
1710802122.057732,-4.2009202639261884
1710802122.057845,-4.226137797037761
1710802122.0579581,-4.249604278140597
1710802122.0580711,-4.271669652726915
1710802122.058184,-4.290582868787977
1710802122.058297,-4.3080949783325195
1710802122.05841,-4.321054087744819
1710802122.058523,-4.332612090640597
1710802122.0586357,-4.340317514207628
1710802122.0587487,-4.345571200052897
1710802122.0588617,-4.349073568979899
1710802122.0589747,-4.352225727505154
1710802122.0590875,-4.353626834021674
1710802122.0592005,-4.354327254825168
1710802122.0593135,-4.353276623619927
1710802122.0594265,-4.35152530670166
1710802122.0595393,-4.347322252061632
1710802122.0596523,-4.339617093404134
1710802122.0597653,-4.330160352918837
1710802122.0598783,-4.316851033104791
1710802122.0599911,-4.301790661282009
1710802122.0601041,-4.285679393344455
1710802122.0602171,-4.268167283799913
1710802122.0603302,-4.249954488542345
1710802122.060443,-4.231391482883029
1710802122.060556,-4.212828742133246
1710802122.060669,-4.192514419555664
1710802122.060782,-4.170449044969347
1710802122.0608947,-4.1455817222595215
1710802122.0610077,-4.117212030622694
1710802122.0611207,-4.087091022067599
1710802122.0612338,-4.053117434183757
1710802122.0613465,-4.018443160586886
1710802122.0614595,-3.9816676245795355
1710802122.0615726,-3.946292930179172
1710802122.0616856,-3.9088167084587946
1710802122.0617983,-3.873091803656684
1710802122.0619113,-3.8338645299275713
1710802122.0620244,-3.794287045796712
1710802122.0621374,-3.7515571382310653
1710802122.0622501,-3.706025547451443
1710802122.0623631,-3.6580419540405273
1710802122.0624762,-3.6079570982191296
1710802122.0625892,-3.555770715077718
1710802122.062702,-3.5025337007310653
1710802122.062815,-3.4489462110731335
1710802122.062928,-3.395358986324734
1710802122.063041,-3.341421286265055
1710802122.0631537,-3.2860827445983887
1710802122.0632668,-3.229343361324734
1710802122.0633798,-3.169451554616292
1710802122.0634928,-3.1071080101860895
1710802122.0636055,-3.0426632033454046
1710802122.0637186,-2.9747157626681857
1710802122.0638316,-2.905017269982232
1710802122.0639446,-2.8342678811815047
1710802122.0640574,-2.7635187572903104
1710802122.0641704,-2.6913685268825955
1710802122.0642834,-2.6195685068766275
1710802122.0643964,-2.5456669595506454
1710802122.0645092,-2.4707147810194225
1710802122.0646222,-2.3933105998569064
1710802122.0647352,-2.3141556315951877
1710802122.0648482,-2.2332490815056696
1710802122.064961,-2.1495408482021756
1710802122.065074,-2.0654822720421686
1710802122.065187,-1.9793223010169134
1710802122.0653,-1.8938627507951524
1710802122.0654128,-1.8066518836551242
1710802122.0655258,-1.7197913593716092
1710802122.0656388,-1.631179650624593
1710802122.0657518,-1.542567941877577
1710802122.0658646,-1.4522049162122939
1710802122.0659776,-1.3604410489400227
1710802122.0660906,-1.2676262855529785
1710802122.0662036,-1.1737608909606934
1710802122.0663164,-1.079545219739278
1710802122.0664294,-0.9835783640543619
1710802122.0665424,-0.8872612317403157
1710802122.0666554,-0.7902436123953925
1710802122.0667682,-0.6932260592778524
1710802122.0668812,-0.5948074658711752
1710802122.0669942,-0.49638887246449787
1710802122.0671072,-0.3976200355423821
1710802122.06722,-0.2978005011876424
1710802122.067333,-0.19763069020377264
1710802122.067446,-0.09781113101376428
1710802122.067559,0.0034100740837554135
1710802122.0676718,0.10359947052266863
1710802122.0677848,0.20413918627632988
1710802122.0678978,0.3053795297940572
1710802122.0680108,0.4076708025402493
1710802122.0681236,0.5099620752864413
1710802122.0682366,0.6108521090613471
1710802122.0683496,0.7117421097225612
1710802122.0684626,0.8105302519268459
1710802122.0685754,0.9086177746454874
1710802122.0686884,1.0056544012493558
1710802122.0688014,1.1019903421401978
1710802122.0689144,1.1972753206888835
1710802122.0690272,1.2929107083214653
1710802122.0691402,1.3881957530975342
1710802122.0692532,1.4838310082753499
1710802122.0693662,1.5780651569366455
1710802122.069479,1.671948962741428
1710802122.069592,1.7623296048906114
1710802122.069705,1.8523599041832817
1710802122.069818,1.9406387541029189
1710802122.0699308,2.025414307912191
1710802122.0700438,2.1091390980614557
1710802122.0701568,2.191812859641181
1710802122.0702698,2.2737860679626465
1710802122.0703826,2.3540075620015464
1710802122.0704956,2.434579531351725
1710802122.0706086,2.5137501292758517
1710802122.0707216,2.5904684596591525
1710802122.0708344,2.6661361588372126
1710802122.0709474,2.738300429450141
1710802122.0710604,2.8087133831448026
1710802122.0711734,2.875973383585612
1710802122.0712862,2.941832012600369
1710802122.0713992,3.0052386389838324
1710802122.0715122,3.0693459510803223
1710802122.0716252,3.1320518917507596
1710802122.071738,3.1944073571099176
1710802122.071851,3.2550115055508084
1710802122.071964,3.3142142825656467
1710802122.072077,3.372015953063965
1710802122.0721898,3.426314459906684
1710802122.0723028,3.4771098030938044
1710802122.0724158,3.525102403428819
1710802122.0725288,3.5706432660420733
1710802122.0726416,3.6133813858032227
1710802122.0727546,3.654718134138319
1710802122.0728676,3.6943035655551486
1710802122.0729806,3.7328378359476724
1710802122.0730934,3.7696207894219294
1710802122.0732064,3.8043016857571073
1710802122.0733194,3.8372310002644854
1710802122.0734324,3.8673578368292914
1710802122.0735452,3.8939817746480303
1710802122.0736582,3.9192040761311846
1710802122.0737712,3.9409234788682723
1710802122.0738842,3.9608912997775607
1710802122.073997,3.97735595703125
1710802122.07411,3.995572461022271
1710802122.074223,4.009584850735134
1710802122.074336,4.02499861187405
1710802122.0744488,4.03831058078342
1710802122.0745618,4.050921599070231
1710802122.0746748,4.060730404324001
1710802122.0747879,4.069838523864746
1710802122.0749006,4.076494640774197
1710802122.0750136,4.07894664340549
1710802122.0751266,4.080348014831543
1710802122.0752397,4.079997539520264
1710802122.0753524,4.078246222601996
1710802122.0754654,4.0743925836351185
1710802122.0755785,4.071590105692546
1710802122.0756915,4.0677367316351996
1710802122.0758042,4.062481986151801
1710802122.0759172,4.056526819864909
1710802122.0760303,4.048819806840685
1710802122.0761433,4.03831058078342
1710802122.076256,4.02499861187405
1710802122.076369,4.007483058505588
1710802122.076482,3.9892668194240994
1710802122.076595,3.969298998514811
1710802122.0767078,3.9475795957777233
1710802122.0768209,3.9258601930406356
1710802122.0769339,3.9027394188774958
1710802122.0770469,3.8813704914516873
1710802122.0771596,3.857549296485053
1710802122.0772727,3.8323267300923662
1710802122.0773857,3.8050023714701333
1710802122.0774987,3.7748752699957953
1710802122.0776114,3.7412452697753906
1710802122.0777245,3.7062141630384655
1710802122.0778375,3.668730788760715
1710802122.0779502,3.630546728769938
1710802122.0780632,3.592362668779161
1710802122.0781763,3.554178343878852
1710802122.0782893,3.515644073486328
1710802122.078402,3.476759327782525
1710802122.078515,3.436123000250922
1710802122.078628,3.3933848804897733
1710802122.078741,3.3474940723843045
1710802122.0788538,3.2984503110249834
1710802122.0789669,3.24800517823961
1710802122.0790799,3.1951080428229437
1710802122.0791929,3.1415102216932507
1710802122.0793056,3.086861504448785
1710802122.0794187,3.031512101491292
1710802122.0795317,2.976863384246826
1710802122.0796447,2.9201126098632812
1710802122.0797575,2.863011625077989
1710802122.0798705,2.8027579519483776
1710802122.0799835,2.7400520112779403
1710802122.0800965,2.6748938030666776
1710802122.0802093,2.607984277937147
1710802122.0803223,2.538272009955512
1710802122.0804353,2.4678590562608504
1710802122.0805483,2.3967456817626953
1710802122.080661,2.3245814111497665
1710802122.080774,2.253117561340332
1710802122.080887,2.180252472559611
1710802122.081,2.1059862772623696
1710802122.0811129,2.02961802482605
1710802122.0812259,1.9518486658732095
1710802122.081339,1.8702258004082573
1710802122.081452,1.7875520388285318
1710802122.0815647,1.7038273811340332
1710802122.0816777,1.6183511416117349
1710802122.0817907,1.5321742163764105
1710802122.0819037,1.445296737882826
1710802122.0820165,1.3584191269344754
1710802122.0821295,1.2708409627278645
1710802122.0822425,1.1818615595499675
1710802122.0823555,1.091130640771654
1710802122.0824683,1.0003997219933403
1710802122.0825813,0.9072165356742011
1710802122.0826943,0.8147340350680881
1710802122.0828073,0.7197993331485324
1710802122.08292,0.6252149078581068
1710802122.083033,0.5295795864529079
1710802122.083146,0.4328933027055528
1710802122.083259,0.3365573618147108
1710802122.0833719,0.23917044202486673
1710802122.083485,0.14178353879186842
1710802122.083598,0.043345710469616786
1710802122.083711,-0.0550813517636723
1710802122.0838237,-0.1534999410311381
1710802122.0839367,-0.2522687613964081
1710802122.0840497,-0.35173806879255504
1710802122.0841627,-0.4501566621992323
1710802122.0842755,-0.5492757426367866
1710802122.0843885,-0.6487450334760878
1710802122.0845015,-0.749265087975396
1710802122.0846145,-0.8487343788146973
1710802122.0847273,-0.9489042229122585
1710802122.0848403,-1.0483735137515597
1710802122.0849533,-1.1467920409308539
1710802122.0850663,-1.2452107005649142
1710802122.085179,-1.3422282536824544
1710802122.085292,-1.4378449651930068
1710802122.085405,-1.5338117546505399
1710802122.0855181,-1.628727912902832
1710802122.085631,-1.7243446244133842
1710802122.085744,-1.8199612034691703
1710802122.085857,-1.9141768084632025
1710802122.08597,-2.0080422030554876
1710802122.0860827,-2.099455992380778
1710802122.0861957,-2.190519438849555
1710802122.0863087,-2.278430726793077
1710802122.0864217,-2.365291118621826
1710802122.0865345,-2.449700037638346
1710802122.0866475,-2.532707850138346
1710802122.0867605,-2.6150152418348522
1710802122.0868735,-2.6962717374165854
1710802122.0869863,-2.7771782875061035
1710802122.0870993,-2.8570339414808483
1710802122.0872123,-2.935488488939073
1710802122.0873253,-3.012191984388563
1710802122.087438,-3.086443742116292
1710802122.087551,-3.1578935517205133
1710802122.0876641,-3.226891623602973
1710802122.0877771,-3.2937881681654186
1710802122.08789,-3.3589336607191296
1710802122.088003,-3.4219776259528265
1710802122.088116,-3.48397069507175
1710802122.088229,-3.54526334338718
1710802122.0883417,-3.6051551500956216
1710802122.0884547,-3.6629454294840493
1710802122.0885677,-3.718283971150716
1710802122.0886807,-3.7725718816121416
1710802122.0887935,-3.8226567374335394
1710802122.0889065,-3.8706400659349227
1710802122.0890195,-3.915471500820584
1710802122.0891325,-3.957500722673204
1710802122.0892453,-3.99777889251709
1710802122.0893583,-4.036305745442708
1710802122.0894713,-4.073431491851807
1710802122.0895844,-4.109156396653917
1710802122.0896971,-4.1434801949395075
1710802122.0898101,-4.175702730814616
1710802122.0899231,-4.20582373936971
1710802122.0900362,-4.2341934310065374
1710802122.090149,-4.259060753716363
1710802122.090262,-4.280775917900933
1710802122.090375,-4.298988713158502
1710802122.090488,-4.315099981096056
1710802122.0906007,-4.330160352918837
1710802122.0907137,-4.343119462331136
1710802122.0908267,-4.354677465226915
1710802122.0909398,-4.364484416113959
1710802122.0910525,-4.373940891689724
1710802122.0911655,-4.380595684051514
1710802122.0912786,-4.386549790700276
1710802122.0913916,-4.389001528422038
1710802122.0915043,-4.389351738823785
1710802122.0916173,-4.386549790700276
1710802122.0917304,-4.381296104855007
1710802122.0918434,-4.373940891689724
1710802122.0919561,-4.3655350473192005
1710802122.0920691,-4.355728096432156
1710802122.0921822,-4.346271620856391
1710802122.0922952,-4.335414038764106
1710802122.092408,-4.324206246270074
1710802122.092521,-4.31054671605428
1710802122.092634,-4.2954863442315
1710802122.092747,-4.276573128170437
1710802122.0928597,-4.25450775358412
1710802122.0929728,-4.2292902204725475
1710802122.0930858,-4.2030217912462025
1710802122.0931988,-4.174301889207628
1710802122.0933115,-4.144881301456027
1710802122.0934246,-4.115460713704427
1710802122.0935376,-4.086040390862359
1710802122.0936506,-4.0548684861924915
1710802122.0937634,-4.023346636030409
1710802122.0938764,-3.9886723624335394
1710802122.0939894,-3.950495719909668
1710802122.0941024,-3.9098676045735674
1710802122.0942152,-3.866437276204427
1710802122.0943282,-3.8205552101135254
1710802122.0944412,-3.772922092013889
1710802122.0945542,-3.7266898155212402
1710802122.094667,-3.6776555909050836
1710802122.09478,-3.630022472805447
1710802122.094893,-3.5806380377875433
1710802122.095006,-3.529852761162652
1710802122.0951188,-3.4769659572177463
1710802122.0952318,-3.4223278363545733
1710802122.0953448,-3.3659383985731335
1710802122.0954578,-3.304995960659451
1710802122.0955706,-3.241601785024007
1710802122.0956836,-3.178207609388563
1710802122.0957966,-3.1144632233513727
1710802122.0959096,-3.049317995707194
1710802122.0960224,-2.983822292751736
1710802122.0961354,-2.9172759585910373
1710802122.0962484,-2.8493285179138184
1710802122.0963614,-2.7806806564331055
1710802122.0964742,-2.7071293195088706
1710802122.0965872,-2.6321771409776473
1710802122.0967002,-2.5544230143229165
1710802122.0968132,-2.4756179915534124
1710802122.096926,-2.3936610751681857
1710802122.097039,-2.3120541042751737
1710802122.097152,-2.2286960813734265
1710802122.097265,-2.1456881364186606
1710802122.0973778,-2.061629560258653
1710802122.0974908,-1.9761700100368924
1710802122.0976038,-1.8893094857533772
1710802122.0977168,-1.8010479874081082
1710802122.0978296,-1.711385515001085
1710802122.0979426,-1.619621647728814
1710802122.0980556,-1.5261064635382757
1710802122.0981686,-1.4325912793477376
1710802122.0982814,-1.3383755418989394
1710802122.0983944,-1.2424087524414062
1710802122.0985074,-1.1457414097256131
1710802122.0986204,-1.0483735137515597
1710802122.0987332,-0.9503051969740126
1710802122.0988462,-0.8515363269382052
1710802122.0989592,-0.752067036098904
1710802122.0990722,-0.6522474686304728
1710802122.099185,-0.5510269602139791
1710802122.099298,-0.4505069057146708
1710802122.099411,-0.34823563363817
1710802122.099524,-0.24631460507710773
1710802122.0996368,-0.14439359307289124
1710802122.0997498,-0.042822808027267456
1710802122.0998628,0.06016071471903059
1710802122.0999758,0.1621016694439782
1710802122.1000886,0.26439295874701607
1710802122.1002016,0.3656333022647434
1710802122.1003146,0.46652330292595756
1710802122.1004276,0.5663624074723985
1710802122.1005404,0.6655008925331963
1710802122.1006534,0.7649896542231241
1710802122.1007664,0.8637777964274088
1710802122.1008794,0.9625659386316935
1710802122.1009922,1.0617044236924913
1710802122.1011052,1.1611931853824191
1710802122.1012182,1.2596310509575737
1710802122.1013312,1.3573682308197021
1710802122.101444,1.453353828854031
1710802122.101557,1.5486388736300998
1710802122.10167,1.6407710976070828
1710802122.101783,1.7325529787275527
1710802122.1018958,1.822233067618476
1710802122.1020088,1.9122633669111464
1710802122.1021218,2.0019434558020697
1710802122.1022348,2.090922726525201
1710802122.1023476,2.179551919301351
1710802122.1024606,2.2671299510531955
1710802122.1025736,2.3522559801737466
1710802122.1026866,2.4349297417534723
1710802122.1027994,2.514801025390625
1710802122.1029124,2.592570516798231
1710802122.1030254,2.6675372653537326
1710802122.1031384,2.7397018008761935
1710802122.1032512,2.810464964972602
1710802122.1033642,2.880176968044705
1710802122.1034772,2.9488383399115667
1710802122.1035903,3.016098340352376
1710802122.103703,3.0816067589653864
1710802122.103816,3.1450133853488498
1710802122.103929,3.2056175337897406
1710802122.104042,3.2637694146898055
1710802122.1041548,3.318418131934272
1710802122.1042678,3.3706145816379123
1710802122.1043808,3.4203590287102594
1710802122.1044939,3.4687021043565536
1710802122.1046066,3.515644073486328
1710802122.1047196,3.561885356903076
1710802122.1048326,3.6074259546067977
1710802122.1049457,3.6512149704827204
1710802122.1050584,3.693602879842122
1710802122.1051714,3.7328378359476724
1710802122.1052845,3.7710218959384494
1710802122.1053975,3.8036010000440807
1710802122.1055102,3.835479418436686
1710802122.1056232,3.864905834197998
1710802122.1057363,3.8911792967054577
1710802122.1058493,3.9153507020738387
1710802122.105962,3.938471476236979
1710802122.106075,3.9608912997775607
1710802122.106188,3.981559806399875
1710802122.106301,4.001177416907416
1710802122.1064138,4.018692970275879
1710802122.1065269,4.034456941816542
1710802122.1066399,4.047418700324164
1710802122.1067529,4.057927926381429
1710802122.1068656,4.064934253692627
1710802122.1069787,4.070539209577772
1710802122.1070917,4.073341687520345
1710802122.1072047,4.076494640774197
1710802122.1073174,4.078246222601996
1710802122.1074305,4.07894664340549
1710802122.1075435,4.07894664340549
1710802122.1076565,4.078246222601996
1710802122.1077693,4.0750932693481445
1710802122.1078823,4.071940581003825
1710802122.1079953,4.064233567979601
1710802122.1081083,4.054074552324083
1710802122.108221,4.040762583414714
1710802122.108334,4.026399718390571
1710802122.108447,4.009584850735134
1710802122.10856,3.993470403883192
1710802122.1086729,3.9756046401129828
1710802122.1087859,3.9591397179497614
1710802122.1088989,3.9402230580647783
1710802122.109012,3.9220068189832897
1710802122.1091247,3.900287416246202
1710802122.1092377,3.8778673277960882
1710802122.1093507,3.850893179575602
1710802122.1094637,3.822517924838596
1710802122.1095765,3.792741298675537
1710802122.1096895,3.7601621945699053
1710802122.1098025,3.727583090464274
1710802122.1099155,3.6950042512681747
1710802122.1100283,3.6624251471625433
1710802122.1101413,3.6287951469421387
1710802122.1102543,3.5948146714104547
1710802122.1103673,3.558382193247477
1710802122.11048,3.519497447543674
1710802122.110593,3.4771098030938044
1710802122.110706,3.4326201015048556
1710802122.110819,3.3846272362603083
1710802122.1109319,3.3369845814175076
1710802122.111045,3.286189238230387
1710802122.111158,3.2360945807562933
1710802122.111271,3.185299237569173
1710802122.1113837,3.1362554762098522
1710802122.1114967,3.0840590265062118
1710802122.1116097,3.031512101491292
1710802122.1117227,2.9754620128207736
1710802122.1118355,2.9173101319207086
1710802122.1119485,2.857056458791097
1710802122.1120615,2.7947007285224066
1710802122.1121745,2.7298929956224227
1710802122.1122873,2.6650849978129068
1710802122.1124003,2.599576579199897
1710802122.1125133,2.53371795018514
1710802122.1126263,2.4682095315721297
1710802122.112739,2.4009495311313205
1710802122.112852,2.331587473551432
1710802122.112965,2.2615249951680503
1710802122.113078,2.1886600388420954
1710802122.113191,2.1129924721188016
1710802122.113304,2.0359236664242215
1710802122.113417,1.957103411356608
1710802122.11353,1.8782830238342285
1710802122.1136427,1.7984117401970756
1710802122.1137557,1.718890799416436
1710802122.1138687,1.637618276807997
1710802122.1139817,1.557046439912584
1710802122.1140945,1.472621096505059
1710802122.1142075,1.387144856982761
1710802122.1143205,1.3020188278622098
1710802122.1144335,1.2137401103973389
1710802122.1145463,1.1237096786499023
1710802122.1146593,1.0329787598715887
1710802122.1147723,0.9429484605789185
1710802122.1148853,0.8501156171162922
1710802122.114998,0.7579833931393093
1710802122.115111,0.6637493107053969
1710802122.1152241,0.5702158477571275
1710802122.1153371,0.47563145558039344
1710802122.11545,0.37999610106150306
1710802122.115563,0.28436077965630424
1710802122.115676,0.1876744959089491
1710802122.115789,0.0902875926759508
1710802122.1159017,-0.006747670575148529
1710802122.1160147,-0.10446576608551873
1710802122.1161277,-0.2021838559044732
1710802122.1162407,-0.30060244931115043
1710802122.1163535,-0.3986707660886976
1710802122.1164665,-0.49743960301081336
1710802122.1165795,-0.5955079529020522
1710802122.1166925,-0.6935762696795993
1710802122.1168053,-0.7912943760553995
1710802122.1169183,-0.8879617187711928
1710802122.1170313,-0.983928640683492
1710802122.1171443,-1.0798954963684082
1710802122.117257,-1.1755120754241943
1710802122.1173701,-1.2711287869347465
1710802122.1174831,-1.3667453659905326
1710802122.1175961,-1.462712287902832
1710802122.117709,-1.5572781032986112
1710802122.117822,-1.6521942615509033
1710802122.117935,-1.7457094457414415
1710802122.118048,-1.8367728922102187
1710802122.1181607,-1.9281865490807426
1710802122.1182737,-2.016798390282525
1710802122.1183867,-2.104359335369534
1710802122.1184998,-2.1919204129113092
1710802122.1186125,-2.278780937194824
1710802122.1187255,-2.365291118621826
1710802122.1188385,-2.451100879245334
1710802122.1189513,-2.536210219065348
1710802122.1190643,-2.6199187172783747
1710802122.1191773,-2.7011752128601074
1710802122.1192904,-2.781731287638346
1710802122.1194031,-2.8584347830878363
1710802122.1195161,-2.933386961619059
1710802122.1196291,-3.005186981625027
1710802122.1197422,-3.076286580827501
1710802122.119855,-3.144584231906467
1710802122.119968,-3.2135823037889266
1710802122.120081,-3.2801286379496255
1710802122.120194,-3.3459745513068304
1710802122.1203067,-3.4090185165405273
1710802122.1204197,-3.470661375257704
1710802122.1205328,-3.529852761162652
1710802122.1206458,-3.5851913028293185
1710802122.1207585,-3.638428317175971
1710802122.1208715,-3.688863648308648
1710802122.1209846,-3.7375473976135254
1710802122.1210976,-3.784480094909668
1710802122.1212103,-3.8307123714023166
1710802122.1213233,-3.874492910173204
1710802122.1214364,-3.918273448944092
1710802122.1215494,-3.959252039591471
1710802122.1216621,-3.9995299445258246
1710802122.1217752,-4.0370061662462025
1710802122.1218882,-4.072030650244819
1710802122.1220012,-4.104252921210395
1710802122.122114,-4.133673508961995
1710802122.122227,-4.160992569393581
1710802122.12234,-4.186560312906901
1710802122.122453,-4.210026794009738
1710802122.1225657,-4.232442378997803
1710802122.1226788,-4.253807332780626
1710802122.1227918,-4.273771180046929
1710802122.1229048,-4.292333920796712
1710802122.1230175,-4.308795399136013
1710802122.1231306,-4.322805404663086
1710802122.1232436,-4.333662721845839
1710802122.1233566,-4.341718355814616
1710802122.1234694,-4.346621831258138
1710802122.1235824,-4.35012420018514
1710802122.1236954,-4.35012420018514
1710802122.1238084,-4.349773989783393
1710802122.1239212,-4.348022937774658
1710802122.1240342,-4.34522098965115
1710802122.1241472,-4.342769251929389
1710802122.1242602,-4.338215986887614
1710802122.124373,-4.33121124903361
1710802122.124486,-4.321754508548312
1710802122.124599,-4.309846295250787
1710802122.124712,-4.294785658518474
1710802122.1248248,-4.277973969777425
1710802122.1249378,-4.259060753716363
1710802122.1250508,-4.23909690645006
1710802122.1251638,-4.218082427978516
1710802122.1252766,-4.197768105400933
1710802122.1253896,-4.17640315161811
1710802122.1255026,-4.153987566630046
1710802122.1256156,-4.129820929633246
1710802122.1257284,-4.103202290005154
1710802122.1258414,-4.073781702253553
1710802122.1259544,-4.041208955976698
1710802122.1260674,-4.006184736887614
1710802122.1261802,-3.9687085151672363
1710802122.1262932,-3.930531872643365
1710802122.1264062,-3.891654809315999
1710802122.1265192,-3.853127956390381
1710802122.126632,-3.8135504722595215
1710802122.126745,-3.7732723024156356
1710802122.126858,-3.7308928701612682
1710802122.126971,-3.6860617001851397
1710802122.1270838,-3.6380781067742243
1710802122.1271968,-3.5876430405510797
1710802122.1273098,-3.5340555508931475
1710802122.1274228,-3.478717009226481
1710802122.1275356,-3.4209267298380532
1710802122.1276486,-3.3634866608513727
1710802122.1277616,-3.305696646372477
1710802122.1278746,-3.246855470869276
1710802122.1279874,-3.1866134537590876
1710802122.1281004,-3.124620384640164
1710802122.1282134,-3.0619266298082137
1710802122.1283264,-2.995030085245768
1710802122.1284392,-2.9260320133633084
1710802122.1285522,-2.8542319933573403
1710802122.1286652,-2.781731287638346
1710802122.1287782,-2.7067791091071234
1710802122.128891,-2.6321771409776473
1710802122.129004,-2.5565245416429305
1710802122.129117,-2.4805214669969344
1710802122.12923,-2.403817971547445
1710802122.1293428,-2.3253634240892196
1710802122.1294558,-2.244807349310981
1710802122.1295688,-2.1632003784179688
1710802122.1296818,-2.0787915918562145
1710802122.1297946,-1.9929816987779405
1710802122.1299076,-1.9047202004326713
1710802122.1300206,-1.8168090449439154
1710802122.1301336,-1.7271465725368924
1710802122.1302464,-1.6374841001298692
1710802122.1303594,-1.546770864062839
1710802122.1304724,-1.4553570747375488
1710802122.1305854,-1.3625424438052707
1710802122.1306982,-1.2693774700164795
1710802122.1308112,-1.1737608909606934
1710802122.1309242,-1.078144245677524
1710802122.1310372,-0.980776415930854
1710802122.13115,-0.8823578225241767
1710802122.131263,-0.7835890187157525
1710802122.131376,-0.6844699382781982
1710802122.131489,-0.583599673377143
1710802122.1316018,-0.4827293422487047
1710802122.1317148,-0.3801078597704569
1710802122.1318278,-0.27818683120939464
1710802122.1319408,-0.17486482858657837
1710802122.1320536,-0.07119258244832356
1710802122.1321666,0.03178539375464121
1710802122.1322796,0.13477729426489934
1710802122.1323926,0.23776920305358037
1710802122.1325054,0.34076111184226143
1710802122.1326184,0.4427020748456319
1710802122.1327314,0.5474455157915751
1710802122.1328444,0.6507877508799235
1710802122.1329572,0.7537796099980671
1710802122.1330702,0.856421258714464
1710802122.1331832,0.9576615360048082
1710802122.1332963,1.0578509834077623
1710802122.133409,1.1559384398990207
1710802122.133522,1.2533254093594022
1710802122.133635,1.3486104541354709
1710802122.133748,1.4442457093132866
1710802122.1338608,1.5388302008310952
1710802122.1339738,1.6344654560089111
1710802122.1340868,1.7286996046702066
1710802122.1341999,1.8229336208767362
1710802122.1343126,1.9164670838250053
1710802122.1344256,2.0078987545437283
1710802122.1345387,2.0961774720085993
1710802122.1346517,2.184105979071723
1710802122.1347644,2.269232008192274
1710802122.1348774,2.351905769772
1710802122.1349905,2.4321272638108993
1710802122.1351035,2.5137501292758517
1710802122.1352162,2.591869831085205
1710802122.1353292,2.6713906394110785
1710802122.1354423,2.746707863277859
1710802122.1355553,2.8220250871446395
1710802122.135668,2.894890308380127
1710802122.135781,2.966003682878282
1710802122.135894,3.0329132080078125
1710802122.136007,3.096319834391276
1710802122.1361198,3.1590257750617132
1710802122.1362329,3.2185790273878307
1710802122.1363459,3.2781322797139483
1710802122.1364589,3.335232999589708
1710802122.1365716,3.3933848804897733
1710802122.1366847,3.449084758758545
1710802122.1367977,3.502682579888238
1710802122.1369107,3.554879029591878
1710802122.1370234,3.604623476664225
1710802122.1371365,3.650864760080973
1710802122.1372495,3.693602879842122
1710802122.1373625,3.733538521660699
1710802122.1374753,3.770321210225423
1710802122.1375883,3.8053525818718805
1710802122.1377013,3.839332792494032
1710802122.1378143,3.8705107900831432
1710802122.137927,3.9013383123609753
1710802122.13804,3.9297135670979815
1710802122.138153,3.9556368192036944
1710802122.138266,3.9808591206868487
1710802122.1383789,4.002228313022189
1710802122.1384919,4.022196133931478
1710802122.1386049,4.038660791185167
1710802122.138718,4.05302365620931
1710802122.1388307,4.065284464094374
1710802122.1389437,4.076494640774197
1710802122.1390567,4.087003866831462
1710802122.1391697,4.096111986372206
1710802122.1392825,4.104869895511203
1710802122.1393955,4.1125766436258955
1710802122.1395085,4.118181864420573
1710802122.1396215,4.123436344994439
1710802122.1397343,4.124487241109212
1710802122.1398473,4.123086134592692
1710802122.1399603,4.119582970937093
1710802122.1400733,4.113627804650201
1710802122.140186,4.1052201059129505
1710802122.140299,4.096462461683485
1710802122.140412,4.087003866831462
1710802122.140525,4.076144165462917
1710802122.1406379,4.065284464094374
1710802122.140751,4.053724341922336
1710802122.140864,4.03971168729994
1710802122.140977,4.023947715759277
1710802122.1410897,4.004330105251736
1710802122.1412027,3.9829611778259277
1710802122.1413157,3.9584392971462674
1710802122.1414287,3.931815359327528
1710802122.1415415,3.9048414760165744
1710802122.1416545,3.876115745968289
1710802122.1417675,3.8477404912312823
1710802122.1418805,3.81866455078125
1710802122.1419933,3.7895886103312173
1710802122.1421063,3.7587610880533853
1710802122.1422193,3.726181983947754
1710802122.1423323,3.6904501914978027
1710802122.142445,3.650864760080973
1710802122.142558,3.610929118262397
1710802122.142671,3.5671401023864746
1710802122.142784,3.5222999254862466
1710802122.142897,3.477810223897298
1710802122.14301,3.4329703119066024
1710802122.143123,3.388130399915907
1710802122.143236,3.342589537302653
1710802122.1433487,3.296698729197184
1710802122.1434617,3.24800517823961
1710802122.1435747,3.1972098350524902
1710802122.1436877,3.1432618035210504
1710802122.1438005,3.086861504448785
1710802122.1439135,3.0287096235487194
1710802122.1440265,2.968806160820855
1710802122.1441395,2.9089026980929904
1710802122.1442523,2.8479483392503524
1710802122.1443653,2.7873441908094616
1710802122.1444783,2.725338935852051
1710802122.1445913,2.6626329951816134
1710802122.144704,2.598175472683377
1710802122.144817,2.5312656826443143
1710802122.1449301,2.460502518547906
1710802122.1450431,2.3890389336480036
1710802122.145156,2.3140719201829696
1710802122.145269,2.238054010603163
1710802122.145382,2.160985337363349
1710802122.145495,2.084266874525282
1710802122.1456077,2.0057968298594155
1710802122.1457207,1.9276771280500624
1710802122.1458337,1.8474555015563965
1710802122.1459467,1.7672340075174966
1710802122.1460595,1.684910456339518
1710802122.1461725,1.6001349025302463
1710802122.1462855,1.514308320151435
1710802122.1463985,1.426029470231798
1710802122.1465113,1.3384513060251872
1710802122.1466243,1.249121692445543
1710802122.1467373,1.1590912606981065
1710802122.1468503,1.0694113042619493
1710802122.1469631,0.9779796997706095
1710802122.1470761,0.8879493342505561
1710802122.1471891,0.795116557015313
1710802122.1473022,0.7019333706961738
1710802122.147415,0.6073489454057481
1710802122.147528,0.5127645863427056
1710802122.147641,0.41607830259535045
1710802122.147754,0.3197423285908169
1710802122.1478667,0.22270575165748596
1710802122.1479797,0.12461822893884447
1710802122.1480927,0.026180392338169944
1710802122.1482058,-0.07189306947920057
1710802122.1483185,-0.17171262039078605
1710802122.1484315,-0.27153218785921734
1710802122.1485445,-0.3706512517399258
1710802122.1486576,-0.47012057569291854
1710802122.1487703,-0.5688893795013428
1710802122.1488833,-0.668358736568027
1710802122.1489964,-0.7671275403764513
1710802122.1491094,-0.8662466208140055
1710802122.1492221,-0.9650154246224297
1710802122.1493351,-1.064484715461731
1710802122.1494482,-1.1639540725284152
1710802122.1495612,-1.2623725997077093
1710802122.149674,-1.3607912593417697
1710802122.149787,-1.4571083916558158
1710802122.1499,-1.552374760309855
1710802122.150013,-1.6458899445003934
1710802122.1501257,-1.7383543650309243
1710802122.1502388,-1.8297680219014485
1710802122.1503518,-1.9201310475667317
1710802122.1504648,-2.0101437303755016
1710802122.1505775,-2.099806202782525
1710802122.1506906,-2.1891184647878013
1710802122.1508036,-2.27667940987481
1710802122.1509166,-2.3631898562113443
1710802122.1510293,-2.448298931121826
1710802122.1511424,-2.5302561124165854
1710802122.1512554,-2.610461976793077
1710802122.1513684,-2.6882161034478083
1710802122.1514812,-2.7649195988972983
1710802122.1515942,-2.8409226735432944
1710802122.1517072,-2.91552464167277
1710802122.1518202,-2.988725768195258
1710802122.151933,-3.0619266298082137
1710802122.152046,-3.1340768602159286
1710802122.152159,-3.204125828213162
1710802122.152272,-3.2717227935791016
1710802122.1523848,-3.3365180757310653
1710802122.1524978,-3.399211565653483
1710802122.1526108,-3.4584029515584307
1710802122.1527238,-3.5161932309468584
1710802122.1528366,-3.5715317726135254
1710802122.1529496,-3.625819683074951
1710802122.1530626,-3.6790566974216037
1710802122.1531756,-3.7301924493577743
1710802122.1532884,-3.780277305179172
1710802122.1534014,-3.8282606336805554
1710802122.1535144,-3.87379248936971
1710802122.1536274,-3.9165221320258246
1710802122.1537402,-3.9564500914679632
1710802122.1538532,-3.9935758378770614
1710802122.1539662,-4.028600321875678
1710802122.1540792,-4.060122172037761
1710802122.154192,-4.090943601396349
1710802122.154305,-4.119313557942708
1710802122.154418,-4.146982828776042
1710802122.154531,-4.1732509930928545
1710802122.1546438,-4.197768105400933
1710802122.1547568,-4.221234586503771
1710802122.1548698,-4.242599275377062
1710802122.1549828,-4.2604618602328825
1710802122.1550956,-4.275522232055664
1710802122.1552086,-4.288481341467963
1710802122.1553216,-4.299689133961995
1710802122.1554346,-4.307044347127278
1710802122.1555474,-4.316150612301296
1710802122.1556604,-4.3214042981465655
1710802122.1557734,-4.327008194393581
1710802122.1558864,-4.331911669837104
1710802122.1559992,-4.334713617960612
1710802122.1561122,-4.336114459567599
1710802122.1562252,-4.335414038764106
1710802122.1563382,-4.332612090640597
1710802122.156451,-4.3256073527865935
1710802122.156564,-4.316150612301296
1710802122.156677,-4.304942819807264
1710802122.15679,-4.292684396107991
1710802122.1569028,-4.277623759375678
1710802122.1570158,-4.2618627018398705
1710802122.1571288,-4.247152540418837
1710802122.1572418,-4.2306910620795355
1710802122.1573546,-4.2124785317315
1710802122.1574676,-4.192164209153917
1710802122.1575806,-4.169748624165853
1710802122.1576936,-4.1441808806525335
1710802122.1578064,-4.116161399417453
1710802122.1579194,-4.084989494747585
1710802122.1580324,-4.05136611726549
1710802122.1581454,-4.018443160586886
1710802122.1582582,-3.9844695727030435
1710802122.1583712,-3.9501455095079208
1710802122.1584842,-3.915471500820584
1710802122.1585972,-3.879746596018473
1710802122.15871,-3.8419201638963485
1710802122.158823,-3.800941573248969
1710802122.158936,-3.7575112448798285
1710802122.159049,-3.711279233296712
1710802122.1591618,-3.6622450086805554
1710802122.1592748,-3.612860573662652
1710802122.1593878,-3.561374611324734
1710802122.1595008,-3.5102391242980957
1710802122.1596136,-3.458753161960178
1710802122.1597266,-3.406566778818766
1710802122.1598396,-3.3536799748738604
1710802122.1599526,-3.298691643608941
1710802122.1600654,-3.24125157462226
1710802122.1601784,-3.1817102432250977
1710802122.1602914,-3.1193666987948947
1710802122.1604042,-3.0542212062411838
1710802122.1605172,-2.988375292883979
1710802122.1606302,-2.9204281171162925
1710802122.1607432,-2.853181097242567
1710802122.160856,-2.7852339214748807
1710802122.160969,-2.7151849534776473
1710802122.161082,-2.6461868815951877
1710802122.161195,-2.573686440785726
1710802122.1613078,-2.5001351038614907
1710802122.1614208,-2.42378208372328
1710802122.1615338,-2.344977060953776
1710802122.1616468,-2.26407077577379
1710802122.1617596,-2.182463804880778
1710802122.1618726,-2.099806202782525
1710802122.1619856,-2.016448179880778
1710802122.1620986,-1.9320392608642578
1710802122.1622114,-1.8465797106424966
1710802122.1623244,-1.7607699500189886
1710802122.1624374,-1.6732088724772134
1710802122.1625504,-1.5845971637301974
1710802122.1626632,-1.4945844809214275
1710802122.1627762,-1.4024702707926433
1710802122.1628892,-1.3096556398603652
1710802122.1630023,-1.216140455669827
1710802122.163115,-1.1212242974175346
1710802122.163228,-1.0263081391652424
1710802122.163341,-0.9296407964494493
1710802122.163454,-0.832973387506273
1710802122.1635668,-0.7356055577596029
1710802122.1636798,-0.6375372409820557
1710802122.1637928,-0.5394688910908169
1710802122.1639059,-0.4396493236223856
1710802122.1640186,-0.34088051981396145
1710802122.1641316,-0.2403604653146532
1710802122.1642447,-0.14089114136166042
1710802122.1643577,-0.041071590450074934
1710802122.1644704,0.059109777212142944
1710802122.1645834,0.16035012072987026
1710802122.1646965,0.2612401379479302
1710802122.1648095,0.3617798619800144
1710802122.1649222,0.4630202054977417
1710802122.1650352,0.5632095866733127
1710802122.1651483,0.6626983483632406
1710802122.1652613,0.7611362139383951
1710802122.165374,0.8595740132861667
1710802122.165487,0.9562602970335219
1710802122.1656,1.0536472002665203
1710802122.165713,1.1517347229851616
1710802122.1658258,1.24877134958903
1710802122.1659389,1.3468588723076713
1710802122.1660519,1.4438954989115398
1710802122.1661649,1.5402314398023818
1710802122.1662776,1.6348157988654242
1710802122.1663907,1.7276485761006672
1710802122.1665037,1.8180292182498508
1710802122.1666167,1.907358964284261
1710802122.1667295,1.9945867856343586
1710802122.1668425,2.08041336801317
1710802122.1669555,2.1655393971337213
1710802122.1670685,2.250665293799506
1710802122.1671813,2.3343899514940047
1710802122.1672943,2.4174141883850098
1710802122.1674073,2.4972854720221624
1710802122.1675203,2.5757553842332626
1710802122.167633,2.6510726081000433
1710802122.167746,2.723937564425998
1710802122.167859,2.7940000428093805
1710802122.167972,2.8626614146762424
1710802122.1680849,2.9281698332892523
1710802122.1681979,2.9940287272135415
1710802122.1683109,3.0588364601135254
1710802122.168424,3.122593296898736
1710802122.1685367,3.184949027167426
1710802122.1686497,3.244852489895291
1710802122.1687627,3.303705056508382
1710802122.1688757,3.3590544594658747
1710802122.1689885,3.4112509091695147
1710802122.1691015,3.462746938069661
1710802122.1692145,3.5100391176011825
1710802122.1693275,3.554879029591878
1710802122.1694403,3.6004196272956
1710802122.1695533,3.6438584327697754
1710802122.1696663,3.6865965525309243
1710802122.1697793,3.7279335657755532
1710802122.169892,3.7671685218811035
1710802122.170005,3.804651896158854
1710802122.170118,3.839683267805311
1710802122.170231,3.8719118965996637
1710802122.1703439,3.900987837049696
1710802122.170457,3.9276117748684354
1710802122.17057,3.9510827594333224
1710802122.170683,3.973152372572157
1710802122.1707957,3.9931201934814453
1710802122.1709087,4.012387328677707
1710802122.1710217,4.029902882046169
1710802122.1711347,4.046367539299859
1710802122.1712475,4.062131775750054
1710802122.1713605,4.074743058946398
1710802122.1714735,4.085602760314941
1710802122.1715865,4.092959298027886
1710802122.1716993,4.098914464314778
1710802122.1718123,4.101716942257351
1710802122.1719253,4.103118313683404
1710802122.1720383,4.103118313683404
1710802122.172151,4.10206741756863
1710802122.172264,4.099965360429552
1710802122.172377,4.0971628824869795
1710802122.1724901,4.09541130065918
1710802122.172603,4.08910592397054
1710802122.172716,4.082800282372369
1710802122.172829,4.074042373233371
1710802122.172942,4.062131775750054
1710802122.1730547,4.047068225012885
1710802122.1731677,4.029902882046169
1710802122.1732807,4.011686642964681
1710802122.1733937,3.992069297366672
1710802122.1735065,3.9721014764573837
1710802122.1736195,3.9517831802368164
1710802122.1737325,3.9314651489257812
1710802122.1738455,3.9093955357869463
1710802122.1739583,3.8859245512220593
1710802122.1740713,3.8600012991163464
1710802122.1741843,3.830575148264567
1710802122.1742973,3.799397415584988
1710802122.17441,3.765066729651557
1710802122.174523,3.7293346722920733
1710802122.1746361,3.69220150841607
1710802122.1747491,3.654718134138319
1710802122.174862,3.6172347598605685
1710802122.174975,3.5794009102715387
1710802122.175088,3.5401659541659884
1710802122.175201,3.500230312347412
1710802122.1753137,3.45784240298801
1710802122.1754267,3.411601119571262
1710802122.1755397,3.3629078335232205
1710802122.1756527,3.311061594221327
1710802122.1757655,3.257813983493381
1710802122.1758785,3.2031652662489147
1710802122.1759915,3.148516549004449
1710802122.1761045,3.0935173564487033
1710802122.1762173,3.038868639204237
1710802122.1763303,2.9828185505337186
1710802122.1764433,2.927118937174479
1710802122.1765563,2.8672154744466147
1710802122.1766691,2.8055604298909507
1710802122.1767821,2.742153803507487
1710802122.1768951,2.6773460706075034
1710802122.1770082,2.609735859764947
1710802122.177121,2.540724277496338
1710802122.177234,2.473113801744249
1710802122.177347,2.403051323360867
1710802122.17746,2.334039741092258
1710802122.1775727,2.2622256808810763
1710802122.1776857,2.1907618310716415
1710802122.1777987,2.1164956357744003
1710802122.1779118,2.039076487223307
1710802122.1780245,1.960956785413954
1710802122.1781375,1.8789837095472548
1710802122.1782506,1.7970105012257893
1710802122.1783636,1.7129355006747775
1710802122.1784763,1.6281598144107394
1710802122.1785893,1.5426835748884413
1710802122.1787024,1.456506649653117
1710802122.1788154,1.3696291711595323
1710802122.1789281,1.2824013498094347
1710802122.1790411,1.1930716037750244
1710802122.1791542,1.1012897226545546
1710802122.1792672,1.0091574986775715
1710802122.17938,0.9156240357293023
1710802122.179493,0.8210396766662598
1710802122.179606,0.725754631890191
1710802122.179719,0.6290683481428359
1710802122.1798317,0.5327324072519938
1710802122.1799448,0.43604612350463867
1710802122.1800578,0.3376082910431756
1710802122.1801708,0.23917044202486673
1710802122.1802835,0.14038229982058206
1710802122.1803966,0.040543207691775426
1710802122.1805096,-0.05893403457270728
1710802122.1806226,-0.15875359376271567
1710802122.1807353,-0.25857316123114693
1710802122.1808484,-0.35874297221501666
1710802122.1809614,-0.4592629936006334
1710802122.1810744,-0.5601333247290717
1710802122.1811872,-0.6613538000318739
1710802122.1813002,-0.7629246181911892
1710802122.1814132,-0.8641451597213745
1710802122.1815262,-0.9639647271898057
1710802122.181639,-1.064834992090861
1710802122.181752,-1.1632535192701552
1710802122.181865,-1.2620223893059623
1710802122.181978,-1.3590399424235027
1710802122.1820908,-1.4564078383975558
1710802122.1822038,-1.552374760309855
1710802122.1823168,-1.6490421030256484
1710802122.1824298,-1.7467602094014485
1710802122.1825426,-1.8423767884572346
1710802122.1826556,-1.9369427363077798
1710802122.1827686,-2.030457920498318
1710802122.1828816,-2.1232725514305963
1710802122.1829944,-2.2129350238376193
1710802122.1831074,-2.3011965221828885
1710802122.1832204,-2.3873564932081432
1710802122.1833334,-2.4728160434299045
1710802122.1834462,-2.5572249624464245
1710802122.1835592,-2.6402327749464245
1710802122.1836722,-2.7235907978481717
1710802122.1837852,-2.804847558339437
1710802122.183898,-2.885403633117676
1710802122.184011,-2.963507970174154
1710802122.184124,-3.0391608344184027
1710802122.184237,-3.1123616960313583
1710802122.1843498,-3.1820604536268444
1710802122.1844628,-3.249657418992784
1710802122.1845758,-3.314802911546495
1710802122.1846888,-3.378547297583686
1710802122.1848016,-3.440890842013889
1710802122.1849146,-3.5028839111328125
1710802122.1850276,-3.5624255074395075
1710802122.1851406,-3.6209162076314287
1710802122.1852534,-3.6762547492980957
1710802122.1853664,-3.729841974046495
1710802122.1854794,-3.78167814678616
1710802122.1855924,-3.8286108440823026
1710802122.1857052,-3.874843120574951
1710802122.1858182,-3.9172225528293185
1710802122.1859312,-3.958201143476698
1710802122.1860442,-3.9981291029188366
1710802122.186157,-4.0370061662462025
1710802122.18627,-4.073781702253553
1710802122.186383,-4.10880618625217
1710802122.186496,-4.142779774136013
1710802122.1866088,-4.174301889207628
1710802122.1867218,-4.203722212049696
1710802122.1868348,-4.229990641276042
1710802122.1869478,-4.253807332780626
1710802122.1870606,-4.273420969645183
1710802122.1871736,-4.292684396107991
1710802122.1872866,-4.308795399136013
1710802122.1873996,-4.3235058254665795
1710802122.1875124,-4.337865776485867
1710802122.1876254,-4.350824885898166
1710802122.1877384,-4.3620326783921985
1710802122.1878514,-4.371489153967963
1710802122.1879642,-4.379194577534993
1710802122.1880772,-4.383047156863742
1710802122.1881902,-4.384798473782009
1710802122.1883032,-4.383747842576769
1710802122.188416,-4.379894998338488
1710802122.188529,-4.3732404708862305
1710802122.188642,-4.3655350473192005
1710802122.188755,-4.356428782145183
1710802122.1888678,-4.347322252061632
1710802122.1889808,-4.336815145280626
1710802122.1890938,-4.325957563188341
1710802122.1892068,-4.313348664177789
1710802122.1893196,-4.29793808195326
1710802122.1894326,-4.279725286695692
1710802122.1895456,-4.259060753716363
1710802122.1896586,-4.235594537523058
1710802122.1897714,-4.210026794009738
1710802122.1898844,-4.183758364783393
1710802122.1899974,-4.156439304351807
1710802122.1901104,-4.12912024392022
1710802122.1902232,-4.101450973086886
1710802122.1903362,-4.072731071048312
1710802122.1904492,-4.042960272894965
1710802122.1905622,-4.010037316216363
1710802122.190675,-3.974662621815999
1710802122.190788,-3.936135768890381
1710802122.190901,-3.8941065470377603
1710802122.191014,-3.8499757978651257
1710802122.1911268,-3.804443942175971
1710802122.1912398,-3.7582119305928545
1710802122.1913528,-3.711279233296712
1710802122.1914659,-3.6636458502875433
1710802122.1915786,-3.6167131529914007
1710802122.1916916,-3.5676791932847762
1710802122.1918046,-3.5158430205451117
1710802122.1919177,-3.4626057412889266
1710802122.1920304,-3.403764830695258
1710802122.1921434,-3.3452741305033364
1710802122.1922565,-3.2839814821879068
1710802122.1923695,-3.220587306552463
1710802122.1924822,-3.1571931309170194
1710802122.1925952,-3.0927480591668024
1710802122.1927083,-3.0283032523261175
1710802122.1928213,-2.963507970174154
1710802122.192934,-2.8959110048082137
1710802122.193047,-2.828313774532742
1710802122.19316,-2.756513754526774
1710802122.193273,-2.6833128929138184
1710802122.1933858,-2.606959607866075
1710802122.1934988,-2.5299059020148382
1710802122.1936119,-2.451100879245334
1710802122.1937249,-2.3715957005818686
1710802122.1938376,-2.2913898362053766
1710802122.1939507,-2.2111838393741183
1710802122.1940637,-2.1299272113376193
1710802122.1941767,-2.04797003004286
1710802122.1942894,-1.9646120071411133
1710802122.1944025,-1.879502667321099
1710802122.1945155,-1.792291932635837
1710802122.1946285,-1.7036802238888211
1710802122.1947412,-1.614017751481798
1710802122.1948543,-1.5229541725582547
1710802122.1949673,-1.4308400948842366
1710802122.1950803,-1.3380253314971924
1710802122.195193,-1.2452107005649142
1710802122.195306,-1.150644752714369
1710802122.195419,-1.0557286606894598
1710802122.195532,-0.9597618050045437
1710802122.1956449,-0.8616934219996134
1710802122.1957579,-0.7636251052220662
1710802122.1958709,-0.664856301413642
1710802122.195984,-0.5653869443469577
1710802122.1960967,-0.46416643593046397
1710802122.1962097,-0.36364638143115574
1710802122.1963227,-0.26137510935465497
1710802122.1964357,-0.15945408079359266
1710802122.1965485,-0.056482329964637756
1710802122.1966615,0.046848836872312755
1710802122.1967745,0.15019105540381536
1710802122.1968875,0.2514313823646969
1710802122.1970003,0.3530220521820916
1710802122.1971133,0.4553133249282837
1710802122.1972263,0.5555027061038547
1710802122.1973393,0.6549914677937826
1710802122.197452,0.7537796099980671
1710802122.197565,0.8546696768866645
1710802122.197678,0.9534578190909492
1710802122.197791,1.052596304151747
1710802122.1979039,1.1510341697269015
1710802122.198017,1.2480706638760037
1710802122.19813,1.3437060515085857
1710802122.198243,1.437940067715115
1710802122.1983557,1.530072291692098
1710802122.1984687,1.6211536195543077
1710802122.1985817,1.710833575990465
1710802122.1986947,1.7998129791683621
1710802122.1988075,1.8901936213175454
1710802122.1989205,1.9781221283806694
1710802122.1990335,2.0674518744150796
1710802122.1991465,2.1546796957651773
1710802122.1992593,2.2398055924309626
1710802122.1993723,2.324230935838487
1710802122.1994853,2.404452429877387
1710802122.1995983,2.4829226069980197
1710802122.199711,2.558590041266547
1710802122.199824,2.6325061586168075
1710802122.199937,2.705020639631483
1710802122.20005,2.7761342790391708
1710802122.200163,2.847597863939073
1710802122.200276,2.916609446207682
1710802122.200389,2.985621028476291
1710802122.200502,3.0511297119988336
1710802122.2006147,3.114886548784044
1710802122.2007277,3.1751402219136553
1710802122.2008407,3.232591417100694
1710802122.2009537,3.287240399254693
1710802122.2010665,3.3408382203843856
1710802122.2011795,3.3909328778584795
1710802122.2012925,3.4406773249308267
1710802122.2014055,3.489370610978868
1710802122.2015183,3.537363476223416
1710802122.2016313,3.5822033882141113
1710802122.2017443,3.626342879401313
1710802122.201857,3.6680301030476885
1710802122.20197,3.706914848751492
1710802122.202083,3.742646641201443
1710802122.2021961,3.776276641421848
1710802122.202309,3.8067539532979326
1710802122.202422,3.8358298937479653
1710802122.202535,3.862803777058919
1710802122.202648,3.8883765538533526
1710802122.2027607,3.9139495955573187
1710802122.2028737,3.9374203152126737
1710802122.2029867,3.9598404036627874
1710802122.2030997,3.9808591206868487
1710802122.2032125,3.999425835079617
1710802122.2033255,4.015890492333306
1710802122.2034385,4.029902882046169
1710802122.2035515,4.041113058725993
1710802122.2036643,4.050221178266737
1710802122.2037773,4.057577715979682
1710802122.2038903,4.063883357577853
1710802122.2040033,4.069488313462999
1710802122.204116,4.074042373233371
1710802122.204229,4.07754553688897
1710802122.2043421,4.08069822523329
1710802122.2044551,4.08069822523329
1710802122.204568,4.07894664340549
1710802122.204681,4.074042373233371
1710802122.204794,4.065634939405653
1710802122.204907,4.055826134151882
1710802122.2050197,4.043915536668566
1710802122.2051327,4.0288519859313965
1710802122.2052457,4.014489120907253
1710802122.2053587,3.9987251493665905
1710802122.2054715,3.9836615986294217
1710802122.2055845,3.9675474166870117
1710802122.2056975,3.9500315984090166
1710802122.2058105,3.9307644632127547
1710802122.2059233,3.909045060475667
1710802122.2060363,3.8845231797960067
1710802122.2061493,3.857549296485053
1710802122.2062624,3.8288235664367676
1710802122.2063751,3.7983462545606823
1710802122.2064881,3.7671685218811035
1710802122.2066011,3.7366912100050182
1710802122.2067142,3.7055134773254395
1710802122.206827,3.673635058932834
1710802122.20694,3.641756640540229
1710802122.207053,3.6067252688937717
1710802122.207166,3.570292790730794
1710802122.2072787,3.531057834625244
1710802122.2073917,3.4890204005771213
1710802122.2075047,3.4441802236768932
1710802122.2076178,3.3982894155714245
1710802122.2077305,3.352748817867703
1710802122.2078435,3.3054566383361816
1710802122.2079566,3.2588648796081543
1710802122.2080696,3.2129740715026855
1710802122.2081823,3.164630995856391
1710802122.2082953,3.1141858630710177
1710802122.2084084,3.0612887276543512
1710802122.2085214,3.0059393246968584
1710802122.2086341,2.9488383399115667
1710802122.2087471,2.887883981068929
1710802122.2088602,2.826228936513265
1710802122.2089732,2.7631725205315485
1710802122.209086,2.700116369459364
1710802122.209199,2.636359532674154
1710802122.209312,2.572602695888943
1710802122.209425,2.5070940123664007
1710802122.2095377,2.4405346976386175
1710802122.2096508,2.3711729049682617
1710802122.2097638,2.3004097408718533
1710802122.2098768,2.226493888431125
1710802122.2099895,2.150826189253065
1710802122.2101026,2.0737575160132513
1710802122.2102156,1.9966887103186712
1710802122.2103286,1.9178683227962918
1710802122.2104414,1.8390480677286782
1710802122.2105544,1.7595271269480386
1710802122.2106674,1.679655843310886
1710802122.2107804,1.5980329778459337
1710802122.2108932,1.514658530553182
1710802122.2110062,1.4295326338873968
1710802122.2111192,1.3433557086520724
1710802122.2112322,1.2554272015889485
1710802122.211345,1.1660975880093045
1710802122.211458,1.0767678419748943
1710802122.211571,0.9863871998257107
1710802122.211684,0.8956562148200141
1710802122.2117968,0.8035240570704142
1710802122.2119098,0.7117421097225612
1710802122.2120228,0.618208646774292
1710802122.2121358,0.5236242545975579
1710802122.2122486,0.42833924293518066
1710802122.2123616,0.3313026494450039
1710802122.2124746,0.23461638225449455
1710802122.2125876,0.13687916927867466
1710802122.2127004,0.0380910187959671
1710802122.2128134,-0.061735990974638194
1710802122.2129264,-0.16085505485534668
1710802122.2130394,-0.26207559638553196
1710802122.2131522,-0.3622454073694017
1710802122.2132652,-0.4631156722704569
1710802122.2133782,-0.5636357598834567
1710802122.2134912,-0.6634552611245049
1710802122.213604,-0.7625743415620592
1710802122.213717,-0.8609929349687364
1710802122.21383,-0.9594115283754137
1710802122.213943,-1.056779358122084
1710802122.2140558,-1.154847674899631
1710802122.2141688,-1.2525657812754314
1710802122.2142818,-1.3506340980529785
1710802122.2143948,-1.447301573223538
1710802122.2145076,-1.5432683626810708
1710802122.2146206,-1.6381845209333632
1710802122.2147336,-1.7316997051239014
1710802122.2148466,-1.8227631515926785
1710802122.2149594,-1.9131261772579617
1710802122.2150724,-2.0020880964067245
1710802122.2151854,-2.090699805153741
1710802122.2152984,-2.178260882695516
1710802122.2154112,-2.266172038184272
1710802122.2155242,-2.353032694922553
1710802122.2156372,-2.438842455546061
1710802122.2157502,-2.5243020057678223
1710802122.215863,-2.6073098182678223
1710802122.215976,-2.687165472242567
1710802122.216089,-2.765970495012071
1710802122.216202,-2.842673990461561
1710802122.2163148,-2.9179763793945312
1710802122.2164278,-2.990126609802246
1710802122.2165408,-3.063677946726481
1710802122.2166538,-3.1340768602159286
1710802122.2167666,-3.2051764594184027
1710802122.2168796,-3.2745247417026095
1710802122.2169926,-3.3424721823798285
1710802122.2171056,-3.407967885335286
1710802122.2172184,-3.471011850568983
1710802122.2173314,-3.5312536027696395
1710802122.2174444,-3.5886936717563205
1710802122.2175574,-3.642631371815999
1710802122.2176702,-3.695518175760905
1710802122.2177832,-3.7477045589023166
1710802122.2178962,-3.7963885731167264
1710802122.2180092,-3.8450723224216037
1710802122.218122,-3.891654809315999
1710802122.218235,-3.9364859792921276
1710802122.218348,-3.9795660972595215
1710802122.218461,-4.01949405670166
1710802122.2185738,-4.0569700135125055
1710802122.2186868,-4.091644287109375
1710802122.2187998,-4.123516347673204
1710802122.2189128,-4.152586725023058
1710802122.2190256,-4.179205099741618
1710802122.2191386,-4.205473528967963
1710802122.2192516,-4.2306910620795355
1710802122.2193646,-4.253456857469347
1710802122.2194774,-4.275172021653917
1710802122.2195904,-4.2954863442315
1710802122.2197034,-4.3143995602925616
1710802122.2198164,-4.330160352918837
1710802122.2199292,-4.34381988313463
1710802122.2200422,-4.354327254825168
1710802122.2201552,-4.3620326783921985
1710802122.2202682,-4.3676365746392145
1710802122.220381,-4.371489153967963
1710802122.220494,-4.374641312493218
1710802122.220607,-4.376742839813232
1710802122.22072,-4.378143946329753
1710802122.2208328,-4.378143946329753
1710802122.2209458,-4.376742839813232
1710802122.2210588,-4.373590681287977
1710802122.2211719,-4.366585678524441
1710802122.2212846,-4.356778992546929
1710802122.2213976,-4.3434696727328825
1710802122.2215106,-4.327358404795329
1710802122.2216237,-4.309846295250787
1710802122.2217364,-4.290582868787977
1710802122.2218494,-4.270969231923421
1710802122.2219625,-4.250304698944092
1710802122.2220755,-4.229640430874294
1710802122.2221882,-4.206524160173204
1710802122.2223012,-4.182357523176405
1710802122.2224143,-4.155738883548312
1710802122.2225273,-4.125968085394965
1710802122.22264,-4.093045128716363
1710802122.222753,-4.058020644717746
1710802122.222866,-4.020544687906901
1710802122.222979,-3.9823680453830295
1710802122.2230918,-3.943490982055664
1710802122.2232049,-3.9056645499335394
1710802122.2233179,-3.866787486606174
1710802122.2234309,-3.8268597920735674
1710802122.2235436,-3.7855309910244412
1710802122.2236567,-3.7414002418518066
1710802122.2237697,-3.694467544555664
1710802122.2238827,-3.6447328991360135
1710802122.2239954,-3.5925465159946017
1710802122.2241085,-3.538258605533176
1710802122.2242215,-3.4829200638665094
1710802122.2243345,-3.4268808364868164
1710802122.2244473,-3.370141453213162
1710802122.2245603,-3.314102490743001
1710802122.2246733,-3.2566624217563205
1710802122.2247863,-3.1974710358513727
1710802122.224899,-3.135127756330702
1710802122.225012,-3.0713833702935114
1710802122.225125,-3.003435929616292
1710802122.225238,-2.9340876473320856
1710802122.2253509,-2.8622876273261175
1710802122.2254639,-2.7894367112053766
1710802122.2255769,-2.7162358495924206
1710802122.22569,-2.6412834061516657
1710802122.2258027,-2.567031913333469
1710802122.2259157,-2.490328417883979
1710802122.2260287,-2.412924501630995
1710802122.2261417,-2.33306884765625
1710802122.2262545,-2.2511116663614907
1710802122.2263675,-2.1670530902014837
1710802122.2264805,-2.0805427763197155
1710802122.2265935,-1.9926314883761935
1710802122.2267063,-1.9040197796291776
1710802122.2268193,-1.8143573072221544
1710802122.2269323,-1.7250450452168782
1710802122.2270453,-1.633631388346354
1710802122.227158,-1.542918152279324
1710802122.227271,-1.4504537317487929
1710802122.227384,-1.3569385475582547
1710802122.227497,-1.2616721789042156
1710802122.2276099,-1.1660554673936632
1710802122.227723,-1.0693881909052532
1710802122.227836,-0.9709695974985758
1710802122.227949,-0.8729012144936455
1710802122.2280617,-0.7734319236543443
1710802122.2281747,-0.6736123561859131
1710802122.2282877,-0.5720416042539809
1710802122.2284007,-0.47082106272379554
1710802122.2285135,-0.3692502776781718
1710802122.2286265,-0.266278518570794
1710802122.2287395,-0.16330677602026197
1710802122.2288525,-0.061035499804549746
1710802122.2289653,0.04124383545584149
1710802122.2290783,0.14493635959095424
1710802122.2291913,0.24792826837963527
1710802122.2293043,0.3512704703542921
1710802122.229417,0.4549630151854621
1710802122.22953,0.5586555269029405
1710802122.229643,0.6623480717341105
1710802122.229756,0.7656902737087673
1710802122.229869,0.868331856197781
1710802122.229982,0.9695721997155083
1710802122.230095,1.0701119237475925
1710802122.230208,1.1678491698371039
1710802122.2303207,1.265236006842719
1710802122.2304337,1.3619222905900743
1710802122.2305467,1.4586085743374295
1710802122.2306597,1.5552948580847845
1710802122.2307725,1.6516307989756265
1710802122.2308855,1.7479667398664687
1710802122.2309985,1.842200888527764
1710802122.2311115,1.9350336657630072
1710802122.2312243,2.0250639650556774
1710802122.2313373,2.1126421292622886
1710802122.2314503,2.1984687116410995
1710802122.2315633,2.2811426056755915
1710802122.231676,2.3634658919440374
1710802122.231789,2.442286279466417
1710802122.2319021,2.5225077735053167
1710802122.2320151,2.601328161027696
1710802122.232128,2.6780467563205295
1710802122.232241,2.75336398018731
1710802122.232354,2.826228936513265
1710802122.232467,2.8976927863226996
1710802122.2325797,2.96460231145223
1710802122.2326927,3.030461205376519
1710802122.2328057,3.0921162499321833
1710802122.2329187,3.153420819176568
1710802122.2330315,3.2129740715026855
1710802122.2331445,3.2725270589192705
1710802122.2332575,3.330678939819336
1710802122.2333705,3.388480610317654
1710802122.2334833,3.4438300132751465
1710802122.2335963,3.496727148691813
1710802122.2337093,3.547172281477186
1710802122.2338223,3.5948146714104547
1710802122.233935,3.639304372999403
1710802122.2340481,3.680641386244032
1710802122.2341611,3.719876342349582
1710802122.2342741,3.7573597166273327
1710802122.234387,3.793441984388563
1710802122.2345,3.8277726703219943
1710802122.234613,3.861752880944146
1710802122.234726,3.8932810889350042
1710802122.2348387,3.92340792549981
1710802122.2349517,3.9500315984090166
1710802122.2350647,3.9752541648017035
1710802122.2351778,3.997323777940538
1710802122.2352905,4.016240702735053
1710802122.2354035,4.032355149586995
1710802122.2355165,4.047418700324164
1710802122.2356296,4.0596795082092285
1710802122.2357423,4.070539209577772
1710802122.2358553,4.081398910946316
1710802122.2359684,4.090156820085314
1710802122.2360814,4.0978635682000055
1710802122.2361941,4.103468524085151
1710802122.2363071,4.108373059166802
1710802122.2364202,4.110124640994601
1710802122.2365332,4.109423955281575
1710802122.236646,4.104869895511203
1710802122.236759,4.099615150027804
1710802122.236872,4.09225861231486
1710802122.236985,4.083851178487142
1710802122.2370977,4.075443479749891
1710802122.2372108,4.0659851498074
1710802122.2373238,4.056877030266656
1710802122.2374368,4.046718014611138
1710802122.2375495,4.034106731414795
1710802122.2376626,4.019393655988905
1710802122.2377756,4.002578523423937
1710802122.2378886,3.9822604921129012
1710802122.2380013,3.9591397179497614
1710802122.2381144,3.934267626868354
1710802122.2382274,3.9093955357869463
1710802122.2383404,3.8834722836812334
1710802122.2384531,3.856848610772027
1710802122.2385662,3.8302246729532876
1710802122.2386792,3.8021998935275607
1710802122.2387922,3.773824373881022
1710802122.238905,3.74299685160319
1710802122.239018,3.7086664305792914
1710802122.239131,3.671883477105035
1710802122.239244,3.6326485209994845
1710802122.2393568,3.5909612973531084
1710802122.2394698,3.5485733879937067
1710802122.2395828,3.5054850578308105
1710802122.2396958,3.462396462758382
1710802122.2398086,3.419308132595486
1710802122.2399216,3.3758693271213107
1710802122.2400346,3.3303287294175887
1710802122.2401476,3.284437656402588
1710802122.2402604,3.2353938950432672
1710802122.2403734,3.1824967596266003
1710802122.2404864,3.128198252783881
1710802122.2405994,3.071447743309869
1710802122.2407122,3.0143467585245767
1710802122.2408252,2.9561948776245117
1710802122.2409382,2.8976927863226996
1710802122.2410512,2.8395409054226346
1710802122.241164,2.780688338809543
1710802122.241277,2.7211350864834256
1710802122.24139,2.6587796211242676
1710802122.241503,2.5939716233147516
1710802122.2416158,2.526361412472195
1710802122.2417288,2.456999354892307
1710802122.2418418,2.3855357699924045
1710802122.2419548,2.3126705487569175
1710802122.2420676,2.238404485914442
1710802122.2421806,2.164138158162435
1710802122.2422936,2.0895214875539145
1710802122.2424066,2.0142043961419
1710802122.2425194,1.937485933303833
1710802122.2426324,1.857964860068427
1710802122.2427454,1.7773930231730142
1710802122.2428584,1.694719261593289
1710802122.2429712,1.6099435753292508
1710802122.2430842,1.5237666500939262
1710802122.2431972,1.4365388287438285
1710802122.24331,1.3486104541354709
1710802122.243423,1.2596310509575737
1710802122.243536,1.1706516477796767
1710802122.243649,1.0809716251161363
1710802122.2437618,0.9905909167395698
1710802122.2438748,0.8995096551047431
1710802122.2439878,0.80702715449863
1710802122.2441008,0.7145446538925171
1710802122.2442136,0.6203105714586046
1710802122.2443266,0.5260764559110006
1710802122.2444396,0.429740481906467
1710802122.2445526,0.33515608972973293
1710802122.2446654,0.23811951279640198
1710802122.2447784,0.14178353879186842
1710802122.2448914,0.04439664797650443
1710802122.2450044,-0.05262964301639133
1710802122.2451172,-0.1506979763507843
1710802122.2452302,-0.24806583921114603
1710802122.2453432,-0.346834659576416
1710802122.2454562,-0.44525325298309326
1710802122.245569,-0.541570352183448
1710802122.245682,-0.6399889124764336
1710802122.245795,-0.7377070188522339
1710802122.245908,-0.8357754018571641
1710802122.2460208,-0.9338437186347114
1710802122.2461338,-1.0326125224431355
1710802122.2462468,-1.1306809054480658
1710802122.2463598,-1.2280486689673529
1710802122.2464726,-1.3243658012813992
1710802122.2465856,-1.4203327231936984
1710802122.2466986,-1.5141981177859836
1710802122.2468116,-1.6063123279147677
1710802122.2469244,-1.698776748445299
1710802122.2470374,-1.790190405315823
1710802122.2471504,-1.8812538517846
1710802122.2472634,-1.9730178515116372
1710802122.2473762,-2.0630305343204074
1710802122.2474892,-2.153043349583944
1710802122.2476022,-2.2413047154744468
1710802122.2477152,-2.3271144760979547
1710802122.247828,-2.411173184712728
1710802122.247941,-2.493830786810981
1710802122.248054,-2.573686440785726
1710802122.248167,-2.6517907778422036
1710802122.2482798,-2.7291946940951877
1710802122.2483928,-2.8058981895446777
1710802122.2485058,-2.8815510537889266
1710802122.2486188,-2.955802811516656
1710802122.2487316,-3.0286534627278643
1710802122.2488446,-3.0994028515285916
1710802122.2489576,-3.167350027296278
1710802122.2490706,-3.233896361456977
1710802122.2491834,-3.2972905370924206
1710802122.2492964,-3.3589336607191296
1710802122.2494094,-3.4170741505093045
1710802122.2495224,-3.4748644298977323
1710802122.2496352,-3.531954288482666
1710802122.2497482,-3.5872928301493325
1710802122.2498612,-3.641230265299479
1710802122.2499743,-3.695167965359158
1710802122.250087,-3.746653927697076
1710802122.2502,-3.795337677001953
1710802122.250313,-3.8429707951015897
1710802122.250426,-3.8871015442742243
1710802122.2505388,-3.9284303453233504
1710802122.2506518,-3.9680080943637424
1710802122.2507648,-4.004433419969347
1710802122.2508779,-4.039457903967963
1710802122.2509906,-4.072731071048312
1710802122.2511036,-4.104953606923421
1710802122.2512167,-4.135424825880262
1710802122.2513297,-4.164845148722331
1710802122.2514424,-4.191113577948676
1710802122.2515554,-4.215630690256755
1710802122.2516685,-4.238046275244819
1710802122.2517815,-4.256959491305881
1710802122.2518942,-4.273771180046929
1710802122.2520072,-4.285679393344455
1710802122.2521203,-4.29793808195326
1710802122.2522333,-4.307044347127278
1710802122.252346,-4.316150612301296
1710802122.252459,-4.324556456671821
1710802122.252572,-4.330510563320583
1710802122.252685,-4.336464934878879
1710802122.2527978,-4.339967303805881
1710802122.2529109,-4.341017935011122
1710802122.2530239,-4.338916407691108
1710802122.2531369,-4.334713617960612
1710802122.2532496,-4.327358404795329
1710802122.2533627,-4.318602350023058
1710802122.2534757,-4.307744767930773
1710802122.2535887,-4.2954863442315
1710802122.2537014,-4.283577866024441
1710802122.2538145,-4.270969231923421
1710802122.2539275,-4.258010122511122
1710802122.2540405,-4.242249064975314
1710802122.2541533,-4.225437376234266
1710802122.2542663,-4.20477310816447
1710802122.2543793,-4.182707733578152
1710802122.2544923,-4.156789514753553
1710802122.254605,-4.129470454321967
1710802122.254718,-4.100750552283393
1710802122.254831,-4.070629543728298
1710802122.254944,-4.040508535173204
1710802122.2550569,-4.008986685011122
1710802122.2551699,-3.9785154660542803
1710802122.2552829,-3.9452422989739313
1710802122.255396,-3.9105680253770614
1710802122.2555087,-3.873091803656684
1710802122.2556217,-3.8317630026075573
1710802122.2557347,-3.7876322534349227
1710802122.2558477,-3.7414002418518066
1710802122.2559605,-3.6930664380391436
1710802122.2560735,-3.644382423824734
1710802122.2561865,-3.5953484641181097
1710802122.2562995,-3.545613818698459
1710802122.2564123,-3.4955286979675293
1710802122.2565253,-3.4454438421461315
1710802122.2566383,-3.3904555108812118
1710802122.2567513,-3.335467179616292
1710802122.256864,-3.278377585940891
1710802122.256977,-3.217435148027208
1710802122.25709,-3.1543911827935114
1710802122.257203,-3.0906467967563205
1710802122.2573159,-3.0251510938008623
1710802122.257429,-2.9596553908454046
1710802122.257542,-2.893459267086453
1710802122.257655,-2.827613353729248
1710802122.2577677,-2.758615281846788
1710802122.2578807,-2.6892669995625815
1710802122.2579937,-2.6174669795566134
1710802122.2581067,-2.5421645906236434
1710802122.2582195,-2.4651108847724066
1710802122.2583325,-2.3859556516011557
1710802122.2584455,-2.3068004184299045
1710802122.2585585,-2.2251934475368924
1710802122.2586713,-2.142886188295152
1710802122.2587843,-2.0612793498569064
1710802122.2588973,-1.9775709840986464
1710802122.2590103,-1.8931621975368924
1710802122.259123,-1.8073524369133842
1710802122.259236,-1.7204919126298692
1710802122.259349,-1.630829440222846
1710802122.259462,-1.5397659937540689
1710802122.259575,-1.447301573223538
1710802122.259688,-1.3534360461764865
1710802122.259801,-1.2595706515842013
1710802122.259914,-1.1636038621266682
1710802122.2600267,-1.066936453183492
1710802122.2601397,-0.9695686234368218
1710802122.2602527,-0.8715002404318916
1710802122.2603657,-0.7730817132525973
1710802122.2604785,-0.6729118691550361
1710802122.2605915,-0.5730923016866049
1710802122.2607045,-0.4725722803009881
1710802122.2608175,-0.3720522258016798
1710802122.2609303,-0.2711819443437788
1710802122.2610433,-0.16926091578271654
1710802122.2611563,-0.06733989550007714
1710802122.2612693,0.03423758265044954
1710802122.261382,0.13652885953585306
1710802122.261495,0.23952075176768833
1710802122.2616081,0.341111421585083
1710802122.2617211,0.4427020748456319
1710802122.261834,0.5435920755068461
1710802122.261947,0.6444821092817519
1710802122.26206,0.7432702514860365
1710802122.262173,0.8434596326616075
1710802122.2622857,0.941547155380249
1710802122.2623987,1.0406856404410467
1710802122.2625117,1.1391234397888184
1710802122.2626247,1.2379116482204862
1710802122.2627375,1.3366997241973877
1710802122.2628505,1.434086693657769
1710802122.2629635,1.530072291692098
1710802122.2630765,1.6239560974968803
1710802122.2631893,1.7164386643303764
1710802122.2633023,1.80681930647956
1710802122.2634153,1.8971999486287434
1710802122.2635283,1.9854786660936143
1710802122.263641,2.0737575160132513
1710802122.2637541,2.1620362334781222
1710802122.2638671,2.249264187282986
1710802122.2639802,2.3357913229200573
1710802122.264093,2.4202166663275824
1710802122.264206,2.502890427907308
1710802122.264319,2.5824112362331815
1710802122.264432,2.659830517239041
1710802122.2645447,2.733746369679769
1710802122.2646577,2.8062611156039767
1710802122.2647707,2.876673804389106
1710802122.2648838,2.946386072370741
1710802122.2649965,3.014696968926324
1710802122.2651095,3.0819572342766657
1710802122.2652225,3.1478158632914224
1710802122.2653356,3.2112224896748858
1710802122.2654483,3.2725270589192705
1710802122.2655613,3.330678939819336
1710802122.2656744,3.3860283427768283
1710802122.2657874,3.4375243716769748
1710802122.2659001,3.487969504462348
1710802122.2660131,3.5359621047973633
1710802122.2661262,3.5815029674106174
1710802122.2662392,3.627743985917833
1710802122.266352,3.671883477105035
1710802122.266465,3.7146215968661838
1710802122.266578,3.7559586101108127
1710802122.266691,3.7944928805033364
1710802122.2668037,3.830925358666314
1710802122.2669168,3.8638546731736922
1710802122.2670298,3.8950326707628036
1710802122.2671428,3.9227072397867837
1710802122.2672555,3.9482800165812173
1710802122.2673686,3.9728018972608776
1710802122.2674816,3.9962728818257647
1710802122.2675946,4.017992284562853
1710802122.2677073,4.03831058078342
1710802122.2678204,4.057227240668403
1710802122.2679334,4.0750932693481445
1710802122.2680464,4.0905070304870605
1710802122.2681592,4.10381899939643
1710802122.2682722,4.113978015051948
1710802122.2683852,4.121684763166639
1710802122.2684982,4.125187926822238
1710802122.268611,4.129041300879584
1710802122.268724,4.129391776190864
1710802122.268837,4.129391776190864
1710802122.26895,4.1279904047648115
1710802122.2690628,4.126238822937012
1710802122.2691758,4.123786820305718
1710802122.2692888,4.119582970937093
1710802122.2694018,4.1125766436258955
1710802122.2695146,4.102768103281657
1710802122.2696276,4.091557926601833
1710802122.2697406,4.075793955061171
1710802122.2698536,4.057927926381429
1710802122.2699664,4.040062162611219
1710802122.2700794,4.019743866390652
1710802122.2701924,3.999776045481364
1710802122.2703054,3.9794580141703286
1710802122.2704182,3.958789507548014
1710802122.2705312,3.9367198944091797
1710802122.2706442,3.9142998059590655
1710802122.2707572,3.888026343451606
1710802122.27087,3.860701984829373
1710802122.270983,3.829874462551541
1710802122.271096,3.797295358445909
1710802122.271209,3.7622642517089844
1710802122.2713218,3.7282837761773004
1710802122.2714348,3.693602879842122
1710802122.2715478,3.658571508195665
1710802122.2716608,3.6228397157457137
1710802122.2717736,3.5871079232957626
1710802122.2718866,3.5496242841084795
1710802122.2719996,3.508988221486409
1710802122.2721126,3.465199205610487
1710802122.2722254,3.4186074468824597
1710802122.2723384,3.370264371236165
1710802122.2724514,3.3180676566229925
1710802122.2725644,3.2662214173210993
1710802122.2726772,3.2136747572157116
1710802122.2727902,3.1607773568895126
1710802122.2729032,3.1075300110710993
1710802122.2730162,3.053581714630127
1710802122.273129,2.9982323116726346
1710802122.273242,2.9393800099690757
1710802122.273355,2.8787758615281844
1710802122.273468,2.8143183390299478
1710802122.2735808,2.749160130818685
1710802122.2736938,2.6811994446648493
1710802122.2738068,2.6125383377075195
1710802122.2739198,2.543176280127631
1710802122.2740326,2.4738144874572754
1710802122.2741456,2.403752009073893
1710802122.2742586,2.3329888449774847
1710802122.2743716,2.260474099053277
1710802122.2744844,2.1858575608995223
1710802122.2745974,2.1098396513197155
1710802122.2747104,2.0306690533955893
1710802122.2748234,1.9497468736436632
1710802122.2749362,1.8674233224656847
1710802122.2750492,1.7840490076276991
1710802122.2751622,1.699623664220174
1710802122.2752752,1.6155486636691623
1710802122.275388,1.530072291692098
1710802122.275501,1.4445960521697998
1710802122.275614,1.3573682308197021
1710802122.275727,1.2687391704983182
1710802122.2758398,1.1790590816073947
1710802122.2759528,1.0872772004869249
1710802122.2760658,0.9947946998808119
1710802122.2761788,0.9009108940760294
1710802122.2762916,0.8059761921564738
1710802122.2764046,0.7110414902369181
1710802122.2765176,0.6154061688317193
1710802122.2766306,0.5180192655987209
1710802122.2767434,0.4202820526229011
1710802122.2768564,0.3211436006757948
1710802122.2769694,0.22410700718561807
1710802122.2770824,0.12461822893884447
1710802122.2771952,0.02442882913682196
1710802122.2773082,-0.07609599166446261
1710802122.2774212,-0.17661604616377088
1710802122.2775342,-0.27783658769395614
1710802122.277647,-0.37800636556413436
1710802122.27776,-0.48027763764063514
1710802122.277873,-0.5814982122845119
1710802122.277986,-0.6830689642164443
1710802122.2780988,-0.7828885316848755
1710802122.2782118,-0.8834085861841837
1710802122.2783248,-0.983228153652615
1710802122.2784379,-1.0812964704301622
1710802122.2785506,-1.1783140235477023
1710802122.2786636,-1.2739307350582547
1710802122.2787766,-1.3709482881757948
1710802122.2788897,-1.465163893169827
1710802122.2790024,-1.5607806046803792
1710802122.2791154,-1.6560469733344183
1710802122.2792284,-1.7506129211849637
1710802122.2793415,-1.8451787365807426
1710802122.2794542,-1.938343710369534
1710802122.2795672,-2.029056946436564
1710802122.2796803,-2.118369075987074
1710802122.2797933,-2.205930153528849
1710802122.279906,-2.2924404674106174
1710802122.280019,-2.3782502280341253
1710802122.280132,-2.4619584613376193
1710802122.280245,-2.5463673803541393
1710802122.2803578,-2.6300756136576333
1710802122.2804708,-2.7123830053541393
1710802122.2805839,-2.7925888697306314
1710802122.2806969,-2.8724445237053766
1710802122.2808096,-2.9487978087531195
1710802122.2809227,-3.0226993560791016
1710802122.2810357,-3.094499376085069
1710802122.2811487,-3.163147237565782
1710802122.2812614,-3.230043782128228
1710802122.2813745,-3.2958896954854326
1710802122.2814875,-3.3606847127278643
1710802122.2816005,-3.4240788883633084
1710802122.2817132,-3.486072222391764
1710802122.2818263,-3.5466644499037
1710802122.2819393,-3.6044547292921276
1710802122.2820523,-3.6594430605570474
1710802122.282165,-3.7126800749037
1710802122.282278,-3.7617142995198565
1710802122.282391,-3.808646996815999
1710802122.282504,-3.853127956390381
1710802122.2826169,-3.8955076535542803
1710802122.2827299,-3.937536875406901
1710802122.2828429,-3.9767641491360135
1710802122.282956,-4.015991422865126
1710802122.2830687,-4.05241674847073
1710802122.2831817,-4.0881416532728405
1710802122.2832947,-4.121064609951443
1710802122.2834077,-4.15223651462131
1710802122.2835205,-4.179905785454644
1710802122.2836335,-4.204422897762722
1710802122.2837465,-4.227889113956027
1710802122.2838595,-4.248203171624078
1710802122.2839723,-4.266415966881646
1710802122.2840853,-4.2839280764261884
1710802122.2841983,-4.300039344363742
1710802122.2843113,-4.315099981096056
1710802122.284424,-4.328759511311849
1710802122.284537,-4.341017935011122
1710802122.28465,-4.35012420018514
1710802122.2847629,-4.356428782145183
1710802122.2848759,-4.3599311510721845
1710802122.2849889,-4.360631571875678
1710802122.285102,-4.358179834153917
1710802122.2852147,-4.353977044423421
1710802122.2853277,-4.348723358578152
1710802122.2854407,-4.3420688311258955
1710802122.2855537,-4.334713617960612
1710802122.2856665,-4.327008194393581
1710802122.2857795,-4.3179019292195635
1710802122.2858925,-4.307394557529025
1710802122.2860055,-4.294435448116726
1710802122.2861183,-4.277973969777425
1710802122.2862313,-4.258710543314616
1710802122.2863443,-4.237696064843072
1710802122.2864573,-4.212828742133246
1710802122.28657,-4.187961419423421
1710802122.286683,-4.162393411000569
1710802122.286796,-4.135775036282009
1710802122.286909,-4.109156396653917
1710802122.2870219,-4.081487125820583
1710802122.287135,-4.05241674847073
1710802122.287248,-4.020894898308648
1710802122.287361,-3.9869213104248047
1710802122.2874737,-3.9501455095079208
1710802122.2875867,-3.9102178149753146
1710802122.2876997,-3.868889013926188
1710802122.2878127,-3.8258088959587946
1710802122.2879255,-3.783429463704427
1710802122.2880385,-3.7396489249335394
1710802122.2881515,-3.697269492679172
1710802122.2882645,-3.653488953908284
1710802122.2883773,-3.6079570982191296
1710802122.2884903,-3.5606741905212402
1710802122.2886033,-3.5109395451015897
1710802122.2887163,-3.457702530754937
1710802122.288829,-3.40096288257175
1710802122.288942,-3.343522813585069
1710802122.289055,-3.2839814821879068
1710802122.2891681,-3.223739465077718
1710802122.289281,-3.163147237565782
1710802122.289394,-3.1022047996520996
1710802122.289507,-3.0402114656236434
1710802122.28962,-2.975766658782959
1710802122.2897327,-2.910621166229248
1710802122.2898457,-2.841272883945041
1710802122.2899587,-2.7705234951443143
1710802122.2900717,-2.6966222127278647
1710802122.2901845,-2.6216697692871094
1710802122.2902975,-2.544966538747152
1710802122.2904105,-2.4679128328959146
1710802122.2905235,-2.3894580205281577
1710802122.2906363,-2.3110034730699325
1710802122.2907493,-2.2314980294969344
1710802122.2908623,-2.1519925859239364
1710802122.2909753,-2.0696851942274304
1710802122.291088,-1.9852764076656766
1710802122.291201,-1.8998168574439154
1710802122.2913141,-1.8119055695003934
1710802122.2914271,-1.7229436503516302
1710802122.29154,-1.633631388346354
1710802122.291653,-1.5436185730828178
1710802122.291766,-1.4518547058105469
1710802122.291879,-1.3600907060835097
1710802122.2919917,-1.2679764959547255
1710802122.2921047,-1.1744614442189534
1710802122.2922177,-1.0798954963684082
1710802122.2923307,-0.9849793381161159
1710802122.2924435,-0.8890124824311998
1710802122.2925565,-0.7916446526845295
1710802122.2926695,-0.6949772437413534
1710802122.2927825,-0.595858163303799
1710802122.2928953,-0.4977898465262519
1710802122.2930083,-0.3976200355423821
1710802122.2931213,-0.2981507447030809
1710802122.2932343,-0.19693020317289564
1710802122.2933471,-0.09605990515814887
1710802122.2934601,0.005511949873632855
1710802122.2935731,0.10640197330050997
1710802122.2936862,0.20659137103292677
1710802122.293799,0.30678076876534355
1710802122.293912,0.4066198733117845
1710802122.294025,0.5064589447445339
1710802122.294138,0.6059477064344618
1710802122.2942507,0.7064874304665459
1710802122.2943637,0.8059761921564738
1710802122.2944767,0.9061656395594279
1710802122.2945898,1.0053040583928425
1710802122.2947025,1.103041304482354
1710802122.2948155,1.2000779310862224
1710802122.2949286,1.295713186264038
1710802122.2950416,1.3892466492123074
1710802122.2951543,1.4813788731892903
1710802122.2952673,1.5724602010515
1710802122.2953804,1.6635413964589436
1710802122.2954934,1.7535718282063801
1710802122.2956061,1.8439524703555636
1710802122.2957191,1.9336324267917209
1710802122.2958322,2.0215609338548446
1710802122.2959452,2.108438412348429
1710802122.296058,2.1935644414689803
1710802122.296171,2.275537649790446
1710802122.296284,2.3561093542310925
1710802122.296397,2.4331781599256725
1710802122.2965097,2.5084953837924533
1710802122.2966228,2.583812607659234
1710802122.2967358,2.658078935411241
1710802122.2968488,2.7316445774502225
1710802122.2969615,2.8045095337761774
1710802122.2970746,2.8752726978725858
1710802122.2971876,2.9439340697394476
1710802122.2973006,3.011544280582004
1710802122.2974133,3.0760018030802407
1710802122.2975264,3.1369561619228787
1710802122.2976394,3.1954582532246905
1710802122.2977524,3.2522090276082354
1710802122.2978652,3.307558430565728
1710802122.2979782,3.3629078335232205
1710802122.2980912,3.414754072825114
1710802122.2982042,3.4676512082417803
1710802122.298317,3.518096341027154
1710802122.29843,3.5667896270751953
1710802122.298543,3.6123304896884494
1710802122.298656,3.654718134138319
1710802122.2987688,3.6950042512681747
1710802122.2988818,3.7324876255459256
1710802122.2989948,3.7671685218811035
1710802122.2991078,3.7979960441589355
1710802122.2992206,3.8295242521497936
1710802122.2993336,3.8578995068868
1710802122.2994466,3.8862747616238065
1710802122.2995596,3.9132489098442926
1710802122.2996724,3.9381210009256997
1710802122.2997854,3.961942195892334
1710802122.2998984,3.9829611778259277
1710802122.3000114,4.00187783771091
1710802122.3001242,4.017291598849826
1710802122.3002372,4.031304253472222
1710802122.3003502,4.042514165242513
1710802122.3004632,4.051272074381511
1710802122.300576,4.060380193922255
1710802122.300689,4.068086942036946
1710802122.300802,4.074743058946398
1710802122.300915,4.08069822523329
1710802122.3010278,4.084902074601915
1710802122.3011408,4.088054762946235
1710802122.3012538,4.088054762946235
1710802122.3013668,4.085252285003662
1710802122.3014796,4.080348014831543
1710802122.3015926,4.073341687520345
1710802122.3017056,4.063883357577853
1710802122.3018186,4.053373866611056
1710802122.3019314,4.042163954840766
1710802122.3020444,4.030953778160943
1710802122.3021574,4.019043180677626
1710802122.3022704,4.006431897481282
1710802122.3023832,3.992769718170166
1710802122.3024962,3.977005746629503
1710802122.3026092,3.957738611433241
1710802122.3027222,3.936019208696153
1710802122.302835,3.911497328016493
1710802122.302948,3.884873655107286
1710802122.303061,3.8571988211737738
1710802122.303174,3.828122880723741
1710802122.3032868,3.7986967298719616
1710802122.3033998,3.7696207894219294
1710802122.3035128,3.7401943736606174
1710802122.3036258,3.7086664305792914
1710802122.3037386,3.6757368511623807
1710802122.3038516,3.6400050587124295
1710802122.3039646,3.6018209987216525
1710802122.3040776,3.5601337750752764
1710802122.3041904,3.5173956553141275
1710802122.3043034,3.4722052680121527
1710802122.3044164,3.4266646703084307
1710802122.3045294,3.381474283006456
1710802122.3046422,3.3362841606140137
1710802122.3047552,3.289342191484239
1710802122.3048682,3.2438015937805176
1710802122.3049812,3.1951080428229437
1710802122.305094,3.1443126996358233
1710802122.305207,3.090014192793104
1710802122.30532,3.034314579433865
1710802122.305433,2.9754620128207736
1710802122.3055458,2.915208339691162
1710802122.3056588,2.8546041912502713
1710802122.3057718,2.79435051812066
1710802122.3058848,2.733396159278022
1710802122.3059976,2.6713906394110785
1710802122.3061106,2.6083344883388944
1710802122.3062236,2.5435267554389105
1710802122.3063366,2.4762667549981012
1710802122.3064494,2.4062040117051864
1710802122.3065624,2.3329888449774847
1710802122.3066754,2.2587225172254772
1710802122.3067884,2.181653711530897
1710802122.3069012,2.1045850382910833
1710802122.3070142,2.026114993625217
1710802122.3071272,1.9472946061028373
1710802122.3072402,1.8674233224656847
1710802122.307353,1.787201828426785
1710802122.307466,1.7048782772488065
1710802122.307579,1.6218541728125677
1710802122.307692,1.5349766943189833
1710802122.3078048,1.4480992158253987
1710802122.3079178,1.3598203659057617
1710802122.3080308,1.2694397237565782
1710802122.3081439,1.179409424463908
1710802122.3082566,1.087977819972568
1710802122.3083696,0.9961959388520982
1710802122.3084826,0.9044140577316284
1710802122.3085957,0.8112308714124892
1710802122.3087084,0.7176974746916029
1710802122.3088214,0.6241640117433336
1710802122.3089345,0.5281783474816216
1710802122.3090475,0.43219268321990967
1710802122.3091602,0.3358567092153761
1710802122.3092732,0.23952075176768833
1710802122.3093863,0.14248417483435735
1710802122.3094993,0.04474695771932602
1710802122.309612,-0.054030621217356786
1710802122.309725,-0.1513984633816613
1710802122.309838,-0.25086778733465404
1710802122.309951,-0.35033709473080105
1710802122.3100638,-0.4501566621992323
1710802122.3101768,-0.5492757426367866
1710802122.3102899,-0.6490953101052178
1710802122.3104029,-0.748214324315389
1710802122.3105156,-0.8469831943511963
1710802122.3106287,-0.9457519981596205
1710802122.3107417,-1.0462720526589286
1710802122.3108547,-1.14609162012736
1710802122.3109674,-1.2459111213684082
1710802122.3110805,-1.3457307550642226
1710802122.3111935,-1.4437990718417697
1710802122.3113065,-1.5422175990210638
1710802122.3114192,-1.6374841001298692
1710802122.3115323,-1.7331006791856554
1710802122.3116453,-1.8255650997161865
1710802122.3117583,-1.9173290994432237
1710802122.311871,-2.0080422030554876
1710802122.311984,-2.098405228720771
1710802122.312097,-2.1891184647878013
1710802122.31221,-2.278430726793077
1710802122.3123229,-2.366692225138346
1710802122.3124359,-2.4542533026801214
1710802122.3125489,-2.538311746385362
1710802122.312662,-2.6216697692871094
1710802122.3127747,-2.7022261089748807
1710802122.3128877,-2.7813810772365994
1710802122.3130007,-2.8577343622843423
1710802122.3131137,-2.9323363304138184
1710802122.3132265,-3.006588088141547
1710802122.3133395,-3.0797892146640353
1710802122.3134525,-3.152639865875244
1710802122.3135655,-3.223389254675971
1710802122.3136783,-3.2923873265584307
1710802122.3137913,-3.359283871120877
1710802122.3139043,-3.4230282571580672
1710802122.3140173,-3.484671115875244
1710802122.31413,-3.544562922583686
1710802122.314243,-3.600602149963379
1710802122.314356,-3.6559406916300454
1710802122.314469,-3.708127074771457
1710802122.3145819,-3.7603131930033364
1710802122.314695,-3.8117991553412542
1710802122.314808,-3.861884011162652
1710802122.314921,-3.9102178149753146
1710802122.3150337,-3.957150512271457
1710802122.3151467,-4.000580840640597
1710802122.3152597,-4.041909641689724
1710802122.3153727,-4.079735808902316
1710802122.3154855,-4.1144100824991865
1710802122.3155985,-4.146982828776042
1710802122.3157115,-4.17640315161811
1710802122.3158245,-4.2051233185662165
1710802122.3159373,-4.231741958194308
1710802122.3160503,-4.2562588055928545
1710802122.3161633,-4.2790248658921985
1710802122.3162763,-4.300740030076769
1710802122.316389,-4.3193027708265515
1710802122.316502,-4.335414038764106
1710802122.316615,-4.348723358578152
1710802122.316728,-4.359580940670437
1710802122.316841,-4.36693615383572
1710802122.316954,-4.372540050082736
1710802122.317067,-4.376742839813232
1710802122.31718,-4.37954478793674
1710802122.3172927,-4.381296104855007
1710802122.3174057,-4.384098052978516
1710802122.3175187,-4.384448263380262
1710802122.3176317,-4.383047156863742
1710802122.3177445,-4.37954478793674
1710802122.3178575,-4.373940891689724
1710802122.3179705,-4.365885257720947
1710802122.3180835,-4.353626834021674
1710802122.3181963,-4.339967303805881
1710802122.3183093,-4.3235058254665795
1710802122.3184223,-4.306343926323785
1710802122.3185353,-4.288481341467963
1710802122.318648,-4.269918335808648
1710802122.318761,-4.250304698944092
1710802122.3188741,-4.230340851677789
1710802122.3189871,-4.207925266689724
1710802122.3191,-4.183408154381646
1710802122.319213,-4.155038462744819
1710802122.319326,-4.1242170333862305
1710802122.319439,-4.091644287109375
1710802122.3195517,-4.055919382307264
1710802122.3196647,-4.01949405670166
1710802122.3197777,-3.9830684661865234
1710802122.3198907,-3.946292930179172
1710802122.3200035,-3.9095173941718206
1710802122.3201165,-3.870289855533176
1710802122.3202295,-3.8303621610005694
1710802122.3203425,-3.7869318326314287
1710802122.3204553,-3.74069955613878
1710802122.3205683,-3.6909649107191296
1710802122.3206813,-3.639129002888997
1710802122.3207943,-3.5851913028293185
1710802122.320907,-3.5302029715643988
1710802122.3210201,-3.473813798692491
1710802122.3211331,-3.418474992116292
1710802122.3212461,-3.3620858192443848
1710802122.321359,-3.304995960659451
1710802122.321472,-3.2465052604675293
1710802122.321585,-3.1845121913486056
1710802122.321698,-3.121118015713162
1710802122.3218107,-3.0545714166429305
1710802122.3219237,-2.986624240875244
1710802122.3220367,-2.9158748520745172
1710802122.3221498,-2.8444250424702964
1710802122.3222625,-2.7726250224643283
1710802122.3223755,-2.6997743712531195
1710802122.3224885,-2.6262230343288846
1710802122.3226016,-2.5519712766011557
1710802122.3227143,-2.476318677266439
1710802122.3228273,-2.3982140753004284
1710802122.3229403,-2.3176580005221896
1710802122.3230534,-2.2357008192274304
1710802122.3231661,-2.1502414014604354
1710802122.3232791,-2.0644315083821616
1710802122.3233922,-1.9768705632951524
1710802122.3235052,-1.8886090649498832
1710802122.323618,-1.799647013346354
1710802122.323731,-1.710685094197591
1710802122.323844,-1.619621647728814
1710802122.323957,-1.5278576480017767
1710802122.3240697,-1.4353932274712455
1710802122.3241827,-1.3404770692189534
1710802122.3242958,-1.2455609109666612
1710802122.3244088,-1.1481930149926078
1710802122.3245215,-1.0515257385041978
1710802122.3246346,-0.9520563814375136
1710802122.3247476,-0.8536377880308363
1710802122.3248606,-0.7538182867897881
1710802122.3249733,-0.6536484426922268
1710802122.3250864,-0.5527781777911716
1710802122.3251994,-0.4519078797764248
1710802122.3253124,-0.35033709473080105
1710802122.3254251,-0.24841608272658453
1710802122.3255382,-0.14754578471183777
1710802122.3256512,-0.04562476028998693
1710802122.325764,0.05525633692741394
1710802122.325877,0.15684699018796286
1710802122.32599,0.2577370074060228
1710802122.326103,0.3600282801522149
1710802122.3262157,0.4616189334127638
1710802122.3263288,0.5635599295298258
1710802122.3264418,0.6640995873345269
1710802122.3265548,0.7649896542231241
1710802122.3266675,0.8651790353986952
1710802122.3267806,0.9632665581173366
1710802122.3268936,1.060653461350335
1710802122.3270066,1.156639125612047
1710802122.3271194,1.2536757522159152
1710802122.3272324,1.3500116931067572
1710802122.3273454,1.4466979768541124
1710802122.3274584,1.5430339177449544
1710802122.3275712,1.6393698586357963
1710802122.3276842,1.733954217698839
1710802122.3277972,1.8274876806471083
1710802122.3279102,1.9189193513658311
1710802122.328023,2.0078987545437283
1710802122.328136,2.0940755473242865
1710802122.328249,2.1792015764448376
1710802122.328362,2.2636267873975964
1710802122.3284748,2.345249652862549
1710802122.3285878,2.4275732040405273
1710802122.3287008,2.5088455941942
1710802122.3288138,2.588716877831353
1710802122.3289266,2.667187054951986
1710802122.3290396,2.7428544892205133
1710802122.3291526,2.8157194455464682
1710802122.3292656,2.8854317135281033
1710802122.3293784,2.953042189280192
1710802122.3294914,3.017849922180176
1710802122.3296044,3.080205652448866
1710802122.3297174,3.1415102216932507
1710802122.3298302,3.2014136844211154
1710802122.3299432,3.2606164614359536
1710802122.3300562,3.319118817647298
1710802122.3301692,3.3755191167195635
1710802122.330282,3.4284162521362305
1710802122.330395,3.4795618057250977
1710802122.330508,3.527554670969645
1710802122.330621,3.573095268673367
1710802122.3307338,3.615132967631022
1710802122.3308468,3.6554188198513455
1710802122.3309598,3.6939530902438693
1710802122.3310728,3.7314367294311523
1710802122.3311856,3.7678692075941296
1710802122.3312986,3.8029003143310547
1710802122.3314116,3.8361801041497126
1710802122.3315246,3.8680585225423174
1710802122.3316374,3.8967842525906033
1710802122.3317504,3.92340792549981
1710802122.3318634,3.947229120466444
1710802122.3319764,3.9682478374905057
1710802122.3320892,3.9864640765719943
1710802122.3322022,4.00362941953871
1710802122.3323152,4.018692970275879
1710802122.3324282,4.032705359988742
1710802122.332541,4.046718014611138
1710802122.332654,4.057927926381429
1710802122.332767,4.069838523864746
1710802122.33288,4.078596433003743
1710802122.3329928,4.086303181118435
1710802122.3331058,4.0898063447740345
1710802122.3332188,4.091908401913113
1710802122.3333318,4.090857240888807
1710802122.3334446,4.087354342142741
1710802122.3335576,4.0824498070610895
1710802122.3336706,4.076144165462917
1710802122.3337836,4.069138103061252
1710802122.3338964,4.060730404324001
1710802122.3340094,4.05302365620931
1710802122.3341224,4.043214850955539
1710802122.3342354,4.032355149586995
1710802122.3343482,4.019043180677626
1710802122.3344612,4.003979894849989
1710802122.3345742,3.9850629700554743
1710802122.3346872,3.965095149146186
1710802122.3348,3.9430255360073514
1710802122.334913,3.920605447557237
1710802122.335026,3.8978351487053766
1710802122.335139,3.8747143745422363
1710802122.3352518,3.8512436548868814
1710802122.3353648,3.827071984608968
1710802122.3354778,3.8029003143310547
1710802122.3355908,3.7741748491923013
1710802122.3357036,3.7440480126274958
1710802122.3358166,3.7104180124070907
1710802122.3359296,3.673985269334581
1710802122.3360426,3.6351007885403104
1710802122.3361554,3.596216042836507
1710802122.3362684,3.5562804010179305
1710802122.3363814,3.516344759199354
1710802122.3364944,3.4753582212660046
1710802122.3366072,3.434721893734402
1710802122.3367202,3.3912830882602267
1710802122.3368332,3.3471438619825573
1710802122.3369462,3.2988005214267306
1710802122.337059,3.2483556535508895
1710802122.337172,3.1954582532246905
1710802122.337285,3.1404593255784774
1710802122.337398,3.0840590265062118
1710802122.3375108,3.026607831319173
1710802122.3376238,2.970207267337375
1710802122.3377368,2.9124058617485895
1710802122.3378499,2.853903505537245
1710802122.3379626,2.796802785661485
1710802122.3380756,2.7354979515075684
1710802122.3381886,2.672792010837131
1710802122.3383017,2.606933116912842
1710802122.3384144,2.5403738021850586
1710802122.3385274,2.4703113238016763
1710802122.3386405,2.4009495311313205
1710802122.3387535,2.329835891723633
1710802122.3388662,2.2587225172254772
1710802122.3389792,2.1869084570142956
1710802122.3390923,2.115444607204861
1710802122.3392053,2.040828069051107
1710802122.339318,1.9662115308973525
1710802122.339431,1.888091829087999
1710802122.339544,1.8089210987091064
1710802122.339657,1.726597679985894
1710802122.3397698,1.6428730222913954
1710802122.3398829,1.5587980217403836
1710802122.3399959,1.472621096505059
1710802122.3401089,1.3867945141262479
1710802122.3402216,1.3006175888909233
1710802122.3403347,1.2126890818277996
1710802122.3404477,1.1244103643629286
1710802122.3405607,1.0350806183285184
1710802122.3406734,0.9446999761793349
1710802122.3407865,0.8522174755732218
1710802122.3408995,0.7593846321105957
1710802122.3410125,0.6658511691623263
1710802122.3411252,0.571967429584927
1710802122.3412383,0.4773830042945014
1710802122.3413513,0.38209799263212413
1710802122.3414643,0.2857620186275906
1710802122.341577,0.1897763709227244
1710802122.34169,0.09238946768972608
1710802122.341803,-0.004646206378108925
1710802122.341916,-0.10166380968358782
1710802122.3420289,-0.19973215129640368
1710802122.3421419,-0.2981507447030809
1710802122.3422549,-0.3951683309343126
1710802122.342368,-0.49323668082555133
1710802122.3424807,-0.5913050307167901
1710802122.3425937,-0.6893733474943373
1710802122.3427067,-0.7874416642718844
1710802122.3428197,-0.8855100472768147
1710802122.3429325,-0.9835783640543619
1710802122.3430455,-1.080595983399285
1710802122.3431585,-1.1769130494859483
1710802122.3432715,-1.2718292077382405
1710802122.3433843,-1.366044945187039
1710802122.3434973,-1.4588595761193168
1710802122.3436103,-1.5520245499081082
1710802122.3437233,-1.6434382067786322
1710802122.343836,-1.7369533909691703
1710802122.343949,-1.8297680219014485
1710802122.344062,-1.9215320216284857
1710802122.344175,-2.0136460993025036
1710802122.3442879,-2.104709678226047
1710802122.344401,-2.19367159737481
1710802122.344514,-2.281933095720079
1710802122.344627,-2.3670424355400934
1710802122.3447397,-2.4514513545566134
1710802122.3448527,-2.53340827094184
1710802122.3449657,-2.6146650314331055
1710802122.3450787,-2.6955713166130915
1710802122.3451915,-2.7750767601860895
1710802122.3453045,-2.8542319933573403
1710802122.3454175,-2.9309354888068304
1710802122.3455305,-3.0062378777398004
1710802122.3456433,-3.078738318549262
1710802122.3457563,-3.1484368112352157
1710802122.3458693,-3.216034041510688
1710802122.3459823,-3.2804788483513727
1710802122.346095,-3.3421219719780817
1710802122.346208,-3.403064409891764
1710802122.346321,-3.463306427001953
1710802122.346434,-3.521096706390381
1710802122.346547,-3.5785367753770614
1710802122.34666,-3.634225527445475
1710802122.346773,-3.687812752193875
1710802122.346886,-3.739999135335286
1710802122.3469987,-3.788332939147949
1710802122.3471117,-3.8345649507310653
1710802122.3472247,-3.8786956999037
1710802122.3473377,-3.9193240801493325
1710802122.3474505,-3.958201143476698
1710802122.3475635,-3.9960275755988226
1710802122.3476765,-4.031052059597439
1710802122.3477895,-4.066076278686523
1710802122.3479023,-4.099349445766872
1710802122.3480153,-4.131221771240234
1710802122.3481283,-4.160992569393581
1710802122.3482413,-4.188311629825168
1710802122.348354,-4.213879373338488
1710802122.348467,-4.235594537523058
1710802122.3485801,-4.25450775358412
1710802122.3486931,-4.271319442325168
1710802122.348806,-4.286730024549696
1710802122.348919,-4.300740030076769
1710802122.349032,-4.3122980329725475
1710802122.349145,-4.3235058254665795
1710802122.3492577,-4.333662721845839
1710802122.3493707,-4.3420688311258955
1710802122.3494837,-4.349073568979899
1710802122.3495967,-4.352575937906901
1710802122.3497095,-4.354327254825168
1710802122.3498225,-4.351875517103407
1710802122.3499355,-4.347322252061632
1710802122.3500485,-4.340317514207628
1710802122.3501613,-4.332261880238851
1710802122.3502743,-4.322454929351807
1710802122.3503873,-4.312648243374294
1710802122.3505003,-4.302140871683757
1710802122.350613,-4.290933079189724
1710802122.3507261,-4.277623759375678
1710802122.3508391,-4.263263808356391
1710802122.3509521,-4.244700802697076
1710802122.351065,-4.224736955430773
1710802122.351178,-4.201270474327935
1710802122.351291,-4.1753525204128685
1710802122.351404,-4.148733880784777
1710802122.3515167,-4.121064609951443
1710802122.3516297,-4.0923447079128685
1710802122.3517427,-4.063975016276042
1710802122.3518558,-4.034204218122694
1710802122.3519685,-4.003382788764106
1710802122.3520815,-3.9704598320855036
1710802122.3521945,-3.934384716881646
1710802122.3523076,-3.895157178243001
1710802122.3524203,-3.8527777459886337
1710802122.3525333,-3.8089972072177463
1710802122.3526464,-3.7627649307250977
1710802122.3527594,-3.716182443830702
1710802122.3528721,-3.6696002218458386
1710802122.3529851,-3.6223170492384167
1710802122.3530982,-3.57468393113878
1710802122.3532112,-3.52635039223565
1710802122.353324,-3.4748644298977323
1710802122.353437,-3.4212769402398004
1710802122.35355,-3.3641873465643988
1710802122.353663,-3.305696646372477
1710802122.3537757,-3.2437033123440213
1710802122.3538888,-3.1813597679138184
1710802122.3540018,-3.1165647506713867
1710802122.3541148,-3.051419258117676
1710802122.3542275,-2.985573344760471
1710802122.3543406,-2.919377221001519
1710802122.3544536,-2.8510798348320856
1710802122.3545666,-2.781731287638346
1710802122.3546793,-2.7099312676323786
1710802122.3547924,-2.6349790891011557
1710802122.3549054,-2.5582755936516657
1710802122.3550184,-2.479120625389947
1710802122.3551311,-2.3992649714152017
1710802122.3552442,-2.3180082109239364
1710802122.3553572,-2.2367517153422036
1710802122.3554702,-2.1554949548509383
1710802122.355583,-2.0731876956091986
1710802122.355696,-1.9901797506544325
1710802122.355809,-1.9047202004326713
1710802122.355922,-1.8178596761491563
1710802122.3560348,-1.7299485206604004
1710802122.3561478,-1.6392352845933702
1710802122.3562608,-1.548171838124593
1710802122.3563738,-1.4550068643358018
1710802122.3564866,-1.3607912593417697
1710802122.3565996,-1.2665755218929715
1710802122.3567126,-1.1709589428371854
1710802122.3568256,-1.0749920871522691
1710802122.3569384,-0.9772739807764689
1710802122.3570514,-0.8799061510297987
1710802122.3571644,-0.7807870705922444
1710802122.3572774,-0.6813177135255601
1710802122.3573902,-0.5811479356553819
1710802122.3575032,-0.47992739412519664
1710802122.3576162,-0.37835660907957286
1710802122.3577292,-0.27608535355991787
1710802122.357842,-0.17276335093710157
1710802122.357955,-0.06944135659270816
1710802122.358068,0.033536956955989204
1710802122.358181,0.13687916927867466
1710802122.3582938,0.24162262678146362
1710802122.3584068,0.3439138995276557
1710802122.3585198,0.4472561346160041
1710802122.3586328,0.5484964781337314
1710802122.3587456,0.6504374080234103
1710802122.3588586,0.7502765125698513
1710802122.3589716,0.8518671327167087
1710802122.3590846,0.9517062372631496
1710802122.3591974,1.052596304151747
1710802122.3593104,1.153135961956448
1710802122.3594234,1.2536757522159152
1710802122.3595364,1.3517632749345567
1710802122.3596492,1.448799769083659
1710802122.3597622,1.544785499572754
1710802122.3598752,1.63796861966451
1710802122.3599882,1.730451186498006
1710802122.360101,1.8211820390489366
1710802122.360214,1.9119130240546331
1710802122.360327,2.0019434558020697
1710802122.36044,2.0905725161234536
1710802122.3605528,2.179902129703098
1710802122.3606658,2.2674804263644748
1710802122.3607788,2.353657351599799
1710802122.3608918,2.4373820092942977
1710802122.3610046,2.518654399447971
1710802122.3611176,2.596423890855577
1710802122.3612306,2.672792010837131
1710802122.3613436,2.7453067567613387
1710802122.3614564,2.817821502685547
1710802122.3615694,2.889285087585449
1710802122.3616824,2.9607489373948837
1710802122.3617954,3.03011073006524
1710802122.3619082,3.0991223123338485
1710802122.3620212,3.1649812062581377
1710802122.3621342,3.229438728756375
1710802122.3622472,3.2896924018859863
1710802122.36236,3.3478442827860513
1710802122.362473,3.402843475341797
1710802122.362586,3.45468971464369
1710802122.362699,3.5051345825195312
1710802122.3628118,3.553477923075358
1710802122.3629248,3.6004196272956
1710802122.3630378,3.645960489908854
1710802122.3631508,3.6908004018995495
1710802122.3632636,3.7324876255459256
1710802122.3633766,3.7720727920532227
1710802122.3634896,3.8085055351257324
1710802122.3636026,3.842485745747884
1710802122.3637154,3.872963057623969
1710802122.3638284,3.9016885227627225
1710802122.3639414,3.9276117748684354
1710802122.3640544,3.9521336555480957
1710802122.3641672,3.9745534790886774
1710802122.3642802,3.996623357137044
1710802122.3643932,4.017992284562853
1710802122.3645062,4.037259419759114
1710802122.364619,4.055475658840603
1710802122.364732,4.071940581003825
1710802122.364845,4.085252285003662
1710802122.364958,4.096462461683485
1710802122.3650708,4.10557058122423
1710802122.3651838,4.111525747511122
1710802122.3652968,4.116079807281494
1710802122.3654099,4.119582970937093
1710802122.3655226,4.122385448879665
1710802122.3656356,4.123086134592692
1710802122.3657486,4.124137030707465
1710802122.3658617,4.124137030707465
1710802122.3659744,4.121684763166639
1710802122.3660874,4.117831389109294
1710802122.3662004,4.110474851396349
1710802122.3663135,4.099615150027804
1710802122.3664262,4.086653656429714
1710802122.3665392,4.070889419979519
1710802122.3666523,4.053724341922336
1710802122.3667653,4.035507837931315
1710802122.366878,4.016591178046332
1710802122.366991,3.9976742532518172
1710802122.367104,3.9784071180555554
1710802122.3672168,3.958088821834988
1710802122.3673298,3.935318522983127
1710802122.3674428,3.911147117614746
1710802122.3675559,3.8834722836812334
1710802122.3676686,3.8529952367146807
1710802122.3677816,3.8207663430107965
1710802122.3678946,3.7867861323886447
1710802122.3680077,3.7528056568569608
1710802122.3681204,3.7177745501200357
1710802122.3682334,3.6830933888753252
1710802122.3683465,3.647361596425374
1710802122.3684595,3.6123304896884494
1710802122.3685722,3.573795954386393
1710802122.3686852,3.53351010216607
1710802122.3687983,3.4904215070936413
1710802122.3689113,3.4441802236768932
1710802122.369024,3.3958371480305987
1710802122.369137,3.346092700958252
1710802122.36925,3.2945969369676376
1710802122.369363,3.243100908067491
1710802122.3694758,3.191254668765598
1710802122.3695889,3.1397586398654513
1710802122.3697019,3.087562190161811
1710802122.3698149,3.0336138937208386
1710802122.3699276,2.9779142803615994
1710802122.3700407,2.9180108176337347
1710802122.3701537,2.8563557730780706
1710802122.3702667,2.7932996220058866
1710802122.3703794,2.726740042368571
1710802122.3704925,2.660530938042535
1710802122.3706055,2.5939716233147516
1710802122.3707185,2.526361412472195
1710802122.3708313,2.45805025100708
1710802122.3709443,2.388338247934977
1710802122.3710573,2.3175750838385687
1710802122.3711703,2.245060337914361
1710802122.371283,2.169392771191067
1710802122.371396,2.090922726525201
1710802122.371509,2.011051575342814
1710802122.371622,1.9290783670213487
1710802122.3717349,1.8460542625851102
1710802122.3718479,1.7619792620340982
1710802122.3719609,1.6789551575978596
1710802122.372074,1.5945298141903348
1710802122.3721867,1.5101044707828097
1710802122.3722997,1.4242778884039984
1710802122.3724127,1.337400409910414
1710802122.3725257,1.24947190284729
1710802122.3726385,1.1594416035546196
1710802122.3727515,1.0690609614054363
1710802122.3728645,0.9779796997706095
1710802122.3729775,0.8861978186501397
1710802122.3730903,0.7937152518166436
1710802122.3732033,0.6998315122392442
1710802122.3733163,0.606648325920105
1710802122.3734293,0.5117136240005493
1710802122.373542,0.41607830259535045
1710802122.373655,0.3197423285908169
1710802122.373768,0.22270575165748596
1710802122.373881,0.12461822893884447
1710802122.3739939,0.026180392338169944
1710802122.374107,-0.07259355651007758
1710802122.37422,-0.17171262039078605
1710802122.374333,-0.27153218785921734
1710802122.3744457,-0.3720522258016798
1710802122.3745587,-0.4715215497546726
1710802122.3746717,-0.5716913276248508
1710802122.3747847,-0.6722113821241591
1710802122.3748975,-0.7716807391908433
1710802122.3750105,-0.8707997534010146
1710802122.3751235,-0.9688681364059448
1710802122.3752365,-1.065885755750868
1710802122.3753493,-1.1629033088684082
1710802122.3754623,-1.2595706515842013
1710802122.3755753,-1.3562379942999945
1710802122.3756883,-1.4529054694705539
1710802122.375801,-1.548872258928087
1710802122.375914,-1.6455396016438801
1710802122.376027,-1.7401055494944253
1710802122.37614,-1.8343211544884575
1710802122.376253,-1.9257349438137479
1710802122.376366,-2.016448179880778
1710802122.376479,-2.104709678226047
1710802122.376592,-2.191219859653049
1710802122.3767047,-2.277029620276557
1710802122.3768177,-2.3607381184895835
1710802122.3769307,-2.445496982998318
1710802122.3770437,-2.5285050604078503
1710802122.3771565,-2.610812187194824
1710802122.3772695,-2.6913685268825955
1710802122.3773825,-2.7698230743408203
1710802122.3774955,-2.846876780192057
1710802122.3776083,-2.921478748321533
1710802122.3777213,-2.993278768327501
1710802122.3778343,-3.0626270506117077
1710802122.3779473,-3.1312749120924206
1710802122.37806,-3.1985219319661455
1710802122.378173,-3.2650682661268444
1710802122.3782861,-3.3302134937710233
1710802122.3783991,-3.395008775922987
1710802122.378512,-3.458052741156684
1710802122.378625,-3.518995179070367
1710802122.378738,-3.577485879262288
1710802122.378851,-3.632124000125461
1710802122.3789637,-3.6857112248738604
1710802122.3790767,-3.7347454494900174
1710802122.3791897,-3.7820283571879068
1710802122.3793027,-3.8268597920735674
1710802122.3794155,-3.870289855533176
1710802122.3795285,-3.9123193422953286
1710802122.3796415,-3.953297668033176
1710802122.3797545,-3.9907738897535534
1710802122.3798673,-4.028950532277425
1710802122.3799803,-4.063975016276042
1710802122.3800933,-4.095146656036377
1710802122.3802063,-4.124567243787977
1710802122.380319,-4.1511856185065374
1710802122.3804321,-4.176753626929389
1710802122.3805451,-4.19811831580268
1710802122.3806581,-4.218782848782009
1710802122.380771,-4.2383964856465655
1710802122.380884,-4.255908595191108
1710802122.380997,-4.272720283932156
1710802122.38111,-4.288481341467963
1710802122.3812227,-4.302140871683757
1710802122.3813357,-4.313348664177789
1710802122.3814487,-4.322805404663086
1710802122.3815618,-4.328409300910102
1710802122.3816745,-4.331561459435357
1710802122.3817875,-4.332261880238851
1710802122.3819005,-4.330860773722331
1710802122.3820136,-4.328759511311849
1710802122.3821263,-4.326307773590088
1710802122.3822393,-4.32210471895006
1710802122.3823524,-4.3179019292195635
1710802122.3824654,-4.312998453776042
1710802122.3825781,-4.305293030209011
1710802122.3826911,-4.295836554633246
1710802122.3828042,-4.282877445220947
1710802122.3829172,-4.267817073398166
1710802122.38303,-4.250304698944092
1710802122.383143,-4.229990641276042
1710802122.383256,-4.208625687493218
1710802122.383369,-4.186560312906901
1710802122.3834817,-4.164144727918837
1710802122.3835948,-4.141378932529025
1710802122.3837078,-4.117212030622694
1710802122.3838208,-4.091644287109375
1710802122.3839335,-4.0625739097595215
1710802122.3840466,-4.031052059597439
1710802122.3841596,-3.9963777860005694
1710802122.3842726,-3.958551353878445
1710802122.3843853,-3.9193240801493325
1710802122.3844984,-3.8786956999037
1710802122.3846114,-3.8370166884528265
1710802122.3847244,-3.794987466600206
1710802122.3848372,-3.7543590863545733
1710802122.3849502,-3.711629443698459
1710802122.3850632,-3.667148484124078
1710802122.3851762,-3.6216166284349227
1710802122.385289,-3.572582403818766
1710802122.385402,-3.5214469167921276
1710802122.385515,-3.467509216732449
1710802122.385628,-3.4111200438605414
1710802122.3857408,-3.3540301852756076
1710802122.3858538,-3.2965901162889266
1710802122.3859668,-3.238099416097005
1710802122.3860798,-3.180309136708577
1710802122.3861926,-3.1200671195983887
1710802122.3863056,-3.059474892086453
1710802122.3864186,-2.9960807164510093
1710802122.3865316,-2.9302348030938044
1710802122.3866444,-2.8622876273261175
1710802122.3867574,-2.7915382385253906
1710802122.3868704,-2.718687587314182
1710802122.3869834,-2.645136250389947
1710802122.3870962,-2.570184071858724
1710802122.3872092,-2.495932314130995
1710802122.3873222,-2.4199292394849987
1710802122.3874352,-2.343926429748535
1710802122.387548,-2.265821827782525
1710802122.387661,-2.186316516664293
1710802122.387774,-2.105059888627794
1710802122.387887,-2.021001312467787
1710802122.3879998,-1.936592525906033
1710802122.3881128,-1.8490314483642578
1710802122.3882258,-1.7618207136789956
1710802122.3883388,-1.6725084516737196
1710802122.3884516,-1.5831961896684434
1710802122.3885646,-1.4928332964579265
1710802122.3886776,-1.401419507132636
1710802122.3887906,-1.309305297003852
1710802122.3889034,-1.2168408764733207
1710802122.3890164,-1.1219247182210286
1710802122.3891294,-1.0266584157943726
1710802122.3892424,-0.9310417705112033
1710802122.3893552,-0.832973387506273
1710802122.3894682,-0.7370065318213569
1710802122.3895812,-0.6385879384146796
1710802122.3896942,-0.540169378121694
1710802122.389807,-0.44140054119957817
1710802122.38992,-0.34123076332939994
1710802122.390033,-0.24141119586096868
1710802122.390146,-0.14159162839253744
1710802122.3902588,-0.04142183396551344
1710802122.3903718,0.057708525823222265
1710802122.3904848,0.157547609673606
1710802122.3905978,0.25703638792037964
1710802122.3907106,0.3568754924668206
1710802122.3908236,0.4570648736423916
1710802122.3909366,0.5576045645607842
1710802122.3910496,0.6574436691072252
1710802122.3911624,0.7586840126249526
1710802122.3912754,0.8599243561426798
1710802122.3913884,0.9597634606891208
1710802122.3915014,1.0582012600368924
1710802122.3916142,1.1552378866407607
1710802122.3917272,1.252624723646376
1710802122.3918402,1.3475594255659316
1710802122.3919532,1.441443231370714
1710802122.392066,1.5353270371754963
1710802122.392179,1.6295610533820257
1710802122.392292,1.722744305928548
1710802122.392405,1.8159274260203042
1710802122.3925178,1.9080596499972873
1710802122.3926308,1.9987906350029838
1710802122.3927438,2.0867190096113415
1710802122.3928568,2.17219524913364
1710802122.3929696,2.2552193535698786
1710802122.3930826,2.3357913229200573
1710802122.3931956,2.415312131245931
1710802122.3933086,2.4930816226535373
1710802122.3934214,2.570500638749864
1710802122.3935344,2.646868758731418
1710802122.3936474,2.722536457909478
1710802122.3937604,2.796102099948459
1710802122.3938732,2.8675656848483615
1710802122.3939862,2.9362270567152233
1710802122.3940992,3.0027863714430065
1710802122.3942122,3.0661929978264704
1710802122.394325,3.127497831980387
1710802122.394438,3.1859999232821994
1710802122.394551,3.2434511184692383
1710802122.394664,3.300201892852783
1710802122.3947768,3.3562519815233016
1710802122.3948898,3.4105502234564886
1710802122.3950028,3.4637978341844344
1710802122.3951159,3.515293863084581
1710802122.3952286,3.5632867283291287
1710802122.3953416,3.6091775364345975
1710802122.3954546,3.6519156561957464
1710802122.3955677,3.692902194129096
1710802122.3956804,3.730736043718126
1710802122.3957934,3.766467836168077
1710802122.3959064,3.800097836388482
1710802122.3960195,3.834078311920166
1710802122.3961322,3.8666574160257974
1710802122.3962452,3.8967842525906033
1710802122.3963583,3.926560878753662
1710802122.3964713,3.9535347620646157
1710802122.396584,3.97735595703125
1710802122.396697,3.999776045481364
1710802122.39681,4.018342759874132
1710802122.396923,4.034456941816542
1710802122.3970358,4.048469596438937
1710802122.3971488,4.060730404324001
1710802122.3972619,4.071590105692546
1710802122.3973749,4.0824498070610895
1710802122.3974876,4.091207716200087
1710802122.3976007,4.098914464314778
1710802122.3977137,4.1052201059129505
1710802122.3978267,4.109774165683322
1710802122.3979394,4.112226433224148
1710802122.3980525,4.111175537109375
1710802122.3981655,4.108373059166802
1710802122.3982785,4.10206741756863
1710802122.3983912,4.09541130065918
1710802122.3985043,4.086303181118435
1710802122.3986173,4.077195061577691
1710802122.3987303,4.066685835520427
1710802122.398843,4.05617634455363
1710802122.398956,4.045316643185085
1710802122.399069,4.032355149586995
1710802122.399182,4.017291598849826
1710802122.3992949,3.9990753597683377
1710802122.3994079,3.9794580141703286
1710802122.3995209,3.9563372400071883
1710802122.399634,3.931815359327528
1710802122.3997467,3.9058923721313477
1710802122.3998597,3.8796189096238876
1710802122.3999727,3.853345447116428
1710802122.4000857,3.827422195010715
1710802122.4001985,3.799747625986735
1710802122.4003115,3.770671685536702
1710802122.4004245,3.73984416325887
1710802122.4005375,3.7065643734402127
1710802122.4006503,3.6690809991624618
1710802122.4007633,3.6284446716308594
1710802122.4008763,3.5864072375827365
1710802122.4009893,3.5426182217068143
1710802122.401102,3.4981285201178656
1710802122.401215,3.452938132815891
1710802122.401328,3.408448431226942
1710802122.401441,3.3625573582119412
1710802122.4015539,3.3163163397047253
1710802122.4016669,3.2665718926323786
1710802122.40178,3.216477235158284
1710802122.401893,3.161828253004286
1710802122.4020057,3.1050777435302734
1710802122.4021187,3.046225176917182
1710802122.4022317,2.9863217141893172
1710802122.4023447,2.9250171449449325
1710802122.4024575,2.864763206905789
1710802122.4025705,2.803108162350125
1710802122.4026835,2.74180359310574
1710802122.4027965,2.6790976524353027
1710802122.4029093,2.615340815650092
1710802122.4030223,2.549481921725803
1710802122.4031353,2.479769653744168
1710802122.4032483,2.4097071753607855
1710802122.403361,2.3368422190348306
1710802122.403474,2.262575891282823
1710802122.403587,2.187959353129069
1710802122.4037,2.1122919188605414
1710802122.403813,2.0366243521372476
1710802122.403926,1.9602562321556938
1710802122.404039,1.8824867407480874
1710802122.404152,1.802615589565701
1710802122.4042647,1.7206423812442355
1710802122.4043777,1.6365673806932237
1710802122.4044907,1.549689902199639
1710802122.4046037,1.4624619483947754
1710802122.4047165,1.372431649102105
1710802122.4048295,1.2820510069529216
1710802122.4049425,1.1902691258324516
1710802122.4050555,1.098837521341112
1710802122.4051683,1.0060046778784857
1710802122.4052813,0.9128215577867296
1710802122.4053943,0.8185874753528171
1710802122.4055073,0.7236527734332614
1710802122.40562,0.6273167663150363
1710802122.405733,0.5309808254241943
1710802122.405846,0.433593922191196
1710802122.4059591,0.3362070189581977
1710802122.406072,0.23882013228204516
1710802122.406185,0.13968166377809313
1710802122.406298,0.04124383545584149
1710802122.406411,-0.05823354754183027
1710802122.4065237,-0.15735261970096165
1710802122.4066367,-0.25752241412798565
1710802122.4067497,-0.3573419650395711
1710802122.4068627,-0.4578620195388794
1710802122.4069755,-0.5576815870073106
1710802122.4070885,-0.6582016415066189
1710802122.4072015,-0.7580212089750502
1710802122.4073145,-0.8574904998143513
1710802122.4074273,-0.9587110413445367
1710802122.4075403,-1.059231095843845
1710802122.4076533,-1.1601013607449002
1710802122.4077663,-1.2595706515842013
1710802122.407879,-1.3600907060835097
1710802122.4079921,-1.4578088124593098
1710802122.4081051,-1.5551767084333632
1710802122.4082181,-1.6504430770874023
1710802122.408331,-1.7439582612779405
1710802122.408444,-1.8374734454684787
1710802122.408557,-1.9292373127407498
1710802122.4086697,-2.021001312467787
1710802122.4087827,-2.112765179740058
1710802122.4088957,-2.2045291794670954
1710802122.4090087,-2.2945419947306314
1710802122.4091215,-2.3838541242811413
1710802122.4092345,-2.4714152018229165
1710802122.4093475,-2.5565245416429305
1710802122.4094605,-2.6398825645446777
1710802122.4095733,-2.7211390601264105
1710802122.4096863,-2.8002942932976618
1710802122.4097993,-2.8780484199523926
1710802122.4099123,-2.9547519154018826
1710802122.4100251,-3.0304047796461315
1710802122.4101381,-3.1050067477756076
1710802122.4102511,-3.1778573989868164
1710802122.4103642,-3.24895699818929
1710802122.410477,-3.3169044388665094
1710802122.41059,-3.382049666510688
1710802122.410703,-3.444393210940891
1710802122.410816,-3.5039345423380532
1710802122.4109287,-3.561024400922987
1710802122.4110417,-3.61566252178616
1710802122.4111547,-3.6692497465345593
1710802122.4112678,-3.721786340077718
1710802122.4113805,-3.772221671210395
1710802122.4114935,-3.8223065270317926
1710802122.4116066,-3.8699396451314287
1710802122.4117196,-3.9165221320258246
1710802122.4118323,-3.9596022499932184
1710802122.4119453,-4.000580840640597
1710802122.4120584,-4.0391076935662165
1710802122.4121714,-4.074482123057048
1710802122.4122841,-4.108105765448676
1710802122.4123971,-4.139277405209011
1710802122.4125102,-4.170098834567599
1710802122.4126232,-4.19811831580268
1710802122.412736,-4.225437376234266
1710802122.412849,-4.251355595058865
1710802122.412962,-4.275172021653917
1710802122.413075,-4.29653697543674
1710802122.4131877,-4.3158004018995495
1710802122.4133008,-4.33121124903361
1710802122.4134138,-4.34381988313463
1710802122.4135268,-4.354327254825168
1710802122.4136395,-4.361332257588704
1710802122.4137526,-4.3676365746392145
1710802122.4138656,-4.372890260484484
1710802122.4139786,-4.376742839813232
1710802122.4140913,-4.37954478793674
1710802122.4142044,-4.380595684051514
1710802122.4143174,-4.38094589445326
1710802122.4144304,-4.3784941567315
1710802122.4145432,-4.373940891689724
1710802122.4146562,-4.364834626515706
1710802122.4147692,-4.353977044423421
1710802122.4148822,-4.340317514207628
1710802122.414995,-4.325957563188341
1710802122.415108,-4.3101965056525335
1710802122.415221,-4.292684396107991
1710802122.415334,-4.275522232055664
1710802122.4154468,-4.2583603329128685
1710802122.4155598,-4.2383964856465655
1710802122.4156728,-4.21738174226549
1710802122.4157858,-4.19321510526869
1710802122.4158986,-4.166596465640597
1710802122.4160116,-4.136125246683757
1710802122.4161246,-4.104252921210395
1710802122.4162376,-4.070629543728298
1710802122.4163504,-4.0349046389261884
1710802122.4164634,-4.000230630238851
1710802122.4165764,-3.964155250125461
1710802122.4166894,-3.9280801349216037
1710802122.4168022,-3.8909543885125055
1710802122.4169152,-3.851376904381646
1710802122.4170282,-3.809347417619493
1710802122.4171412,-3.7652166684468584
1710802122.417254,-3.7175835503472223
1710802122.417367,-3.6667982737223306
1710802122.41748,-3.615312311384413
1710802122.417593,-3.561374611324734
1710802122.4177058,-3.5077873865763345
1710802122.4178188,-3.453149265713162
1710802122.4179318,-3.398861355251736
1710802122.4180448,-3.3428223927815752
1710802122.4181576,-3.2857325341966415
1710802122.4182706,-3.2258409923977323
1710802122.4183836,-3.163847658369276
1710802122.4184966,-3.0990526411268444
1710802122.4186094,-3.0311052004496255
1710802122.4187224,-2.9624573389689126
1710802122.4188354,-2.8924086358812118
1710802122.4189484,-2.820958826276991
1710802122.4190612,-2.7498592270745172
1710802122.4191742,-2.678759627872043
1710802122.4192872,-2.604858080546061
1710802122.4194002,-2.530956533220079
1710802122.419513,-2.4546035130818686
1710802122.419626,-2.376498911115858
1710802122.419739,-2.2955926259358725
1710802122.419852,-2.2143359978993735
1710802122.4199648,-2.1309779749976263
1710802122.4200778,-2.0465690559811063
1710802122.4201908,-1.9614598486158583
1710802122.4203038,-1.876000298394097
1710802122.4204166,-1.789489984512329
1710802122.4205296,-1.7029796706305609
1710802122.4206426,-1.615068382687039
1710802122.4207556,-1.5240049362182617
1710802122.4208684,-1.4329414897494845
1710802122.4209814,-1.3397766484154594
1710802122.4210944,-1.2459111213684082
1710802122.4212074,-1.149944331910875
1710802122.4213202,-1.053977409998576
1710802122.4214332,-0.9559090932210286
1710802122.4215462,-0.8581909868452284
1710802122.4216592,-0.7594221830368042
1710802122.421772,-0.6599528259701198
1710802122.421885,-0.5583820740381876
1710802122.421998,-0.4589127500851949
1710802122.422111,-0.3566414780086941
1710802122.4222238,-0.2554209530353546
1710802122.4223368,-0.1545506715774536
1710802122.4224498,-0.052979886531829834
1710802122.4225628,0.04895071188608805
1710802122.4226756,0.15124198463228014
1710802122.4227886,0.25283263789282906
1710802122.4229016,0.3551239106390211
1710802122.4230146,0.4577654931280348
1710802122.4231274,0.5590058697594537
1710802122.4232404,0.6602461470497979
1710802122.4233534,0.7597349749671088
1710802122.4234664,0.8585231171713935
1710802122.4235792,0.9555596775478786
1710802122.4236922,1.0522459612952337
1710802122.4238052,1.1478813489278157
1710802122.4239182,1.2438669469621446
1710802122.424031,1.3395023345947266
1710802122.424144,1.4347872469160292
1710802122.424257,1.529371738433838
1710802122.42437,1.6239560974968803
1710802122.4244828,1.7167890071868896
1710802122.4245958,1.80681930647956
1710802122.4247088,1.8957987096574571
1710802122.4248219,1.9816252920362685
1710802122.4249346,2.0667511887020535
1710802122.4250476,2.1504759788513184
1710802122.4251606,2.233499950832791
1710802122.4252737,2.3165241877237954
1710802122.4253864,2.3984972635904946
1710802122.4254994,2.480120129055447
1710802122.4256124,2.558590041266547
1710802122.4257255,2.6356588469611273
1710802122.4258382,2.710625860426161
1710802122.4259512,2.7817392349243164
1710802122.4260643,2.8507508171929254
1710802122.4261773,2.9173101319207086
1710802122.42629,2.981417444017198
1710802122.426403,3.045524491204156
1710802122.426516,3.108230431874593
1710802122.426629,3.168834580315484
1710802122.4267418,3.2283878326416016
1710802122.4268548,3.287240399254693
1710802122.4269679,3.3432902230156794
1710802122.4270809,3.396888044145372
1710802122.4271936,3.446982701619466
1710802122.4273067,3.4946253564622665
1710802122.4274197,3.539115058051215
1710802122.4275327,3.5815029674106174
1710802122.4276454,3.6228397157457137
1710802122.4277585,3.6617244614495172
1710802122.4278715,3.700959417555067
1710802122.4279845,3.738092581431071
1710802122.4280972,3.773824373881022
1710802122.4282103,3.80710416369968
1710802122.4283233,3.8382818963792587
1710802122.4284363,3.8666574160257974
1710802122.428549,3.892930613623725
1710802122.428662,3.916401598188612
1710802122.428775,3.9374203152126737
1710802122.428888,3.957037925720215
1710802122.4290009,3.9763050609164767
1710802122.4291139,3.993470403883192
1710802122.4292269,4.010285536448161
1710802122.42934,4.025699297587077
1710802122.4294527,4.040412373012966
1710802122.4295657,4.054074552324083
1710802122.4296787,4.063883357577853
1710802122.4297917,4.071590105692546
1710802122.4299045,4.076844851175944
1710802122.4300175,4.07894664340549
1710802122.4301305,4.079647329118517
1710802122.4302435,4.077895747290717
1710802122.4303563,4.076144165462917
1710802122.4304693,4.072641001807319
1710802122.4305823,4.068437417348226
1710802122.4306953,4.063532882266574
1710802122.430808,4.056877030266656
1710802122.430921,4.049170282151964
1710802122.431034,4.03831058078342
1710802122.431147,4.024648401472303
1710802122.4312599,4.007483058505588
1710802122.431373,3.989617029825846
1710802122.431486,3.9682478374905057
1710802122.431599,3.9475795957777233
1710802122.4317117,3.924458821614583
1710802122.4318247,3.9023892084757485
1710802122.4319377,3.880319595336914
1710802122.4320507,3.856848610772027
1710802122.4321635,3.8323267300923662
1710802122.4322765,3.8057027922736273
1710802122.4323895,3.7766268518235946
1710802122.4325025,3.7440480126274958
1710802122.4326153,3.710768222808838
1710802122.4327283,3.673985269334581
1710802122.4328413,3.6375527911716037
1710802122.4329543,3.6007701026068792
1710802122.433067,3.5632867283291287
1710802122.43318,3.526853985256619
1710802122.433293,3.4890204005771213
1710802122.433406,3.4494349691602917
1710802122.433519,3.407397535112169
1710802122.433632,3.3632580439249673
1710802122.433745,3.31526517868042
1710802122.433858,3.2655209965176053
1710802122.4339707,3.2126235961914062
1710802122.4340837,3.160427146487766
1710802122.4341967,3.1057784292432995
1710802122.4343097,3.051830132802327
1710802122.4344225,2.9978821012708874
1710802122.4345355,2.942532698313395
1710802122.4346485,2.8864826096428766
1710802122.4347615,2.8279805183410645
1710802122.4348743,2.7670261594984265
1710802122.4349873,2.703619533114963
1710802122.4351003,2.63706021838718
1710802122.4352133,2.5701504283481174
1710802122.435326,2.501839531792535
1710802122.435439,2.4321272638108993
1710802122.4355521,2.3627654711405435
1710802122.4356651,2.2923525174458823
1710802122.435778,2.2215893533494735
1710802122.435891,2.1501256359948053
1710802122.436004,2.075859308242798
1710802122.436117,1.999841531117757
1710802122.4362297,1.9217218293084037
1710802122.4363427,1.8415002028147378
1710802122.4364557,1.7598773373497856
1710802122.4365687,1.6768533653683133
1710802122.4366815,1.5934789180755615
1710802122.4367945,1.5097542603810628
1710802122.4369075,1.4246282312605116
1710802122.4370205,1.3395023345947266
1710802122.4371333,1.252975066502889
1710802122.4372463,1.165046559439765
1710802122.4373593,1.0764175653457642
1710802122.4374723,0.9863871998257107
1710802122.437585,0.8956562148200141
1710802122.4376981,0.8035240570704142
1710802122.4378111,0.7106912136077881
1710802122.4379241,0.6168074078030056
1710802122.438037,0.5229236351119148
1710802122.43815,0.4272883137067159
1710802122.438263,0.3313026494450039
1710802122.438376,0.23426607251167297
1710802122.4384887,0.13722947902149624
1710802122.4386017,0.03914195630285475
1710802122.4387147,-0.05963452574279573
1710802122.4388278,-0.15875359376271567
1710802122.4389405,-0.25822291771570843
1710802122.4390535,-0.3580424520704481
1710802122.4391665,-0.4578620195388794
1710802122.4392796,-0.5590825610690646
1710802122.4393923,-0.6599528259701198
1710802122.4395053,-0.7615236441294352
1710802122.4396183,-0.8613432115978664
1710802122.4397314,-0.9611627790662978
1710802122.4398441,-1.059931582874722
1710802122.4399571,-1.1583501762813992
1710802122.4400702,-1.2543169657389324
1710802122.4401832,-1.3506340980529785
1710802122.440296,-1.4452000459035237
1710802122.440409,-1.5397659937540689
1710802122.440522,-1.633981598748101
1710802122.440635,-1.7274967829386392
1710802122.4407477,-1.8213621775309243
1710802122.4408607,-1.9138265980614555
1710802122.4409738,-2.0055905977884927
1710802122.4410868,-2.095253070195516
1710802122.4411995,-2.182463804880778
1710802122.4413126,-2.268623775906033
1710802122.4414256,-2.354083326127794
1710802122.4415386,-2.436740928226047
1710802122.4416513,-2.518347899119059
1710802122.4417644,-2.6010055012173123
1710802122.4418774,-2.682261996799045
1710802122.4419904,-2.762467861175537
1710802122.4421031,-2.841272883945041
1710802122.4422162,-2.919377221001519
1710802122.4423292,-2.9946798748440213
1710802122.4424422,-3.067880736456977
1710802122.442555,-3.13792970445421
1710802122.442668,-3.2062270906236434
1710802122.442781,-3.2724232143825955
1710802122.442894,-3.3372184965345593
1710802122.4430068,-3.400262461768256
1710802122.4431198,-3.462956216600206
1710802122.4432328,-3.5235484441121416
1710802122.4433458,-3.5830897755093045
1710802122.4434586,-3.6408800548977323
1710802122.4435716,-3.695518175760905
1710802122.4436846,-3.7480547693040633
1710802122.4437976,-3.797439204321967
1710802122.4439104,-3.843321270412869
1710802122.4440234,-3.8878022299872503
1710802122.4441364,-3.929831451839871
1710802122.4442494,-3.9701096216837564
1710802122.4443622,-4.008986685011122
1710802122.4444752,-4.04751353793674
1710802122.4445882,-4.083238442738851
1710802122.4447012,-4.1179124514261884
1710802122.444814,-4.150134987301296
1710802122.444927,-4.1809564166598845
1710802122.44504,-4.207925266689724
1710802122.445153,-4.233493010203044
1710802122.4452658,-4.254857963985867
1710802122.4453788,-4.274471600850423
1710802122.4454918,-4.292684396107991
1710802122.4456048,-4.308795399136013
1710802122.4457176,-4.3235058254665795
1710802122.4458306,-4.337865776485867
1710802122.4459436,-4.35012420018514
1710802122.4460566,-4.360981782277425
1710802122.4461694,-4.3697381019592285
1710802122.4462824,-4.376042419009738
1710802122.4463954,-4.378844367133246
1710802122.4465084,-4.37954478793674
1710802122.4466212,-4.377443260616726
1710802122.4467342,-4.3732404708862305
1710802122.4468472,-4.36693615383572
1710802122.4469602,-4.360631571875678
1710802122.447073,-4.352926148308648
1710802122.447186,-4.345921410454644
1710802122.447299,-4.336815145280626
1710802122.447412,-4.326307773590088
1710802122.4475248,-4.312998453776042
1710802122.4476378,-4.297237396240234
1710802122.4477508,-4.277273548973931
1710802122.4478638,-4.255908595191108
1710802122.4479766,-4.2306910620795355
1710802122.4480896,-4.204072422451443
1710802122.4482026,-4.176753626929389
1710802122.4483156,-4.149084356096056
1710802122.4484284,-4.120714399549696
1710802122.4485414,-4.091994497511122
1710802122.4486544,-4.06152327855428
1710802122.4487674,-4.028250111473931
1710802122.4488802,-3.9932256274753146
1710802122.4489932,-3.955048984951443
1710802122.4491062,-3.9133699735005694
1710802122.4492192,-3.8699396451314287
1710802122.449332,-3.8251084751553006
1710802122.449445,-3.780277305179172
1710802122.449558,-3.73439523908827
1710802122.449671,-3.688513172997369
1710802122.4497838,-3.642631371815999
1710802122.4498968,-3.5953484641181097
1710802122.4500098,-3.54526334338718
1710802122.4501226,-3.492376539442274
1710802122.4502356,-3.4373882081773544
1710802122.4503486,-3.3788975079854326
1710802122.4504616,-3.318305280473497
1710802122.4505744,-3.2563122113545733
1710802122.4506874,-3.1929180357191296
1710802122.4508004,-3.1298740704854326
1710802122.4509134,-3.066129684448242
1710802122.4510262,-3.0009841918945312
1710802122.4511392,-2.935488488939073
1710802122.4512522,-2.86684062745836
1710802122.4513652,-2.7964417139689126
1710802122.451478,-2.7225401666429305
1710802122.451591,-2.647237777709961
1710802122.451704,-2.5694833861456976
1710802122.451817,-2.490328417883979
1710802122.4519298,-2.410122553507487
1710802122.4520428,-2.3292160034179688
1710802122.4521558,-2.247959507836236
1710802122.4522688,-2.16565211613973
1710802122.4523816,-2.0815935399797225
1710802122.4524946,-1.9961339897579617
1710802122.4526076,-1.9092734654744465
1710802122.4527206,-1.8206616242726643
1710802122.4528334,-1.7299485206604004
1710802122.4529464,-1.6381845209333632
1710802122.4530594,-1.5450195471445718
1710802122.4531724,-1.4515044954087999
1710802122.4532852,-1.3569385475582547
1710802122.4533982,-1.2627229425642226
1710802122.4535112,-1.1664058102501762
1710802122.4536242,-1.0693881909052532
1710802122.453737,-0.9723705715603298
1710802122.45385,-0.8743021885553995
1710802122.453963,-0.7744826873143513
1710802122.454076,-0.6739626328150431
1710802122.4541888,-0.5741430653466119
1710802122.4543018,-0.4722220367855496
1710802122.4544148,-0.3713517387708028
1710802122.4545279,-0.266979005601671
1710802122.4546406,-0.1643575065665775
1710802122.4547536,-0.06033501277367274
1710802122.4548666,0.043345710469616786
1710802122.4549797,0.1477388540903727
1710802122.4550924,0.25073076287905377
1710802122.4552054,0.35442329115337795
1710802122.4553185,0.45671456389957005
1710802122.4554315,0.5597064892450968
1710802122.4555442,0.6602461470497979
1710802122.4556572,0.7625374529096816
1710802122.4557703,0.8641280730565388
1710802122.4558833,0.9660690360599093
1710802122.455996,1.068360341919793
1710802122.456109,1.1699509620666504
1710802122.456222,1.2701404094696045
1710802122.456335,1.3692788283030193
1710802122.4564478,1.4659651120503743
1710802122.4565609,1.5616004996829562
1710802122.4566739,1.6551339626312256
1710802122.4567869,1.7476163970099554
1710802122.4568996,1.8386977248721652
1710802122.4570127,1.930479605992635
1710802122.4571257,2.0212105909983316
1710802122.4572387,2.110540337032742
1710802122.4573514,2.1984687116410995
1710802122.4574645,2.285346190134684
1710802122.4575775,2.368370427025689
1710802122.4576905,2.450693713294135
1710802122.4578032,2.5284632047017417
1710802122.4579163,2.6048313246832953
1710802122.4580293,2.6787474420335555
1710802122.4581423,2.7509117126464844
1710802122.458255,2.823075983259413
1710802122.458368,2.8945398330688477
1710802122.458481,2.96460231145223
1710802122.458594,3.0325629976060653
1710802122.4587069,3.099472787645128
1710802122.4588199,3.163930310143365
1710802122.4589329,3.224534193674723
1710802122.459046,3.283737235599094
1710802122.4591587,3.339436848958333
1710802122.4592717,3.393034670088026
1710802122.4593847,3.4448809093899198
1710802122.4594977,3.495326042175293
1710802122.4596105,3.5450702243381076
1710802122.4597235,3.5944644610087075
1710802122.4598365,3.6403552691141763
1710802122.4599495,3.687297238243951
1710802122.4600623,3.7300353580050998
1710802122.4601753,3.770671685536702
1710802122.4602883,3.8067539532979326
1710802122.4604013,3.841434849633111
1710802122.460514,3.8719118965996637
1710802122.460627,3.899586730533176
1710802122.46074,3.926210403442383
1710802122.460853,3.9510827594333224
1710802122.4609659,3.9752541648017035
1710802122.461079,3.9976742532518172
1710802122.461192,4.017992284562853
1710802122.461305,4.036558998955621
1710802122.4614177,4.054074552324083
1710802122.4615307,4.068086942036946
1710802122.4616437,4.079647329118517
1710802122.4617567,4.087704552544488
1710802122.4618695,4.095761775970459
1710802122.4619825,4.099965360429552
1710802122.4620955,4.104869895511203
1710802122.4622085,4.107672373453776
1710802122.4623213,4.110124640994601
1710802122.4624343,4.111525747511122
1710802122.4625473,4.112927118937175
1710802122.4626603,4.111525747511122
1710802122.462773,4.108373059166802
1710802122.462886,4.102417627970378
1710802122.462999,4.093309508429633
1710802122.463112,4.081398910946316
1710802122.463225,4.067386521233453
1710802122.463338,4.0516222847832575
1710802122.463451,4.034807417127821
1710802122.463564,4.017992284562853
1710802122.4636767,4.001177416907416
1710802122.4637897,3.9836615986294217
1710802122.4639027,3.9640442530314126
1710802122.4640157,3.9437259568108454
1710802122.4641285,3.9202552371554904
1710802122.4642415,3.8946821954515243
1710802122.4643545,3.866306940714518
1710802122.4644675,3.835479418436686
1710802122.4645803,3.8036010000440807
1710802122.4646933,3.770321210225423
1710802122.4648063,3.738092581431071
1710802122.4649193,3.704812791612413
1710802122.465032,3.6715332667032876
1710802122.465145,3.6375527911716037
1710802122.4652581,3.6021712091233993
1710802122.4653711,3.5632867283291287
1710802122.465484,3.5212490293714733
1710802122.465597,3.476759327782525
1710802122.46571,3.43016783396403
1710802122.465823,3.381124072604709
1710802122.4659357,3.3317301008436413
1710802122.4660487,3.281284968058268
1710802122.4661617,3.231190310584174
1710802122.4662747,3.180745177798801
1710802122.4663875,3.13030030992296
1710802122.4665005,3.07775338490804
1710802122.4666135,3.023454878065321
1710802122.4667265,2.9663538932800293
1710802122.4668393,2.9064504305521646
1710802122.4669523,2.8440949651930065
1710802122.4670653,2.781389024522569
1710802122.4671783,2.7169315020243325
1710802122.467291,2.6521235042148166
1710802122.4674041,2.588366667429606
1710802122.4675171,2.52215756310357
1710802122.4676301,2.456298934088813
1710802122.467743,2.3886884583367243
1710802122.467856,2.318275769551595
1710802122.467969,2.245761023627387
1710802122.468082,2.1711443530188665
1710802122.4681947,2.0944258901807995
1710802122.4683077,2.0152552922566733
1710802122.4684207,1.9360845618777804
1710802122.4685338,1.8551623821258545
1710802122.4686465,1.7752910984887016
1710802122.4687595,1.6929676797654893
1710802122.4688725,1.6116951571570501
1710802122.4689856,1.5272698137495253
1710802122.4690983,1.4424941274854872
1710802122.4692113,1.3552663061353896
1710802122.4693244,1.2673379315270317
1710802122.4694374,1.1766069465213351
1710802122.4695501,1.0858759615156386
1710802122.4696631,0.9937437375386555
1710802122.4697762,0.9009108940760294
1710802122.4698892,0.8080781168407863
1710802122.470002,0.714194311036004
1710802122.470115,0.6206608480877346
1710802122.470228,0.5253758364253573
1710802122.470341,0.4300907916492886
1710802122.4704537,0.3344554702440898
1710802122.4705667,0.23811951279640198
1710802122.4706798,0.14143322904904684
1710802122.4707928,0.0440463340944714
1710802122.4709055,-0.05262964301639133
1710802122.4710186,-0.14929700228903028
1710802122.4711316,-0.24736533562342325
1710802122.4712446,-0.34543368551466197
1710802122.4713573,-0.4435020354059007
1710802122.4714704,-0.5419205956988864
1710802122.4715834,-0.6399889124764336
1710802122.4716964,-0.7363060447904799
1710802122.4718091,-0.8343744277954102
1710802122.4719222,-0.9306914938820733
1710802122.4720352,-1.0277091132269964
1710802122.4721482,-1.1236760351392958
1710802122.472261,-1.220343377855089
1710802122.472374,-1.317010720570882
1710802122.472487,-1.4136780632866752
1710802122.4726,-1.5092947747972276
1710802122.4727128,-1.6056117746565077
1710802122.4728258,-1.699827512105306
1710802122.4729388,-1.792642143037584
1710802122.4730518,-1.8837055895063612
1710802122.4731646,-1.9730178515116372
1710802122.4732776,-2.0605789290534124
1710802122.4733906,-2.1474394533369274
1710802122.4735036,-2.2332490815056696
1710802122.4736164,-2.3187086317274304
1710802122.4737294,-2.4034677611456976
1710802122.4738424,-2.487526469760471
1710802122.4739554,-2.570184071858724
1710802122.4740682,-2.650740146636963
1710802122.4741812,-2.7295449044969344
1710802122.4742942,-2.8058981895446777
1710802122.4744072,-2.8801499472724066
1710802122.47452,-2.9515997568766275
1710802122.474633,-3.0223491456773544
1710802122.474746,-3.0909970071580672
1710802122.474859,-3.159294393327501
1710802122.4749718,-3.225490517086453
1710802122.4750848,-3.2916866408454046
1710802122.4751978,-3.355781502193875
1710802122.4753108,-3.4174243609110513
1710802122.4754236,-3.4769659572177463
1710802122.4755366,-3.5337053404914007
1710802122.4756496,-3.5876430405510797
1710802122.4757626,-3.6394792132907443
1710802122.4758754,-3.6895640691121416
1710802122.4759884,-3.736496766408284
1710802122.4761014,-3.7841298845079208
1710802122.4762144,-3.8303621610005694
1710802122.4763272,-3.875193330976698
1710802122.4764402,-3.9179232385423446
1710802122.4765532,-3.960302670796712
1710802122.4766662,-3.9998801549275713
1710802122.476779,-4.036305745442708
1710802122.476892,-4.070979754130046
1710802122.477005,-4.102151393890381
1710802122.477118,-4.131221771240234
1710802122.4772308,-4.157840410868327
1710802122.4773438,-4.182357523176405
1710802122.4774568,-4.206524160173204
1710802122.4775698,-4.2285895347595215
1710802122.4776826,-4.249604278140597
1710802122.4777956,-4.268167283799913
1710802122.4779086,-4.285329182942708
1710802122.4780216,-4.299689133961995
1710802122.4781344,-4.311247136857775
1710802122.4782474,-4.3193027708265515
1710802122.4783604,-4.324906667073567
1710802122.4784734,-4.328409300910102
1710802122.4785862,-4.328759511311849
1710802122.4786992,-4.328759511311849
1710802122.4788122,-4.328058825598823
1710802122.4789252,-4.326307773590088
1710802122.479038,-4.323856035868327
1710802122.479151,-4.320353666941325
1710802122.479264,-4.315099981096056
1710802122.479377,-4.307394557529025
1710802122.4794898,-4.296186765034993
1710802122.4796028,-4.2825272348192005
1710802122.4797158,-4.266415966881646
1710802122.4798288,-4.248903857337104
1710802122.4799416,-4.229990641276042
1710802122.4800546,-4.210727214813232
1710802122.4801676,-4.19181399875217
1710802122.4802806,-4.170098834567599
1710802122.4803934,-4.149434566497803
1710802122.4805064,-4.126668506198459
1710802122.4806194,-4.100750552283393
1710802122.4807324,-4.071680174933539
1710802122.4808452,-4.040508535173204
1710802122.4809582,-4.006184736887614
1710802122.4810712,-3.969759146372477
1710802122.4811842,-3.932633399963379
1710802122.481297,-3.8944567574395075
1710802122.48141,-3.8555796941121416
1710802122.481523,-3.8177532619900174
1710802122.481636,-3.778525988260905
1710802122.4817488,-3.737197187211778
1710802122.4818618,-3.6937668588426376
1710802122.4819748,-3.6478850576612682
1710802122.4820879,-3.5992010434468584
1710802122.4822006,-3.5466644499037
1710802122.4823136,-3.4927267498440213
1710802122.4824266,-3.4373882081773544
1710802122.4825397,-3.3823998769124346
1710802122.4826524,-3.3267111248440213
1710802122.4827654,-3.2696212662590876
1710802122.4828784,-3.2128818829854326
1710802122.4829915,-3.153690497080485
1710802122.4831042,-3.0927480591668024
1710802122.4832172,-3.0293538835313583
1710802122.4833302,-2.9631577597724066
1710802122.4834433,-2.89521058400472
1710802122.483556,-2.82481140560574
1710802122.483669,-2.754062016805013
1710802122.483782,-2.681561575995551
1710802122.483895,-2.6094113455878363
1710802122.4840078,-2.5365604294670954
1710802122.4841208,-2.4630093574523926
1710802122.4842339,-2.3873564932081432
1710802122.4843469,-2.3099525769551597
1710802122.4844596,-2.230797608693441
1710802122.4845726,-2.1484900845421686
1710802122.4846857,-2.0647818512386746
1710802122.4847987,-1.9793223010169134
1710802122.4849114,-1.8924617767333984
1710802122.4850245,-1.8042002783881292
1710802122.4851375,-1.715938647588094
1710802122.4852505,-1.6262761751810708
1710802122.4853632,-1.5359132819705539
1710802122.4854763,-1.4437990718417697
1710802122.4855893,-1.3513346513112385
1710802122.4857023,-1.2571190463172064
1710802122.485815,-1.1622028880649142
1710802122.485928,-1.065885755750868
1710802122.486041,-0.9678173727459377
1710802122.486154,-0.8707997534010146
1710802122.4862669,-0.7720309495925903
1710802122.4863799,-0.6732621457841661
1710802122.4864929,-0.5727420912848579
1710802122.486606,-0.4729225238164266
1710802122.4867187,-0.3717019822862413
1710802122.4868317,-0.2708317008283403
1710802122.4869447,-0.16891067226727804
1710802122.4870577,-0.06804038253095415
1710802122.4871705,0.03248601944910155
1710802122.4872835,0.13442698452207777
1710802122.4873965,0.23531700174013773
1710802122.4875095,0.3362070189581977
1710802122.4876223,0.4381479819615682
1710802122.4877353,0.5397386352221171
1710802122.4878483,0.6416796313391792
1710802122.4879613,0.7429199748569064
1710802122.488074,0.8431093560324775
1710802122.488187,0.9425981177224053
1710802122.4883,1.0406856404410467
1710802122.488413,1.1370216475592718
1710802122.4885259,1.2330072455936008
1710802122.4886389,1.3282922903696697
1710802122.488752,1.4232269922892253
1710802122.488865,1.5181616942087808
1710802122.4889777,1.614497635099623
1710802122.4890907,1.7097826798756917
1710802122.4892037,1.803666485680474
1710802122.4893167,1.8964992629157171
1710802122.4894295,1.9865296946631537
1710802122.4895425,2.0755090978410506
1710802122.4896555,2.161335680219862
1710802122.4897685,2.2461112340291343
1710802122.4898813,2.3294856813218856
1710802122.4899943,2.411108546786838
1710802122.4901073,2.492030726538764
1710802122.4902203,2.5719020101759167
1710802122.490333,2.652473979526096
1710802122.490446,2.7291923099093967
1710802122.490559,2.804859744177924
1710802122.490672,2.877024279700385
1710802122.490785,2.946386072370741
1710802122.490898,3.0125951766967773
1710802122.491011,3.0774029095967608
1710802122.4911237,3.139057954152425
1710802122.4912367,3.200362788306342
1710802122.4913497,3.2595655653211804
1710802122.4914627,3.3187683423360186
1710802122.4915755,3.37621980243259
1710802122.4916885,3.4326201015048556
1710802122.4918015,3.4862179226345487
1710802122.4919145,3.538064161936442
1710802122.4920273,3.5867574479844833
1710802122.4921403,3.631947835286458
1710802122.4922533,3.6750364303588867
1710802122.4923663,3.71532228257921
1710802122.492479,3.753856552971734
1710802122.492592,3.7906395064459906
1710802122.492705,3.826021088494195
1710802122.492818,3.8603517744276257
1710802122.492931,3.892230192820231
1710802122.493044,3.923057715098063
1710802122.493157,3.9517831802368164
1710802122.49327,3.977005746629503
1710802122.4933827,4.00047673119439
1710802122.4934957,4.0214954482184515
1710802122.4936087,4.040062162611219
1710802122.4937217,4.055826134151882
1710802122.4938345,4.070889419979519
1710802122.4939475,4.084551599290636
1710802122.4940605,4.097513357798259
1710802122.4941735,4.109774165683322
1710802122.4942863,4.11993318133884
1710802122.4943993,4.12974198659261
1710802122.4945123,4.136398103502062
1710802122.4946253,4.140601687961154
1710802122.494738,4.141302373674181
1710802122.494851,4.138850106133355
1710802122.4949641,4.134296046362983
1710802122.4950771,4.126939508650038
1710802122.49519,4.118181864420573
1710802122.495303,4.108373059166802
1710802122.495416,4.0978635682000055
1710802122.495529,4.087003866831462
1710802122.4956417,4.0750932693481445
1710802122.4957547,4.062131775750054
1710802122.4958677,4.046017328898112
1710802122.4959807,4.02815130021837
1710802122.4960935,4.007833268907335
1710802122.4962065,3.9850629700554743
1710802122.4963195,3.9608912997775607
1710802122.4964325,3.935318522983127
1710802122.4965453,3.9093955357869463
1710802122.4966583,3.8838224940829806
1710802122.4967713,3.8564981354607477
1710802122.4968843,3.830925358666314
1710802122.496997,3.8025501039293075
1710802122.4971101,3.7720727920532227
1710802122.4972231,3.7401943736606174
1710802122.4973361,3.703411685095893
1710802122.497449,3.6648771497938366
1710802122.497562,3.6249415079752603
1710802122.497675,3.5825538635253906
1710802122.497788,3.5401659541659884
1710802122.4979007,3.4974278344048395
1710802122.4980137,3.45468971464369
1710802122.4981267,3.411601119571262
1710802122.4982398,3.3678121036953397
1710802122.4983525,3.3208703994750977
1710802122.4984655,3.271826638115777
1710802122.4985785,3.2192797131008573
1710802122.4986916,3.163930310143365
1710802122.4988043,3.1061286396450467
1710802122.4989173,3.0479767587449813
1710802122.4990304,2.9873726103040905
1710802122.4991434,2.927118937174479
1710802122.4992561,2.8668652640448675
1710802122.4993691,2.8052102194892035
1710802122.4994822,2.74320469962226
1710802122.4995952,2.6790976524353027
1710802122.499708,2.6125383377075195
1710802122.499821,2.543176280127631
1710802122.499934,2.472763591342502
1710802122.500047,2.399898370107015
1710802122.5001597,2.325982517666287
1710802122.5002728,2.250665293799506
1710802122.5003858,2.1749978595309787
1710802122.5004988,2.098979949951172
1710802122.5006115,2.023662726084391
1710802122.5007246,1.9462437099880643
1710802122.5008376,1.8674233224656847
1710802122.5009506,1.7850999037424722
1710802122.5010633,1.703126695421007
1710802122.5011764,1.6173001130421956
1710802122.5012894,1.5318238735198975
1710802122.5014024,1.4424941274854872
1710802122.5015152,1.353164513905843
1710802122.5016282,1.2634844250149198
1710802122.5017412,1.1731037828657362
1710802122.5018542,1.0816722446017795
1710802122.501967,0.9891896777682834
1710802122.50208,0.8967071771621704
1710802122.502193,0.8028233713573879
1710802122.502306,0.7082390122943454
1710802122.5024188,0.6122533480326334
1710802122.5025318,0.516267716884613
1710802122.5026448,0.4192311233944363
1710802122.5027578,0.3211436006757948
1710802122.5028706,0.22270575165748596
1710802122.5029836,0.1239176011747784
1710802122.5030966,0.02407851732439465
1710802122.5032096,-0.07609599166446261
1710802122.5033224,-0.17696628967920938
1710802122.5034354,-0.27818683120939464
1710802122.5035484,-0.37870685259501136
1710802122.5036614,-0.47992739412519664
1710802122.5037742,-0.5800972382227579
1710802122.5038872,-0.6813177135255601
1710802122.5040002,-0.7821880446539985
1710802122.5041132,-0.8827080991533067
1710802122.504226,-0.9842788510852389
1710802122.504339,-1.0844486289554172
1710802122.504452,-1.1853188938564725
1710802122.504565,-1.2840877638922796
1710802122.5046778,-1.381455659866333
1710802122.5047908,-1.4781230025821261
1710802122.5049038,-1.5730391608344183
1710802122.5050168,-1.6662040021684434
1710802122.5051296,-1.7583182122972276
1710802122.5052426,-1.8500822120242648
1710802122.5053556,-1.941145658493042
1710802122.5054686,-2.032209104961819
1710802122.5055814,-2.123622761832343
1710802122.5056944,-2.2136355770958795
1710802122.5058074,-2.3029478391011557
1710802122.5059204,-2.3891078101264105
1710802122.5060332,-2.4749175707499185
1710802122.5061462,-2.5579253832499185
1710802122.5062592,-2.638831933339437
1710802122.5063722,-2.718687587314182
1710802122.506485,-2.7971421347724066
1710802122.506598,-2.8748962614271374
1710802122.506711,-2.9505491256713867
1710802122.506824,-3.0262017250061035
1710802122.5069368,-3.100803693135579
1710802122.5070498,-3.172603713141547
1710802122.5071628,-3.24265268113878
1710802122.5072758,-3.309199015299479
1710802122.5073886,-3.374344242943658
1710802122.5075016,-3.435286945766873
1710802122.5076146,-3.4941278563605414
1710802122.5077276,-3.5515679253472223
1710802122.5078404,-3.6072566774156356
1710802122.5079534,-3.6611943774753146
1710802122.5080664,-3.7140811814202204
1710802122.5081794,-3.7652166684468584
1710802122.5082922,-3.8149513138665094
1710802122.5084052,-3.862934907277425
1710802122.5085182,-3.9074158668518066
1710802122.5086312,-3.949445088704427
1710802122.508744,-3.989022572835286
1710802122.508857,-4.025448163350423
1710802122.50897,-4.059421751234266
1710802122.509083,-4.091644287109375
1710802122.5091958,-4.123166137271457
1710802122.5093088,-4.152586725023058
1710802122.5094218,-4.181306627061632
1710802122.5095348,-4.208625687493218
1710802122.5096476,-4.233142799801296
1710802122.5097606,-4.256959491305881
1710802122.5098736,-4.2769233385721845
1710802122.5099866,-4.294785658518474
1710802122.5100994,-4.309145874447292
1710802122.5102124,-4.320703877343072
1710802122.5103254,-4.330510563320583
1710802122.5104384,-4.338916407691108
1710802122.5105512,-4.345571200052897
1710802122.5106642,-4.350474675496419
1710802122.5107772,-4.355728096432156
1710802122.5108902,-4.358880519866943
1710802122.511003,-4.360981782277425
1710802122.511116,-4.360281361473931
1710802122.511229,-4.356428782145183
1710802122.511342,-4.35012420018514
1710802122.5114548,-4.340317514207628
1710802122.5115678,-4.329109721713595
1710802122.5116808,-4.3158004018995495
1710802122.5117939,-4.301790661282009
1710802122.5119066,-4.28778092066447
1710802122.5120196,-4.271669652726915
1710802122.5121326,-4.255908595191108
1710802122.5122457,-4.238746696048312
1710802122.5123584,-4.219133059183757
1710802122.5124714,-4.196367263793945
1710802122.5125844,-4.17149994108412
1710802122.5126975,-4.1434801949395075
1710802122.5128102,-4.112658765580919
1710802122.5129232,-4.081136915418837
1710802122.5130363,-4.04751353793674
1710802122.5131493,-4.014590581258138
1710802122.513262,-3.9799163076612682
1710802122.513375,-3.946643140580919
1710802122.513488,-3.9112684461805554
1710802122.513601,-3.874492910173204
1710802122.5137138,-3.8349154260423446
1710802122.5138268,-3.792885939280192
1710802122.5139399,-3.7484049797058105
1710802122.5140529,-3.7011220720079208
1710802122.5141656,-3.6524380577935114
1710802122.5142787,-3.6027034123738604
1710802122.5143917,-3.55296876695421
1710802122.5145047,-3.5032341215345593
1710802122.5146174,-3.4520986345079208
1710802122.5147305,-3.400612672170003
1710802122.5148435,-3.346324761708577
1710802122.5149565,-3.2902857992384167
1710802122.5150692,-3.231094413333469
1710802122.5151823,-3.1691013442145453
1710802122.5152953,-3.1046565373738604
1710802122.5154083,-3.0381099383036294
1710802122.515521,-2.970162762535943
1710802122.515634,-2.90151490105523
1710802122.515747,-2.83251682917277
1710802122.51586,-2.7628183364868164
1710802122.5159729,-2.6917187372843423
1710802122.5160859,-2.6199187172783747
1710802122.5161989,-2.5456669595506454
1710802122.516312,-2.4689634641011557
1710802122.5164247,-2.3905086517333984
1710802122.5165377,-2.3096023665534124
1710802122.5166507,-2.2283458709716797
1710802122.5167637,-2.1453379260169134
1710802122.5168765,-2.0623301135169134
1710802122.5169895,-1.9782715373569064
1710802122.5171025,-1.8942129611968994
1710802122.5172155,-1.8087534109751382
1710802122.5173283,-1.7229436503516302
1710802122.5174413,-1.634682019551595
1710802122.5175543,-1.5450195471445718
1710802122.5176673,-1.4536058902740479
1710802122.51778,-1.3614916801452637
1710802122.517893,-1.2679764959547255
1710802122.518006,-1.1737608909606934
1710802122.518119,-1.0784945223066542
1710802122.5182319,-0.982877877023485
1710802122.5183449,-0.8865607447094387
1710802122.518458,-0.7891929149627686
1710802122.518571,-0.6918250852160983
1710802122.5186837,-0.5927060047785441
1710802122.5187967,-0.4946376548873054
1710802122.5189097,-0.3955185744497511
1710802122.5190227,-0.2960492836104499
1710802122.5191355,-0.19587947262658012
1710802122.5192485,-0.09570966164271036
1710802122.5193615,0.004461011849343777
1710802122.5194745,0.10570135381486681
1710802122.5195873,0.20659137103292677
1710802122.5197003,0.30783169799380833
1710802122.5198133,0.40872173176871407
1710802122.5199263,0.5092614558007982
1710802122.520039,0.6087502506044176
1710802122.520152,0.7071880499521891
1710802122.520265,0.8052755726708306
1710802122.520378,0.9023121992746989
1710802122.520491,0.998998483022054
1710802122.520604,1.094984081056383
1710802122.520717,1.1920207076602511
1710802122.52083,1.2890573342641194
1710802122.5209427,1.3853932751549614
1710802122.5210557,1.480327977074517
1710802122.5211687,1.5742117828792996
1710802122.5212817,1.6656433211432562
1710802122.5213945,1.7553232775794134
1710802122.5215075,1.8429014417860243
1710802122.5216205,1.930479605992635
1710802122.5217335,2.0156056351131864
1710802122.5218463,2.100381188922458
1710802122.5219593,2.18445618947347
1710802122.5220723,2.268531322479248
1710802122.5221853,2.3505043983459473
1710802122.522298,2.4310763676961265
1710802122.522411,2.5095462799072266
1710802122.522524,2.58591439988878
1710802122.5226371,2.6587796211242676
1710802122.52275,2.7298929956224227
1710802122.522863,2.799254788292779
1710802122.522976,2.8668652640448675
1710802122.523089,2.9341252644856772
1710802122.5232017,3.00068457921346
1710802122.5233147,3.065842787424723
1710802122.5234277,3.130650520324707
1710802122.5235407,3.1933564609951444
1710802122.5236535,3.253610399034288
1710802122.5237665,3.310360908508301
1710802122.5238795,3.366410997178819
1710802122.5239925,3.418257236480713
1710802122.5241053,3.4676512082417803
1710802122.5242183,3.5142429669698076
1710802122.5243313,3.5597835646735296
1710802122.5244443,3.603572580549452
1710802122.524557,3.646660910712348
1710802122.5246701,3.687997923956977
1710802122.5247831,3.7282837761773004
1710802122.5248961,3.765066729651557
1710802122.525009,3.800097836388482
1710802122.525122,3.8326769404941134
1710802122.525235,3.861752880944146
1710802122.525348,3.889077239566379
1710802122.5254607,3.912548224131266
1710802122.5255737,3.935318522983127
1710802122.5256867,3.955286343892415
1710802122.5257998,3.9759548505147295
1710802122.5259125,3.9941710895962186
1710802122.5260255,4.011686642964681
1710802122.5261385,4.027450879414876
1710802122.5262516,4.041813479529487
1710802122.5263643,4.054074552324083
1710802122.5264773,4.063182671864827
1710802122.5265903,4.069838523864746
1710802122.5267034,4.075443479749891
1710802122.5268161,4.078246222601996
1710802122.5269291,4.079997539520264
1710802122.5270422,4.080348014831543
1710802122.5271552,4.0817491213480634
1710802122.527268,4.08069822523329
1710802122.527381,4.079647329118517
1710802122.527494,4.077195061577691
1710802122.527607,4.072290791405572
1710802122.5277197,4.064934253692627
1710802122.5278327,4.054775238037109
1710802122.5279458,4.042163954840766
1710802122.5280588,4.026399718390571
1710802122.5281715,4.008884165022108
1710802122.5282845,3.9906679259406195
1710802122.5283976,3.9714007907443576
1710802122.5285106,3.9524838659498425
1710802122.5286233,3.931815359327528
1710802122.5287364,3.91184753841824
1710802122.5288494,3.889077239566379
1710802122.5289624,3.8645553588867188
1710802122.5290751,3.8372310002644854
1710802122.5291882,3.80710416369968
1710802122.5293012,3.7745250595940485
1710802122.5294142,3.7408950593736434
1710802122.529527,3.7062141630384655
1710802122.52964,3.6704823705885143
1710802122.529753,3.6358012093438044
1710802122.529866,3.6004196272956
1710802122.5299788,3.5636369387308755
1710802122.5300918,3.5272044605678983
1710802122.5302048,3.4865681330362954
1710802122.5303178,3.4434798028733993
1710802122.5304306,3.3982894155714245
1710802122.5305436,3.34994633992513
1710802122.5306566,3.29915099673801
1710802122.5307696,3.249056339263916
1710802122.5308824,3.196859624650743
1710802122.5309954,3.1446631749471026
1710802122.5311084,3.092816670735677
1710802122.5312214,3.0395693249172635
1710802122.5313342,2.9852708180745444
1710802122.5314472,2.9274691475762262
1710802122.5315602,2.868616845872667
1710802122.5316732,2.8066113260057235
1710802122.531786,2.742153803507487
1710802122.531899,2.6755944887797036
1710802122.532012,2.6090351740519204
1710802122.532125,2.541775173611111
1710802122.5322378,2.473113801744249
1710802122.5323508,2.404452429877387
1710802122.5324638,2.335440847608778
1710802122.5325766,2.2639772627088757
1710802122.5326896,2.191112173928155
1710802122.5328026,2.114744053946601
1710802122.5329156,2.037324905395508
1710802122.5330284,1.956753068500095
1710802122.5331414,1.8744296497768826
1710802122.5332544,1.791405545340644
1710802122.5333674,1.7066298590766058
1710802122.5334802,1.6218541728125677
1710802122.5335932,1.537779172261556
1710802122.5337062,1.4509016937679715
1710802122.5338192,1.364724768532647
1710802122.533932,1.276095708211263
1710802122.534045,1.1867659621768527
1710802122.534158,1.095684700542026
1710802122.534271,1.0046034389071994
1710802122.5343838,0.9121209383010864
1710802122.5344968,0.8192880948384602
1710802122.5346098,0.7247036695480347
1710802122.5347228,0.6308199299706353
1710802122.5348356,0.5358851949373881
1710802122.5349486,0.4395492540465461
1710802122.5350616,0.3432132800420125
1710802122.5351746,0.24617670310868156
1710802122.5352874,0.14843949013286167
1710802122.5354004,0.0500016493929757
1710802122.5355134,-0.0484267125527064
1710802122.5356264,-0.14684529768096075
1710802122.5357392,-0.24561411804623073
1710802122.5358522,-0.346134172545539
1710802122.5359652,-0.44595374001397026
1710802122.5360782,-0.5468240049150255
1710802122.536191,-0.6469938490125868
1710802122.536304,-0.747864113913642
1710802122.536417,-0.8476836813820733
1710802122.53653,-0.9471529722213745
1710802122.5366428,-1.0459218422571819
1710802122.5367558,-1.1436398824055989
1710802122.5368688,-1.2406575679779053
1710802122.5369818,-1.3373249106936984
1710802122.5370946,-1.4339922534094915
1710802122.5372076,-1.5310098065270317
1710802122.5373206,-1.627326938841078
1710802122.5374336,-1.7236440711551242
1710802122.5375464,-1.8182100190056694
1710802122.5376594,-1.9127758344014485
1710802122.5377724,-2.004890044530233
1710802122.5378854,-2.0959534909990096
1710802122.5379982,-2.184214989344279
1710802122.5381112,-2.271775934431288
1710802122.5382242,-2.357936170366075
1710802122.5383372,-2.4433957205878363
1710802122.53845,-2.527804374694824
1710802122.538563,-2.6122132937113443
1710802122.538676,-2.6955713166130915
1710802122.538789,-2.7775284979078503
1710802122.5389018,-2.8573841518825955
1710802122.5390148,-2.9351382785373263
1710802122.5391278,-3.010090457068549
1710802122.5392408,-3.08294137318929
1710802122.5393536,-3.153690497080485
1710802122.5394666,-3.2223383585611978
1710802122.5395796,-3.2881842719184027
1710802122.5396926,-3.3550808164808483
1710802122.5398054,-3.4195258882310653
1710802122.5399184,-3.483620484670003
1710802122.5400314,-3.545613818698459
1710802122.5401444,-3.606206046210395
1710802122.5402572,-3.6632956398857965
1710802122.5403702,-3.718283971150716
1710802122.5404832,-3.770120143890381
1710802122.5405962,-3.8191543685065374
1710802122.540709,-3.8657368554009333
1710802122.540822,-3.9098676045735674
1710802122.540935,-3.952597247229682
1710802122.541048,-3.994976944393582
1710802122.5411608,-4.035955270131429
1710802122.5412738,-4.073781702253553
1710802122.5413868,-4.110557503170437
1710802122.5414999,-4.1455817222595215
1710802122.5416126,-4.178154468536377
1710802122.5417256,-4.206874370574951
1710802122.5418386,-4.233843220604791
1710802122.5419517,-4.2562588055928545
1710802122.5420644,-4.277273548973931
1710802122.5421774,-4.29653697543674
1710802122.5422904,-4.3143995602925616
1710802122.5424035,-4.329459932115343
1710802122.5425162,-4.34381988313463
1710802122.5426292,-4.357479413350423
1710802122.5427423,-4.3690374162462025
1710802122.5428553,-4.378143946329753
1710802122.542968,-4.384448263380262
1710802122.543081,-4.388651053110759
1710802122.543194,-4.388651053110759
1710802122.543307,-4.387250211503771
1710802122.5434198,-4.383047156863742
1710802122.5435328,-4.378143946329753
1710802122.5436459,-4.3711389435662165
1710802122.5437589,-4.364484416113959
1710802122.5438716,-4.357129202948676
1710802122.5439847,-4.348723358578152
1710802122.5440977,-4.338566197289361
1710802122.5442107,-4.325957563188341
1710802122.5443234,-4.3101965056525335
1710802122.5444365,-4.291983710394965
1710802122.5445495,-4.270969231923421
1710802122.5446625,-4.247852961222331
1710802122.5447752,-4.223335848914252
1710802122.5448883,-4.197768105400933
1710802122.5450013,-4.172200361887614
1710802122.5451143,-4.1462824079725475
1710802122.545227,-4.118963347540961
1710802122.54534,-4.090943601396349
1710802122.545453,-4.059421751234266
1710802122.545566,-4.025097952948676
1710802122.5456789,-3.9879719416300454
1710802122.5457919,-3.9480442470974393
1710802122.5459049,-3.906014760335286
1710802122.546018,-3.861183590359158
1710802122.5461307,-3.8160022099812823
1710802122.5462437,-3.7711707750956216
1710802122.5463567,-3.7252889739142523
1710802122.5464697,-3.6797571182250977
1710802122.5465825,-3.632474210527208
1710802122.5466955,-3.5827395651075573
1710802122.5468085,-3.5309033923678927
1710802122.5469215,-3.475915061102973
1710802122.5470343,-3.418474992116292
1710802122.5471473,-3.359283871120877
1710802122.5472603,-3.297991222805447
1710802122.5473733,-3.236348099178738
1710802122.547486,-3.174705240461561
1710802122.547599,-3.1130623817443848
1710802122.547712,-3.049668206108941
1710802122.547825,-2.984872923956977
1710802122.5479379,-2.9186768001980252
1710802122.5480509,-2.848978307512071
1710802122.548164,-2.7771782875061035
1710802122.548277,-2.7025763193766275
1710802122.5483897,-2.6269234551323786
1710802122.5485027,-2.548468907674154
1710802122.5486157,-2.4693136745029025
1710802122.5487287,-2.3891078101264105
1710802122.5488415,-2.3096023665534124
1710802122.5489545,-2.2279956605699325
1710802122.5490675,-2.1463886896769204
1710802122.5491805,-2.061629560258653
1710802122.5492933,-1.9751193788316515
1710802122.5494063,-1.8879085116916232
1710802122.5495193,-1.797895828882853
1710802122.5496323,-1.706482172012329
1710802122.549745,-1.614367961883545
1710802122.549858,-1.5205025672912598
1710802122.549971,-1.4269873831007216
1710802122.550084,-1.3313706715901692
1710802122.550197,-1.235403882132636
1710802122.55031,-1.138736539416843
1710802122.550423,-1.0417188538445366
1710802122.550536,-0.9429500500361124
1710802122.5506487,-0.8434807591968112
1710802122.5507617,-0.74366119172838
1710802122.5508747,-0.6438416242599487
1710802122.5509877,-0.5426210827297634
1710802122.5511005,-0.44210102823045516
1710802122.5512135,-0.34053027629852295
1710802122.5513265,-0.23895949125289917
1710802122.5514395,-0.1370384626918369
1710802122.5515523,-0.03511743826998605
1710802122.5516653,0.0671669633852111
1710802122.5517783,0.16840731104214987
1710802122.5518913,0.2692973282602098
1710802122.552004,0.36983705229229397
1710802122.552117,0.470026433467865
1710802122.5522301,0.5698655049006144
1710802122.5523431,0.6697046094470553
1710802122.552456,0.7702443334791396
1710802122.552569,0.8711343341403537
1710802122.552682,0.9709734386867946
1710802122.552795,1.072213782204522
1710802122.5529077,1.1710019906361897
1710802122.5530207,1.2694397237565782
1710802122.5531337,1.3654254542456732
1710802122.5532467,1.460710499021742
1710802122.5533595,1.5545941723717582
1710802122.5534725,1.6467263963487413
1710802122.5535855,1.7388586203257241
1710802122.5536985,1.830290158589681
1710802122.5538113,1.922422382566664
1710802122.5539243,2.0138540532853866
1710802122.5540373,2.1045850382910833
1710802122.5541503,2.191812859641181
1710802122.554263,2.2776394420199924
1710802122.5543761,2.361013889312744
1710802122.5544891,2.441585593753391
1710802122.5546021,2.519355085160997
1710802122.554715,2.595372994740804
1710802122.554828,2.6699895328945584
1710802122.554941,2.74320469962226
1710802122.555054,2.8160699208577475
1710802122.5551667,2.8871832953559027
1710802122.5552797,2.956895563337538
1710802122.5553927,3.0245057741800943
1710802122.5555058,3.08931377198961
1710802122.5556185,3.1516692373487682
1710802122.5557315,3.210171593560113
1710802122.5558445,3.2665718926323786
1710802122.5559576,3.3215708202785916
1710802122.5560703,3.373767534891764
1710802122.5561833,3.4252635637919107
1710802122.5562963,3.4753582212660046
1710802122.5564094,3.525102403428819
1710802122.5565221,3.57274505827162
1710802122.5566351,3.618986341688368
1710802122.5567482,3.6631255679660373
1710802122.5568612,3.704812791612413
1710802122.556974,3.742646641201443
1710802122.557087,3.7776780128479004
1710802122.5572,3.8102568520439997
1710802122.557313,3.8410843743218317
1710802122.5574257,3.868759208255344
1710802122.5575387,3.896083566877577
1710802122.5576518,3.9227072397867837
1710802122.5577648,3.9479298061794705
1710802122.5578775,3.970700105031331
1710802122.5579906,3.992419507768419
1710802122.5581036,4.010985957251655
1710802122.5582166,4.027801089816623
1710802122.5583293,4.04146326912774
1710802122.5584424,4.05302365620931
1710802122.5585554,4.061431090037028
1710802122.5586684,4.068787627749972
1710802122.5587811,4.074743058946398
1710802122.5588942,4.079647329118517
1710802122.5590072,4.084201388888888
1710802122.5591202,4.087354342142741
1710802122.559233,4.089456134372287
1710802122.559346,4.090156820085314
1710802122.559459,4.088405238257514
1710802122.559572,4.084551599290636
1710802122.5596848,4.076844851175944
1710802122.5597978,4.0677367316351996
1710802122.5599108,4.055125448438856
1710802122.5600238,4.04146326912774
1710802122.5601366,4.027801089816623
1710802122.5602496,4.012737539079454
1710802122.5603626,3.9980244636535645
1710802122.5604756,3.9826107025146484
1710802122.5605884,3.9654453595479326
1710802122.5607014,3.947229120466444
1710802122.5608144,3.926210403442383
1710802122.5609274,3.903089894188775
1710802122.5610402,3.877166642083062
1710802122.5611532,3.849492073059082
1710802122.5612662,3.8204161326090493
1710802122.5613792,3.7906395064459906
1710802122.561492,3.7605126698811846
1710802122.561605,3.7314367294311523
1710802122.561718,3.7016601032680936
1710802122.561831,3.669431209564209
1710802122.5619438,3.6361516846550836
1710802122.5620568,3.6007701026068792
1710802122.5621698,3.562235567304823
1710802122.5622828,3.5205483436584473
1710802122.5623956,3.475708431667752
1710802122.5625086,3.429817623562283
1710802122.5626216,3.383576340145535
1710802122.5627346,3.3366343710157604
1710802122.5628474,3.28899171617296
1710802122.5629604,3.2406486405266657
1710802122.5630734,3.192655775282118
1710802122.5631864,3.142561117808024
1710802122.5632992,3.090014192793104
1710802122.5634122,3.034314579433865
1710802122.5635252,2.975812488132053
1710802122.5636382,2.9162592358059354
1710802122.563751,2.853903505537245
1710802122.563864,2.7911975648668075
1710802122.563977,2.7284916241963706
1710802122.56409,2.6657856835259333
1710802122.5642028,2.601328161027696
1710802122.5643158,2.538272009955512
1710802122.5644288,2.471012009514703
1710802122.5645418,2.404452429877387
1710802122.5646546,2.334039741092258
1710802122.5647676,2.261174784766303
1710802122.5648806,2.187258799870809
1710802122.5649936,2.111240890291002
1710802122.5651064,2.0355734560224743
1710802122.5652194,1.9581543074713812
1710802122.5653324,1.8796842628055148
1710802122.5654454,1.8019149038526747
1710802122.5655582,1.722393963072035
1710802122.5656712,1.6421723365783691
1710802122.5657842,1.5594985749986436
1710802122.5658972,1.4750732315911186
1710802122.56601,1.3885460959540472
1710802122.566123,1.3009679317474365
1710802122.566236,1.2119885285695393
1710802122.566349,1.122308439678616
1710802122.5664618,1.0312271780437894
1710802122.5665748,0.9408465358946059
1710802122.5666878,0.8483640352884928
1710802122.5668008,0.7562318113115098
1710802122.5669136,0.6633989678488837
1710802122.5670266,0.5688146087858412
1710802122.5671396,0.473879873752594
1710802122.5672526,0.37859486209021675
1710802122.5673654,0.28260919782850474
1710802122.5674784,0.18697387642330593
1710802122.5675914,0.08958697319030762
1710802122.5677044,-0.007798403191069761
1710802122.5678172,-0.10516625311639574
1710802122.5679302,-0.2021838559044732
1710802122.5680432,-0.30095269282658893
1710802122.5681562,-0.3986707660886976
1710802122.568269,-0.49638887246449787
1710802122.568382,-0.5941069788402981
1710802122.568495,-0.6907743215560913
1710802122.568608,-0.7881421513027614
1710802122.5687208,-0.8837587965859307
1710802122.5688338,-0.9797256522708468
1710802122.5689468,-1.0763930612140231
1710802122.5690598,-1.1723599168989394
1710802122.5691726,-1.2686770492129855
1710802122.5692856,-1.3653443919287787
1710802122.5693986,-1.4609609709845648
1710802122.5695117,-1.5555269188351102
1710802122.5696244,-1.6486918926239014
1710802122.5697374,-1.7408061027526855
1710802122.5698504,-1.8308187855614555
1710802122.5699635,-1.9204812579684787
1710802122.5700762,-2.009793519973755
1710802122.5701892,-2.098755439122518
1710802122.5703022,-2.18666672706604
1710802122.5704153,-2.2752785682678223
1710802122.570528,-2.3631898562113443
1710802122.570641,-2.4500502480400934
1710802122.570754,-2.53340827094184
1710802122.570867,-2.6160658730400934
1710802122.5709798,-2.6962717374165854
1710802122.5710928,-2.7740261289808483
1710802122.5712059,-2.849678728315565
1710802122.5713189,-2.924280696445041
1710802122.5714316,-2.997131612565782
1710802122.5715446,-3.068581157260471
1710802122.5716577,-3.1400309668646917
1710802122.5717707,-3.2093795140584307
1710802122.5718834,-3.2773266898261175
1710802122.5719965,-3.3424721823798285
1710802122.5721095,-3.4055161476135254
1710802122.5722225,-3.466108375125461
1710802122.5723352,-3.5235484441121416
1710802122.5724483,-3.5785367753770614
1710802122.5725613,-3.6310733689202204
1710802122.5726743,-3.6822088559468584
1710802122.572787,-3.7319435013665094
1710802122.5729,-3.780977725982666
1710802122.573013,-3.8282606336805554
1710802122.573126,-3.8734422789679632
1710802122.5732388,-3.9179232385423446
1710802122.5733519,-3.959252039591471
1710802122.5734649,-3.9981291029188366
1710802122.573578,-4.034554428524441
1710802122.5736907,-4.0681778060065374
1710802122.5738037,-4.098999235365126
1710802122.5739167,-4.12912024392022
1710802122.5740294,-4.15608909395006
1710802122.5741425,-4.183408154381646
1710802122.5742555,-4.208975897894965
1710802122.5743685,-4.233142799801296
1710802122.5744812,-4.255908595191108
1710802122.5745943,-4.275872707366943
1710802122.5747073,-4.293735027313232
1710802122.5748203,-4.309145874447292
1710802122.574933,-4.321054087744819
1710802122.575046,-4.330510563320583
1710802122.575159,-4.336815145280626
1710802122.575272,-4.342769251929389
1710802122.5753849,-4.345571200052897
1710802122.5754979,-4.348022937774658
1710802122.5756109,-4.349773989783393
1710802122.575724,-4.35012420018514
1710802122.5758367,-4.349423779381646
1710802122.5759497,-4.346621831258138
1710802122.5760627,-4.341017935011122
1710802122.5761757,-4.332612090640597
1710802122.5762885,-4.3214042981465655
1710802122.5764015,-4.307394557529025
1710802122.5765145,-4.292684396107991
1710802122.5766275,-4.27622291776869
1710802122.5767403,-4.259761439429389
1710802122.5768533,-4.241198433770074
1710802122.5769663,-4.224036534627278
1710802122.5770793,-4.20477310816447
1710802122.577192,-4.183758364783393
1710802122.577305,-4.159941673278809
1710802122.577418,-4.132973088158502
1710802122.577531,-4.104252921210395
1710802122.5776439,-4.072030650244819
1710802122.577757,-4.038056797451443
1710802122.57787,-4.003732999165853
1710802122.577983,-3.9680080943637424
1710802122.5780957,-3.9322831895616317
1710802122.5782087,-3.8958578639560275
1710802122.5783217,-3.858731852637397
1710802122.5784347,-3.820204999711778
1710802122.5785475,-3.777825567457411
1710802122.5786605,-3.7333446078830295
1710802122.5787735,-3.6860617001851397
1710802122.5788865,-3.635626369052463
1710802122.5789993,-3.5834399859110513
1710802122.5791123,-3.529852761162652
1710802122.5792253,-3.475214640299479
1710802122.5793383,-3.4205765194363065
1710802122.579451,-3.3655881881713867
1710802122.579564,-3.3095492257012262
1710802122.579677,-3.2510585255093045
1710802122.57979,-3.1908165083991156
1710802122.579903,-3.1277725431654186
1710802122.580016,-3.062276840209961
1710802122.580129,-2.993628978729248
1710802122.580242,-2.9239304860432944
1710802122.5803547,-2.8528308868408203
1710802122.5804677,-2.7806806564331055
1710802122.5805807,-2.7074795299106174
1710802122.5806937,-2.6353292995029025
1710802122.5808065,-2.5617782274881997
1710802122.5809195,-2.486825784047445
1710802122.5810325,-2.4090716573927136
1710802122.5811455,-2.3299164242214627
1710802122.5812583,-2.24865992863973
1710802122.5813713,-2.1653019057379828
1710802122.5814843,-2.0808929867214627
1710802122.5815973,-1.9947330156962075
1710802122.58171,-1.9085729122161865
1710802122.581823,-1.8220625983344183
1710802122.5819361,-1.7331006791856554
1710802122.5820491,-1.6444889704386392
1710802122.582162,-1.554476155175103
1710802122.582275,-1.463762919108073
1710802122.582388,-1.3702478673723009
1710802122.582501,-1.2770828935835097
1710802122.5826137,-1.1811159716712103
1710802122.5827267,-1.0837481419245403
1710802122.5828397,-0.987080799208747
1710802122.5829527,-0.8876115083694458
1710802122.5830655,-0.7881421513027614
1710802122.5831785,-0.6883226500617133
1710802122.5832915,-0.588152805964152
1710802122.5834045,-0.48623181051678127
1710802122.5835173,-0.3839605384402805
1710802122.5836303,-0.28133902284834117
1710802122.5837433,-0.17941799428727892
1710802122.5838563,-0.07574574814902411
1710802122.583969,0.026881018032630283
1710802122.5840821,0.1298729164732827
1710802122.5841951,0.23321512672636244
1710802122.5843081,0.3365573618147108
1710802122.584421,0.4409504930178324
1710802122.584534,0.5435920755068461
1710802122.584647,0.6476349300808376
1710802122.58476,0.7499261697133383
1710802122.5848727,0.8518671327167087
1710802122.5849857,0.9524068567487929
1710802122.5850987,1.0504943794674344
1710802122.5852118,1.1482315593295627
1710802122.5853245,1.2459688716464572
1710802122.5854375,1.3426551553938124
1710802122.5855505,1.4393414391411674
1710802122.5856636,1.5367282761467826
1710802122.5857763,1.6330642170376248
1710802122.5858893,1.7276485761006672
1710802122.5860023,1.822233067618476
1710802122.5861154,1.9136646058824327
1710802122.5862281,2.002994351916843
1710802122.5863411,2.0902221732669406
1710802122.5864542,2.1770996517605252
1710802122.5865672,2.2615249951680503
1710802122.58668,2.344549232059055
1710802122.586793,2.4286241001553006
1710802122.586906,2.5102469656202526
1710802122.587019,2.591869831085205
1710802122.5871317,2.6713906394110785
1710802122.5872447,2.7484594451056585
1710802122.5873578,2.823426458570692
1710802122.5874708,2.894890308380127
1710802122.5875835,2.9642521010504828
1710802122.5876966,3.030811415778266
1710802122.5878096,3.095969623989529
1710802122.5879226,3.1583253542582193
1710802122.5880353,3.2213815053304033
1710802122.5881484,3.2823358641730414
1710802122.5882614,3.3432902230156794
1710802122.5883744,3.4014421039157443
1710802122.5884871,3.4567915068732367
1710802122.5886002,3.5100391176011825
1710802122.5887132,3.5604839854770236
1710802122.5888262,3.6067252688937717
1710802122.588939,3.6505145496792264
1710802122.589052,3.6918512980143228
1710802122.589165,3.730385833316379
1710802122.589278,3.7678692075941296
1710802122.5893908,3.804651896158854
1710802122.5895038,3.838632371690538
1710802122.5896168,3.8715616861979165
1710802122.5897298,3.9023892084757485
1710802122.5898426,3.9314651489257812
1710802122.5899556,3.9584392971462674
1710802122.5900686,3.9808591206868487
1710802122.5901816,4.001527627309163
1710802122.5902944,4.020444552103679
1710802122.5904074,4.037609895070394
1710802122.5905204,4.05302365620931
1710802122.5906334,4.067386521233453
1710802122.5907462,4.08069822523329
1710802122.5908592,4.092959298027886
1710802122.5909722,4.104869895511203
1710802122.5910852,4.114678700764974
1710802122.591198,4.122385448879665
1710802122.591311,4.127289983961317
1710802122.591424,4.12974198659261
1710802122.591537,4.129391776190864
1710802122.5916498,4.127289983961317
1710802122.5917628,4.123086134592692
1710802122.5918758,4.117130703396267
1710802122.5919888,4.111525747511122
1710802122.5921016,4.1045194201999236
1710802122.5922146,4.0971628824869795
1710802122.5923276,4.088405238257514
1710802122.5924406,4.078246222601996
1710802122.5925534,4.065634939405653
1710802122.5926664,4.049520492553711
1710802122.5927794,4.030603567759196
1710802122.5928924,4.008884165022108
1710802122.5930052,3.9850629700554743
1710802122.5931182,3.9601908789740667
1710802122.5932312,3.933566941155328
1710802122.5933442,3.908344374762641
1710802122.593457,3.881720701853434
1710802122.59357,3.8550970289442272
1710802122.593683,3.826021088494195
1710802122.593796,3.795894251929389
1710802122.5939088,3.762614462110731
1710802122.5940218,3.727232880062527
1710802122.5941348,3.6883481343587237
1710802122.5942478,3.6484124925401473
1710802122.5943606,3.6063750584920244
1710802122.5944736,3.564337624443902
1710802122.5945866,3.522650400797526
1710802122.5946996,3.480612701839871
1710802122.5948124,3.438225057390001
1710802122.5949254,3.3951364623175726
1710802122.5950384,3.3495958646138506
1710802122.5951514,3.3012527889675565
1710802122.5952642,3.2501072353786893
1710802122.5953772,3.1965094142489963
1710802122.5954902,3.1408095359802246
1710802122.5956032,3.0837085511949325
1710802122.595716,3.025907145606147
1710802122.595829,2.967755264706082
1710802122.595942,2.9096033838060165
1710802122.596055,2.8504006067911782
1710802122.5961678,2.7901466687520347
1710802122.5962808,2.7281414137946234
1710802122.5963938,2.66298320558336
1710802122.5965068,2.596423890855577
1710802122.5966196,2.526361412472195
1710802122.5967326,2.4548975626627603
1710802122.5968456,2.3813319206237793
1710802122.5969586,2.307065592871772
1710802122.5970714,2.2327992651197643
1710802122.5971844,2.157131830851237
1710802122.5972974,2.0818146069844565
1710802122.5974104,2.0057968298594155
1710802122.5975232,1.9269764423370361
1710802122.5976362,1.8471052911546495
1710802122.5977492,1.764781739976671
1710802122.5978622,1.6814074251386855
1710802122.597975,1.595580842759874
1710802122.598088,1.5104548136393228
1710802122.598201,1.4235773351457384
1710802122.598314,1.3352984852261014
1710802122.5984268,1.2473701106177435
1710802122.5985398,1.1594416035546196
1710802122.5986528,1.0701119237475925
1710802122.5987659,0.9793809387418959
1710802122.5988786,0.8882996771070693
1710802122.5989916,0.7958171765009562
1710802122.5991046,0.7019333706961738
1710802122.5992177,0.6080496311187744
1710802122.5993304,0.5127645863427056
1710802122.5994434,0.4164286123381721
1710802122.5995564,0.3200926383336385
1710802122.5996695,0.22305606140030754
1710802122.5997822,0.1253188567029105
1710802122.5998952,0.026530704150597252
1710802122.6000082,-0.07119258244832356
1710802122.6001213,-0.17101213335990906
1710802122.600234,-0.2704814573129018
1710802122.600347,-0.36890003416273326
1710802122.60046,-0.46871960163116455
1710802122.600573,-0.5678386820687188
1710802122.6006858,-0.666957762506273
1710802122.6007988,-0.7664270533455743
1710802122.6009119,-0.8662466208140055
1710802122.6010249,-0.9660661882824367
1710802122.6011376,-1.066235966152615
1710802122.6012506,-1.1646544933319092
1710802122.6013637,-1.2627229425642226
1710802122.6014767,-1.3597404956817627
1710802122.6015894,-1.4543064435323079
1710802122.6017025,-1.54852204852634
1710802122.6018155,-1.6420372327168782
1710802122.6019285,-1.7345016532474093
1710802122.6020412,-1.8276666270362005
1710802122.6021543,-1.9197807047102187
1710802122.6022673,-2.0111944940355087
1710802122.6023803,-2.102257940504286
1710802122.602493,-2.191219859653049
1710802122.602606,-2.279131147596571
1710802122.602719,-2.3638902770148382
1710802122.602832,-2.448298931121826
1710802122.6029449,-2.5288552708095975
1710802122.6030579,-2.6090611351860895
1710802122.6031709,-2.6875156826443143
1710802122.603284,-2.7642191780938044
1710802122.6033967,-2.841272883945041
1710802122.6035097,-2.916925483279758
1710802122.6036227,-2.9918779267205133
1710802122.6037357,-3.065078788333469
1710802122.6038485,-3.135477966732449
1710802122.6039615,-3.2030749320983887
1710802122.6040745,-3.2689208454555936
1710802122.6041875,-3.3316146002875433
1710802122.6043003,-3.392206827799479
1710802122.6044133,-3.4513979487948947
1710802122.6045263,-3.5091882281833224
1710802122.6046393,-3.5652274555630155
1710802122.604752,-3.621266418033176
1710802122.604865,-3.6748536427815752
1710802122.604978,-3.727040025922987
1710802122.605091,-3.7767746713426376
1710802122.6052039,-3.82370736863878
1710802122.6053169,-3.868188593122694
1710802122.60543,-3.9091669188605414
1710802122.605543,-3.9480442470974393
1710802122.6056557,-3.9844695727030435
1710802122.6057687,-4.018793370988634
1710802122.6058817,-4.05241674847073
1710802122.6059947,-4.083238442738851
1710802122.6061075,-4.114059872097439
1710802122.6062205,-4.142429563734266
1710802122.6063335,-4.169398413764106
1710802122.6064465,-4.194265736473931
1710802122.6065593,-4.216331111060248
1710802122.6066723,-4.235944747924805
1710802122.6067853,-4.252406226264106
1710802122.6068983,-4.267466598086886
1710802122.607011,-4.280075497097439
1710802122.607124,-4.291283289591472
1710802122.607237,-4.301090240478516
1710802122.60735,-4.310896926456027
1710802122.607463,-4.318952560424805
1710802122.607576,-4.326307773590088
1710802122.607689,-4.331911669837104
1710802122.607802,-4.334013197157118
1710802122.6079147,-4.334713617960612
1710802122.6080277,-4.33121124903361
1710802122.6081407,-4.325957563188341
1710802122.6082537,-4.31825213962131
1710802122.6083665,-4.3080949783325195
1710802122.6084795,-4.297237396240234
1710802122.6085925,-4.2860296037462025
1710802122.6087055,-4.273420969645183
1710802122.6088183,-4.26081207063463
1710802122.6089313,-4.246452119615343
1710802122.6090443,-4.229990641276042
1710802122.6091573,-4.210727214813232
1710802122.60927,-4.188311629825168
1710802122.609383,-4.162743621402316
1710802122.609496,-4.135424825880262
1710802122.6096091,-4.106004238128662
1710802122.609722,-4.075883229573567
1710802122.609835,-4.045762221018474
1710802122.609948,-4.0149407916598845
1710802122.610061,-3.9830684661865234
1710802122.6101737,-3.9508461952209473
1710802122.6102867,-3.9158217112223306
1710802122.6103997,-3.879046175214979
1710802122.6105127,-3.8380675845675998
1710802122.6106255,-3.794987466600206
1710802122.6107385,-3.7491054005093045
1710802122.6108515,-3.7025231785244412
1710802122.6109645,-3.654889795515272
1710802122.6110773,-3.606206046210395
1710802122.6111903,-3.558222452799479
1710802122.6113033,-3.5088380177815752
1710802122.6114163,-3.4591033723619247
1710802122.611529,-3.40726719962226
1710802122.6116421,-3.3536799748738604
1710802122.6117551,-3.296940326690674
1710802122.6118681,-3.237048784891764
1710802122.611981,-3.1771569781833224
1710802122.612094,-3.1130623817443848
1710802122.612207,-3.049317995707194
1710802122.61232,-2.984872923956977
1710802122.6124327,-2.9200779067145453
1710802122.6125457,-2.8552826245625815
1710802122.6126587,-2.7880358695983887
1710802122.6127717,-2.719388008117676
1710802122.6128845,-2.647938198513455
1710802122.6129975,-2.574737071990967
1710802122.6131105,-2.498734262254503
1710802122.6132236,-2.420980135599772
1710802122.6133363,-2.341124481625027
1710802122.6134493,-2.2602179315355087
1710802122.6135623,-2.1789613034990096
1710802122.6136754,-2.097354465060764
1710802122.6137881,-2.013996442159017
1710802122.6139011,-1.9306382868025038
1710802122.6140141,-1.8462295002407498
1710802122.6141272,-1.7597191863589816
1710802122.61424,-1.6711074776119657
1710802122.614353,-1.5817952156066895
1710802122.614466,-1.4910819795396593
1710802122.614579,-1.399668322669135
1710802122.6146917,-1.306153138478597
1710802122.6148047,-1.2133385075463188
1710802122.6149178,-1.1198233233557806
1710802122.6150308,-1.0245569547017415
1710802122.6151435,-0.9278895457585652
1710802122.6152565,-0.831922690073649
1710802122.6153696,-0.7345548603269789
1710802122.6154823,-0.6364864773220485
1710802122.6155953,-0.5380679170290629
1710802122.6157084,-0.4396493236223856
1710802122.6158214,-0.34053027629852295
1710802122.6159341,-0.24106095234553018
1710802122.6160471,-0.14089114136166042
1710802122.6161602,-0.04142183396551344
1710802122.6162732,0.05981040083699756
1710802122.616386,0.16035012072987026
1710802122.616499,0.26088982820510864
1710802122.616612,0.3610792424943712
1710802122.616725,0.46056800418429905
1710802122.6168377,0.5597064892450968
1710802122.6169508,0.6584946314493815
1710802122.6170638,0.7572827736536661
1710802122.6171768,0.8560709158579508
1710802122.6172895,0.9552094009187486
1710802122.6174026,1.0539975431230333
1710802122.6175156,1.1538366476694744
1710802122.6176286,1.2533254093594022
1710802122.6177413,1.3517632749345567
1710802122.6178544,1.449150111940172
1710802122.6179674,1.544785499572754
1710802122.6180804,1.63796861966451
1710802122.6181931,1.7294001579284668
1710802122.6183062,1.8194305896759033
1710802122.6184192,1.9077093071407742
1710802122.6185322,1.995988024605645
1710802122.618645,2.083916531668769
1710802122.618758,2.1707940101623535
1710802122.618871,2.256270249684652
1710802122.618984,2.3392944865756564
1710802122.6190968,2.4212675624423556
1710802122.6192098,2.4997374746534557
1710802122.6193228,2.5761055946350098
1710802122.6194358,2.6496712366739907
1710802122.6195486,2.7211350864834256
1710802122.6196616,2.7915480401780868
1710802122.6197746,2.86126004325019
1710802122.6198876,2.928870519002279
1710802122.6200004,2.996831205156114
1710802122.6201134,3.0633905198838973
1710802122.6202264,3.127497831980387
1710802122.6203394,3.1905539830525713
1710802122.6204522,3.2501072353786893
1710802122.6205652,3.3068577448527017
1710802122.6206782,3.360806041293674
1710802122.6207912,3.4126522805955672
1710802122.620904,3.462746938069661
1710802122.621017,3.5110900137159557
1710802122.62113,3.5590828789605036
1710802122.621243,3.6053241623772516
1710802122.6213558,3.650864760080973
1710802122.6214688,3.6946537759568954
1710802122.6215818,3.7363409996032715
1710802122.6216948,3.7752257453070746
1710802122.6218076,3.811308013068305
1710802122.6219206,3.8445875379774304
1710802122.6220336,3.874364164140489
1710802122.6221466,3.9027394188774958
1710802122.6222594,3.9293633566962347
1710802122.6223724,3.9535347620646157
1710802122.6224854,3.9763050609164767
1710802122.6225984,3.9987251493665905
1710802122.6227112,4.019743866390652
1710802122.6228242,4.03831058078342
1710802122.6229372,4.054775238037109
1710802122.6230502,4.070188999176025
1710802122.623163,4.081048700544569
1710802122.623276,4.090156820085314
1710802122.623389,4.096462461683485
1710802122.623502,4.101016521453857
1710802122.6236148,4.1045194201999236
1710802122.6237278,4.106971687740749
1710802122.6238408,4.109073479970296
1710802122.6239538,4.108373059166802
1710802122.6240666,4.109423955281575
1710802122.6241796,4.108723269568549
1710802122.6242926,4.1052201059129505
1710802122.6244056,4.098564253913032
1710802122.6245184,4.0905070304870605
1710802122.6246314,4.079647329118517
1710802122.6247444,4.065634939405653
1710802122.6248574,4.050571388668484
1710802122.6249702,4.034106731414795
1710802122.6250832,4.017291598849826
1710802122.6251962,4.0001265207926435
1710802122.6253092,3.9826107025146484
1710802122.625422,3.9636937777201333
1710802122.625535,3.9430255360073514
1710802122.625648,3.9192040761311846
1710802122.625761,3.893631299336751
1710802122.6258738,3.8638546731736922
1710802122.6259868,3.8323267300923662
1710802122.6260998,3.800097836388482
1710802122.6262128,3.7654169400533037
1710802122.6263256,3.7314367294311523
1710802122.6264386,3.696755568186442
1710802122.6265516,3.662074671851264
1710802122.6266646,3.626342879401313
1710802122.6267774,3.5895599259270563
1710802122.6268904,3.550324969821506
1710802122.6270034,3.507586850060357
1710802122.6271164,3.4616960419548883
1710802122.6272292,3.413352701399061
1710802122.6273422,3.363958729637994
1710802122.6274552,3.3121124903361
1710802122.6275682,3.260966936747233
1710802122.627681,3.2087702221340604
1710802122.627794,3.157274193233914
1710802122.627907,3.1050777435302734
1710802122.62802,3.0511297119988336
1710802122.6281328,2.9947291480170355
1710802122.6282458,2.9358768463134766
1710802122.6283588,2.8752726978725858
1710802122.6284719,2.811866071489122
1710802122.6285846,2.7474085489908853
1710802122.6286976,2.6804987589518228
1710802122.6288106,2.614640129937066
1710802122.6289237,2.548080815209283
1710802122.6290364,2.4811710251702204
1710802122.6291494,2.4132103390163846
1710802122.6292624,2.3434980710347495
1710802122.6293755,2.272034486134847
1710802122.6294882,2.1977681583828397
1710802122.6296012,2.122100591659546
1710802122.6297143,2.0429299937354193
1710802122.6298273,1.9623580243852403
1710802122.62994,1.8807352913750541
1710802122.630053,1.7987620830535889
1710802122.630166,1.7160883214738634
1710802122.630279,1.6323636637793646
1710802122.6303918,1.5479383203718398
1710802122.6305048,1.4624619483947754
1710802122.6306179,1.3752341270446777
1710802122.6307309,1.2862547238667805
1710802122.6308436,1.195874081717597
1710802122.6309566,1.103391581111484
1710802122.6310697,1.010909080505371
1710802122.6311827,0.9180762370427449
1710802122.6312954,0.8224409156375461
1710802122.6314085,0.7268055942323473
1710802122.6315215,0.6315205494562784
1710802122.6316345,0.5351845754517449
1710802122.6317472,0.4377976722187466
1710802122.6318603,0.3400604592429267
1710802122.6319733,0.24092200729582045
1710802122.6320863,0.14248417483435735
1710802122.632199,0.04299539658758375
1710802122.632312,-0.05683257348007626
1710802122.632425,-0.15700237618552312
1710802122.632538,-0.2571721706125471
1710802122.6326509,-0.35909321573045516
1710802122.6327639,-0.4599634806315104
1710802122.6328769,-0.5615342987908257
1710802122.63299,-0.6634552611245049
1710802122.6331027,-0.7643255922529433
1710802122.6332157,-0.8648456467522515
1710802122.6333287,-0.9646652142206827
1710802122.6334417,-1.0634340180291069
1710802122.6335545,-1.1615023348066542
1710802122.6336675,-1.2595706515842013
1710802122.6337805,-1.3576389683617485
1710802122.6338935,-1.4550068643358018
1710802122.6340063,-1.552724970711602
1710802122.6341193,-1.6504430770874023
1710802122.6342323,-1.7478109730614555
1710802122.6343453,-1.8427269988589816
1710802122.634458,-1.9372929467095268
1710802122.634571,-2.029407156838311
1710802122.634684,-2.120120392905341
1710802122.634797,-2.2090823120541043
1710802122.6349099,-2.296293046739366
1710802122.6350229,-2.3842043346828885
1710802122.635136,-2.4707147810194225
1710802122.635249,-2.5575751728481717
1710802122.6353617,-2.6419840918646917
1710802122.6354747,-2.7249919043646917
1710802122.6355877,-2.8072992960611978
1710802122.6357007,-2.8861040539211698
1710802122.6358135,-2.962107128567166
1710802122.6359265,-3.0360086758931475
1710802122.6360395,-3.1067577997843423
1710802122.6361525,-3.175405661265055
1710802122.6362653,-3.243353101942274
1710802122.6363783,-3.309899436102973
1710802122.6364913,-3.374344242943658
1710802122.6366043,-3.438088893890381
1710802122.636717,-3.5004321734110513
1710802122.63683,-3.560323980119493
1710802122.636943,-3.6181142595079208
1710802122.637056,-3.6734528011745877
1710802122.637169,-3.7259893947177463
1710802122.637282,-3.775023619333903
1710802122.637395,-3.8226567374335394
1710802122.637508,-3.8685388035244412
1710802122.6376207,-3.9130197630988226
1710802122.6377337,-3.955749405754937
1710802122.6378467,-3.9974284172058105
1710802122.6379597,-4.038056797451443
1710802122.6380725,-4.076583650377062
1710802122.6381855,-4.112658765580919
1710802122.6382985,-4.1462824079725475
1710802122.6384115,-4.17640315161811
1710802122.6385243,-4.20477310816447
1710802122.6386373,-4.229640430874294
1710802122.6387503,-4.252756436665853
1710802122.6388633,-4.272370073530409
1710802122.638976,-4.292333920796712
1710802122.639089,-4.309145874447292
1710802122.639202,-4.3256073527865935
1710802122.6393151,-4.340317514207628
1710802122.639428,-4.353626834021674
1710802122.639541,-4.365184836917453
1710802122.639654,-4.3732404708862305
1710802122.639767,-4.378143946329753
1710802122.6398797,-4.380245208740234
1710802122.6399927,-4.37954478793674
1710802122.6401057,-4.377093050214979
1710802122.6402187,-4.3732404708862305
1710802122.6403315,-4.368687205844455
1710802122.6404445,-4.3634335199991865
1710802122.6405575,-4.356428782145183
1710802122.6406705,-4.349423779381646
1710802122.6407833,-4.340317514207628
1710802122.6408963,-4.328759511311849
1710802122.6410093,-4.3143995602925616
1710802122.6411223,-4.296887185838488
1710802122.641235,-4.2769233385721845
1710802122.6413481,-4.255208174387614
1710802122.6414611,-4.232092168596056
1710802122.6415741,-4.207925266689724
1710802122.641687,-4.183408154381646
1710802122.6418,-4.158540831671821
1710802122.641913,-4.132973088158502
1710802122.642026,-4.106004238128662
1710802122.6421387,-4.076933860778809
1710802122.6422517,-4.044711589813232
1710802122.6423647,-4.0093368954128685
1710802122.6424778,-3.9704598320855036
1710802122.6425905,-3.929831451839871
1710802122.6427035,-3.8885026507907443
1710802122.6428165,-3.846123218536377
1710802122.6429296,-3.8026928901672363
1710802122.6430423,-3.7585621409946017
1710802122.6431553,-3.715832233428955
1710802122.6432683,-3.6699504322475858
1710802122.6433814,-3.62196683883667
1710802122.6434941,-3.571881983015272
1710802122.6436071,-3.5179445478651257
1710802122.6437201,-3.461204899681939
1710802122.6438332,-3.4027141994900174
1710802122.643946,-3.3417717615763345
1710802122.644059,-3.2804788483513727
1710802122.644172,-3.218135568830702
1710802122.644285,-3.1571931309170194
1710802122.6443977,-3.094499376085069
1710802122.6445107,-3.0300545692443848
1710802122.6446238,-2.963507970174154
1710802122.6447368,-2.8959110048082137
1710802122.6448495,-2.825161616007487
1710802122.6449625,-2.751610279083252
1710802122.6450756,-2.677008310953776
1710802122.6451886,-2.601355711619059
1710802122.6453013,-2.525352636973063
1710802122.6454144,-2.447598510318332
1710802122.6455274,-2.3705448044670954
1710802122.6456404,-2.292790677812364
1710802122.6457531,-2.2136355770958795
1710802122.6458662,-2.1330793698628745
1710802122.6459792,-2.0504217677646213
1710802122.6460922,-1.9660129812028673
1710802122.646205,-1.8802032205793593
1710802122.646318,-1.79124116897583
1710802122.646431,-1.7029796706305609
1710802122.646544,-1.6126166449652777
1710802122.6466568,-1.5219035413530138
1710802122.6467698,-1.4304897520277235
1710802122.6468828,-1.3380253314971924
1710802122.6469958,-1.2441599369049072
1710802122.6471086,-1.149944331910875
1710802122.6472216,-1.0543276866277058
1710802122.6473346,-0.9573100672827827
1710802122.6474476,-0.8595919609069824
1710802122.6475604,-0.7615236441294352
1710802122.6476734,-0.661704076661004
1710802122.6477864,-0.5618845091925727
1710802122.6478994,-0.4613644546932644
1710802122.6480122,-0.3604941897922092
1710802122.6481252,-0.25857316123114693
1710802122.6482382,-0.15595164563920763
1710802122.6483512,-0.054030621217356786
1710802122.648464,0.047899774379200406
1710802122.648577,0.14949041936132643
1710802122.64869,0.25038045313623214
1710802122.648803,0.3509201606114705
1710802122.6489158,0.45181019438637626
1710802122.6490288,0.5512989560763041
1710802122.6491418,0.6518386469946967
1710802122.6492548,0.7513274749120076
1710802122.6493676,0.8522174755732218
1710802122.6494806,0.9513559606340196
1710802122.6495936,1.0494434833526611
1710802122.6497066,1.1461297671000164
1710802122.6498194,1.241064469019572
1710802122.6499324,1.3349482748243544
1710802122.6500454,1.4277810520595975
1710802122.6501584,1.5195629331800673
1710802122.6502712,1.6106442610422769
1710802122.6503842,1.7020757993062336
1710802122.6504972,1.7938576804267035
1710802122.6506102,1.8845886654324002
1710802122.650723,1.9753196504380968
1710802122.650836,2.0632481575012207
1710802122.650949,2.149775293138292
1710802122.651062,2.233499950832791
1710802122.6511748,2.31547302669949
1710802122.6512878,2.394994099934896
1710802122.6514008,2.473464012145996
1710802122.6515138,2.548781236012777
1710802122.6516266,2.6244489351908364
1710802122.6517396,2.6987149980333114
1710802122.6518526,2.772631115383572
1710802122.6519656,2.8447953859965005
1710802122.6520784,2.9145076539781356
1710802122.6521914,2.9817676544189453
1710802122.6523044,3.046925862630208
1710802122.6524174,3.107880221472846
1710802122.6525302,3.1667327880859375
1710802122.6526432,3.222782876756456
1710802122.6527562,3.277781804402669
1710802122.6528692,3.3320803112453885
1710802122.652982,3.384977446662055
1710802122.653095,3.4364734755622015
1710802122.653208,3.4869183434380426
1710802122.653321,3.53491120868259
1710802122.6534338,3.5829040739271374
1710802122.6535468,3.6249415079752603
1710802122.6536598,3.6648771497938366
1710802122.6537728,3.7030612097846136
1710802122.6538856,3.737742371029324
1710802122.6539986,3.770671685536702
1710802122.6541116,3.8029003143310547
1710802122.6542246,3.8323267300923662
1710802122.6543374,3.861402670542399
1710802122.6544504,3.889777925279405
1710802122.6545634,3.9160513877868652
1710802122.6546764,3.9402230580647783
1710802122.6547892,3.961942195892334
1710802122.6549022,3.9822604921129012
1710802122.6550152,3.999776045481364
1710802122.6551282,4.0141389105055065
1710802122.655241,4.027450879414876
1710802122.655354,4.03831058078342
1710802122.655467,4.048819806840685
1710802122.65558,4.057927926381429
1710802122.6556928,4.0670360459221735
1710802122.6558058,4.074042373233371
1710802122.6559188,4.079647329118517
1710802122.6560318,4.083150492774116
1710802122.6561446,4.085252285003662
1710802122.6562576,4.084551599290636
1710802122.6563706,4.07894664340549
1710802122.6564834,4.072290791405572
1710802122.6565964,4.062481986151801
1710802122.6567094,4.0523229704962835
1710802122.6568224,4.040412373012966
1710802122.6569352,4.02815130021837
1710802122.6570482,4.015890492333306
1710802122.6571612,4.002228313022189
1710802122.6572742,3.988566133711073
1710802122.657387,3.9721014764573837
1710802122.6575,3.953885237375895
1710802122.657613,3.931815359327528
1710802122.657726,3.907994164360894
1710802122.6578388,3.8827715979682074
1710802122.6579518,3.8557977146572537
1710802122.6580648,3.827422195010715
1710802122.6581779,3.799747625986735
1710802122.6582906,3.7720727920532227
1710802122.6584036,3.7433473269144693
1710802122.6585166,3.7146215968661838
1710802122.6586297,3.6827431784735785
1710802122.6587424,3.6480622821384006
1710802122.6588554,3.611629803975423
1710802122.6589684,3.572394847869873
1710802122.6590815,3.530707624223497
1710802122.6591942,3.487969504462348
1710802122.6593072,3.4441802236768932
1710802122.6594203,3.4000409973992243
1710802122.6595333,3.3559015062120223
1710802122.659646,3.3117622799343533
1710802122.659759,3.265871206919352
1710802122.659872,3.219629923502604
1710802122.659985,3.16953526602851
1710802122.6600978,3.1166381306118436
1710802122.6602108,3.0605880419413247
1710802122.6603239,3.003487057156033
1710802122.6604369,2.944284280141195
1710802122.6605496,2.8836801317003036
1710802122.6606627,2.822725772857666
1710802122.6607757,2.7624720997280545
1710802122.6608887,2.7008170551723905
1710802122.6610014,2.637760639190674
1710802122.6611145,2.5736535920037165
1710802122.6612275,2.5077946980794272
1710802122.6613405,2.4391335911220975
1710802122.6614532,2.36801995171441
1710802122.6615663,2.295154995388455
1710802122.6616793,2.2212390104929605
1710802122.6617923,2.145571576224433
1710802122.661905,2.0709549056159124
1710802122.662018,1.9945867856343586
1710802122.662131,1.9185690085093179
1710802122.662244,1.8411498599582248
1710802122.6623569,1.7612787087758381
1710802122.6624699,1.6810570822821722
1710802122.6625829,1.59873366355896
1710802122.662696,1.514658530553182
1710802122.6628087,1.4277810520595975
1710802122.6629217,1.3409035735660129
1710802122.6630347,1.252274513244629
1710802122.6631477,1.1622440814971924
1710802122.6632605,1.0739653640323215
1710802122.6633735,0.983584721883138
1710802122.6634865,0.8925033940209283
1710802122.6635995,0.8000208934148152
1710802122.6637123,0.7075383928087022
1710802122.6638253,0.6126036908891466
1710802122.6639383,0.5180192655987209
1710802122.6640513,0.4213329818513658
1710802122.664164,0.3253473507033454
1710802122.664277,0.22831075721316868
1710802122.66439,0.13057354423734877
1710802122.664503,0.03178539375464121
1710802122.6646159,-0.06769013901551564
1710802122.6647289,-0.1664589676592085
1710802122.664842,-0.265578031539917
1710802122.664955,-0.3657478425237867
1710802122.6650677,-0.465567409992218
1710802122.6651807,-0.5639859702852037
1710802122.6652937,-0.6634552611245049
1710802122.6654067,-0.7608231570985582
1710802122.6655195,-0.8599422375361124
1710802122.6656325,-0.9583607647154067
1710802122.6657455,-1.0571296347512138
1710802122.6658585,-1.155898438559638
1710802122.6659713,-1.2536165449354384
1710802122.6660843,-1.3520350721147325
1710802122.6661973,-1.447651783625285
1710802122.6663103,-1.542567941877577
1710802122.666423,-1.6360831260681152
1710802122.666536,-1.7281972037421331
1710802122.666649,-1.8192606502109103
1710802122.666762,-1.9092734654744465
1710802122.666875,-1.9999867015414767
1710802122.666988,-2.08894862069024
1710802122.667101,-2.178611093097263
1710802122.667214,-2.267222934299045
1710802122.6673267,-2.354433536529541
1710802122.6674397,-2.4412941932678223
1710802122.6675527,-2.524652216169569
1710802122.6676657,-2.606959607866075
1710802122.6677785,-2.6861148410373263
1710802122.6678915,-2.764569388495551
1710802122.6680045,-2.841272883945041
1710802122.6681175,-2.9172759585910373
1710802122.6682303,-2.9925783475240073
1710802122.6683433,-3.066129684448242
1710802122.6684563,-3.138980335659451
1710802122.6685693,-3.210430145263672
1710802122.668682,-3.2790780067443848
1710802122.668795,-3.346324761708577
1710802122.668908,-3.409368726942274
1710802122.6690211,-3.470311164855957
1710802122.669134,-3.5284516546461315
1710802122.669247,-3.5851913028293185
1710802122.66936,-3.639829423692491
1710802122.669473,-3.6937668588426376
1710802122.6695857,-3.7456030315823026
1710802122.6696987,-3.796738783518473
1710802122.6698117,-3.8454225328233504
1710802122.6699247,-3.8927057054307723
1710802122.6700375,-3.936836454603407
1710802122.6701505,-3.9788656764560275
1710802122.6702635,-4.017392529381646
1710802122.6703765,-4.05381785498725
1710802122.6704893,-4.087091022067599
1710802122.6706023,-4.119313557942708
1710802122.6707153,-4.149084356096056
1710802122.6708283,-4.178504678938124
1710802122.670941,-4.205473528967963
1710802122.6710541,-4.232092168596056
1710802122.6711671,-4.2562588055928545
1710802122.6712801,-4.2790248658921985
1710802122.671393,-4.298288292355007
1710802122.671506,-4.316500822703044
1710802122.671619,-4.32981014251709
1710802122.671732,-4.341718355814616
1710802122.6718447,-4.351875517103407
1710802122.6719577,-4.3599311510721845
1710802122.6720707,-4.366585678524441
1710802122.6721838,-4.372540050082736
1710802122.6722965,-4.377793735928005
1710802122.6724095,-4.382346736060248
1710802122.6725225,-4.384098052978516
1710802122.6726356,-4.384798473782009
1710802122.6727483,-4.381996525658502
1710802122.6728613,-4.376042419009738
1710802122.6729743,-4.366235468122694
1710802122.6730874,-4.354677465226915
1710802122.6732001,-4.340317514207628
1710802122.6733131,-4.324906667073567
1710802122.6734262,-4.308445188734266
1710802122.6735392,-4.291283289591472
1710802122.673652,-4.273771180046929
1710802122.673765,-4.254857963985867
1710802122.673878,-4.233142799801296
1710802122.673991,-4.210026794009738
1710802122.6741037,-4.183057943979899
1710802122.6742167,-4.153637356228298
1710802122.6743298,-4.12176529566447
1710802122.6744428,-4.0881416532728405
1710802122.6745555,-4.05381785498725
1710802122.6746686,-4.019143581390381
1710802122.6747816,-3.9830684661865234
1710802122.6748946,-3.9480442470974393
1710802122.6750073,-3.9116186565823026
1710802122.6751204,-3.874142699771457
1710802122.6752334,-3.8317630026075573
1710802122.6753464,-3.789733780754937
1710802122.6754591,-3.7417504522535534
1710802122.6755722,-3.693416648440891
1710802122.6756852,-3.641230265299479
1710802122.6757982,-3.5893940925598145
1710802122.675911,-3.536157078213162
1710802122.676024,-3.4829200638665094
1710802122.676137,-3.429332574208577
1710802122.67625,-3.374694718254937
1710802122.6763628,-3.318305280473497
1710802122.6764758,-3.2591141594780817
1710802122.6765888,-3.1978212462531195
1710802122.6767018,-3.1340768602159286
1710802122.6768146,-3.066830105251736
1710802122.6769276,-2.9974818229675293
1710802122.6770406,-2.9281335406833224
1710802122.6771536,-2.8570339414808483
1710802122.6772664,-2.7859343422783747
1710802122.6773794,-2.713083691067166
1710802122.6774924,-2.6405829853481717
1710802122.6776054,-2.5652805964152017
1710802122.6777182,-2.4885771009657116
1710802122.6778312,-2.4090716573927136
1710802122.6779442,-2.327815161810981
1710802122.6780572,-2.245157559712728
1710802122.67817,-2.1593476666344538
1710802122.678283,-2.073537906010946
1710802122.678396,-1.9870275921291776
1710802122.678509,-1.8994666470421684
1710802122.6786218,-1.8115553590986464
1710802122.6787348,-1.7225933074951172
1710802122.6788478,-1.6322304142846
1710802122.6789608,-1.541166967815823
1710802122.6790736,-1.448702547285292
1710802122.6791866,-1.3541365994347465
1710802122.6792996,-1.2588702307807074
1710802122.6794126,-1.1629033088684082
1710802122.6795254,-1.065535479121738
1710802122.6796384,-0.9678173727459377
1710802122.6797514,-0.8679978052775065
1710802122.6798644,-0.7695792118708292
1710802122.6799772,-0.669409434000651
1710802122.6800902,-0.5681888924704658
1710802122.6802032,-0.466968384053972
1710802122.6803162,-0.36469711197747123
1710802122.680429,-0.26207559638553196
1710802122.680542,-0.15980432430903116
1710802122.680655,-0.05683257348007626
1710802122.680768,0.04579789936542511
1710802122.6808808,0.14949041936132643
1710802122.6809938,0.2535332573784722
1710802122.6811068,0.3575761119524638
1710802122.6812198,0.4619692431555854
1710802122.6813326,0.5656617879867554
1710802122.6814456,0.6693543328179253
1710802122.6815586,0.7716455724504259
1710802122.6816716,0.8728859159681532
1710802122.6817844,0.9727250205145942
1710802122.6818974,1.0715131627188788
1710802122.6820104,1.1703013049231634
1710802122.6821234,1.2687391704983182
1710802122.6822362,1.3668266932169597
1710802122.6823492,1.4656147691938612
1710802122.6824622,1.5633520815107558
1710802122.6825752,1.660738918516371
1710802122.682688,1.7553232775794134
1710802122.682801,1.8481561872694228
1710802122.682914,1.9388871722751193
1710802122.683027,2.0278665754530163
1710802122.6831398,2.114043368233575
1710802122.6832528,2.1984687116410995
1710802122.6833658,2.2825437121921115
1710802122.6834788,2.3645170529683432
1710802122.6835916,2.4475410249498153
1710802122.6837046,2.5295141008165145
1710802122.6838176,2.608684698740641
1710802122.6839306,2.6861039797465005
1710802122.6840434,2.7603700425889754
1710802122.6841564,2.8318338923984103
1710802122.6842694,2.9008454746670194
1710802122.6843824,2.967755264706082
1710802122.6844952,3.0325629976060653
1710802122.6846082,3.096670309702555
1710802122.6847212,3.1600769360860186
1710802122.6848342,3.222782876756456
1710802122.684947,3.2830365498860674
1710802122.68506,3.3439909087287054
1710802122.685173,3.4000409973992243
1710802122.685286,3.4543395042419434
1710802122.6853988,3.5054850578308105
1710802122.6855118,3.553828133477105
1710802122.6856248,3.599719206492106
1710802122.6857378,3.642457326253255
1710802122.6858506,3.6837940745883517
1710802122.6859636,3.724430402119954
1710802122.6860766,3.7633151478237576
1710802122.6861897,3.801499207814534
1710802122.6863024,3.8368807898627386
1710802122.6864154,3.8712114757961698
1710802122.6865284,3.9023892084757485
1710802122.6866415,3.931815359327528
1710802122.6867542,3.9573881361219616
1710802122.6868672,3.980508910285102
1710802122.6869802,4.0001265207926435
1710802122.6870933,4.018692970275879
1710802122.687206,4.034456941816542
1710802122.687319,4.050571388668484
1710802122.687432,4.063883357577853
1710802122.687545,4.076844851175944
1710802122.6876578,4.088755448659261
1710802122.6877708,4.0978635682000055
1710802122.6878839,4.105920791625977
1710802122.6879969,4.110825061798096
1710802122.6881096,4.1132773293389215
1710802122.6882226,4.113627804650201
1710802122.6883357,4.111175537109375
1710802122.6884487,4.107322163052029
1710802122.6885614,4.102417627970378
1710802122.6886744,4.0978635682000055
1710802122.6887875,4.091908401913113
1710802122.6889005,4.085952970716688
1710802122.6890132,4.078596433003743
1710802122.6891263,4.069488313462999
1710802122.6892393,4.057577715979682
1710802122.6893523,4.0442657470703125
1710802122.689465,4.025699297587077
1710802122.689578,4.006431897481282
1710802122.689691,3.984712759653727
1710802122.689804,3.961942195892334
1710802122.6899168,3.9388216866387262
1710802122.6900299,3.915000491672092
1710802122.6901429,3.8911792967054577
1710802122.6902559,3.8666574160257974
1710802122.6903687,3.8410843743218317
1710802122.6904817,3.812709119584825
1710802122.6905947,3.781881597306993
1710802122.6907077,3.7475509113735623
1710802122.6908205,3.7111184332105847
1710802122.6909335,3.6722336875067816
1710802122.6910465,3.631947835286458
1710802122.6911595,3.5920121934678817
1710802122.6912723,3.5513758659362793
1710802122.6913853,3.510739803314209
1710802122.6914983,3.4697532653808594
1710802122.6916113,3.427715566423204
1710802122.691724,3.383576340145535
1710802122.691837,3.337335056728787
1710802122.69195,3.287240399254693
1710802122.692063,3.2353938950432672
1710802122.6921759,3.180745177798801
1710802122.6922889,3.126446670956082
1710802122.692402,3.0707470575968423
1710802122.692515,3.01539765463935
1710802122.6926277,2.9593475659688315
1710802122.6927407,2.903297742207845
1710802122.6928537,2.846196757422553
1710802122.6929667,2.787694401211209
1710802122.6930795,2.725338935852051
1710802122.6931925,2.66158209906684
1710802122.6933055,2.5946723090277777
1710802122.6934185,2.5256607267591686
1710802122.6935313,2.4555982483757868
1710802122.6936443,2.385185294681125
1710802122.6937573,2.3140719201829696
1710802122.6938703,2.242608070373535
1710802122.693983,2.169392771191067
1710802122.694096,2.0961774720085993
1710802122.694209,2.0201596948835583
1710802122.694322,1.9423902034759521
1710802122.694435,1.8614680237240262
1710802122.694548,1.779494947857327
1710802122.694661,1.695419814851549
1710802122.694774,1.6106442610422769
1710802122.6948867,1.5248176786634657
1710802122.6949997,1.4389910962846544
1710802122.6951127,1.3521134853363037
1710802122.6952257,1.264535453584459
1710802122.6953385,1.176256603664822
1710802122.6954515,1.0872772004869249
1710802122.6955645,0.9968965583377414
1710802122.6956775,0.9054650200737847
1710802122.6957903,0.8133327960968018
1710802122.6959033,0.7194489902920193
1710802122.6960163,0.62556525071462
1710802122.6961293,0.5309808254241943
1710802122.696242,0.4356958137618171
1710802122.696355,0.3397101495001051
1710802122.696468,0.24337419205241734
1710802122.6965811,0.14633761511908636
1710802122.696694,0.04930102162890964
1710802122.696807,-0.0484267125527064
1710802122.69692,-0.14649505416552225
1710802122.697033,-0.24386290046903822
1710802122.6971457,-0.34193125036027694
1710802122.6972587,-0.4396493236223856
1710802122.6973717,-0.5377176735136244
1710802122.6974847,-0.6368367539511787
1710802122.6975975,-0.7349050707287258
1710802122.6977105,-0.83402415116628
1710802122.6978235,-0.9317422575420803
1710802122.6979363,-1.0298105743196275
1710802122.6980493,-1.1271784040662978
1710802122.6981623,-1.222444772720337
1710802122.6982753,-1.318061484230889
1710802122.698388,-1.4112263255649142
1710802122.698501,-1.5047415097554524
1710802122.6986141,-1.5979064835442436
1710802122.6987271,-1.6907211144765217
1710802122.69884,-1.783185535007053
1710802122.698953,-1.876350508795844
1710802122.699066,-1.9677641656663682
1710802122.699179,-2.0581271913316512
1710802122.6992917,-2.1470891104804144
1710802122.6994047,-2.2339497672186956
1710802122.6995177,-2.3187086317274304
1710802122.6996307,-2.4020669195387097
1710802122.6997435,-2.482622994316949
1710802122.6998565,-2.5635292794969344
1710802122.6999695,-2.6426845126681857
1710802122.7000825,-2.7211390601264105
1710802122.7001953,-2.7999440828959146
1710802122.7003083,-2.8766475783454046
1710802122.7004213,-2.9505491256713867
1710802122.7005343,-3.0226993560791016
1710802122.700647,-3.0920476383633084
1710802122.7007601,-3.158593972524007
1710802122.7008731,-3.223739465077718
1710802122.7009861,-3.2860827445983887
1710802122.701099,-3.3477258682250977
1710802122.701212,-3.40726719962226
1710802122.701325,-3.466808795928955
1710802122.701438,-3.5249492857191296
1710802122.7015507,-3.5823893547058105
1710802122.7016637,-3.637027475568983
1710802122.7017767,-3.6909649107191296
1710802122.7018898,-3.7410497665405273
1710802122.7020025,-3.789733780754937
1710802122.7021155,-3.8349154260423446
1710802122.7022285,-3.877995279100206
1710802122.7023416,-3.9193240801493325
1710802122.7024543,-3.958201143476698
1710802122.7025673,-3.9963777860005694
1710802122.7026803,-4.03210269080268
1710802122.7027934,-4.067477385203044
1710802122.7029061,-4.100750552283393
1710802122.7030191,-4.132272402445476
1710802122.7031322,-4.160292148590088
1710802122.7032452,-4.186910523308648
1710802122.703358,-4.209326108296712
1710802122.703471,-4.2306910620795355
1710802122.703584,-4.248203171624078
1710802122.703697,-4.2639642291598845
1710802122.7038097,-4.278674655490451
1710802122.7039227,-4.291283289591472
1710802122.7040358,-4.302491082085504
1710802122.7041488,-4.3136988745795355
1710802122.7042615,-4.323155615064833
1710802122.7043746,-4.330510563320583
1710802122.7044876,-4.335063828362359
1710802122.7046006,-4.336464934878879
1710802122.7047133,-4.336114459567599
1710802122.7048264,-4.332261880238851
1710802122.7049394,-4.3256073527865935
1710802122.7050524,-4.3179019292195635
1710802122.7051651,-4.3101965056525335
1710802122.7052782,-4.301090240478516
1710802122.7053912,-4.291283289591472
1710802122.7055042,-4.2804257074991865
1710802122.705617,-4.268867704603407
1710802122.70573,-4.255558384789361
1710802122.705843,-4.238046275244819
1710802122.705956,-4.218432638380262
1710802122.7060688,-4.196367263793945
1710802122.7061818,-4.172200361887614
1710802122.7062948,-4.146632618374294
1710802122.7064078,-4.120714399549696
1710802122.7065206,-4.09339533911811
1710802122.7066336,-4.066426753997803
1710802122.7067466,-4.03840700785319
1710802122.7068596,-4.0093368954128685
1710802122.7069724,-3.9778147803412542
1710802122.7070854,-3.943140771653917
1710802122.7071984,-3.906014760335286
1710802122.7073114,-3.865386644999186
1710802122.7074242,-3.8223065270317926
1710802122.7075372,-3.777475357055664
1710802122.7076502,-3.731593290964762
1710802122.7077632,-3.6860617001851397
1710802122.707876,-3.639129002888997
1710802122.707989,-3.5918458302815752
1710802122.708102,-3.544212712181939
1710802122.708215,-3.4941278563605414
1710802122.7083278,-3.4419414732191296
1710802122.7084408,-3.38695314195421
1710802122.7085538,-3.3295130729675293
1710802122.7086668,-3.269971741570367
1710802122.7087796,-3.2090290387471514
1710802122.7088926,-3.146685759226481
1710802122.7090056,-3.084342214796278
1710802122.7091186,-3.0216484599643283
1710802122.7092314,-2.9575538635253906
1710802122.7093444,-2.8931090566847057
1710802122.7094574,-2.82621251212226
1710802122.7095704,-2.757564650641547
1710802122.7096832,-2.6857646306355796
1710802122.7097962,-2.6125635041130915
1710802122.7099092,-2.5365604294670954
1710802122.7100222,-2.4591565132141113
1710802122.710135,-2.3810521761576333
1710802122.710248,-2.3018969429863825
1710802122.710361,-2.2227419747246637
1710802122.710474,-2.142886188295152
1710802122.7105868,-2.061629560258653
1710802122.7106998,-1.9786217477586534
1710802122.7108128,-1.8935124079386392
1710802122.7109258,-1.8066518836551242
1710802122.7110386,-1.7180401749081082
1710802122.7111516,-1.628377702501085
1710802122.7112646,-1.5359132819705539
1710802122.7113776,-1.4430985185835097
1710802122.7114904,-1.3488829135894775
1710802122.7116034,-1.2539667553371854
1710802122.7117164,-1.1579999658796523
1710802122.7118294,-1.061332556936476
1710802122.7119422,-0.9632642401589288
1710802122.7120552,-0.8651958571539985
1710802122.7121682,-0.7664270533455743
1710802122.7122812,-0.666607485877143
1710802122.712394,-0.5664377080069648
1710802122.712507,-0.4659176535076565
1710802122.71262,-0.3657478425237867
1710802122.712733,-0.26487754450904
1710802122.7128458,-0.16365701953570047
1710802122.7129588,-0.0624364780055152
1710802122.7130718,0.03949227018488778
1710802122.7131848,0.14108291930622524
1710802122.7132976,0.24197295308113098
1710802122.7134106,0.3432132800420125
1710802122.7135236,0.4430523845884535
1710802122.7136366,0.5432417657640245
1710802122.7137494,0.6423802508248223
1710802122.7138624,0.7422193553712633
1710802122.7139754,0.8420583936903212
1710802122.7140884,0.9418974982367622
1710802122.7142012,1.0417366027832031
1710802122.7143142,1.141575707329644
1710802122.7144272,1.2400135729047987
1710802122.7145402,1.3370500670539007
1710802122.714653,1.433386007944743
1710802122.714766,1.5272698137495253
1710802122.714879,1.6204529338412814
1710802122.714992,1.7115342617034912
1710802122.7151048,1.802615589565701
1710802122.7152178,1.8929962317148843
1710802122.7153308,1.9837270842658148
1710802122.7154438,2.0744580692715116
1710802122.7155566,2.1630871295928955
1710802122.7156696,2.2513659795125327
1710802122.7157826,2.3361415333218045
1710802122.7158957,2.419866191016303
1710802122.7160084,2.5004381603664823
1710802122.7161214,2.5782076517740884
1710802122.7162344,2.6545757717556424
1710802122.7163475,2.7284916241963706
1710802122.7164602,2.803108162350125
1710802122.7165732,2.8745720121595593
1710802122.7166862,2.946035861968994
1710802122.7167993,3.0157481299506292
1710802122.716912,3.084409236907959
1710802122.717025,3.1488667594061956
1710802122.717138,3.2105218039618597
1710802122.717251,3.2704252666897244
1710802122.7173638,3.3271760410732694
1710802122.7174768,3.3804233868916826
1710802122.7175899,3.4329703119066024
1710802122.7177029,3.483765655093723
1710802122.7178156,3.53351010216607
1710802122.7179286,3.5822033882141113
1710802122.7180417,3.629846043056912
1710802122.7181547,3.6753866407606335
1710802122.7182674,3.719526131947835
1710802122.7183805,3.7605126698811846
1710802122.7184935,3.7979960441589355
1710802122.7186065,3.8333776262071395
1710802122.7187192,3.865606255001492
1710802122.7188323,3.89573335647583
1710802122.7189453,3.924458821614583
1710802122.7190583,3.951432969835069
1710802122.719171,3.9777064323425293
1710802122.719284,4.00187783771091
1710802122.719397,4.02499861187405
1710802122.71951,4.046718014611138
1710802122.7196229,4.0659851498074
1710802122.7197359,4.0824498070610895
1710802122.7198489,4.095761775970459
1710802122.719962,4.106971687740749
1710802122.7200747,4.114678700764974
1710802122.7201877,4.120984342363146
1710802122.7203007,4.125538402133517
1710802122.7204137,4.129041300879584
1710802122.7205265,4.13149356842041
1710802122.7206395,4.13324515024821
1710802122.7207525,4.133945835961236
1710802122.7208655,4.132194254133436
1710802122.7209783,4.129041300879584
1710802122.7210913,4.122385448879665
1710802122.7212043,4.113978015051948
1710802122.7213173,4.10206741756863
1710802122.72143,4.087704552544488
1710802122.721543,4.072641001807319
1710802122.721656,4.055826134151882
1710802122.721769,4.038660791185167
1710802122.7218819,4.0214954482184515
1710802122.7219949,4.003979894849989
1710802122.722108,3.9857636557685003
1710802122.722221,3.966846730973985
1710802122.7223337,3.9440764321221247
1710802122.7224467,3.919554551442464
1710802122.7225597,3.892580403221978
1710802122.7226727,3.862803777058919
1710802122.7227855,3.8323267300923662
1710802122.7228985,3.799747625986735
1710802122.7230115,3.7671685218811035
1710802122.7231245,3.734939893086751
1710802122.7232373,3.7030612097846136
1710802122.7233503,3.6683803134494357
1710802122.7234633,3.633699417114258
1710802122.7235763,3.595515357123481
1710802122.723689,3.553828133477105
1710802122.723802,3.5100391176011825
1710802122.723915,3.462746938069661
1710802122.724028,3.414403862423367
1710802122.724141,3.3636085192362466
1710802122.724254,3.3142142825656467
1710802122.724367,3.2641196250915527
1710802122.72448,3.2136747572157116
1710802122.7245927,3.1628794140285916
1710802122.7247057,3.110332489013672
1710802122.7248187,3.0546326107449002
1710802122.7249317,2.9978821012708874
1710802122.7250445,2.93692774242825
1710802122.7251575,2.8745720121595593
1710802122.7252705,2.811165385776096
1710802122.7253835,2.7453067567613387
1710802122.7254963,2.679798338148329
1710802122.7256093,2.6125383377075195
1710802122.7257223,2.546329233381483
1710802122.7258353,2.478018071916368
1710802122.725948,2.4093569649590387
1710802122.726061,2.337192429436578
1710802122.726174,2.2636267873975964
1710802122.7262871,2.1865581141577826
1710802122.7264,2.108438412348429
1710802122.726513,2.0275162325965033
1710802122.726626,1.9462437099880643
1710802122.726739,1.8632196055518255
1710802122.7268517,1.7812463972303603
1710802122.7269647,1.6978720823923745
1710802122.7270777,1.6134467389848497
1710802122.7271907,1.5286710527208116
1710802122.7273035,1.441793574227227
1710802122.7274165,1.35351472430759
1710802122.7275295,1.2638347678714328
1710802122.7276425,1.1731037828657362
1710802122.7277553,1.08027093940311
1710802122.7278683,0.9870878193113539
1710802122.7279813,0.8939046992195977
1710802122.7280943,0.8000208934148152
1710802122.728207,0.7047358486387465
1710802122.7283201,0.6094508700900607
1710802122.7284331,0.5127645863427056
1710802122.7285461,0.4150273733668857
1710802122.728659,0.3172901603910658
1710802122.728772,0.21850200162993536
1710802122.728885,0.11901323166158465
1710802122.728998,0.01847351590792338
1710802122.7291107,-0.08169990446832445
1710802122.7292237,-0.18221994241078696
1710802122.7293367,-0.2830902404255337
1710802122.7294497,-0.3846610254711575
1710802122.7295625,-0.4858815670013428
1710802122.7296755,-0.586401621500651
1710802122.7297885,-0.6869216759999593
1710802122.7299016,-0.7867411772410074
1710802122.7300143,-0.8848095602459377
1710802122.7301273,-0.982877877023485
1710802122.7302403,-1.0798954963684082
1710802122.7303534,-1.1762126286824544
1710802122.7304661,-1.2728799713982475
1710802122.7305791,-1.3695473141140408
1710802122.7306921,-1.466214656829834
1710802122.7308052,-1.5621815787421331
1710802122.730918,-1.6574479473961723
1710802122.731031,-1.7527143160502114
1710802122.731144,-1.8458792898390028
1710802122.731257,-1.9369427363077798
1710802122.7313697,-2.02765597237481
1710802122.7314827,-2.11696810192532
1710802122.7315958,-2.204879389868842
1710802122.7317088,-2.292790677812364
1710802122.7318215,-2.379300859239366
1710802122.7319345,-2.4658113055759006
1710802122.7320476,-2.5512708557976618
1710802122.7321606,-2.6356795099046493
1710802122.7322733,-2.7179869016011557
1710802122.7323864,-2.7978425555759006
1710802122.7324994,-2.876297367943658
1710802122.7326124,-2.9515997568766275
1710802122.7327251,-3.0233997768825955
1710802122.7328382,-3.095199796888563
1710802122.7329512,-3.16454807917277
1710802122.7330642,-3.232495519849989
1710802122.733177,-3.300793170928955
1710802122.73329,-3.366288873884413
1710802122.733403,-3.4303834703233504
1710802122.733516,-3.492376539442274
1710802122.7336287,-3.552618556552463
1710802122.7337418,-3.6086575190226235
1710802122.7338548,-3.6625952190823026
1710802122.7339678,-3.713380495707194
1710802122.7340806,-3.7624147203233504
1710802122.7341936,-3.8096976280212402
1710802122.7343066,-3.854178852505154
1710802122.7344196,-3.8986598120795355
1710802122.7345324,-3.941039244333903
1710802122.7346454,-3.9823680453830295
1710802122.7347584,-4.021595319112142
1710802122.7348714,-4.058721330430773
1710802122.7349842,-4.093045128716363
1710802122.7350972,-4.124917454189724
1710802122.7352102,-4.153637356228298
1710802122.7353232,-4.179905785454644
1710802122.735436,-4.204422897762722
1710802122.735549,-4.226137797037761
1710802122.735662,-4.247852961222331
1710802122.735775,-4.267466598086886
1710802122.7358878,-4.286730024549696
1710802122.7360008,-4.303541978200276
1710802122.7361138,-4.318952560424805
1710802122.7362268,-4.33121124903361
1710802122.7363396,-4.3413681454128685
1710802122.7364526,-4.348373148176405
1710802122.7365656,-4.352575937906901
1710802122.7366786,-4.354677465226915
1710802122.7367914,-4.354327254825168
1710802122.7369044,-4.352926148308648
1710802122.7370174,-4.350824885898166
1710802122.7371304,-4.3469720416598845
1710802122.7372432,-4.343119462331136
1710802122.7373562,-4.338215986887614
1710802122.7374692,-4.330510563320583
1710802122.7375822,-4.3214042981465655
1710802122.737695,-4.308795399136013
1710802122.737808,-4.293034606509738
1710802122.737921,-4.274471600850423
1710802122.738034,-4.25450775358412
1710802122.7381468,-4.2327925893995495
1710802122.7382598,-4.210026794009738
1710802122.7383728,-4.186910523308648
1710802122.7384858,-4.16379451751709
1710802122.7385986,-4.138576984405518
1710802122.7387116,-4.114059872097439
1710802122.7388246,-4.084989494747585
1710802122.7389376,-4.0548684861924915
1710802122.7390504,-4.020544687906901
1710802122.7391634,-3.9844695727030435
1710802122.7392764,-3.946292930179172
1710802122.7393892,-3.9070656564500594
1710802122.7395022,-3.8671376970079208
1710802122.7396152,-3.8272100024753146
1710802122.7397282,-3.7876322534349227
1710802122.739841,-3.746653927697076
1710802122.739954,-3.70497465133667
1710802122.740067,-3.6611943774753146
1710802122.74018,-3.6135609944661455
1710802122.7402928,-3.563476138644748
1710802122.7404058,-3.5109395451015897
1710802122.7405188,-3.455250793033176
1710802122.7406318,-3.398861355251736
1710802122.7407446,-3.341421286265055
1710802122.7408576,-3.28363127178616
1710802122.7409706,-3.2251403066847057
1710802122.7410836,-3.1662993960910373
1710802122.7411964,-3.1053569581773544
1710802122.7413094,-3.0426632033454046
1710802122.7414224,-2.977167500389947
1710802122.7415354,-2.90922032462226
1710802122.7416482,-2.838470935821533
1710802122.7417612,-2.7656202846103244
1710802122.7418742,-2.6913685268825955
1710802122.7419872,-2.61641608344184
1710802122.7421,-2.5414639049106174
1710802122.742213,-2.465461095174154
1710802122.742326,-2.3884073893229165
1710802122.742439,-2.3096023665534124
1710802122.7425518,-2.2304471333821616
1710802122.7426648,-2.1488404273986816
1710802122.7427778,-2.0651320616404214
1710802122.7428908,-1.9796725114186604
1710802122.7430036,-1.8935124079386392
1710802122.7431166,-1.8056012524498832
1710802122.7432296,-1.7180401749081082
1710802122.7433426,-1.628727912902832
1710802122.7434554,-1.5394156508975558
1710802122.7435684,-1.4497531784905326
1710802122.7436814,-1.3586897320217557
1710802122.7437944,-1.2665755218929715
1710802122.7439072,-1.1730604701571994
1710802122.7440202,-1.079195009337531
1710802122.7441332,-0.9842788510852389
1710802122.7442462,-0.8883119954003228
1710802122.744359,-0.7923451397154067
1710802122.744472,-0.6949772437413534
1710802122.744585,-0.5965586503346761
1710802122.744698,-0.49673911597993636
1710802122.7448108,-0.3976200355423821
1710802122.7449238,-0.2978005011876424
1710802122.7450368,-0.19657995965745714
1710802122.7451499,-0.09605990515814887
1710802122.7452626,0.003760386672284868
1710802122.7453756,0.10465041630797915
1710802122.7454886,0.20448949601915148
1710802122.7456017,0.30467891030841404
1710802122.7457144,0.40521860122680664
1710802122.7458274,0.5050577057732476
1710802122.7459404,0.6059477064344618
1710802122.7460535,0.7064874304665459
1710802122.7461662,0.8066768116421169
1710802122.7462792,0.9065159161885579
1710802122.7463923,1.0039028194215562
1710802122.7465053,1.1012897226545546
1710802122.746618,1.1972753206888835
1710802122.746731,1.2908087836371527
1710802122.746844,1.384342246585422
1710802122.746957,1.4771751562754314
1710802122.7470698,1.5707086192237005
1710802122.7471828,1.6621401574876573
1710802122.7472959,1.7549730671776664
1710802122.7474089,1.845703919728597
1710802122.7475216,1.9350336657630072
1710802122.7476346,2.022611829969618
1710802122.7477477,2.108088069491916
1710802122.7478607,2.1907618310716415
1710802122.7479734,2.2713338004218206
1710802122.7480865,2.3512050840589733
1710802122.7481995,2.4289743105570474
1710802122.7483125,2.5063935915629068
1710802122.7484252,2.583812607659234
1710802122.7485383,2.659830517239041
1710802122.7486513,2.735147741105821
1710802122.7487643,2.808012697431776
1710802122.748877,2.8791260719299316
1710802122.74899,2.946386072370741
1710802122.749103,3.011894490983751
1710802122.749216,3.0742502212524414
1710802122.7493289,3.135204580095079
1710802122.7494419,3.1944073571099176
1710802122.7495549,3.2525592380099826
1710802122.749668,3.3100106981065536
1710802122.7497807,3.3667612075805664
1710802122.7498937,3.4214099248250323
1710802122.7500067,3.4736066394382052
1710802122.7501197,3.524051507314046
1710802122.7502325,3.5709934764438205
1710802122.7503455,3.615132967631022
1710802122.7504585,3.6554188198513455
1710802122.7505715,3.6946537759568954
1710802122.7506843,3.730385833316379
1710802122.7507973,3.765066729651557
1710802122.7509103,3.7983462545606823
1710802122.7510233,3.8302246729532876
1710802122.751136,3.8610521952311196
1710802122.751249,3.8904786109924316
1710802122.751362,3.9167520734998913
1710802122.751475,3.942324850294325
1710802122.7515879,3.9640442530314126
1710802122.7517009,3.9836615986294217
1710802122.751814,4.00047673119439
1710802122.751927,4.015890492333306
1710802122.7520397,4.029202461242676
1710802122.7521527,4.041813479529487
1710802122.7522657,4.05302365620931
1710802122.7523787,4.063883357577853
1710802122.7524915,4.073341687520345
1710802122.7526045,4.081398910946316
1710802122.7527175,4.087704552544488
1710802122.7528305,4.091908401913113
1710802122.7529433,4.092608822716607
1710802122.7530563,4.091557926601833
1710802122.7531693,4.087354342142741
1710802122.7532823,4.08069822523329
1710802122.753395,4.073692162831624
1710802122.753508,4.066335360209147
1710802122.753621,4.057577715979682
1710802122.753734,4.048819806840685
1710802122.753847,4.039011001586914
1710802122.75396,4.02815130021837
1710802122.754073,4.014839596218533
1710802122.754186,3.9983749389648438
1710802122.7542987,3.980158699883355
1710802122.7544117,3.9584392971462674
1710802122.7545247,3.935318522983127
1710802122.7546377,3.9100959565904403
1710802122.7547505,3.88417296939426
1710802122.7548635,3.858249717288547
1710802122.7549765,3.8312758339775934
1710802122.7550895,3.8053525818718805
1710802122.7552023,3.777327537536621
1710802122.7553153,3.7475509113735623
1710802122.7554283,3.7146215968661838
1710802122.7555413,3.679940700531006
1710802122.755654,3.641756640540229
1710802122.755767,3.6018209987216525
1710802122.75588,3.5601337750752764
1710802122.7559931,3.5177458657158747
1710802122.756106,3.475708431667752
1710802122.756219,3.4340212080213757
1710802122.756332,3.3912830882602267
1710802122.756445,3.3474940723843045
1710802122.7565577,3.3016029993693032
1710802122.7566707,3.2550115055508084
1710802122.7567837,3.204216162363688
1710802122.7568967,3.150618341233995
1710802122.7570095,3.095969623989529
1710802122.7571225,3.0378177430894637
1710802122.7572355,2.980016072591146
1710802122.7573485,2.921513981289334
1710802122.7574613,2.8633621003892684
1710802122.7575743,2.80415932337443
1710802122.7576873,2.7435551749335394
1710802122.7578003,2.680849234263102
1710802122.757913,2.616041236453586
1710802122.7580261,2.5484310256110296
1710802122.7581391,2.479069232940674
1710802122.7582521,2.405503590901693
1710802122.758365,2.3319379488627114
1710802122.758478,2.256620724995931
1710802122.758591,2.181653711530897
1710802122.758704,2.1049352486928306
1710802122.7588167,2.0282167858547635
1710802122.7589297,1.9504474269019232
1710802122.7590427,1.8712768289777968
1710802122.7591558,1.7903546492258706
1710802122.7592685,1.7066298590766058
1710802122.7593815,1.622204515669081
1710802122.7594945,1.5356773800320096
1710802122.7596076,1.448449558681912
1710802122.7597203,1.360521051618788
1710802122.7598333,1.271891991297404
1710802122.7599463,1.1825622452629936
1710802122.7600594,1.0928822225994534
1710802122.7601721,1.00250158045027
1710802122.7602851,0.9107196993298
1710802122.7603981,0.8182371324963039
1710802122.7605112,0.7250540124045478
1710802122.760624,0.6308199299706353
1710802122.760737,0.5358851949373881
1710802122.76085,0.44024987353218925
1710802122.760963,0.34461451901329887
1710802122.7610757,0.24792826837963527
1710802122.7611887,0.15054136514663696
1710802122.7613018,0.05245383828878403
1710802122.7614148,-0.04562476028998693
1710802122.7615275,-0.14509408010376823
1710802122.7616405,-0.24386290046903822
1710802122.7617536,-0.344733198483785
1710802122.7618666,-0.44455276595221627
1710802122.7619793,-0.5436718132760789
1710802122.7620924,-0.6441919008890787
1710802122.7622054,-0.744361678759257
1710802122.7623184,-0.8445314566294352
1710802122.7624311,-0.9454017877578735
1710802122.7625442,-1.0462720526589286
1710802122.7626572,-1.1467920409308539
1710802122.7627702,-1.2469618850284152
1710802122.762883,-1.3460809654659696
1710802122.762996,-1.4434488614400227
1710802122.763109,-1.5394156508975558
1710802122.763222,-1.634331809149848
1710802122.7633348,-1.7281972037421331
1710802122.7634478,-1.8206616242726643
1710802122.7635608,-1.9138265980614555
1710802122.7636738,-2.00594080819024
1710802122.7637866,-2.0977046754625106
1710802122.7638996,-2.188768254386054
1710802122.7640126,-2.278430726793077
1710802122.7641256,-2.3663420147365994
1710802122.7642384,-2.453202406565348
1710802122.7643514,-2.536210219065348
1710802122.7644644,-2.618517610761854
1710802122.7645774,-2.6983732647365994
1710802122.7646902,-2.7771782875061035
1710802122.7648032,-2.8566837310791016
1710802122.7649162,-2.932686540815565
1710802122.7650292,-3.0097402466668024
1710802122.765142,-3.0839920043945312
1710802122.765255,-3.15824376212226
1710802122.765368,-3.228292465209961
1710802122.765481,-3.2972905370924206
1710802122.7655938,-3.3624360296461315
1710802122.7657068,-3.4258302052815752
1710802122.7658198,-3.4857220119900174
1710802122.7659328,-3.544562922583686
1710802122.7660456,-3.6009523603651257
1710802122.7661586,-3.6580419540405273
1710802122.7662716,-3.713030285305447
1710802122.7663846,-3.766617774963379
1710802122.7664974,-3.818103472391764
1710802122.7666104,-3.868188593122694
1710802122.7667234,-3.916171921624078
1710802122.7668364,-3.959952460394965
1710802122.7669492,-4.001281261444092
1710802122.7670622,-4.039457903967963
1710802122.7671752,-4.076233439975314
1710802122.7672882,-4.109856817457411
1710802122.767401,-4.141028722127278
1710802122.767514,-4.171850151485867
1710802122.767627,-4.2009202639261884
1710802122.76774,-4.22753890355428
1710802122.7678528,-4.253106647067599
1710802122.7679658,-4.27622291776869
1710802122.7680788,-4.295836554633246
1710802122.7681918,-4.312998453776042
1710802122.7683046,-4.328409300910102
1710802122.7684176,-4.340317514207628
1710802122.7685306,-4.35012420018514
1710802122.7686436,-4.358179834153917
1710802122.7687564,-4.365885257720947
1710802122.7688694,-4.371489153967963
1710802122.7689824,-4.377093050214979
1710802122.7690954,-4.381996525658502
1710802122.7692082,-4.385498894585504
1710802122.7693212,-4.38584910498725
1710802122.7694342,-4.383397632175021
1710802122.7695472,-4.3784941567315
1710802122.76966,-4.3697381019592285
1710802122.769773,-4.35923073026869
1710802122.769886,-4.347322252061632
1710802122.769999,-4.332962301042345
1710802122.7701118,-4.318952560424805
1710802122.7702248,-4.304592609405518
1710802122.7703378,-4.28778092066447
1710802122.7704508,-4.270969231923421
1710802122.7705636,-4.252756436665853
1710802122.7706766,-4.2306910620795355
1710802122.7707896,-4.206173949771457
1710802122.7709026,-4.1788548893398705
1710802122.7710154,-4.149084356096056
1710802122.7711284,-4.117562241024441
1710802122.7712414,-4.084289073944092
1710802122.7713544,-4.050665696461995
1710802122.7714672,-4.017042318979899
1710802122.7715802,-3.9830684661865234
1710802122.7716932,-3.9480442470974393
1710802122.7718062,-3.9102178149753146
1710802122.771919,-3.870990541246202
1710802122.772032,-3.8279104232788086
1710802122.772145,-3.78167814678616
1710802122.772258,-3.7329943974812823
1710802122.7723708,-3.6818586455451117
1710802122.7724838,-3.630022472805447
1710802122.7725968,-3.578186300065782
1710802122.7727098,-3.5256497065226235
1710802122.7728226,-3.4720624817742243
1710802122.7729356,-3.418474992116292
1710802122.7730486,-3.3631364504496255
1710802122.7731616,-3.305696646372477
1710802122.7732744,-3.244753943549262
1710802122.7733874,-3.1817102432250977
1710802122.7735004,-3.1162145402696395
1710802122.7736135,-3.0489675203959146
1710802122.7737262,-2.980670134226481
1710802122.7738392,-2.912022272745768
1710802122.7739522,-2.842673990461561
1710802122.7740653,-2.7722748120625815
1710802122.774178,-2.7011752128601074
1710802122.774291,-2.6286747720506454
1710802122.774404,-2.553372383117676
1710802122.774517,-2.4759682019551597
1710802122.7746298,-2.3957623375786676
1710802122.7747428,-2.313805421193441
1710802122.7748559,-2.2297467125786676
1710802122.7749689,-2.1446375052134194
1710802122.7750816,-2.0584774017333984
1710802122.7751946,-1.9723174307081435
1710802122.7753077,-1.8847563531663682
1710802122.7754207,-1.7975456184811063
1710802122.7755334,-1.707883146074083
1710802122.7756464,-1.6175201204087999
1710802122.7757595,-1.5254059102800157
1710802122.7758725,-1.4318907260894775
1710802122.7759852,-1.3366243574354384
1710802122.7760983,-1.2417081991831462
1710802122.7762113,-1.1446906460656059
1710802122.7763243,-1.0476730267206829
1710802122.776437,-0.9492544333140055
1710802122.77655,-0.8504856295055813
1710802122.776663,-0.75066606203715
1710802122.776776,-0.6511967711978488
1710802122.7768888,-0.5499762296676636
1710802122.7770019,-0.4494561751683553
1710802122.7771149,-0.34823563363817
1710802122.7772279,-0.24701509210798475
1710802122.7773407,-0.14509408010376823
1710802122.7774537,-0.043523299197355904
1710802122.7775667,0.057708525823222265
1710802122.7776797,0.16035012072987026
1710802122.7777925,0.2622910837332408
1710802122.7779055,0.3645823399225871
1710802122.7780185,0.46652330292595756
1710802122.7781315,0.5674133698145548
1710802122.7782443,0.668653647104899
1710802122.7783573,0.7677921321656969
1710802122.7784703,0.8672808938556247
1710802122.7785833,0.9653684165742662
1710802122.778696,1.0631056626637776
1710802122.778809,1.1604924996693928
1710802122.778922,1.2592807081010606
1710802122.779035,1.3580689165327284
1710802122.7791479,1.4558060963948567
1710802122.7792609,1.552842590543959
1710802122.779374,1.649178663889567
1710802122.779487,1.7423617839813232
1710802122.7795997,1.834143665101793
1710802122.7797127,1.9241739643944633
1710802122.7798257,2.0121024714575872
1710802122.7799387,2.098629607094659
1710802122.7800515,2.18375563621521
1710802122.7801645,2.269932428995768
1710802122.7802775,2.353657351599799
1710802122.7803905,2.4373820092942977
1710802122.7805033,2.518304189046224
1710802122.7806163,2.5978249973720975
1710802122.7807293,2.6738429069519043
1710802122.780842,2.7477590243021646
1710802122.780955,2.817821502685547
1710802122.781068,2.88578192392985
1710802122.781181,2.9519910282558866
1710802122.7812939,3.017849922180176
1710802122.7814069,3.081256548563639
1710802122.78152,3.1439624892340765
1710802122.781633,3.2059677441914873
1710802122.7817457,3.265170521206326
1710802122.7818587,3.323322402106391
1710802122.7819717,3.37762090894911
1710802122.7820847,3.429817623562283
1710802122.7821975,3.4785109096103244
1710802122.7823105,3.525102403428819
1710802122.7824235,3.569241894616021
1710802122.7825365,3.611629803975423
1710802122.7826493,3.6529665523105197
1710802122.7827623,3.693602879842122
1710802122.7828753,3.7331883112589517
1710802122.7829883,3.7710218959384494
1710802122.783101,3.8057027922736273
1710802122.783214,3.839332792494032
1710802122.783327,3.86945989396837
1710802122.78344,3.8974849383036294
1710802122.783553,3.9220068189832897
1710802122.783666,3.9454775386386447
1710802122.783779,3.9654453595479326
1710802122.783892,3.9850629700554743
1710802122.7840047,4.002578523423937
1710802122.7841177,4.019393655988905
1710802122.7842307,4.035157627529568
1710802122.7843437,4.049870702955458
1710802122.7844565,4.062481986151801
1710802122.7845695,4.073341687520345
1710802122.7846825,4.081398910946316
1710802122.7847955,4.087354342142741
1710802122.7849083,4.088405238257514
1710802122.7850213,4.088755448659261
1710802122.7851343,4.086653656429714
1710802122.7852473,4.084551599290636
1710802122.78536,4.081048700544569
1710802122.785473,4.076844851175944
1710802122.785586,4.071239895290798
1710802122.7856991,4.065284464094374
1710802122.785812,4.056526819864909
1710802122.785925,4.047068225012885
1710802122.786038,4.033406045701769
1710802122.786151,4.017992284562853
1710802122.7862637,4.001177416907416
1710802122.7863767,3.981910016801622
1710802122.7864897,3.961942195892334
1710802122.7866027,3.9402230580647783
1710802122.7867155,3.920605447557237
1710802122.7868285,3.900287416246202
1710802122.7869415,3.8785680135091143
1710802122.7870545,3.8557977146572537
1710802122.7871673,3.8312758339775934
1710802122.7872803,3.8036010000440807
1710802122.7873933,3.7734741634792752
1710802122.7875063,3.73984416325887
1710802122.787619,3.7055134773254395
1710802122.7877321,3.6690809991624618
1710802122.7878451,3.6326485209994845
1710802122.7879581,3.595515357123481
1710802122.788071,3.5590828789605036
1710802122.788184,3.5215995046827526
1710802122.788297,3.4823642836676703
1710802122.78841,3.441027535332574
1710802122.7885227,3.396537833743625
1710802122.7886357,3.348544968499078
1710802122.7887487,3.2981001006232367
1710802122.7888618,3.2452027002970376
1710802122.7889745,3.191955354478624
1710802122.7890875,3.1373063723246255
1710802122.7892005,3.0833583407931857
1710802122.7893136,3.0290598339504666
1710802122.7894263,2.973360220591227
1710802122.7895393,2.917660607231988
1710802122.7896523,2.8595087263319225
1710802122.7897654,2.7989045778910318
1710802122.7898781,2.7361986372205944
1710802122.7899911,2.6710404290093317
1710802122.7901042,2.604130638970269
1710802122.7902172,2.537571324242486
1710802122.79033,2.468559741973877
1710802122.790443,2.4002488454182944
1710802122.790556,2.331587473551432
1710802122.790669,2.2622256808810763
1710802122.7907817,2.1907618310716415
1710802122.7908947,2.117896874745687
1710802122.7910078,2.0439808898501926
1710802122.7911208,1.9658611880408392
1710802122.7912335,1.8873911433749728
1710802122.7913465,1.8057682779100206
1710802122.7914596,1.7241455448998344
1710802122.7915726,1.6411214404635959
1710802122.7916853,1.557046439912584
1710802122.7917984,1.472621096505059
1710802122.7919114,1.387845410241021
1710802122.7920244,1.3020188278622098
1710802122.7921371,1.2144406636555989
1710802122.7922502,1.126161946190728
1710802122.7923632,1.0354309611850314
1710802122.7924762,0.9450503190358479
1710802122.792589,0.852567818429735
1710802122.792702,0.7593846321105957
1710802122.792815,0.6651505496766832
1710802122.792928,0.5716170867284139
1710802122.7930408,0.47598176532321507
1710802122.7931538,0.3803464108043247
1710802122.7932668,0.28506139914194745
1710802122.7933798,0.18802480565177068
1710802122.7934926,0.09063791069719526
1710802122.7936056,-0.006397426542308595
1710802122.7937186,-0.10306479202376471
1710802122.7938316,-0.20078288184271917
1710802122.7939444,-0.29920147524939644
1710802122.7940574,-0.39656930499606663
1710802122.7941704,-0.4946376548873054
1710802122.7942834,-0.5927060047785441
1710802122.7943962,-0.6907743215560913
1710802122.7945092,-0.7888426383336384
1710802122.7946222,-0.8862105343076918
1710802122.7947352,-0.983228153652615
1710802122.794848,-1.0788447327084012
1710802122.794961,-1.1741111013624403
1710802122.795074,-1.2686770492129855
1710802122.795187,-1.3621922334035237
1710802122.7952998,-1.4557074175940619
1710802122.7954128,-1.549572812186347
1710802122.7955258,-1.6434382067786322
1710802122.7956388,-1.7373036013709173
1710802122.7957516,-1.8308187855614555
1710802122.7958646,-1.9232832060919867
1710802122.7959776,-2.015047205819024
1710802122.7960906,-2.104359335369534
1710802122.7962034,-2.192270623313056
1710802122.7963164,-2.278780937194824
1710802122.7964294,-2.3635400666130915
1710802122.7965424,-2.448298931121826
1710802122.7966552,-2.5320074293348522
1710802122.7967682,-2.6143148210313583
1710802122.7968812,-2.6962717374165854
1710802122.7969942,-2.7771782875061035
1710802122.797107,-2.8552826245625815
1710802122.79722,-2.9312856992085776
1710802122.797333,-3.004486560821533
1710802122.797446,-3.0748857392205133
1710802122.7975588,-3.142482704586453
1710802122.7976718,-3.208328617943658
1710802122.7977848,-3.273474110497369
1710802122.7978978,-3.3361678653293185
1710802122.7980106,-3.398511144849989
1710802122.7981236,-3.4591033723619247
1710802122.7982366,-3.5193453894721136
1710802122.7983496,-3.5767854584587946
1710802122.7984624,-3.632474210527208
1710802122.7985754,-3.685010804070367
1710802122.7986884,-3.7357963456047907
1710802122.7988014,-3.783429463704427
1710802122.7989142,-3.8286108440823026
1710802122.7990272,-3.872041172451443
1710802122.7991402,-3.9133699735005694
1710802122.7992532,-3.9536481433444552
1710802122.799366,-3.9932256274753146
1710802122.799479,-4.030701849195692
1710802122.799592,-4.066426753997803
1710802122.799705,-4.100400341881646
1710802122.7998178,-4.132622877756755
1710802122.7999308,-4.161692990197076
1710802122.8000438,-4.187611209021674
1710802122.8001568,-4.210727214813232
1710802122.8002696,-4.233142799801296
1710802122.8003826,-4.252406226264106
1710802122.8004956,-4.270268546210395
1710802122.8006086,-4.286730024549696
1710802122.8007214,-4.303191502888997
1710802122.8008344,-4.31720150841607
1710802122.8009474,-4.330160352918837
1710802122.8010604,-4.340317514207628
1710802122.8011732,-4.349423779381646
1710802122.8012862,-4.353977044423421
1710802122.8013992,-4.355728096432156
1710802122.8015122,-4.355728096432156
1710802122.801625,-4.352575937906901
1710802122.801738,-4.347322252061632
1710802122.801851,-4.3420688311258955
1710802122.801964,-4.335764249165853
1710802122.8020768,-4.328759511311849
1710802122.8021898,-4.320703877343072
1710802122.8023028,-4.310896926456027
1710802122.8024158,-4.298288292355007
1710802122.8025286,-4.2846287621392145
1710802122.8026416,-4.267466598086886
1710802122.8027546,-4.24680233001709
1710802122.8028677,-4.224036534627278
1710802122.8029804,-4.199869632720947
1710802122.8030934,-4.175702730814616
1710802122.8032064,-4.150835408104791
1710802122.8033195,-4.125617874993218
1710802122.8034322,-4.099699921078152
1710802122.8035452,-4.072030650244819
1710802122.8036582,-4.042259852091472
1710802122.8037713,-4.0093368954128685
1710802122.803884,-3.9736119906107583
1710802122.803997,-3.934734927283393
1710802122.80411,-3.8941065470377603
1710802122.804223,-3.851376904381646
1710802122.8043358,-3.808646996815999
1710802122.8044488,-3.7648664580451117
1710802122.8045619,-3.721436129675971
1710802122.8046749,-3.6769551701015897
1710802122.8047876,-3.631773789723714
1710802122.8049006,-3.5834399859110513
1710802122.8050137,-3.5337053404914007
1710802122.8051267,-3.480818536546495
1710802122.8052394,-3.4240788883633084
1710802122.8053524,-3.366288873884413
1710802122.8054655,-3.3060468567742243
1710802122.8055785,-3.244053522745768
1710802122.8056912,-3.1817102432250977
1710802122.8058043,-3.1193666987948947
1710802122.8059173,-3.0570231543646917
1710802122.8060303,-2.991527716318766
1710802122.806143,-2.9253315925598145
1710802122.806256,-2.8563332557678223
1710802122.806369,-2.7852339214748807
1710802122.806482,-2.7113323741488986
1710802122.8065948,-2.6349790891011557
1710802122.8067079,-2.5575751728481717
1710802122.8068209,-2.479120625389947
1710802122.8069339,-2.4010160234239364
1710802122.8070467,-2.3211603694491916
1710802122.8071597,-2.2409545050726996
1710802122.8072727,-2.1603984302944608
1710802122.8073857,-2.0787915918562145
1710802122.8074985,-1.9947330156962075
1710802122.8076115,-1.9078724914126926
1710802122.8077245,-1.8192606502109103
1710802122.8078375,-1.7299485206604004
1710802122.8079503,-1.6392352845933702
1710802122.8080633,-1.547471284866333
1710802122.8081763,-1.4546566539340549
1710802122.8082893,-1.3625424438052707
1710802122.808402,-1.2672760751512315
1710802122.808515,-1.1720097064971924
1710802122.808628,-1.0763930612140231
1710802122.808741,-0.9786749548382229
1710802122.8088539,-0.8799061510297987
1710802122.8089669,-0.7807870705922444
1710802122.80908,-0.6809675031238132
1710802122.809193,-0.5800972382227579
1710802122.8093057,-0.47817617654800415
1710802122.8094187,-0.37660539150238037
1710802122.8095317,-0.27328340543640983
1710802122.8096447,-0.17031164632903203
1710802122.8097575,-0.06593891729911168
1710802122.8098705,0.03668977154625787
1710802122.8099835,0.14073260956340367
1710802122.8100965,0.24407482809490627
1710802122.8102093,0.3460157910982768
1710802122.8103223,0.4476064443588257
1710802122.8104353,0.5498977171050178
1710802122.8105483,0.6504374080234103
1710802122.810661,0.7523783710267808
1710802122.810774,0.8543193340301514
1710802122.810887,0.9552094009187486
1710802122.811,1.0560994015799627
1710802122.8111129,1.15698946846856
1710802122.811226,1.2550769911872015
1710802122.811339,1.3521134853363037
1710802122.811452,1.4480992158253987
1710802122.8115647,1.5426835748884413
1710802122.8116777,1.6355164845784504
1710802122.8117907,1.7283492618136935
1710802122.8119037,1.8201311429341633
1710802122.8120165,1.9126137097676594
1710802122.8121295,2.0043955908881292
1710802122.8122425,2.094776233037313
1710802122.8123555,2.18375563621521
1710802122.8124683,2.270983590020074
1710802122.8125813,2.355058458116319
1710802122.8126943,2.4370315339830184
1710802122.8128073,2.5165526072184243
1710802122.81292,2.594322098626031
1710802122.813033,2.6706902186075845
1710802122.813146,2.7453067567613387
1710802122.8132591,2.8206239806281195
1710802122.813372,2.8945398330688477
1710802122.813485,2.9670545789930554
1710802122.813598,3.037467532687717
1710802122.813711,3.10542795393202
1710802122.8138237,3.170235951741536
1710802122.8139367,3.2322412066989474
1710802122.8140497,3.291093773312039
1710802122.8141627,3.3474940723843045
1710802122.8142755,3.4017925792270236
1710802122.8143885,3.453638818528917
1710802122.8145015,3.5058352682325573
1710802122.8146145,3.5555797153049045
1710802122.8147273,3.603922790951199
1710802122.8148403,3.650864760080973
1710802122.8149533,3.6939530902438693
1710802122.8150663,3.734939893086751
1710802122.815179,3.773123953077528
1710802122.8152921,3.8085055351257324
1710802122.8154051,3.8407341639200845
1710802122.8155181,3.8705107900831432
1710802122.815631,3.8992362552218967
1710802122.815744,3.926911089155409
1710802122.815857,3.953184551662869
1710802122.81597,3.978056642744276
1710802122.8160827,4.001527627309163
1710802122.8161957,4.024297926161024
1710802122.8163087,4.043915536668566
1710802122.8164217,4.061781300438775
1710802122.8165345,4.076494640774197
1710802122.8166475,4.088755448659261
1710802122.8167605,4.098564253913032
1710802122.8168736,4.107322163052029
1710802122.8169863,4.114328225453694
1710802122.8170993,4.120283656650119
1710802122.8172123,4.125187926822238
1710802122.8173254,4.129391776190864
1710802122.8174381,4.132194254133436
1710802122.8175511,4.132894939846462
1710802122.8176641,4.132194254133436
1710802122.8177772,4.1286910904778376
1710802122.81789,4.121684763166639
1710802122.818003,4.1125766436258955
1710802122.818116,4.100315835740831
1710802122.818229,4.087003866831462
1710802122.8183417,4.072641001807319
1710802122.8184547,4.057927926381429
1710802122.8185678,4.041813479529487
1710802122.8186808,4.025699297587077
1710802122.8187935,4.008884165022108
1710802122.8189065,3.989617029825846
1710802122.8190196,3.9678976270887585
1710802122.8191326,3.942675060696072
1710802122.8192453,3.915701177385118
1710802122.8193583,3.8862747616238065
1710802122.8194714,3.8554472393459744
1710802122.8195844,3.823218610551622
1710802122.8196971,3.7902890311347113
1710802122.8198102,3.758060402340359
1710802122.8199232,3.7258315086364746
1710802122.8200362,3.692902194129096
1710802122.820149,3.657170401679145
1710802122.820262,3.6207379235161676
1710802122.820375,3.579751385582818
1710802122.820488,3.5363125801086426
1710802122.8206007,3.4907719824049206
1710802122.8207138,3.4438300132751465
1710802122.8208268,3.3951364623175726
1710802122.8209398,3.346793386671278
1710802122.8210526,3.2984503110249834
1710802122.8211656,3.2487058639526367
1710802122.8212786,3.199311892191569
1710802122.8213916,3.1478158632914224
1710802122.8215044,3.0945682525634766
1710802122.8216174,3.038167953491211
1710802122.8217304,2.9789651764763727
1710802122.8218431,2.9173101319207086
1710802122.8219562,2.853903505537245
1710802122.8220692,2.7901466687520347
1710802122.8221822,2.725338935852051
1710802122.822295,2.660881413353814
1710802122.822408,2.595022519429525
1710802122.822521,2.5288134151034884
1710802122.822634,2.460852993859185
1710802122.8227468,2.3907902505662704
1710802122.8228598,2.318275769551595
1710802122.8229728,2.243308756086561
1710802122.8230858,2.1655393971337213
1710802122.8231986,2.087069352467855
1710802122.8233116,2.0057968298594155
1710802122.8234246,1.9255752033657498
1710802122.8235376,1.8436021274990506
1710802122.8236504,1.7623296048906114
1710802122.8237634,1.680006186167399
1710802122.8238764,1.5966317388746474
1710802122.8239894,1.511505709754096
1710802122.8241022,1.4249785741170247
1710802122.8242152,1.337750752766927
1710802122.8243282,1.24877134958903
1710802122.8244412,1.1594416035546196
1710802122.824554,1.0687106847763062
1710802122.824667,0.9776293569140964
1710802122.82478,0.8861978186501397
1710802122.824893,0.7944158713022867
1710802122.8250058,0.7008824083540175
1710802122.8251188,0.6083999077479044
1710802122.8252318,0.5134652058283488
1710802122.8253448,0.4178298513094584
1710802122.8254576,0.3207932909329732
1710802122.8255706,0.22445731692843968
1710802122.8256836,0.12672010395261976
1710802122.8257966,0.027231329845057592
1710802122.8259094,-0.07084233065446217
1710802122.8260224,-0.16996140281359354
1710802122.8261354,-0.2697809702820248
1710802122.8262484,-0.3706512517399258
1710802122.8263612,-0.47012057569291854
1710802122.8264742,-0.5709908405939738
1710802122.8265872,-0.670109921031528
1710802122.8267002,-0.7688787248399522
1710802122.826813,-0.8672973182466295
1710802122.826926,-0.9653657012515597
1710802122.827039,-1.0623832543690999
1710802122.827152,-1.1601013607449002
1710802122.8272648,-1.2585200203789604
1710802122.8273778,-1.3555375734965007
1710802122.8274908,-1.4525551266140408
1710802122.8276038,-1.548872258928087
1710802122.8277166,-1.6448391808403862
1710802122.8278296,-1.7380040221744113
1710802122.8279426,-1.8294178114997015
1710802122.8280556,-1.9194304943084717
1710802122.8281684,-2.007691992653741
1710802122.8282814,-2.0959534909990096
1710802122.8283944,-2.182814015282525
1710802122.8285074,-2.2696746720208063
1710802122.8286202,-2.355834643046061
1710802122.8287332,-2.4412941932678223
1710802122.8288462,-2.524652216169569
1710802122.8289592,-2.6073098182678223
1710802122.829072,-2.6875156826443143
1710802122.829185,-2.7656202846103244
1710802122.829298,-2.841272883945041
1710802122.829411,-2.91412353515625
1710802122.8295238,-2.986624240875244
1710802122.8296368,-3.0573733647664385
1710802122.8297498,-3.1284729639689126
1710802122.8298628,-3.1971208254496255
1710802122.8299756,-3.2657686869303384
1710802122.8300886,-3.33196481068929
1710802122.8302016,-3.396059407128228
1710802122.8303146,-3.458052741156684
1710802122.8304274,-3.5179445478651257
1710802122.8305404,-3.5732830895317926
1710802122.8306534,-3.626870314280192
1710802122.8307664,-3.6773053805033364
1710802122.8308792,-3.725639184315999
1710802122.8309922,-3.773622512817383
1710802122.8311052,-3.8191543685065374
1710802122.8312182,-3.863985538482666
1710802122.831331,-3.9067154460483127
1710802122.831444,-3.9487446679009333
1710802122.831557,-3.9872715208265515
1710802122.83167,-4.023346636030409
1710802122.8317828,-4.0569700135125055
1710802122.8318958,-4.0881416532728405
1710802122.8320088,-4.1158109241061736
1710802122.8321218,-4.1420793533325195
1710802122.8322346,-4.166596465640597
1710802122.8323476,-4.189712471432156
1710802122.8324606,-4.211777846018474
1710802122.8325737,-4.232442378997803
1710802122.8326864,-4.252056015862359
1710802122.8327994,-4.268867704603407
1710802122.8329124,-4.283577866024441
1710802122.8330255,-4.296186765034993
1710802122.8331382,-4.305643240610759
1710802122.8332512,-4.3122980329725475
1710802122.8333642,-4.31720150841607
1710802122.8334773,-4.320353666941325
1710802122.83359,-4.321754508548312
1710802122.833703,-4.322805404663086
1710802122.833816,-4.3235058254665795
1710802122.833929,-4.3235058254665795
1710802122.8340418,-4.3214042981465655
1710802122.8341548,-4.31825213962131
1710802122.8342679,-4.3122980329725475
1710802122.8343809,-4.303892188602023
1710802122.8344936,-4.291983710394965
1710802122.8346066,-4.277623759375678
1710802122.8347197,-4.26081207063463
1710802122.8348327,-4.243650171491835
1710802122.8349454,-4.225437376234266
1710802122.8350585,-4.205473528967963
1710802122.8351715,-4.186910523308648
1710802122.8352845,-4.165195359124078
1710802122.8353972,-4.143129984537761
1710802122.8355103,-4.117562241024441
1710802122.8356233,-4.089892970191108
1710802122.8357363,-4.058721330430773
1710802122.835849,-4.025097952948676
1710802122.835962,-3.9886723624335394
1710802122.836075,-3.9515466160244412
1710802122.836188,-3.9133699735005694
1710802122.8363008,-3.875543541378445
1710802122.8364139,-3.8373668988545733
1710802122.8365269,-3.797789414723714
1710802122.83664,-3.7575112448798285
1710802122.8367527,-3.713730971018473
1710802122.8368657,-3.6681991153293185
1710802122.8369787,-3.620215786827935
1710802122.8370917,-3.5687298244900174
1710802122.8372045,-3.5158430205451117
1710802122.8373175,-3.461204899681939
1710802122.8374305,-3.40726719962226
1710802122.8375435,-3.3519286579555936
1710802122.8376563,-3.2965901162889266
1710802122.8377693,-3.2402009434170194
1710802122.8378823,-3.1831110848320856
1710802122.8379953,-3.1228690677218967
1710802122.838108,-3.0605257882012262
1710802122.838221,-2.9953802956475153
1710802122.838334,-2.927783065372043
1710802122.838447,-2.8584347830878363
1710802122.8385599,-2.787335183885362
1710802122.8386729,-2.7155351638793945
1710802122.838786,-2.6437351438734265
1710802122.838899,-2.5708844926622176
1710802122.8390117,-2.4973331557379828
1710802122.8391247,-2.423081398010254
1710802122.8392377,-2.345327271355523
1710802122.8393507,-2.2668727238972983
1710802122.8394635,-2.185966306262546
1710802122.8395765,-2.10365891456604
1710802122.8396895,-2.019250128004286
1710802122.8398025,-1.9334402349260118
1710802122.8399153,-1.8472802639007568
1710802122.8400283,-1.7597191863589816
1710802122.8401413,-1.6725084516737196
1710802122.8402543,-1.5831961896684434
1710802122.840367,-1.4935337172614203
1710802122.84048,-1.4021200603908963
1710802122.840593,-1.308955086602105
1710802122.840706,-1.2154399024115667
1710802122.840819,-1.1198233233557806
1710802122.840932,-1.0245569547017415
1710802122.841045,-0.9278895457585652
1710802122.841158,-0.831572413444519
1710802122.8412707,-0.7342045836978488
1710802122.8413837,-0.6361362669203017
1710802122.8414967,-0.5370171864827474
1710802122.8416097,-0.43824834956063163
1710802122.8417225,-0.33982978926764595
1710802122.8418355,-0.23965997828377616
1710802122.8419485,-0.14124138487709892
1710802122.8420615,-0.04142183396551344
1710802122.8421743,0.05735821194118924
1710802122.8422873,0.15684699018796286
1710802122.8424003,0.25633576843473643
1710802122.8425133,0.3572258022096422
1710802122.842626,0.4574151833852132
1710802122.842739,0.5586555269029405
1710802122.842852,0.6602461470497979
1710802122.8429651,0.760435594452752
1710802122.843078,0.8609753184848361
1710802122.843191,0.9597634606891208
1710802122.843304,1.0571503639221191
1710802122.843417,1.1545372009277344
1710802122.8435297,1.2508731418185763
1710802122.8436427,1.3472092151641846
1710802122.8437557,1.4431948131985135
1710802122.8438687,1.5388302008310952
1710802122.8439815,1.6348157988654242
1710802122.8440945,1.7283492618136935
1710802122.8442075,1.8211820390489366
1710802122.8443205,1.9122633669111464
1710802122.8444333,1.999491188261244
1710802122.8445463,2.085668113496568
1710802122.8446593,2.1697431140475802
1710802122.8447723,2.2524168756273055
1710802122.844885,2.333689530690511
1710802122.8449981,2.414261235131158
1710802122.8451111,2.4941325187683105
1710802122.8452241,2.572602695888943
1710802122.845337,2.6510726081000433
1710802122.84545,2.7256891462537975
1710802122.845563,2.7989045778910318
1710802122.845676,2.86966774198744
1710802122.8457887,2.93692774242825
1710802122.8459017,3.0027863714430065
1710802122.8460147,3.065492312113444
1710802122.8461277,3.126797146267361
1710802122.8462405,3.1884521908230252
1710802122.8463535,3.2487058639526367
1710802122.8464665,3.307908640967475
1710802122.8465796,3.3650096257527666
1710802122.8466923,3.4210597144232855
1710802122.8468053,3.4736066394382052
1710802122.8469183,3.523701296912299
1710802122.8470314,3.5706432660420733
1710802122.8471441,3.614432281917996
1710802122.8472571,3.656820191277398
1710802122.8473701,3.6978067292107477
1710802122.8474832,3.7359907892015243
1710802122.847596,3.772423267364502
1710802122.847709,3.8092059559292264
1710802122.847822,3.8442373275756836
1710802122.847935,3.877166642083062
1710802122.8480477,3.907643953959147
1710802122.8481607,3.9356689982944064
1710802122.8482738,3.961942195892334
1710802122.8483868,3.9843622843424478
1710802122.8484995,4.004680580563015
1710802122.8486125,4.022196133931478
1710802122.8487256,4.03831058078342
1710802122.8488386,4.053724341922336
1710802122.8489513,4.0670360459221735
1710802122.8490644,4.079997539520264
1710802122.8491774,4.091207716200087
1710802122.8492904,4.10206741756863
1710802122.8494031,4.109073479970296
1710802122.8495162,4.11502891116672
1710802122.8496292,4.117831389109294
1710802122.8497422,4.118181864420573
1710802122.849855,4.114678700764974
1710802122.849968,4.111175537109375
1710802122.850081,4.105920791625977
1710802122.850194,4.099615150027804
1710802122.8503067,4.092959298027886
1710802122.8504198,4.084551599290636
1710802122.8505328,4.076844851175944
1710802122.8506458,4.066335360209147
1710802122.8507586,4.05442476272583
1710802122.8508716,4.03971168729994
1710802122.8509846,4.022896819644504
1710802122.8510976,4.003279209136963
1710802122.8512104,3.9808591206868487
1710802122.8513234,3.9584392971462674
1710802122.8514364,3.9346178372701006
1710802122.8515494,3.911497328016493
1710802122.8516622,3.8873256577385797
1710802122.8517752,3.8635044627719455
1710802122.8518882,3.8368807898627386
1710802122.8520012,3.808855745527479
1710802122.852114,3.778028223249647
1710802122.852227,3.7440480126274958
1710802122.85234,3.7065643734402127
1710802122.852453,3.6666287316216364
1710802122.8525658,3.6249415079752603
1710802122.8526788,3.5825538635253906
1710802122.8527918,3.5401659541659884
1710802122.8529048,3.4977780448065863
1710802122.8530176,3.4553904003567166
1710802122.8531306,3.410900698767768
1710802122.8532436,3.3650096257527666
1710802122.8533566,3.315965864393446
1710802122.8534694,3.265871206919352
1710802122.8535824,3.211572700076633
1710802122.8536954,3.1562232971191406
1710802122.8538084,3.0991223123338485
1710802122.8539212,3.0416711171468096
1710802122.8540342,2.983169025844998
1710802122.8541472,2.924666669633653
1710802122.8542602,2.8672154744466147
1710802122.854373,2.808012697431776
1710802122.854486,2.746357652876112
1710802122.854599,2.683301501803928
1710802122.854712,2.6174426078796387
1710802122.8548248,2.548080815209283
1710802122.8549378,2.4783685472276473
1710802122.8550508,2.4062040117051864
1710802122.8551638,2.3329888449774847
1710802122.8552766,2.26012388865153
1710802122.8553896,2.1865581141577826
1710802122.8555026,2.1122919188605414
1710802122.8556156,2.0366243521372476
1710802122.8557284,1.9599058892991807
1710802122.8558414,1.8800346056620278
1710802122.8559544,1.799112425910102
1710802122.8560674,1.71503742535909
1710802122.8561802,1.6295610533820257
1710802122.8562932,1.5426835748884413
1710802122.8564062,1.4544048574235704
1710802122.8565192,1.3654254542456732
1710802122.856632,1.2764460510677762
1710802122.856745,1.1853647232055664
1710802122.856858,1.094984081056383
1710802122.856971,1.0028518570793998
1710802122.8570838,0.9100190798441569
1710802122.8571968,0.8154346545537312
1710802122.8573098,0.7197993331485324
1710802122.8574228,0.6238136688868204
1710802122.8575356,0.5274776948822869
1710802122.8576486,0.4300907916492886
1710802122.8577616,0.3330542312728034
1710802122.8578746,0.23496669199731615
1710802122.8579874,0.1361785415146086
1710802122.8581004,0.03668977154625787
1710802122.8582134,-0.0627867215209537
1710802122.8583264,-0.16120529837078518
1710802122.8584392,-0.26207559638553196
1710802122.8585522,-0.3615449203385247
1710802122.8586652,-0.4617146982087029
1710802122.8587782,-0.5618845091925727
1710802122.858891,-0.6624045636918809
1710802122.859004,-0.7629246181911892
1710802122.859117,-0.8644953701231215
1710802122.85923,-0.9653657012515597
1710802122.8593428,-1.066936453183492
1710802122.8594558,-1.1674564414554172
1710802122.8595688,-1.2669258647494845
1710802122.8596818,-1.366044945187039
1710802122.8597946,-1.4623619450463188
1710802122.8599076,-1.5586790773603652
1710802122.8600206,-1.6521942615509033
1710802122.8601336,-1.7471104198031955
1710802122.8602464,-1.8409758143954806
1710802122.8603594,-1.9348412089877658
1710802122.8604724,-2.028006182776557
1710802122.8605855,-2.121171156565348
1710802122.8606982,-2.211534049775865
1710802122.8608112,-2.3015467325846353
1710802122.8609242,-2.3887575997246637
1710802122.8610373,-2.4749175707499185
1710802122.86115,-2.5579253832499185
1710802122.861263,-2.6402327749464245
1710802122.861376,-2.7207888497246637
1710802122.861489,-2.8002942932976618
1710802122.8616018,-2.879099316067166
1710802122.8617148,-2.9572036531236434
1710802122.8618279,-3.0335569381713867
1710802122.8619409,-3.107458485497369
1710802122.8620536,-3.1789082951015897
1710802122.8621666,-3.2479063669840493
1710802122.8622797,-3.314102490743001
1710802122.8623927,-3.3767959806654186
1710802122.8625054,-3.4377384185791016
1710802122.8626184,-3.4969298044840493
1710802122.8627315,-3.5543698734707303
1710802122.8628445,-3.610408835940891
1710802122.8629572,-3.6657473776075573
1710802122.8630702,-3.71898439195421
1710802122.8631833,-3.7711707750956216
1710802122.863296,-3.8216061062282987
1710802122.863409,-3.868889013926188
1710802122.863522,-3.9140703943040633
1710802122.863635,-3.9564500914679632
1710802122.8637478,-3.9960275755988226
1710802122.8638608,-4.033153322007921
1710802122.8639739,-4.06922870212131
1710802122.8640869,-4.103202290005154
1710802122.8641996,-4.136475457085504
1710802122.8643126,-4.167997307247585
1710802122.8644257,-4.1974178949991865
1710802122.8645387,-4.225787586636013
1710802122.8646514,-4.251355595058865
1710802122.8647645,-4.274471600850423
1710802122.8648775,-4.294085237714979
1710802122.8649905,-4.310896926456027
1710802122.8651032,-4.3256073527865935
1710802122.8652163,-4.337165355682373
1710802122.8653293,-4.348022937774658
1710802122.8654423,-4.356428782145183
1710802122.865555,-4.364484416113959
1710802122.865668,-4.3711389435662165
1710802122.865781,-4.376742839813232
1710802122.865894,-4.381296104855007
1710802122.8660069,-4.382346736060248
1710802122.8661199,-4.381296104855007
1710802122.8662329,-4.376392629411486
1710802122.866346,-4.369387626647949
1710802122.8664587,-4.3599311510721845
1710802122.8665717,-4.348022937774658
1710802122.8666847,-4.335414038764106
1710802122.8667977,-4.321754508548312
1710802122.8669105,-4.308445188734266
1710802122.8670235,-4.292684396107991
1710802122.8671365,-4.277273548973931
1710802122.8672495,-4.259411229027642
1710802122.8673623,-4.238746696048312
1710802122.8674753,-4.214930004543728
1710802122.8675883,-4.188311629825168
1710802122.8677013,-4.158891042073567
1710802122.867814,-4.128770033518474
1710802122.867927,-4.097598393758138
1710802122.86804,-4.065025647481282
1710802122.868153,-4.0328031116061736
1710802122.8682659,-4.000580840640597
1710802122.8683789,-3.966957198248969
1710802122.868492,-3.9312322934468584
1710802122.868605,-3.892355230119493
1710802122.8687177,-3.8506762186686196
1710802122.8688307,-3.8068956798977323
1710802122.8689437,-3.7589123513963485
1710802122.8690567,-3.710578547583686
1710802122.8691695,-3.6594430605570474
1710802122.8692825,-3.6086575190226235
1710802122.8693955,-3.558222452799479
1710802122.8695085,-3.506736490461561
1710802122.8696213,-3.4534994761149087
1710802122.8697343,-3.399562040964762
1710802122.8698473,-3.343522813585069
1710802122.8699603,-3.284331692589654
1710802122.870073,-3.2230390442742243
1710802122.870186,-3.158593972524007
1710802122.870299,-3.0934487448798285
1710802122.870412,-3.0265519354078503
1710802122.870525,-2.959305180443658
1710802122.870638,-2.8917079501681857
1710802122.870751,-2.823060088687473
1710802122.870864,-2.754062016805013
1710802122.8709767,-2.682962682512071
1710802122.8710897,-2.610461976793077
1710802122.8712027,-2.53480937745836
1710802122.8713157,-2.4577556716071234
1710802122.8714285,-2.3782502280341253
1710802122.8715415,-2.2973439428541393
1710802122.8716545,-2.2153867615593805
1710802122.8717675,-2.1330793698628745
1710802122.8718803,-2.049020793702867
1710802122.8719933,-1.9656627708011203
1710802122.8721063,-1.880903641382853
1710802122.8722193,-1.795444091161092
1710802122.872332,-1.7075328032175698
1710802122.872445,-1.61822067366706
1710802122.872558,-1.5278576480017767
1710802122.8726711,-1.4360936482747395
1710802122.872784,-1.3422282536824544
1710802122.872897,-1.2480126486884222
1710802122.87301,-1.152396069632636
1710802122.873123,-1.056779358122084
1710802122.8732357,-0.9594115283754137
1710802122.8733487,-0.8616934219996134
1710802122.8734617,-0.7632748285929362
1710802122.8735747,-0.6638055377536349
1710802122.8736875,-0.5636357598834567
1710802122.8738005,-0.4631156722704569
1710802122.8739135,-0.3622454073694017
1710802122.8740265,-0.2599741352929009
1710802122.8741393,-0.15910383727815416
1710802122.8742523,-0.057182816995514765
1710802122.8743653,0.04544758548339208
1710802122.8744783,0.14843949013286167
1710802122.874591,0.25108107262187535
1710802122.8747041,0.35267170932557845
1710802122.8748171,0.454612672328949
1710802122.8749301,0.5548020866182115
1710802122.875043,0.6539405716790093
1710802122.875156,0.752728713883294
1710802122.875269,0.8501156171162922
1710802122.875382,0.9478527969784206
1710802122.8754947,1.0441888040966458
1710802122.8756077,1.141575707329644
1710802122.8757207,1.2386122014787462
1710802122.8758337,1.3349482748243544
1710802122.8759465,1.430233187145657
1710802122.8760595,1.5251680215199788
1710802122.8761725,1.6173001130421956
1710802122.8762856,1.7087317837609184
1710802122.8763983,1.7980615297953286
1710802122.8765113,1.8859899044036865
1710802122.8766243,1.9735680686102972
1710802122.8767374,2.0586939652760825
1710802122.8768501,2.144870890511407
1710802122.8769631,2.2306974728902182
1710802122.8770761,2.3158235020107694
1710802122.8771892,2.398147053188748
1710802122.877302,2.479069232940674
1710802122.877415,2.556838459438748
1710802122.877528,2.6325061586168075
1710802122.877641,2.70396974351671
1710802122.8777537,2.7736820114983454
1710802122.8778667,2.843043804168701
1710802122.8779798,2.9096033838060165
1710802122.8780928,2.975812488132053
1710802122.8782055,3.042021592458089
1710802122.8783185,3.106479114956326
1710802122.8784316,3.168834580315484
1710802122.8785446,3.2283878326416016
1710802122.8786573,3.286189238230387
1710802122.8787704,3.341188430786133
1710802122.8788834,3.393034670088026
1710802122.8789964,3.4420784314473467
1710802122.8791091,3.4890204005771213
1710802122.8792222,3.5342105229695635
1710802122.8793352,3.5783500141567655
1710802122.8794482,3.6210881339179144
1710802122.879561,3.6631255679660373
1710802122.879674,3.702710999382867
1710802122.879787,3.7401943736606174
1710802122.8799,3.7752257453070746
1710802122.8800128,3.808155059814453
1710802122.8801258,3.8382818963792587
1710802122.8802388,3.865256044599745
1710802122.8803518,3.8908288213941784
1710802122.8804646,3.915000491672092
1710802122.8805776,3.937770790523953
1710802122.8806906,3.9594901932610407
1710802122.8808036,3.980158699883355
1710802122.8809164,4.00047673119439
1710802122.8810294,4.019043180677626
1710802122.8811424,4.0362085236443415
1710802122.8812554,4.050221178266737
1710802122.8813682,4.062131775750054
1710802122.8814812,4.071239895290798
1710802122.8815942,4.07754553688897
1710802122.8817072,4.0817491213480634
1710802122.88182,4.084201388888888
1710802122.881933,4.085602760314941
1710802122.882046,4.085252285003662
1710802122.882159,4.084902074601915
1710802122.8822718,4.083150492774116
1710802122.8823848,4.079997539520264
1710802122.8824978,4.074743058946398
1710802122.8826108,4.067386521233453
1710802122.8827236,4.056877030266656
1710802122.8828366,4.043214850955539
1710802122.8829496,4.027450879414876
1710802122.8830626,4.009584850735134
1710802122.8831754,3.9917188220553927
1710802122.8832884,3.9717510011461044
1710802122.8834014,3.953184551662869
1710802122.8835144,3.933566941155328
1710802122.8836272,3.9135991202460394
1710802122.8837402,3.8911792967054577
1710802122.8838532,3.8677083121405706
1710802122.8839662,3.8407341639200845
1710802122.884079,3.812709119584825
1710802122.884192,3.781881597306993
1710802122.884305,3.748952282799615
1710802122.884418,3.715672492980957
1710802122.8845308,3.681692282358805
1710802122.8846438,3.6477118068271213
1710802122.8847568,3.614432281917996
1710802122.8848698,3.578700224558512
1710802122.8849826,3.5426182217068143
1710802122.8850956,3.5051345825195312
1710802122.8852086,3.462396462758382
1710802122.8853216,3.4179067611694336
1710802122.8854344,3.3709650569491916
1710802122.8855474,3.3215708202785916
1710802122.8856604,3.2700750562879772
1710802122.8857734,3.2192797131008573
1710802122.8858862,3.1674334737989636
1710802122.8859992,3.115937444898817
1710802122.8861122,3.064091205596924
1710802122.8862252,3.0097926987542047
1710802122.886338,2.9544432957967124
1710802122.886451,2.896291414896647
1710802122.886564,2.8353370560540094
1710802122.886677,2.772631115383572
1710802122.8867898,2.707122696770562
1710802122.8869028,2.642665174272325
1710802122.8870158,2.576456069946289
1710802122.8871288,2.5095462799072266
1710802122.8872416,2.441585593753391
1710802122.8873546,2.3750262790256076
1710802122.8874676,2.3053140110439725
1710802122.8875806,2.234200636545817
1710802122.8876934,2.160634994506836
1710802122.8878064,2.084967427783542
1710802122.8879194,2.006847725974189
1710802122.8880324,1.9283778137630887
1710802122.8881452,1.8467549482981362
1710802122.8882582,1.764081186718411
1710802122.8883712,1.6828086641099718
1710802122.8884842,1.6001349025302463
1710802122.888597,1.5171107980940077
1710802122.88871,1.4312842157151964
1710802122.888823,1.3468588723076713
1710802122.888936,1.2596310509575737
1710802122.8890488,1.1710019906361897
1710802122.8891618,1.0816722446017795
1710802122.8892748,0.9905909167395698
1710802122.8893878,0.899159378475613
1710802122.8895006,0.80702715449863
1710802122.8896136,0.7131433486938477
1710802122.8897266,0.6206608480877346
1710802122.8898396,0.5250255266825358
1710802122.8899524,0.4293901721636454
1710802122.8900654,0.333404541015625
1710802122.8901784,0.2360176377826267
1710802122.8902915,0.13863073454962835
1710802122.8904042,0.03914195630285475
1710802122.8905172,-0.05963452574279573
1710802122.8906302,-0.15910383727815416
1710802122.8907433,-0.2592736482620239
1710802122.890856,-0.3597937027613322
1710802122.890969,-0.46031372414694893
1710802122.891082,-0.5608338117599487
1710802122.891195,-0.661704076661004
1710802122.8913078,-0.7608231570985582
1710802122.8914208,-0.8606427245669894
1710802122.8915339,-0.9587110413445367
1710802122.8916469,-1.056429147720337
1710802122.8917596,-1.152396069632636
1710802122.8918726,-1.2483628590901692
1710802122.8919857,-1.3439795706007216
1710802122.8920987,-1.4399463600582547
1710802122.8922114,-1.535563071568807
1710802122.8923244,-1.630829440222846
1710802122.8924375,-1.7253952556186252
1710802122.8925505,-1.8189104398091633
1710802122.8926632,-1.9113748603396945
1710802122.8927763,-2.001387675603231
1710802122.8928893,-2.0903495947519937
1710802122.8930023,-2.177560329437256
1710802122.893115,-2.263370090060764
1710802122.893228,-2.348129219479031
1710802122.893341,-2.433588769700792
1710802122.893454,-2.517647478315565
1710802122.8935668,-2.601355711619059
1710802122.8936799,-2.682612207200792
1710802122.8937929,-2.763168546888563
1710802122.8939059,-2.841623094346788
1710802122.8940187,-2.9179763793945312
1710802122.8941317,-2.990476820203993
1710802122.8942447,-3.0626270506117077
1710802122.8943577,-3.1312749120924206
1710802122.8944705,-3.1999227735731335
1710802122.8945835,-3.2675200038486056
1710802122.8946965,-3.3333659172058105
1710802122.8948095,-3.398861355251736
1710802122.8949223,-3.462956216600206
1710802122.8950353,-3.5249492857191296
1710802122.8951483,-3.5848410924275713
1710802122.8952613,-3.6419309510125055
1710802122.895374,-3.695868386162652
1710802122.895487,-3.746653927697076
1710802122.8956,-3.795337677001953
1710802122.895713,-3.8426205846998425
1710802122.8958259,-3.8878022299872503
1710802122.8959389,-3.9315827687581377
1710802122.896052,-3.9736119906107583
1710802122.896165,-4.014590581258138
1710802122.8962777,-4.053467644585504
1710802122.8963907,-4.0902431805928545
1710802122.8965037,-4.1242170333862305
1710802122.8966167,-4.155738883548312
1710802122.8967295,-4.18410857518514
1710802122.8968425,-4.210026794009738
1710802122.8969555,-4.233142799801296
1710802122.8970685,-4.25450775358412
1710802122.8971813,-4.27482181125217
1710802122.8972943,-4.293384816911486
1710802122.8974073,-4.310896926456027
1710802122.8975203,-4.327358404795329
1710802122.897633,-4.3420688311258955
1710802122.897746,-4.354327254825168
1710802122.897859,-4.3641342057122126
1710802122.897972,-4.370438522762722
1710802122.8980849,-4.374291102091472
1710802122.898198,-4.3753419982062445
1710802122.898311,-4.374991522894965
1710802122.898424,-4.372890260484484
1710802122.8985367,-4.370088312360975
1710802122.8986497,-4.366235468122694
1710802122.8987627,-4.3620326783921985
1710802122.8988757,-4.356428782145183
1710802122.8989885,-4.349773989783393
1710802122.8991015,-4.339617093404134
1710802122.8992145,-4.327008194393581
1710802122.8993275,-4.310896926456027
1710802122.8994403,-4.291983710394965
1710802122.8995533,-4.270969231923421
1710802122.8996663,-4.247852961222331
1710802122.8997793,-4.224036534627278
1710802122.899892,-4.199169211917453
1710802122.900005,-4.173951678805881
1710802122.900118,-4.148383670383029
1710802122.9002311,-4.12176529566447
1710802122.900344,-4.091644287109375
1710802122.900457,-4.059421751234266
1710802122.90057,-4.024047056833903
1710802122.900683,-3.986220624711778
1710802122.9007957,-3.945942719777425
1710802122.9009087,-3.9046139187282987
1710802122.9010217,-3.861884011162652
1710802122.9011347,-3.8191543685065374
1710802122.9012475,-3.775724040137397
1710802122.9013605,-3.7333446078830295
1710802122.9014735,-3.689213858710395
1710802122.9015865,-3.6422811614142523
1710802122.9016993,-3.5928967263963485
1710802122.9018123,-3.540710343254937
1710802122.9019253,-3.48537180158827
1710802122.9020383,-3.4282819430033364
1710802122.902151,-3.3687403466966415
1710802122.902264,-3.309199015299479
1710802122.9023771,-3.2482565773857965
1710802122.9024901,-3.1873141394721136
1710802122.902603,-3.1256710158454046
1710802122.902716,-3.0626270506117077
1710802122.902829,-2.997832033369276
1710802122.902942,-2.930585013495551
1710802122.9030547,-2.8601861000061035
1710802122.9031677,-2.787335183885362
1710802122.9032807,-2.7123830053541393
1710802122.9033937,-2.6360299852159286
1710802122.9035065,-2.5582755936516657
1710802122.9036195,-2.4805214669969344
1710802122.9037325,-2.401716709136963
1710802122.9038455,-2.322211265563965
1710802122.9039583,-2.2416549258761935
1710802122.9040713,-2.1589974562327066
1710802122.9041843,-2.0749388800726996
1710802122.9042974,-1.9891291194491916
1710802122.9044101,-1.9005172782474093
1710802122.9045231,-1.8112051486968994
1710802122.9046361,-1.7204919126298692
1710802122.904749,-1.628727912902832
1710802122.904862,-1.5366137027740479
1710802122.904975,-1.4434488614400227
1710802122.905088,-1.3495834668477376
1710802122.9052007,-1.2550175189971924
1710802122.9053137,-1.159050597084893
1710802122.9054267,-1.06273353099823
1710802122.9055398,-0.9646652142206827
1710802122.9056525,-0.8662466208140055
1710802122.9057655,-0.7671275403764513
1710802122.9058785,-0.666957762506273
1710802122.9059916,-0.5657372209760878
1710802122.9061043,-0.464866922961341
1710802122.9062173,-0.36294589440027875
1710802122.9063303,-0.2599741352929009
1710802122.9064434,-0.15700237618552312
1710802122.9065561,-0.05368037356270684
1710802122.9066691,0.04895071188608805
1710802122.9067822,0.15264324016041225
1710802122.9068952,0.25493451290660435
1710802122.907008,0.35652514961030746
1710802122.907121,0.4588164554701911
1710802122.907234,0.5618083477020264
1710802122.907347,0.6640995873345269
1710802122.9074597,0.7670915126800537
1710802122.9075727,0.8700834380255805
1710802122.9076858,0.972374677658081
1710802122.9077988,1.0732647445466783
1710802122.9079115,1.1738044685787625
1710802122.9080245,1.271891991297404
1710802122.9081376,1.368928485446506
1710802122.9082506,1.463863319820828
1710802122.9083633,1.5587980217403836
1710802122.9084764,1.6519811418321397
1710802122.9085894,1.7441133658091226
1710802122.9087024,1.8369461430443657
1710802122.9088151,1.9294287098778617
1710802122.9089282,2.0198093520270453
1710802122.9090412,2.108438412348429
1710802122.9091542,2.19601657655504
1710802122.909267,2.280441919962565
1710802122.90938,2.362414995829264
1710802122.909493,2.441585593753391
1710802122.909606,2.519355085160997
1710802122.9097188,2.595723205142551
1710802122.9098318,2.6706902186075845
1710802122.9099448,2.746357652876112
1710802122.9100578,2.8206239806281195
1710802122.9101706,2.892087565528022
1710802122.9102836,2.9632012049357095
1710802122.9103966,3.0311618910895453
1710802122.9105096,3.0970205201043024
1710802122.9106224,3.1586755646599665
1710802122.9107354,3.2192797131008573
1710802122.9108484,3.276380697886149
1710802122.9109614,3.3334814177619085
1710802122.9110742,3.3877799246046276
1710802122.9111872,3.442779117160373
1710802122.9113002,3.495326042175293
1710802122.9114132,3.5478729671902127
1710802122.911526,3.59726693895128
1710802122.911639,3.6445591184828015
1710802122.911752,3.689399030473497
1710802122.911865,3.730736043718126
1710802122.9119778,3.7678692075941296
1710802122.9120908,3.8029003143310547
1710802122.9122038,3.8351292080349393
1710802122.9123168,3.8666574160257974
1710802122.9124296,3.896083566877577
1710802122.9125426,3.92340792549981
1710802122.9126556,3.94968138800727
1710802122.9127686,3.973502582973904
1710802122.9128814,3.996973567538791
1710802122.9129944,4.016941388448079
1710802122.9131074,4.034106731414795
1710802122.9132204,4.049520492553711
1710802122.9133332,4.062481986151801
1710802122.9134462,4.072991477118598
1710802122.9135592,4.082099596659343
1710802122.9136722,4.088405238257514
1710802122.913785,4.095761775970459
1710802122.913898,4.101366731855604
1710802122.914011,4.106271002027723
1710802122.914124,4.111175537109375
1710802122.9142368,4.112927118937175
1710802122.9143498,4.112927118937175
1710802122.9144628,4.110474851396349
1710802122.9145758,4.104869895511203
1710802122.9146886,4.096111986372206
1710802122.9148016,4.085952970716688
1710802122.9149146,4.073341687520345
1710802122.9150276,4.060380193922255
1710802122.9151404,4.047418700324164
1710802122.9152534,4.033055835300021
1710802122.9153664,4.019743866390652
1710802122.9154794,4.003279209136963
1710802122.9155922,3.986113866170247
1710802122.9157052,3.965795834859212
1710802122.9158182,3.9430255360073514
1710802122.9159312,3.9174524943033853
1710802122.916044,3.889777925279405
1710802122.916157,3.8603517744276257
1710802122.91627,3.8312758339775934
1710802122.916383,3.801148732503255
1710802122.9164958,3.770671685536702
1710802122.9166088,3.7405448489718967
1710802122.9167218,3.7093668513827853
1710802122.9168348,3.6757368511623807
1710802122.9169476,3.6400050587124295
1710802122.9170606,3.6018209987216525
1710802122.9171736,3.5594330893622503
1710802122.9172866,3.515994283888075
1710802122.9173994,3.46940279006958
1710802122.9175124,3.4235119819641113
1710802122.9176254,3.37621980243259
1710802122.9177384,3.3296280437045627
1710802122.9178512,3.2819856537712946
1710802122.9179642,3.2346934742397733
1710802122.9180772,3.184949027167426
1710802122.9181902,3.133803473578559
1710802122.918303,3.080205652448866
1710802122.918416,3.0245057741800943
1710802122.918529,2.9649527867635093
1710802122.918642,2.904348638322618
1710802122.9187548,2.8440949651930065
1710802122.9188678,2.7827901310390897
1710802122.9189808,2.722185982598199
1710802122.9190938,2.659830517239041
1710802122.9192066,2.596774101257324
1710802122.9193196,2.5319663683573403
1710802122.9194326,2.465407053629557
1710802122.9195457,2.394994099934896
1710802122.9196584,2.3231800397237143
1710802122.9197714,2.2482130262586804
1710802122.9198844,2.17219524913364
1710802122.9199975,2.0944258901807995
1710802122.9201102,2.0170068740844727
1710802122.9202232,1.93783614370558
1710802122.9203362,1.8586655457814534
1710802122.9204493,1.7791446050008137
1710802122.920562,1.6975217395358615
1710802122.920675,1.614497635099623
1710802122.920788,1.529722081290351
1710802122.920901,1.4428444703420003
1710802122.9210138,1.3545657528771293
1710802122.9211268,1.2662869029574924
1710802122.9212399,1.1759062608083088
1710802122.9213529,1.0848250654008653
1710802122.9214656,0.9933934609095255
1710802122.9215786,0.9023121992746989
1710802122.9216917,0.8101799752977159
1710802122.9218047,0.7169967889785767
1710802122.9219174,0.6234633260303073
1710802122.9220304,0.5292292767100863
1710802122.9221435,0.433593922191196
1710802122.9222565,0.33865922027164036
1710802122.9223692,0.24302388230959573
1710802122.9224823,0.14703823460472953
1710802122.9225953,0.0500016493929757
1710802122.9227083,-0.04702573849095239
1710802122.922821,-0.14404334955745274
1710802122.922934,-0.2421116828918457
1710802122.923047,-0.33947954575220746
1710802122.92316,-0.43754786252975464
1710802122.9232728,-0.5352659689055549
1710802122.9233859,-0.6333343187967936
1710802122.9234989,-0.7300016615125868
1710802122.9236119,-0.827369491259257
1710802122.9237247,-0.9247373872333102
1710802122.9238377,-1.0224554273817275
1710802122.9239507,-1.1191227700975206
1710802122.9240637,-1.217191219329834
1710802122.9241765,-1.3138585620456271
1710802122.9242895,-1.4115766684214275
1710802122.9244025,-1.5068430370754666
1710802122.9245155,-1.6014088524712455
1710802122.9246283,-1.6938732730017767
1710802122.9247413,-1.7849368519253201
1710802122.9248543,-1.875299745135837
1710802122.9249673,-1.963911453882853
1710802122.92508,-2.0532237158881292
1710802122.925193,-2.1407847934299045
1710802122.925306,-2.2290462917751737
1710802122.925419,-2.3159066836039224
1710802122.9255319,-2.401716709136963
1710802122.9256449,-2.4857751528422036
1710802122.925758,-2.567732334136963
1710802122.925871,-2.6468873023986816
1710802122.9259837,-2.7242914835611978
1710802122.9260967,-2.8006445036994085
1710802122.9262097,-2.8741958406236434
1710802122.9263227,-2.9477471775478787
1710802122.9264355,-3.0191969871520996
1710802122.9265485,-3.089595900641547
1710802122.9266615,-3.159294393327501
1710802122.9267745,-3.226891623602973
1710802122.9268873,-3.293437957763672
1710802122.9270003,-3.3554312917921276
1710802122.9271133,-3.4170741505093045
1710802122.9272263,-3.474514219495985
1710802122.927339,-3.5305531819661455
1710802122.927452,-3.5848410924275713
1710802122.927565,-3.636326789855957
1710802122.927678,-3.6881629625956216
1710802122.9277909,-3.737897608015272
1710802122.927904,-3.7876322534349227
1710802122.928017,-3.8345649507310653
1710802122.92813,-3.881147437625461
1710802122.9282427,-3.9249279763963485
1710802122.9283557,-3.965556356641981
1710802122.9284687,-4.003382788764106
1710802122.9285817,-4.038757218254937
1710802122.9286945,-4.070979754130046
1710802122.9288075,-4.10110076268514
1710802122.9289205,-4.131221771240234
1710802122.9290335,-4.158190621270074
1710802122.9291463,-4.183758364783393
1710802122.9292593,-4.208625687493218
1710802122.9293723,-4.231741958194308
1710802122.9294853,-4.252756436665853
1710802122.929598,-4.271669652726915
1710802122.929711,-4.286730024549696
1710802122.929824,-4.300039344363742
1710802122.9299371,-4.309145874447292
1710802122.93005,-4.31720150841607
1710802122.930163,-4.322805404663086
1710802122.930276,-4.327358404795329
1710802122.930389,-4.330510563320583
1710802122.9305017,-4.333312511444092
1710802122.9306147,-4.334363407558865
1710802122.9307277,-4.334713617960612
1710802122.9308407,-4.333312511444092
1710802122.9309535,-4.328759511311849
1710802122.9310665,-4.321754508548312
1710802122.9311795,-4.3115973472595215
1710802122.9312925,-4.299338923560248
1710802122.9314053,-4.285329182942708
1710802122.9315183,-4.270268546210395
1710802122.9316313,-4.25450775358412
1710802122.9317443,-4.237696064843072
1710802122.931857,-4.221584796905518
1710802122.9319701,-4.2030217912462025
1710802122.9320831,-4.18410857518514
1710802122.9321961,-4.161342779795329
1710802122.932309,-4.135424825880262
1710802122.932422,-4.10740507973565
1710802122.932535,-4.076233439975314
1710802122.932648,-4.042610062493218
1710802122.9327607,-4.007935788896349
1710802122.9328737,-3.9732617802090116
1710802122.9329867,-3.936836454603407
1710802122.9330997,-3.9014617602030435
1710802122.9332125,-3.864335748884413
1710802122.9333255,-3.8258088959587946
1710802122.9334385,-3.7848303053114147
1710802122.9335515,-3.7414002418518066
1710802122.9336643,-3.695167965359158
1710802122.9337773,-3.6457835303412542
1710802122.9338903,-3.5956986745198565
1710802122.9340034,-3.543162080976698
1710802122.9341161,-3.4906254874335394
1710802122.9342291,-3.4377384185791016
1710802122.9343421,-3.384851614634196
1710802122.9344552,-3.3312643898857965
1710802122.934568,-3.275575637817383
1710802122.934681,-3.218485779232449
1710802122.934794,-3.1578935517205133
1710802122.934907,-3.095199796888563
1710802122.9350197,-3.0300545692443848
1710802122.9351327,-2.96280754937066
1710802122.9352458,-2.894159687889947
1710802122.9353588,-2.825161616007487
1710802122.9354715,-2.7547627025180392
1710802122.9355845,-2.6840133137173123
1710802122.9356976,-2.613614135318332
1710802122.9358106,-2.5407634841071234
1710802122.9359233,-2.4665117263793945
1710802122.9360363,-2.3884073893229165
1710802122.9361494,-2.3096023665534124
1710802122.9362624,-2.2279956605699325
1710802122.9363751,-2.1446375052134194
1710802122.9364882,-2.0605789290534124
1710802122.9366012,-1.9754695892333984
1710802122.9367142,-1.8896598286098905
1710802122.936827,-1.8031495147281222
1710802122.93694,-1.715588437186347
1710802122.937053,-1.626626518037584
1710802122.937166,-1.5369640456305609
1710802122.9372787,-1.4444994926452637
1710802122.9373918,-1.3516848617129855
1710802122.9375048,-1.2567687034606934
1710802122.9376178,-1.1615023348066542
1710802122.9377306,-1.065185268719991
1710802122.9378436,-0.9678173727459377
1710802122.9379566,-0.8700992663701375
1710802122.9380696,-0.7716807391908433
1710802122.9381824,-0.6725616587532891
1710802122.9382954,-0.5723918146557277
1710802122.9384084,-0.4722220367855496
1710802122.9385214,-0.3717019822862413
1710802122.9386342,-0.2711819443437788
1710802122.9387472,-0.16926091578271654
1710802122.9388602,-0.06804038253095415
1710802122.9389732,0.03318664514356189
1710802122.939086,0.13477729426489934
1710802122.939199,0.23636794752544826
1710802122.939312,0.3383089105288188
1710802122.939425,0.44024987353218925
1710802122.9395378,0.5428914560212029
1710802122.9396508,0.6444821092817519
1710802122.9397638,0.7443212138281928
1710802122.9398768,0.8448609378602769
1710802122.9399896,0.9436490800645616
1710802122.9401026,1.04103598329756
1710802122.9402156,1.138072543674045
1710802122.9403286,1.2351091702779133
1710802122.9404414,1.3324960072835286
1710802122.9405544,1.4295326338873968
1710802122.9406674,1.526919470893012
1710802122.9407804,1.6229052013821073
1710802122.9408932,1.718190246158176
1710802122.9410062,1.8106726805369058
1710802122.9411192,1.9017540083991156
1710802122.9412322,1.9900327258639865
1710802122.941345,2.076559993955824
1710802122.941458,2.1634374724494085
1710802122.941571,2.2475126054551864
1710802122.941684,2.3322881592644586
1710802122.9417968,2.4156626065572104
1710802122.9419098,2.4986865785386825
1710802122.9420228,2.578908337487115
1710802122.9421358,2.658078935411241
1710802122.9422486,2.734447055392795
1710802122.9423616,2.80731201171875
1710802122.9424746,2.8780751758151584
1710802122.9425876,2.946386072370741
1710802122.9427004,3.0125951766967773
1710802122.9428134,3.0767024887932672
1710802122.9429264,3.1408095359802246
1710802122.9430394,3.2031652662489147
1710802122.9431522,3.264820310804579
1710802122.9432652,3.3236728774176703
1710802122.9433782,3.3821749687194824
1710802122.9434912,3.4368236859639483
1710802122.943604,3.488669925265842
1710802122.943717,3.538064161936442
1710802122.94383,3.5839549700419107
1710802122.943943,3.628094461229112
1710802122.9440558,3.670131895277235
1710802122.9441688,3.712169329325358
1710802122.9442818,3.751054075029161
1710802122.9443948,3.7906395064459906
1710802122.9445076,3.827071984608968
1710802122.9446206,3.861752880944146
1710802122.9447336,3.8939817746480303
1710802122.9448466,3.9255097177293563
1710802122.9449594,3.9521336555480957
1710802122.9450724,3.97735595703125
1710802122.9451854,3.9987251493665905
1710802122.9452984,4.019743866390652
1710802122.9454112,4.03831058078342
1710802122.9455242,4.05617634455363
1710802122.9456372,4.072290791405572
1710802122.9457502,4.088405238257514
1710802122.945863,4.102768103281657
1710802122.945976,4.11502891116672
1710802122.946089,4.126238822937012
1710802122.9462018,4.13324515024821
1710802122.9463148,4.137799210018581
1710802122.9464278,4.139200581444634
1710802122.9465408,4.138149685329861
1710802122.9466536,4.134646521674262
1710802122.9467666,4.12974198659261
1710802122.9468796,4.123786820305718
1710802122.9469926,4.117481178707546
1710802122.9471054,4.109423955281575
1710802122.9472184,4.101366731855604
1710802122.9473314,4.091557926601833
1710802122.9474444,4.078246222601996
1710802122.9475572,4.064233567979601
1710802122.9476702,4.046017328898112
1710802122.9477832,4.02499861187405
1710802122.9478962,4.004680580563015
1710802122.948009,3.981559806399875
1710802122.948122,3.9591397179497614
1710802122.948235,3.9346178372701006
1710802122.948348,3.91184753841824
1710802122.9484608,3.8869754473368325
1710802122.9485738,3.862453566657172
1710802122.9486868,3.8351292080349393
1710802122.9487998,3.804651896158854
1710802122.9489126,3.7727734777662487
1710802122.9490256,3.7373918957180448
1710802122.9491386,3.699908521440294
1710802122.9492517,3.6599728796217175
1710802122.9493644,3.6210881339179144
1710802122.9494774,3.5822033882141113
1710802122.9495904,3.541917535993788
1710802122.9497035,3.5016316837734647
1710802122.9498162,3.4606448809305825
1710802122.9499292,3.4168558650546603
1710802122.9500422,3.370264371236165
1710802122.9501553,3.3205199241638184
1710802122.950268,3.2676227887471514
1710802122.950381,3.2129740715026855
1710802122.950494,3.1562232971191406
1710802122.950607,3.0987721019321017
1710802122.9507198,3.0409704314337835
1710802122.9508328,2.983169025844998
1710802122.9509459,2.9243164592319064
1710802122.9510589,2.865113682217068
1710802122.9511716,2.8045095337761774
1710802122.9512846,2.741453382703993
1710802122.9513977,2.6748938030666776
1710802122.9515107,2.606933116912842
1710802122.9516234,2.5365204281277127
1710802122.9517365,2.4664579497443304
1710802122.9518495,2.3946438895331488
1710802122.9519625,2.322829829321967
1710802122.9520752,2.2503150833977594
1710802122.9521883,2.1774499946170383
1710802122.9523013,2.102483113606771
1710802122.9524143,2.0271658897399902
1710802122.952527,1.94939653078715
1710802122.95264,1.868474351035224
1710802122.952753,1.7858005894554985
1710802122.952866,1.7020757993062336
1710802122.9529788,1.6162492169274223
1710802122.9530919,1.529722081290351
1710802122.9532049,1.4424941274854872
1710802122.9533179,1.3538650671641033
1710802122.9534307,1.2655863496992323
1710802122.9535437,1.1755560504065619
1710802122.9536567,1.0844747225443523
1710802122.9537697,0.9926928414238824
1710802122.9538825,0.9002102745903863
1710802122.9539955,0.8049252960417006
1710802122.9541085,0.7092899084091187
1710802122.9542215,0.6136545870039198
1710802122.9543343,0.5166180266274346
1710802122.9544473,0.4195814331372579
1710802122.9545603,0.3214939104186164
1710802122.9546733,0.22305606140030754
1710802122.954786,0.12321698168913522
1710802122.954899,0.02407851732439465
1710802122.955012,-0.07574574814902411
1710802122.955125,-0.17521507210201687
1710802122.9552379,-0.27608535355991787
1710802122.9553509,-0.3762551479869419
1710802122.955464,-0.4757244719399346
1710802122.955577,-0.5758942498101128
1710802122.9556897,-0.6767645809385512
1710802122.9558027,-0.7769343588087294
1710802122.9559157,-0.8767539262771606
1710802122.9560287,-0.9772739807764689
1710802122.9561415,-1.0763930612140231
1710802122.9562545,-1.1748116546207004
1710802122.9563675,-1.2711287869347465
1710802122.9564805,-1.3670955763922796
1710802122.9565933,-1.461311313841078
1710802122.9567063,-1.555877129236857
1710802122.9568193,-1.6483415497673881
1710802122.9569323,-1.7425572872161865
1710802122.957045,-1.8353719181484647
1710802122.957158,-1.9278363386789956
1710802122.957271,-2.02065110206604
1710802122.957384,-2.112064758936564
1710802122.957497,-2.20137702094184
1710802122.95761,-2.289988729688856
1710802122.957723,-2.3750980695088706
1710802122.957836,-2.4602074093288846
1710802122.9579487,-2.5425148010253906
1710802122.9580617,-2.6230708758036294
1710802122.9581747,-2.7032767401801214
1710802122.9582877,-2.78383281495836
1710802122.9584005,-2.8622876273261175
1710802122.9585135,-2.9393413331773544
1710802122.9586265,-3.014993932512071
1710802122.9587395,-3.0885452694363065
1710802122.9588523,-3.158944182925754
1710802122.9589653,-3.2265414132012262
1710802122.9590783,-3.2909862200419107
1710802122.9591913,-3.3547306060791016
1710802122.959304,-3.415673043992784
1710802122.959417,-3.4748644298977323
1710802122.95953,-3.5337053404914007
1710802122.9596431,-3.5907951990763345
1710802122.959756,-3.646133740743001
1710802122.959869,-3.70007144080268
1710802122.959982,-3.7519073486328125
1710802122.960095,-3.802342679765489
1710802122.9602077,-3.8482244809468584
1710802122.9603207,-3.8927057054307723
1710802122.9604337,-3.9329836103651257
1710802122.9605467,-3.972561094495985
1710802122.9606595,-4.0093368954128685
1710802122.9607725,-4.045412010616726
1710802122.9608855,-4.079735808902316
1710802122.9609985,-4.112658765580919
1710802122.9611113,-4.1441808806525335
1710802122.9612243,-4.1732509930928545
1710802122.9613373,-4.2009202639261884
1710802122.9614503,-4.225437376234266
1710802122.961563,-4.247502750820583
1710802122.9616761,-4.265365335676405
1710802122.9617891,-4.282177024417453
1710802122.9619021,-4.2954863442315
1710802122.962015,-4.307744767930773
1710802122.962128,-4.318952560424805
1710802122.962241,-4.329109721713595
1710802122.962354,-4.33751556608412
1710802122.9624667,-4.344870779249403
1710802122.9625797,-4.350824885898166
1710802122.9626927,-4.353977044423421
1710802122.9628057,-4.355027675628662
1710802122.9629185,-4.35152530670166
1710802122.9630315,-4.346271620856391
1710802122.9631445,-4.338566197289361
1710802122.9632576,-4.32981014251709
1710802122.9633703,-4.318602350023058
1710802122.9634833,-4.307044347127278
1710802122.9635963,-4.295836554633246
1710802122.9637094,-4.283577866024441
1710802122.9638221,-4.269217915005154
1710802122.9639351,-4.253456857469347
1710802122.9640481,-4.233843220604791
1710802122.9641612,-4.21212805642022
1710802122.964274,-4.187260733710395
1710802122.964387,-4.160992569393581
1710802122.9645,-4.132272402445476
1710802122.964613,-4.103552500406901
1710802122.9647257,-4.073431491851807
1710802122.9648387,-4.043310483296712
1710802122.9649518,-4.01178863313463
1710802122.9650648,-3.9813174141777887
1710802122.9651775,-3.94769377178616
1710802122.9652905,-3.9116186565823026
1710802122.9654036,-3.87239138285319
1710802122.9655166,-3.8310625818040633
1710802122.9656293,-3.786581622229682
1710802122.9657423,-3.7414002418518066
1710802122.9658554,-3.694467544555664
1710802122.9659684,-3.6475348472595215
1710802122.9660811,-3.6002516746520996
1710802122.9661942,-3.55296876695421
1710802122.9663072,-3.5042850176493325
1710802122.9664202,-3.453149265713162
1710802122.966533,-3.399562040964762
1710802122.966646,-3.3442234992980957
1710802122.966759,-3.2850321133931475
1710802122.966872,-3.223739465077718
1710802122.9669847,-3.1599950790405273
1710802122.9670978,-3.095900217692057
1710802122.9672108,-3.0311052004496255
1710802122.9673238,-2.9652592870924206
1710802122.9674366,-2.899063163333469
1710802122.9675496,-2.8328670395745172
1710802122.9676626,-2.7635187572903104
1710802122.9677756,-2.6920689476860895
1710802122.9678884,-2.619218031565348
1710802122.9680014,-2.5432152218288846
1710802122.9681144,-2.4665117263793945
1710802122.9682274,-2.3852552307976618
1710802122.9683402,-2.3057497872246637
1710802122.9684532,-2.2244930267333984
1710802122.9685662,-2.1439369519551597
1710802122.9686792,-2.0619799031151667
1710802122.968792,-1.9782715373569064
1710802122.968905,-1.8942129611968994
1710802122.969018,-1.8080528577168782
1710802122.969131,-1.7218928866916232
1710802122.9692438,-1.631880071428087
1710802122.9693568,-1.541166967815823
1710802122.9694698,-1.450103521347046
1710802122.9695828,-1.3583395216200087
1710802122.9696956,-1.2651745478312175
1710802122.9698086,-1.1709589428371854
1710802122.9699216,-1.0763930612140231
1710802122.9700346,-0.981476902961731
1710802122.9701474,-0.8844592836168077
1710802122.9702604,-0.7881421513027614
1710802122.9703734,-0.6897236241234673
1710802122.9704864,-0.5916552411185371
1710802122.9705992,-0.49218595027923584
1710802122.9707122,-0.3930668698416816
1710802122.9708252,-0.2932473023732503
1710802122.9709382,-0.19272726443078783
1710802122.971051,-0.09220722648832533
1710802122.971164,0.009365388088756137
1710802122.971277,0.11095604134930505
1710802122.97139,0.2121963765886095
1710802122.9715028,0.3130864103635152
1710802122.9716158,0.4136261012819078
1710802122.9717288,0.5127645863427056
1710802122.9718418,0.6115527285469903
1710802122.9719546,0.7103408707512749
1710802122.9720676,0.8084283934699165
1710802122.9721806,0.9061656395594279
1710802122.9722936,1.0042531622780693
1710802122.9724064,1.102690961625841
1710802122.9725194,1.2004281414879692
1710802122.9726324,1.2978151109483507
1710802122.9727454,1.3934503661261664
1710802122.9728582,1.487334171930949
1710802122.9729712,1.5791160530514188
1710802122.9730842,1.6691464847988553
1710802122.9731972,1.7584760983784993
1710802122.97331,1.84535370932685
1710802122.973423,1.9332820839352078
1710802122.973536,2.0198093520270453
1710802122.973649,2.1052855915493436
1710802122.9737618,2.1907618310716415
1710802122.9738748,2.2744864887661405
1710802122.9739878,2.3561093542310925
1710802122.9741008,2.434579531351725
1710802122.9742136,2.511648337046305
1710802122.9743266,2.58591439988878
1710802122.9744396,2.6587796211242676
1710802122.9745526,2.730943891737196
1710802122.9746654,2.8013568454318576
1710802122.9747784,2.872119744618734
1710802122.9748914,2.9421824879116483
1710802122.9750044,3.011544280582004
1710802122.9751172,3.07775338490804
1710802122.9752302,3.1432618035210504
1710802122.9753432,3.2049168480767145
1710802122.9754562,3.2634189393785262
1710802122.975569,3.320169713762071
1710802122.975682,3.373767534891764
1710802122.975795,3.4249130884806314
1710802122.975908,3.4743073251512313
1710802122.9760208,3.523000611199273
1710802122.9761338,3.569241894616021
1710802122.9762468,3.615132967631022
1710802122.9763598,3.658571508195665
1710802122.9764726,3.700258731842041
1710802122.9765856,3.739143477545844
1710802122.9766986,3.7755759557088213
1710802122.9768116,3.8092059559292264
1710802122.9769244,3.839332792494032
1710802122.9770374,3.8680585225423174
1710802122.9771504,3.8939817746480303
1710802122.9772635,3.9192040761311846
1710802122.9773762,3.9430255360073514
1710802122.9774892,3.966146045260959
1710802122.9776022,3.9868145518832736
1710802122.9777153,4.0067823727925616
1710802122.977828,4.02499861187405
1710802122.977941,4.040062162611219
1710802122.978054,4.053373866611056
1710802122.978167,4.063182671864827
1710802122.9782798,4.071940581003825
1710802122.9783928,4.07754553688897
1710802122.9785058,4.083150492774116
1710802122.9786189,4.087354342142741
1710802122.9787316,4.090857240888807
1710802122.9788446,4.094010194142659
1710802122.9789577,4.095761775970459
1710802122.9790707,4.096462461683485
1710802122.9791834,4.094360404544406
1710802122.9792964,4.090857240888807
1710802122.9794095,4.083150492774116
1710802122.9795225,4.073341687520345
1710802122.9796352,4.060730404324001
1710802122.9797482,4.046718014611138
1710802122.9798613,4.030603567759196
1710802122.9799743,4.014489120907253
1710802122.980087,3.997323777940538
1710802122.9802,3.980508910285102
1710802122.980313,3.96264288160536
1710802122.980426,3.942675060696072
1710802122.9805388,3.920605447557237
1710802122.9806519,3.895382881164551
1710802122.9807649,3.8680585225423174
1710802122.9808779,3.837931685977512
1710802122.9809906,3.80710416369968
1710802122.9811037,3.7741748491923013
1710802122.9812167,3.7412452697753906
1710802122.9813297,3.7086664305792914
1710802122.9814425,3.67608732647366
1710802122.9815555,3.642807536655002
1710802122.9816685,3.608126640319824
1710802122.9817815,3.5709934764438205
1710802122.9818943,3.5303571489122176
1710802122.9820073,3.4876190291510687
1710802122.9821203,3.4420784314473467
1710802122.9822333,3.3944360415140786
1710802122.982346,3.3457424905565047
1710802122.982459,3.2963485187954373
1710802122.982572,3.2476549678378634
1710802122.982685,3.1989614168802896
1710802122.9827979,3.1478158632914224
1710802122.9829109,3.096670309702555
1710802122.983024,3.042371802859836
1710802122.983137,2.985621028476291
1710802122.9832497,2.926418251461453
1710802122.9833627,2.8644129965040417
1710802122.9834757,2.8013568454318576
1710802122.9835887,2.736899322933621
1710802122.9837015,2.6717411147223578
1710802122.9838145,2.6058822207980685
1710802122.9839275,2.539673116472032
1710802122.9840405,2.472763591342502
1710802122.9841533,2.403752009073893
1710802122.9842663,2.333339055379232
1710802122.9843793,2.260474099053277
1710802122.9844923,2.18445618947347
1710802122.984605,2.1059862772623696
1710802122.984718,2.0275162325965033
1710802122.984831,1.9462437099880643
1710802122.984944,1.8642705016665988
1710802122.9850569,1.7819470829433866
1710802122.98517,1.699623664220174
1710802122.985283,1.6165995597839355
1710802122.985396,1.5321742163764105
1710802122.9855087,1.4466979768541124
1710802122.9856217,1.3598203659057617
1710802122.9857347,1.2711913055843778
1710802122.9858477,1.1815113491482205
1710802122.9859605,1.091831260257297
1710802122.9860735,1.0000493791368272
1710802122.9861865,0.9079171551598443
1710802122.9862995,0.8150843116972182
1710802122.9864123,0.7208502292633057
1710802122.9865253,0.6269664896859063
1710802122.9866383,0.5323820975091722
1710802122.9867513,0.43604612350463867
1710802122.986864,0.3393598397572835
1710802122.986977,0.24197295308113098
1710802122.98709,0.14423574010531107
1710802122.987203,0.0461482091082467
1710802122.987316,-0.052979886531829834
1710802122.987429,-0.15174870689709982
1710802122.987542,-0.2519185178809696
1710802122.9876547,-0.3527887993388706
1710802122.9877677,-0.4533088538381788
1710802122.9878807,-0.5534786648220485
1710802122.9879937,-0.6546992063522339
1710802122.9881065,-0.7538182867897881
1710802122.9882195,-0.8532875776290894
1710802122.9883325,-0.9524066580666436
1710802122.9884455,-1.0515257385041978
1710802122.9885583,-1.148893568250868
1710802122.9886713,-1.2473120954301622
1710802122.9887843,-1.3450302018059623
1710802122.9888973,-1.4434488614400227
1710802122.98901,-1.541166967815823
1710802122.989123,-1.6388850741916232
1710802122.989236,-1.7348518636491563
1710802122.9893491,-1.8290676010979545
1710802122.989462,-1.9215320216284857
1710802122.989575,-2.0129456784990096
1710802122.989688,-2.101907730102539
1710802122.989801,-2.1901692284478083
1710802122.9899137,-2.278780937194824
1710802122.9900267,-2.365641329023573
1710802122.9901397,-2.452501985761854
1710802122.9902527,-2.5376113255818686
1710802122.9903655,-2.6234210862053766
1710802122.9904785,-2.7060786883036294
1710802122.9905915,-2.7866347630818686
1710802122.9907045,-2.8647393650478787
1710802122.9908173,-2.9403919643825955
1710802122.9909303,-3.0132426155938044
1710802122.9910433,-3.0853931109110513
1710802122.9911563,-3.155091603597005
1710802122.991269,-3.2251403066847057
1710802122.9913821,-3.292737536960178
1710802122.9914951,-3.3599842919243708
1710802122.9916081,-3.4258302052815752
1710802122.991721,-3.488874170515272
1710802122.991834,-3.550517029232449
1710802122.991947,-3.6086575190226235
1710802122.99206,-3.6646967464023166
1710802122.9921727,-3.7168831295437283
1710802122.9922857,-3.768018616570367
1710802122.9923987,-3.8163524203830295
1710802122.9925117,-3.863985538482666
1710802122.9926245,-3.9098676045735674
1710802122.9927375,-3.954698774549696
1710802122.9928505,-3.99777889251709
1710802122.9929636,-4.038757218254937
1710802122.9930763,-4.077984756893581
1710802122.9931893,-4.113709661695692
1710802122.9933023,-4.146982828776042
1710802122.9934154,-4.1774540477328825
1710802122.9935281,-4.204422897762722
1710802122.9936411,-4.228939745161268
1710802122.9937541,-4.252056015862359
1710802122.9938672,-4.273070759243435
1710802122.99398,-4.292684396107991
1710802122.994093,-4.310896926456027
1710802122.994206,-4.328409300910102
1710802122.994319,-4.343119462331136
1710802122.9944317,-4.356428782145183
1710802122.9945447,-4.36693615383572
1710802122.9946578,-4.374641312493218
1710802122.9947708,-4.37954478793674
1710802122.9948835,-4.381996525658502
1710802122.9949965,-4.382346736060248
1710802122.9951096,-4.381646315256755
1710802122.9952226,-4.379894998338488
1710802122.9953353,-4.377093050214979
1710802122.9954484,-4.373940891689724
1710802122.9955614,-4.3697381019592285
1710802122.9956744,-4.3634335199991865
1710802122.9957871,-4.354677465226915
1710802122.9959002,-4.342419041527642
1710802122.9960132,-4.328409300910102
1710802122.9961262,-4.31054671605428
1710802122.996239,-4.2902326583862305
1710802122.996352,-4.268867704603407
1710802122.996465,-4.245401223500569
1710802122.996578,-4.2229856385125055
1710802122.9966908,-4.199169211917453
1710802122.9968038,-4.175702730814616
1710802122.9969168,-4.149434566497803
1710802122.9970298,-4.122465716467963
1710802122.9971426,-4.0902431805928545
1710802122.9972556,-4.056619803110759
1710802122.9973686,-4.01949405670166
1710802122.9974816,-3.9809672037760415
1710802122.9975944,-3.940338823530409
1710802122.9977074,-3.8986598120795355
1710802122.9978204,-3.856630325317383
1710802122.9979334,-3.8149513138665094
1710802122.9980462,-3.771521250406901
1710802122.9981592,-3.7284411324395075
1710802122.9982722,-3.681508435143365
1710802122.9983852,-3.633524841732449
1710802122.998498,-3.5816889339023166
1710802122.998611,-3.5281014442443848
1710802122.998724,-3.471712271372477
1710802122.998837,-3.4139219919840493
1710802122.9989498,-3.3550808164808483
1710802122.9990628,-3.29623990588718
1710802122.9991758,-3.237749205695258
1710802122.9992888,-3.1778573989868164
1710802122.9994016,-3.1169149610731335
1710802122.9995146,-3.053170575035943
1710802122.9996276,-2.987324661678738
1710802122.9997406,-2.9186768001980252
1710802122.9998534,-2.847577200995551
1710802122.9999664,-2.772975232866075
1710802123.0000794,-2.6980230543348522
1710802123.0001924,-2.621319558885362
1710802123.0003052,-2.5442658530341253
1710802123.0004182,-2.4672121471828885
1710802123.0005312,-2.3880571789211698
1710802123.0006442,-2.3085517353481717
1710802123.000757,-2.227645185258653
1710802123.00087,-2.1446375052134194
1710802123.000983,-2.0591779549916587
1710802123.001096,-1.9716168774498832
1710802123.0012088,-1.8833553791046143
1710802123.0013218,-1.793692906697591
1710802123.0014348,-1.7029796706305609
1710802123.0015478,-1.6119162241617837
1710802123.0016606,-1.5198020140329995
1710802123.0017736,-1.4276878039042156
1710802123.0018866,-1.3338224093119304
1710802123.0019996,-1.2392565939161513
1710802123.0021124,-1.143289672003852
1710802123.0022254,-1.0466223292880588
1710802123.0023384,-0.9482037358813815
1710802123.0024514,-0.8504856295055813
1710802123.0025642,-0.751366549068027
1710802123.0026772,-0.6522474686304728
1710802123.0027902,-0.5517274472448561
1710802123.0029032,-0.45155763626098633
1710802123.003016,-0.34998685121536255
1710802123.003129,-0.24911656975746155
1710802123.003242,-0.14684529768096075
1710802123.003355,-0.045975007944636874
1710802123.0034678,0.05525633692741394
1710802123.0035808,0.15649668044514126
1710802123.0036938,0.25703638792037964
1710802123.0038068,0.3568754924668206
1710802123.0039196,0.4581158028708564
1710802123.0040326,0.5586555269029405
1710802123.0041456,0.6598958704206679
1710802123.0042586,0.7618368334240383
1710802123.0043714,0.8623765574561225
1710802123.0044844,0.9629162814882066
1710802123.0045974,1.0624050431781344
1710802123.0047104,1.1594416035546196
1710802123.0048232,1.2561278873019748
1710802123.0049362,1.3521134853363037
1710802123.0050492,1.445997291141086
1710802123.0051622,1.5398810969458685
1710802123.005275,1.6334145598941379
1710802123.005388,1.7279989189571805
1710802123.005501,1.8208318286471896
1710802123.005614,1.914715501997206
1710802123.0057268,2.0057968298594155
1710802123.0058398,2.0944258901807995
1710802123.0059528,2.180602815416124
1710802123.0060658,2.2657288445366754
1710802123.0061786,2.347001234690348
1710802123.0062916,2.426522307925754
1710802123.0064046,2.504291534423828
1710802123.0065176,2.5817108154296875
1710802123.0066304,2.6577284600999618
1710802123.0067434,2.733396159278022
1710802123.0068564,2.806961801317003
1710802123.0069695,2.8780751758151584
1710802123.0070822,2.9470867580837674
1710802123.0071952,3.0132958624098034
1710802123.0073082,3.0760018030802407
1710802123.0074213,3.1359052658081055
1710802123.007534,3.194757832421197
1710802123.007647,3.2511581314934626
1710802123.00776,3.3068577448527017
1710802123.007873,3.361506462097168
1710802123.0079858,3.4154547585381403
1710802123.0080988,3.4676512082417803
1710802123.0082119,3.51879702674018
1710802123.0083249,3.5660892062717013
1710802123.0084376,3.611629803975423
1710802123.0085506,3.6536672380235458
1710802123.0086637,3.693602879842122
1710802123.0087767,3.7289844618903265
1710802123.0088894,3.7647162543402777
1710802123.0090024,3.797295358445909
1710802123.0091155,3.8295242521497936
1710802123.0092285,3.858950403001573
1710802123.0093412,3.889077239566379
1710802123.0094543,3.9153507020738387
1710802123.0095673,3.941624164581299
1710802123.0096803,3.96439446343316
1710802123.009793,3.9850629700554743
1710802123.009906,4.003279209136963
1710802123.010019,4.019393655988905
1710802123.010132,4.032004939185248
1710802123.0102448,4.042514165242513
1710802123.0103579,4.053724341922336
1710802123.0104709,4.06283246146308
1710802123.0105839,4.071940581003825
1710802123.0106966,4.078596433003743
1710802123.0108097,4.085602760314941
1710802123.0109227,4.089456134372287
1710802123.0110357,4.091557926601833
1710802123.0111485,4.091207716200087
1710802123.0112615,4.087704552544488
1710802123.0113745,4.081398910946316
1710802123.0114875,4.073692162831624
1710802123.0116003,4.064233567979601
1710802123.0117133,4.053724341922336
1710802123.0118263,4.042514165242513
1710802123.0119393,4.030253357357449
1710802123.012052,4.018342759874132
1710802123.012165,4.005030790964763
1710802123.012278,3.989617029825846
1710802123.012391,3.9721014764573837
1710802123.0125039,3.9521336555480957
1710802123.0126169,3.9290128813849554
1710802123.01273,3.904140790303548
1710802123.012843,3.8785680135091143
1710802123.0129557,3.8519440756903753
1710802123.0130687,3.8249701923794217
1710802123.0131817,3.7986967298719616
1710802123.0132947,3.770671685536702
1710802123.0134075,3.742646641201443
1710802123.0135205,3.712519804636637
1710802123.0136335,3.6795904901292587
1710802123.0137465,3.643508222368028
1710802123.0138593,3.604623476664225
1710802123.0139723,3.5632867283291287
1710802123.0140853,3.5205483436584473
1710802123.0141983,3.476759327782525
1710802123.014311,3.4329703119066024
1710802123.014424,3.388480610317654
1710802123.014537,3.344341119130452
1710802123.01465,3.2984503110249834
1710802123.0147629,3.2511581314934626
1710802123.014876,3.2021143701341415
1710802123.014989,3.1495674451192217
1710802123.015102,3.0945682525634766
1710802123.0152147,3.0371170573764377
1710802123.0153277,2.9779142803615994
1710802123.0154407,2.9180108176337347
1710802123.0155537,2.857757144504123
1710802123.0156665,2.797503206464979
1710802123.0157795,2.7365488476223416
1710802123.0158925,2.6748938030666776
1710802123.0160055,2.611837651994493
1710802123.0161183,2.5473801294962564
1710802123.0162313,2.4794194433424206
1710802123.0163443,2.4093569649590387
1710802123.0164573,2.337893115149604
1710802123.01657,2.264327473110623
1710802123.016683,2.191112173928155
1710802123.016796,2.1164956357744003
1710802123.0169091,2.041528754764133
1710802123.017022,1.9658611880408392
1710802123.017135,1.8898434109157987
1710802123.017248,1.811373366249932
1710802123.017361,1.7311517397562661
1710802123.0174737,1.649528874291314
1710802123.0175867,1.565453873740302
1710802123.0176997,1.479627291361491
1710802123.0178127,1.3927498128679063
1710802123.0179255,1.3041207525465224
1710802123.0180385,1.2154916922251384
1710802123.0181515,1.125461260477702
1710802123.0182645,1.0361315806706746
1710802123.0183773,0.9446999761793349
1710802123.0184903,0.852918095058865
1710802123.0186033,0.7600852515962389
1710802123.0187163,0.6669021315044826
1710802123.018829,0.5716170867284139
1710802123.018942,0.4780836237801446
1710802123.0190551,0.38244830237494576
1710802123.0191681,0.28716325759887695
1710802123.019281,0.1911776264508565
1710802123.019394,0.09449135098192427
1710802123.019507,-0.002894986213909255
1710802123.01962,-0.09956234859095679
1710802123.0197327,-0.19657995965745714
1710802123.0198457,-0.29464827643500435
1710802123.0199587,-0.39236638281080455
1710802123.0200717,-0.4900844891866048
1710802123.0201845,-0.587102108531528
1710802123.0202975,-0.6841196616490682
1710802123.0204105,-0.7814875576231215
1710802123.0205235,-0.8788553873697916
1710802123.0206363,-0.9772739807764689
1710802123.0207493,-1.074641810523139
1710802123.0208623,-1.1727101273006864
1710802123.0209754,-1.2700780232747395
1710802123.0210881,-1.3667453659905326
1710802123.0212011,-1.461311313841078
1710802123.0213141,-1.555877129236857
1710802123.0214272,-1.6483415497673881
1710802123.02154,-1.7401055494944253
1710802123.021653,-1.8315192063649495
1710802123.021766,-1.9222324424319797
1710802123.021879,-2.013295888900757
1710802123.0219917,-2.104009124967787
1710802123.0221047,-2.194021807776557
1710802123.0222178,-2.28298372692532
1710802123.0223308,-2.3698443836636014
1710802123.0224435,-2.4546035130818686
1710802123.0225565,-2.538311746385362
1710802123.0226696,-2.6188678211636014
1710802123.0227826,-2.6976728439331055
1710802123.0228953,-2.7747265497843423
1710802123.0230083,-2.8521304660373263
1710802123.0231214,-2.9267324341668024
1710802123.0232344,-3.001334402296278
1710802123.0233471,-3.074535528818766
1710802123.0234601,-3.145284652709961
1710802123.0235732,-3.214632934994168
1710802123.0236862,-3.2811795340643988
1710802123.023799,-3.3442234992980957
1710802123.023912,-3.4055161476135254
1710802123.024025,-3.4636566374037
1710802123.024138,-3.5203960206773544
1710802123.0242507,-3.5760850376553006
1710802123.0243638,-3.630022472805447
1710802123.0244768,-3.6829092767503524
1710802123.0245898,-3.73439523908827
1710802123.0247025,-3.7841298845079208
1710802123.0248156,-3.833164109124078
1710802123.0249286,-3.878345489501953
1710802123.0250416,-3.9217758178710938
1710802123.0251544,-3.9624041981167264
1710802123.0252674,-3.999179734124078
1710802123.0253804,-4.035605059729682
1710802123.0254934,-4.068528016408284
1710802123.0256062,-4.100750552283393
1710802123.0257192,-4.131571981641981
1710802123.0258322,-4.160992569393581
1710802123.0259452,-4.188661840226915
1710802123.026058,-4.214930004543728
1710802123.026171,-4.238746696048312
1710802123.026284,-4.2604618602328825
1710802123.026397,-4.279375076293945
1710802123.0265098,-4.294785658518474
1710802123.0266228,-4.308445188734266
1710802123.0267358,-4.318952560424805
1710802123.0268488,-4.328058825598823
1710802123.0269616,-4.335764249165853
1710802123.0270746,-4.342419041527642
1710802123.0271876,-4.348022937774658
1710802123.0273006,-4.352575937906901
1710802123.0274134,-4.355377886030409
1710802123.0275264,-4.356428782145183
1710802123.0276394,-4.354677465226915
1710802123.0277524,-4.349423779381646
1710802123.0278652,-4.341718355814616
1710802123.0279782,-4.331911669837104
1710802123.0280912,-4.3200034565395775
1710802123.0282042,-4.307044347127278
1710802123.028317,-4.293384816911486
1710802123.02843,-4.279375076293945
1710802123.028543,-4.264664649963379
1710802123.0286558,-4.248553646935357
1710802123.0287688,-4.231041272481282
1710802123.0288818,-4.210026794009738
1710802123.0289948,-4.187260733710395
1710802123.0291076,-4.162043200598823
1710802123.0292206,-4.132973088158502
1710802123.0293336,-4.102151393890381
1710802123.0294466,-4.070629543728298
1710802123.0295594,-4.03840700785319
1710802123.0296724,-4.005484051174587
1710802123.0297854,-3.9732617802090116
1710802123.0298984,-3.939638402726915
1710802123.0300112,-3.903212812211778
1710802123.0301242,-3.864335748884413
1710802123.0302372,-3.8226567374335394
1710802123.0303502,-3.777125146653917
1710802123.030463,-3.729841974046495
1710802123.030576,-3.680808014339871
1710802123.030689,-3.629322052001953
1710802123.030802,-3.577485879262288
1710802123.0309148,-3.5249492857191296
1710802123.0310278,-3.473113112979465
1710802123.0311408,-3.4195258882310653
1710802123.0312538,-3.3641873465643988
1710802123.0313666,-3.307097487979465
1710802123.0314796,-3.2465052604675293
1710802123.0315926,-3.183811505635579
1710802123.0317056,-3.1179655922783747
1710802123.0318184,-3.051419258117676
1710802123.0319314,-2.9824211862352157
1710802123.0320444,-2.91412353515625
1710802123.0321574,-2.844074832068549
1710802123.0322702,-2.7740261289808483
1710802123.0323832,-2.7032767401801214
1710802123.0324962,-2.63077629937066
1710802123.0326092,-2.5561743312411838
1710802123.032722,-2.4794708357916937
1710802123.032835,-2.400315602620443
1710802123.032948,-2.3190591070387097
1710802123.033061,-2.2367517153422036
1710802123.0331738,-2.153043349583944
1710802123.0332868,-2.0686344305674234
1710802123.0333998,-1.9828246699439154
1710802123.0335128,-1.8973651197221544
1710802123.0336256,-1.8101543850368924
1710802123.0337386,-1.7225933074951172
1710802123.0338516,-1.633631388346354
1710802123.0339646,-1.5432683626810708
1710802123.0340774,-1.4511541525522869
1710802123.0341904,-1.3572887579600017
1710802123.0343034,-1.2627229425642226
1710802123.0344164,-1.1667560206519232
1710802123.0345292,-1.0711393753687541
1710802123.0346422,-0.9730710585912068
1710802123.0347552,-0.8750026755862765
1710802123.0348682,-0.7762338717778523
1710802123.034981,-0.6760640939076742
1710802123.035094,-0.5755440394083658
1710802123.035207,-0.4750239849090576
1710802123.03532,-0.37310295634799534
1710802123.0354328,-0.27153218785921734
1710802123.0355458,-0.16891067226727804
1710802123.0356588,-0.06628916081455019
1710802123.0357718,0.036339457664224833
1710802123.0358846,0.13933135403527153
1710802123.0359976,0.2437245017952389
1710802123.0361106,0.3474170300695631
1710802123.0362236,0.4511095749007331
1710802123.0363364,0.5537511573897468
1710802123.0364494,0.6563927067650689
1710802123.0365624,0.756582154168023
1710802123.0366755,0.8578224976857503
1710802123.0367882,0.9555596775478786
1710802123.0369012,1.0553987820943196
1710802123.0370142,1.1527856190999348
1710802123.0371273,1.2515738275316026
1710802123.03724,1.3503620359632704
1710802123.037353,1.4480992158253987
1710802123.037466,1.5458363956875272
1710802123.037579,1.6418219937218559
1710802123.0376918,1.7353554566701253
1710802123.0378048,1.8271374702453613
1710802123.0379179,1.9175181123945448
1710802123.0380309,2.0061471727159286
1710802123.0381436,2.0937253369225397
1710802123.0382566,2.179551919301351
1710802123.0383697,2.266079054938422
1710802123.0384827,2.351905769772
1710802123.0385954,2.4359806378682456
1710802123.0387084,2.519355085160997
1710802123.0388215,2.6009779506259494
1710802123.0389345,2.6787474420335555
1710802123.0390472,2.754064400990804
1710802123.0391603,2.8255282508002386
1710802123.0392733,2.896291414896647
1710802123.0393863,2.96460231145223
1710802123.039499,3.031512101491292
1710802123.039612,3.097370730506049
1710802123.039725,3.1632296244303384
1710802123.039838,3.226636250813802
1710802123.0399508,3.289342191484239
1710802123.0400639,3.349245654212104
1710802123.0401769,3.4070470598008895
1710802123.0402899,3.460995356241862
1710802123.0404027,3.5110900137159557
1710802123.0405157,3.5594330893622503
1710802123.0406287,3.6049736870659723
1710802123.0407417,3.6480622821384006
1710802123.0408545,3.6904501914978027
1710802123.0409675,3.730736043718126
1710802123.0410805,3.7696207894219294
1710802123.0411935,3.80710416369968
1710802123.0413063,3.842485745747884
1710802123.0414193,3.8757655355665417
1710802123.0415323,3.9058923721313477
1710802123.0416453,3.9332167307535806
1710802123.041758,3.958088821834988
1710802123.041871,3.980508910285102
1710802123.041984,4.000826941596137
1710802123.042097,4.020094341701931
1710802123.0422099,4.03831058078342
1710802123.0423229,4.055826134151882
1710802123.042436,4.071239895290798
1710802123.042549,4.085952970716688
1710802123.0426617,4.099615150027804
1710802123.0427747,4.110124640994601
1710802123.0428877,4.119232760535346
1710802123.0430007,4.124487241109212
1710802123.0431135,4.127289983961317
1710802123.0432265,4.128340880076091
1710802123.0433395,4.126939508650038
1710802123.0434525,4.124837716420491
1710802123.0435653,4.121684763166639
1710802123.0436783,4.118181864420573
1710802123.0437913,4.1132773293389215
1710802123.0439043,4.108022583855523
1710802123.044017,4.101016521453857
1710802123.04413,4.0905070304870605
1710802123.044243,4.077895747290717
1710802123.044356,4.062131775750054
1710802123.0444689,4.043915536668566
1710802123.044582,4.023247030046251
1710802123.044695,4.001527627309163
1710802123.044808,3.9791075388590493
1710802123.0449207,3.957037925720215
1710802123.0450337,3.9346178372701006
1710802123.0451467,3.9104464319017196
1710802123.0452597,3.8862747616238065
1710802123.0453725,3.858950403001573
1710802123.0454855,3.8295242521497936
1710802123.0455985,3.796594672732883
1710802123.0457115,3.761563565995958
1710802123.0458243,3.724430402119954
1710802123.0459373,3.6858961317274304
1710802123.0460503,3.647361596425374
1710802123.0461633,3.608126640319824
1710802123.046276,3.568891684214274
1710802123.046389,3.5296564631991916
1710802123.046502,3.489370610978868
1710802123.0466151,3.446632491217719
1710802123.046728,3.401091893513997
1710802123.046841,3.3530990282694497
1710802123.046954,3.30055210325453
1710802123.047067,3.24800517823961
1710802123.0471797,3.1937069363064237
1710802123.0472927,3.138707743750678
1710802123.0474057,3.0837085511949325
1710802123.0475187,3.027658727433946
1710802123.0476315,2.972309324476454
1710802123.0477445,2.914157443576389
1710802123.0478575,2.8556550873650446
1710802123.0479705,2.79435051812066
1710802123.0480833,2.73024320602417
1710802123.0481963,2.66298320558336
1710802123.0483093,2.5946723090277777
1710802123.0484223,2.524259355333116
1710802123.048535,2.453145980834961
1710802123.048648,2.3820326063368054
1710802123.0487611,2.3098680708143444
1710802123.0488741,2.237703800201416
1710802123.048987,2.1630871295928955
1710802123.0491,2.0888209342956543
1710802123.049213,2.010701232486301
1710802123.049326,1.9311802917056613
1710802123.0494387,1.8488567405276828
1710802123.0495517,1.7668836646609836
1710802123.0496647,1.6824583212534585
1710802123.0497777,1.5973322921329074
1710802123.0498905,1.5118560526106093
1710802123.0500035,1.426379813088311
1710802123.0501165,1.3395023345947266
1710802123.0502295,1.252274513244629
1710802123.0503423,1.164696349038018
1710802123.0504553,1.0739653640323215
1710802123.0505683,0.9842853413687812
1710802123.0506814,0.8925033940209283
1710802123.0507941,0.7986196544435289
1710802123.0509071,0.7043855720096164
1710802123.0510201,0.610501766204834
1710802123.0511332,0.5159174071417915
1710802123.051246,0.4195814331372579
1710802123.051359,0.3235957688755459
1710802123.051472,0.2258585724565718
1710802123.051585,0.12847166922357348
1710802123.0516977,0.030033830553293228
1710802123.0518107,-0.06909111307726966
1710802123.0519238,-0.1671594546900855
1710802123.0520368,-0.266979005601671
1710802123.0521495,-0.3657478425237867
1710802123.0522625,-0.465567409992218
1710802123.0523756,-0.5646864573160807
1710802123.0524886,-0.6645060247845119
1710802123.0526013,-0.7646758026546902
1710802123.0527143,-0.8641451597213745
1710802123.0528274,-0.9639647271898057
1710802123.0529404,-1.06273353099823
1710802123.0530531,-1.1594009399414062
1710802123.0531662,-1.2553677293989394
1710802123.0532792,-1.3513346513112385
1710802123.0533922,-1.445900599161784
1710802123.053505,-1.5397659937540689
1710802123.053618,-1.633981598748101
1710802123.053731,-1.7274967829386392
1710802123.053844,-1.8213621775309243
1710802123.0539567,-1.9134763876597085
1710802123.0540698,-2.0045398341284857
1710802123.0541828,-2.094552516937256
1710802123.0542958,-2.182814015282525
1710802123.0544086,-2.268623775906033
1710802123.0545216,-2.3533829053243003
1710802123.0546346,-2.4356902970208063
1710802123.0547476,-2.516946792602539
1710802123.0548604,-2.598553763495551
1710802123.0549734,-2.678759627872043
1710802123.0550864,-2.7579148610432944
1710802123.0551994,-2.836369408501519
1710802123.0553122,-2.9130729039510093
1710802123.0554252,-2.988025082482232
1710802123.0555382,-3.0591246816847057
1710802123.0556512,-3.1284729639689126
1710802123.055764,-3.1957199838426376
1710802123.055877,-3.2598145802815752
1710802123.05599,-3.3232087559170194
1710802123.056103,-3.38555203543769
1710802123.0562158,-3.4457940525478787
1710802123.0563288,-3.5060360696580672
1710802123.0564418,-3.563125928243001
1710802123.0565548,-3.6195151011149087
1710802123.0566676,-3.6731025907728405
1710802123.0567806,-3.7245885531107583
1710802123.0568936,-3.7732723024156356
1710802123.0570066,-3.8184539477030435
1710802123.0571194,-3.861183590359158
1710802123.0572324,-3.9014617602030435
1710802123.0573454,-3.941039244333903
1710802123.0574584,-3.9785154660542803
1710802123.0575712,-4.013889895545112
1710802123.0576842,-4.048914379543728
1710802123.0577972,-4.0825377570258246
1710802123.0579102,-4.113709661695692
1710802123.058023,-4.142779774136013
1710802123.058136,-4.169398413764106
1710802123.058249,-4.192514419555664
1710802123.058362,-4.213879373338488
1710802123.0584748,-4.2327925893995495
1710802123.0585878,-4.249254067738851
1710802123.0587008,-4.2639642291598845
1710802123.0588138,-4.278324180179172
1710802123.0589266,-4.291283289591472
1710802123.0590396,-4.303191502888997
1710802123.0591526,-4.3136988745795355
1710802123.0592656,-4.323155615064833
1710802123.0593784,-4.329109721713595
1710802123.0594914,-4.332962301042345
1710802123.0596044,-4.333312511444092
1710802123.0597174,-4.331561459435357
1710802123.0598302,-4.327708615197076
1710802123.0599432,-4.322454929351807
1710802123.0600562,-4.3158004018995495
1710802123.0601692,-4.3080949783325195
1710802123.060282,-4.300740030076769
1710802123.060395,-4.291283289591472
1710802123.060508,-4.281476603613959
1710802123.060621,-4.26851749420166
1710802123.0607338,-4.252756436665853
1710802123.0608468,-4.2341934310065374
1710802123.0609598,-4.212828742133246
1710802123.0610728,-4.188661840226915
1710802123.0611856,-4.162743621402316
1710802123.0612986,-4.136475457085504
1710802123.0614116,-4.109156396653917
1710802123.0615246,-4.081837336222331
1710802123.0616374,-4.05381785498725
1710802123.0617504,-4.02439726723565
1710802123.0618634,-3.9932256274753146
1710802123.0619764,-3.958551353878445
1710802123.0620892,-3.9224762386745877
1710802123.0622022,-3.8821983337402344
1710802123.0623152,-3.8398186365763345
1710802123.0624282,-3.7956878874037
1710802123.062541,-3.7508567174275713
1710802123.062654,-3.706025547451443
1710802123.062767,-3.6608439021640353
1710802123.06288,-3.6160127321879068
1710802123.0629928,-3.5687298244900174
1710802123.0631058,-3.5207464959886337
1710802123.0632188,-3.469610744052463
1710802123.0633318,-3.4153228335910373
1710802123.0634446,-3.3603345023261175
1710802123.0635576,-3.301143381330702
1710802123.0636706,-3.2409013642205133
1710802123.0637836,-3.180309136708577
1710802123.0638964,-3.1179655922783747
1710802123.0640094,-3.0570231543646917
1710802123.0641224,-2.993278768327501
1710802123.0642354,-2.9295343822903104
1710802123.0643482,-2.8633382585313583
1710802123.0644612,-2.7957412931654186
1710802123.0645742,-2.724641693962945
1710802123.0646873,-2.650740146636963
1710802123.0648,-2.5750872823927136
1710802123.064913,-2.49768336613973
1710802123.065026,-2.419579029083252
1710802123.065139,-2.341124481625027
1710802123.0652518,-2.261268827650282
1710802123.0653648,-2.181062830819024
1710802123.0654778,-2.100156413184272
1710802123.0655909,-2.017498811086019
1710802123.0657036,-1.9341407881842718
1710802123.0658166,-1.8479806847042508
1710802123.0659297,-1.7607699500189886
1710802123.0660427,-1.6725084516737196
1710802123.0661554,-1.5828459792666965
1710802123.0662684,-1.4921327431996663
1710802123.0663815,-1.401069296730889
1710802123.0664945,-1.309305297003852
1710802123.0666072,-1.2154399024115667
1710802123.0667202,-1.1222750610775418
1710802123.0668333,-1.0270086261961195
1710802123.0669463,-0.9310417705112033
1710802123.067059,-0.8336739407645332
1710802123.067172,-0.7363060447904799
1710802123.067285,-0.6382377280129327
1710802123.067398,-0.5391186475753784
1710802123.0675108,-0.4396493236223856
1710802123.0676239,-0.34088051981396145
1710802123.0677369,-0.24071070883009169
1710802123.0678499,-0.14054089784622192
1710802123.0679626,-0.040721346934636436
1710802123.0680757,0.06016071471903059
1710802123.0681887,0.15964948468738133
1710802123.0683017,0.25913826293415493
1710802123.0684144,0.3575761119524638
1710802123.0685275,0.4570648736423916
1710802123.0686405,0.5548020866182115
1710802123.0687535,0.6539405716790093
1710802123.0688663,0.753078990512424
1710802123.0689793,0.8536187145445082
1710802123.0690923,0.9524068567487929
1710802123.0692053,1.0536472002665203
1710802123.069318,1.153486304812961
1710802123.069431,1.252274513244629
1710802123.069544,1.3493110073937309
1710802123.069657,1.445296737882826
1710802123.0697699,1.5388302008310952
1710802123.0698829,1.6323636637793646
1710802123.0699959,1.7244958877563477
1710802123.0701087,1.8155770831637912
1710802123.0702217,1.9063080681694877
1710802123.0703347,1.995988024605645
1710802123.0704477,2.085317770640055
1710802123.0705605,2.171845038731893
1710802123.0706735,2.2573211457994247
1710802123.0707865,2.3392944865756564
1710802123.0708995,2.4195159806145563
1710802123.0710123,2.495533890194363
1710802123.0711253,2.5712013244628906
1710802123.0712383,2.644416756100125
1710802123.0713513,2.7176319228278265
1710802123.071464,2.790497144063314
1710802123.071577,2.861610518561469
1710802123.07169,2.930622100830078
1710802123.071803,3.0003343688117132
1710802123.0719159,3.0668936835394964
1710802123.0720289,3.130650520324707
1710802123.072142,3.1916048791673446
1710802123.072255,3.24975676006741
1710802123.0723677,3.3061570591396756
1710802123.0724807,3.360806041293674
1710802123.0725937,3.4140533871120877
1710802123.0727067,3.465549416012234
1710802123.0728195,3.5166949696011014
1710802123.0729325,3.5667896270751953
1710802123.0730455,3.6147824923197427
1710802123.0731585,3.6603230900234647
1710802123.0732713,3.7030612097846136
1710802123.0733843,3.7440480126274958
1710802123.0734973,3.781180911593967
1710802123.0736103,3.8148109118143716
1710802123.073723,3.847039805518256
1710802123.073836,3.877166642083062
1710802123.073949,3.905191686418321
1710802123.074062,3.9328662554423013
1710802123.074175,3.9584392971462674
1710802123.074288,3.9822604921129012
1710802123.074401,4.005030790964763
1710802123.074514,4.025699297587077
1710802123.0746267,4.043915536668566
1710802123.0747397,4.058628612094455
1710802123.0748527,4.071940581003825
1710802123.0749657,4.0824498070610895
1710802123.0750785,4.0905070304870605
1710802123.0751915,4.0978635682000055
1710802123.0753045,4.104169209798177
1710802123.0754175,4.109774165683322
1710802123.0755303,4.114678700764974
1710802123.0756433,4.118181864420573
1710802123.0757563,4.119582970937093
1710802123.0758693,4.119582970937093
1710802123.075982,4.11678049299452
1710802123.076095,4.111175537109375
1710802123.076208,4.102768103281657
1710802123.0763211,4.092959298027886
1710802123.076434,4.079647329118517
1710802123.076547,4.066685835520427
1710802123.07666,4.0523229704962835
1710802123.076773,4.03831058078342
1710802123.0768857,4.022896819644504
1710802123.0769987,4.007132583194308
1710802123.0771117,3.9892668194240994
1710802123.0772247,3.968598312801785
1710802123.0773375,3.9454775386386447
1710802123.0774505,3.919554551442464
1710802123.0775635,3.8911792967054577
1710802123.0776765,3.8610521952311196
1710802123.0777893,3.8302246729532876
1710802123.0779023,3.7986967298719616
1710802123.0780153,3.7668183114793563
1710802123.0781283,3.734939893086751
1710802123.078241,3.7023607889811196
1710802123.0783541,3.6680301030476885
1710802123.0784671,3.630896939171685
1710802123.0785801,3.5906110869513617
1710802123.078693,3.5475224918789334
1710802123.078806,3.502682579888238
1710802123.078919,3.45468971464369
1710802123.079032,3.4063466389973955
1710802123.0791447,3.356602191925049
1710802123.0792577,3.307558430565728
1710802123.0793707,3.257813983493381
1710802123.0794837,3.2087702221340604
1710802123.0795965,3.157274193233914
1710802123.0797095,3.1040268474155
1710802123.0798225,3.0490276548597546
1710802123.0799356,2.990525563557943
1710802123.0800483,2.929571204715305
1710802123.0801613,2.8672154744466147
1710802123.0802743,2.8045095337761774
1710802123.0803874,2.7411029073927136
1710802123.0805001,2.6773460706075034
1710802123.0806131,2.6125383377075195
1710802123.0807261,2.548080815209283
1710802123.0808392,2.481521235571967
1710802123.080952,2.412509653303358
1710802123.081065,2.341396278805203
1710802123.081178,2.2674804263644748
1710802123.081291,2.191462516784668
1710802123.0814037,2.1129924721188016
1710802123.0815167,2.034522427452935
1710802123.0816298,1.9546511438157823
1710802123.0817428,1.873378621207343
1710802123.0818555,1.7928067843119302
1710802123.0819685,1.711183918846978
1710802123.0820816,1.6278096040089924
1710802123.0821946,1.5430339177449544
1710802123.0823073,1.45685699250963
1710802123.0824203,1.3678775893317328
1710802123.0825334,1.2785478432973225
1710802123.0826464,1.1864157517751057
1710802123.0827591,1.0939331849416096
1710802123.0828722,1.0011003414789836
1710802123.0829852,0.9075668785307143
1710802123.0830982,0.8136830727259318
1710802123.083211,0.7187483708063761
1710802123.083324,0.6224124299155341
1710802123.083437,0.5267770753966438
1710802123.08355,0.42868955267800224
1710802123.0836627,0.3316529591878255
1710802123.0837758,0.23321512672636244
1710802123.0838888,0.13477729426489934
1710802123.0840018,0.03563883403937022
1710802123.0841146,-0.06383745206726922
1710802123.0842276,-0.16365701953570047
1710802123.0843406,-0.2645273009936015
1710802123.0844536,-0.36539759900834823
1710802123.0845664,-0.466267897023095
1710802123.0846794,-0.5664377080069648
1710802123.0847924,-0.66765824953715
1710802123.0849054,-0.7671275403764513
1710802123.0850182,-0.8665968312157525
1710802123.0851312,-0.9660661882824367
1710802123.0852442,-1.065185268719991
1710802123.0853572,-1.1646544933319092
1710802123.08547,-1.2637735737694633
1710802123.085583,-1.3635932074652777
1710802123.085696,-1.462011734644572
1710802123.085809,-1.5604303942786322
1710802123.0859218,-1.6570977369944253
1710802123.0860348,-1.7534148693084717
1710802123.0861478,-1.8465797106424966
1710802123.0862608,-1.939744684431288
1710802123.0863736,-2.029757367240058
1710802123.0864866,-2.119419839647081
1710802123.0865996,-2.2090823120541043
1710802123.0867126,-2.2973439428541393
1710802123.0868254,-2.3849047554863825
1710802123.0869384,-2.4721156226264105
1710802123.0870514,-2.5582755936516657
1710802123.0871644,-2.641633881462945
1710802123.0872772,-2.7232405874464245
1710802123.0873902,-2.8027460310194225
1710802123.0875032,-2.879099316067166
1710802123.0876162,-2.9533510737948947
1710802123.087729,-3.0258515146043563
1710802123.087842,-3.0969511138068304
1710802123.087955,-3.1677002376980252
1710802123.088068,-3.236348099178738
1710802123.0881808,-3.30394532945421
1710802123.0882938,-3.3711920844184027
1710802123.0884068,-3.4349364704555936
1710802123.0885198,-3.4976302252875433
1710802123.0886326,-3.555770715077718
1710802123.0887456,-3.611809942457411
1710802123.0888586,-3.6660975880093045
1710802123.0889716,-3.7168831295437283
1710802123.0890844,-3.766617774963379
1710802123.0891974,-3.815301524268256
1710802123.0893104,-3.862584696875678
1710802123.0894234,-3.9077660772535534
1710802123.0895362,-3.952597247229682
1710802123.0896492,-3.9942762586805554
1710802123.0897622,-4.0349046389261884
1710802123.0898752,-4.072030650244819
1710802123.089988,-4.107054869333903
1710802123.090101,-4.138927194807264
1710802123.090214,-4.167296886444092
1710802123.090327,-4.194615946875678
1710802123.0904398,-4.219483269585504
1710802123.0905528,-4.243299961090088
1710802123.0906658,-4.265365335676405
1710802123.0907788,-4.286379814147949
1710802123.0908916,-4.305293030209011
1710802123.0910046,-4.323155615064833
1710802123.0911176,-4.338566197289361
1710802123.0912306,-4.35012420018514
1710802123.0913434,-4.35923073026869
1710802123.0914564,-4.3655350473192005
1710802123.0915694,-4.370088312360975
1710802123.0916824,-4.37078873316447
1710802123.0917952,-4.370438522762722
1710802123.0919082,-4.3697381019592285
1710802123.0920212,-4.368336995442708
1710802123.0921342,-4.366585678524441
1710802123.092247,-4.362382888793945
1710802123.09236,-4.356428782145183
1710802123.092473,-4.349073568979899
1710802123.092586,-4.33751556608412
1710802123.0926988,-4.324206246270074
1710802123.0928118,-4.307394557529025
1710802123.0929248,-4.289882447984484
1710802123.0930378,-4.270268546210395
1710802123.0931506,-4.249604278140597
1710802123.0932636,-4.2285895347595215
1710802123.0933766,-4.2072248458862305
1710802123.0934896,-4.18550968170166
1710802123.0936024,-4.161342779795329
1710802123.0937154,-4.135424825880262
1710802123.0938284,-4.106354448530409
1710802123.0939415,-4.073781702253553
1710802123.0940542,-4.038757218254937
1710802123.0941672,-4.001281261444092
1710802123.0942802,-3.962053987714979
1710802123.0943933,-3.9228264490763345
1710802123.094506,-3.8821983337402344
1710802123.094619,-3.8415699534946017
1710802123.094732,-3.8005913628472223
1710802123.094845,-3.7582119305928545
1710802123.0949578,-3.7140811814202204
1710802123.0950708,-3.6664477984110513
1710802123.0951838,-3.616362942589654
1710802123.0952969,-3.5627757178412542
1710802123.0954096,-3.5077873865763345
1710802123.0955226,-3.4499971071879068
1710802123.0956357,-3.3925570382012262
1710802123.0957487,-3.3337161276075573
1710802123.0958614,-3.2759258482191296
1710802123.0959744,-3.216734462314182
1710802123.0960875,-3.156142234802246
1710802123.0962005,-3.0937989552815752
1710802123.0963132,-3.0290036731296115
1710802123.0964262,-2.9617569181654186
1710802123.0965393,-2.8924086358812118
1710802123.0966523,-2.820958826276991
1710802123.096765,-2.747757699754503
1710802123.096878,-2.674556838141547
1710802123.096991,-2.600655290815565
1710802123.097104,-2.5257031122843423
1710802123.0972168,-2.4514513545566134
1710802123.0973299,-2.3750980695088706
1710802123.0974429,-2.2976941532558866
1710802123.0975559,-2.2174881564246283
1710802123.0976686,-2.1358813179863825
1710802123.0977817,-2.0514725314246283
1710802123.0978947,-1.9663631916046143
1710802123.0980077,-1.879502667321099
1710802123.0981205,-1.791591379377577
1710802123.0982335,-1.7033298810323079
1710802123.0983465,-1.614367961883545
1710802123.0984595,-1.5243551466200087
1710802123.0985723,-1.4332917001512315
1710802123.0986853,-1.3408272796207004
1710802123.0987983,-1.2473120954301622
1710802123.0989113,-1.152045726776123
1710802123.099024,-1.056779358122084
1710802123.099137,-0.9587110413445367
1710802123.09925,-0.8609929349687364
1710802123.099363,-0.7622241311603122
1710802123.0994759,-0.6627547740936279
1710802123.0995889,-0.5622347858217027
1710802123.099702,-0.4617146982087029
1710802123.099815,-0.3601439462767707
1710802123.0999277,-0.2592736482620239
1710802123.1000407,-0.15700237618552312
1710802123.1001537,-0.055431595279110804
1710802123.1002667,0.0461482091082467
1710802123.1003795,0.14703823460472953
1710802123.1004925,0.24722763233714634
1710802123.1006055,0.3474170300695631
1710802123.1007185,0.44830706384446883
1710802123.1008313,0.5491970976193746
1710802123.1009443,0.6500871313942803
1710802123.1010573,0.7502765125698513
1710802123.1011703,0.849064654774136
1710802123.101283,0.9471521774927775
1710802123.101396,1.0441888040966458
1710802123.101509,1.1394737826453314
1710802123.101622,1.233707931306627
1710802123.1017349,1.3272413942548964
1710802123.101848,1.4211250676049125
1710802123.101961,1.5139579772949219
1710802123.102074,1.6078417830997043
1710802123.1021867,1.7017254564497206
1710802123.1022997,1.7935073375701904
1710802123.1024127,1.8849390082889133
1710802123.1025257,1.9739184114668105
1710802123.1026385,2.060445547103882
1710802123.1027515,2.14522123336792
1710802123.1028645,2.227894994947645
1710802123.1029775,2.3098680708143444
1710802123.1030903,2.388338247934977
1710802123.1032033,2.4682095315721297
1710802123.1033163,2.5466794437832303
1710802123.1034293,2.624098459879557
1710802123.103542,2.700116369459364
1710802123.103655,2.7736820114983454
1710802123.103768,2.84514586130778
1710802123.1038811,2.9131065474616156
1710802123.103994,2.9789651764763727
1710802123.104107,3.042021592458089
1710802123.10422,3.1026254759894476
1710802123.104333,3.161828253004286
1710802123.1044457,3.219629923502604
1710802123.1045587,3.277431594000922
1710802123.1046717,3.3327809969584146
1710802123.1047847,3.388130399915907
1710802123.1048975,3.4406773249308267
1710802123.1050105,3.4904215070936413
1710802123.1051235,3.5387648476494684
1710802123.1052365,3.5825538635253906
1710802123.1053493,3.6245912975735135
1710802123.1054623,3.6634760432773166
1710802123.1055753,3.7016601032680936
1710802123.1056883,3.7373918957180448
1710802123.105801,3.7720727920532227
1710802123.105914,3.8053525818718805
1710802123.1060271,3.8375814755757647
1710802123.1061401,3.8680585225423174
1710802123.106253,3.89713446299235
1710802123.106366,3.92340792549981
1710802123.106479,3.947229120466444
1710802123.106592,3.9682478374905057
1710802123.1067047,3.9864640765719943
1710802123.1068177,4.003279209136963
1710802123.1069307,4.018342759874132
1710802123.1070437,4.032355149586995
1710802123.1071565,4.044966432783339
1710802123.1072695,4.057227240668403
1710802123.1073825,4.068437417348226
1710802123.1074955,4.07754553688897
1710802123.1076083,4.085252285003662
1710802123.1077213,4.090156820085314
1710802123.1078343,4.091908401913113
1710802123.1079473,4.091557926601833
1710802123.1080601,4.088405238257514
1710802123.1081731,4.082800282372369
1710802123.1082861,4.076144165462917
1710802123.1083992,4.068086942036946
1710802123.108512,4.0596795082092285
1710802123.108625,4.050571388668484
1710802123.108738,4.04146326912774
1710802123.108851,4.029902882046169
1710802123.1089637,4.016240702735053
1710802123.1090767,4.001177416907416
1710802123.1091897,3.9826107025146484
1710802123.1093028,3.9615919854905868
1710802123.1094155,3.9381210009256997
1710802123.1095285,3.9139495955573187
1710802123.1096416,3.8894277148776584
1710802123.1097546,3.8635044627719455
1710802123.1098673,3.838632371690538
1710802123.1099803,3.812709119584825
1710802123.1100934,3.785734971364339
1710802123.1102064,3.7566590309143066
1710802123.1103191,3.726181983947754
1710802123.1104321,3.691501087612576
1710802123.1105452,3.6554188198513455
1710802123.1106582,3.616534074147542
1710802123.110771,3.576948907640245
1710802123.110884,3.535611894395616
1710802123.110997,3.4946253564622665
1710802123.11111,3.453989028930664
1710802123.1112227,3.4126522805955672
1710802123.1113358,3.370264371236165
1710802123.1114488,3.3261248800489636
1710802123.1115615,3.2795333862304688
1710802123.1116745,3.230489624871148
1710802123.1117876,3.177592489454481
1710802123.1119006,3.1215424007839627
1710802123.1120133,3.065842787424723
1710802123.1121264,3.008391327328152
1710802123.1122394,2.9502394464280868
1710802123.1123524,2.891387144724528
1710802123.1124651,2.8335854742262097
1710802123.1125782,2.7743826972113714
1710802123.1126912,2.7137785487704806
1710802123.1128042,2.65002171198527
1710802123.112917,2.584162818060981
1710802123.11303,2.5162023968166776
1710802123.113143,2.446139653523763
1710802123.113256,2.3750262790256076
1710802123.1133687,2.3025115331014
1710802123.1134818,2.2292963663736978
1710802123.1135948,2.15678162044949
1710802123.1137078,2.0828656355539956
1710802123.1138206,2.0089496506585016
1710802123.1139336,1.9318808449639213
1710802123.1140466,1.8537611431545682
1710802123.1141596,1.772488620546129
1710802123.1142724,1.6905155446794298
1710802123.1143854,1.6060902012719047
1710802123.1144984,1.5206138292948403
1710802123.1146114,1.434086693657769
1710802123.1147242,1.3472092151641846
1710802123.1148372,1.2592807081010606
1710802123.1149502,1.1713522010379367
1710802123.1150632,1.0820225212309096
1710802123.115176,0.9916418790817261
1710802123.115289,0.8998599979612563
1710802123.115402,0.80702715449863
1710802123.115515,0.7127930720647176
1710802123.1156278,0.6192596091164483
1710802123.1157408,0.5232739448547363
1710802123.1158538,0.4269380039638943
1710802123.1159668,0.32990141047371757
1710802123.1160796,0.23216419749789768
1710802123.1161926,0.1337263567580117
1710802123.1163056,0.03493820627530416
1710802123.1164186,-0.06453794323735766
1710802123.1165314,-0.16400726305113897
1710802123.1166444,-0.26347657044728595
1710802123.1167574,-0.36399662494659424
1710802123.1168704,-0.4624151852395799
1710802123.1169832,-0.5625849962234497
1710802123.1170962,-0.6620542870627509
1710802123.1172092,-0.7611733675003052
1710802123.1173222,-0.8606427245669894
1710802123.117435,-0.9608125024371676
1710802123.117548,-1.059931582874722
1710802123.117661,-1.1583501762813992
1710802123.117774,-1.2564184930589464
1710802123.1178868,-1.3520350721147325
1710802123.1179998,-1.4469512303670247
1710802123.1181128,-1.5404664145575628
1710802123.1182258,-1.632580624686347
1710802123.1183386,-1.7246948348151312
1710802123.1184516,-1.8178596761491563
1710802123.1185646,-1.9085729122161865
1710802123.1186776,-2.0003369119432235
1710802123.1187904,-2.0903495947519937
1710802123.1189034,-2.181413041220771
1710802123.1190164,-2.2696746720208063
1710802123.1191294,-2.356535063849555
1710802123.1192422,-2.440943982866075
1710802123.1193552,-2.523951795366075
1710802123.1194682,-2.6052082909478083
1710802123.1195812,-2.685063944922553
1710802123.119694,-2.7642191780938044
1710802123.119807,-2.842323515150282
1710802123.11992,-2.9204281171162925
1710802123.120033,-2.9960807164510093
1710802123.1201458,-3.071032894982232
1710802123.1202588,-3.143183390299479
1710802123.1203718,-3.21323209338718
1710802123.1204848,-3.2801286379496255
1710802123.1205976,-3.3449239201015897
1710802123.1207106,-3.40726719962226
1710802123.1208236,-3.466808795928955
1710802123.1209366,-3.5256497065226235
1710802123.1210494,-3.5830897755093045
1710802123.1211624,-3.639129002888997
1710802123.1212754,-3.6941170692443848
1710802123.1213884,-3.7470041380988226
1710802123.1215012,-3.798139625125461
1710802123.1216142,-3.8471738497416177
1710802123.1217272,-3.892355230119493
1710802123.1218402,-3.9357855584886337
1710802123.121953,-3.9760637283325195
1710802123.122066,-4.013889895545112
1710802123.122179,-4.049264589945476
1710802123.122292,-4.083938863542345
1710802123.1224048,-4.117562241024441
1710802123.1225178,-4.1497847768995495
1710802123.1226308,-4.179205099741618
1710802123.1227438,-4.207575056287977
1710802123.1228566,-4.234543906317817
1710802123.1229696,-4.2583603329128685
1710802123.1230826,-4.2790248658921985
1710802123.1231956,-4.297587606641981
1710802123.1233084,-4.312998453776042
1710802123.1234214,-4.327358404795329
1710802123.1235344,-4.338916407691108
1710802123.1236475,-4.349773989783393
1710802123.1237602,-4.3599311510721845
1710802123.1238732,-4.369387626647949
1710802123.1239862,-4.376392629411486
1710802123.1240993,-4.382696946461995
1710802123.124212,-4.38619958029853
1710802123.124325,-4.387250211503771
1710802123.124438,-4.385148684183757
1710802123.124551,-4.379194577534993
1710802123.1246638,-4.370438522762722
1710802123.1247768,-4.3599311510721845
1710802123.1248899,-4.348022937774658
1710802123.1250029,-4.334713617960612
1710802123.1251156,-4.321754508548312
1710802123.1252286,-4.306694136725532
1710802123.1253417,-4.290933079189724
1710802123.1254547,-4.273070759243435
1710802123.1255674,-4.252406226264106
1710802123.1256804,-4.2292902204725475
1710802123.1257935,-4.202321370442708
1710802123.1259065,-4.1732509930928545
1710802123.1260192,-4.1434801949395075
1710802123.1261322,-4.111608134375678
1710802123.1262453,-4.079735808902316
1710802123.1263583,-4.048213958740234
1710802123.126471,-4.015291002061632
1710802123.126584,-3.9823680453830295
1710802123.126697,-3.94769377178616
1710802123.12681,-3.9102178149753146
1710802123.1269228,-3.8699396451314287
1710802123.1270359,-3.8258088959587946
1710802123.1271489,-3.779927094777425
1710802123.1272619,-3.7319435013665094
1710802123.1273746,-3.6832597520616317
1710802123.1274877,-3.632824420928955
1710802123.1276007,-3.5827395651075573
1710802123.1277137,-3.5316038131713867
1710802123.1278265,-3.480468326144748
1710802123.1279395,-3.4268808364868164
1710802123.1280525,-3.3718927701314287
1710802123.1281655,-3.314102490743001
1710802123.1282783,-3.252459367116292
1710802123.1283913,-3.1894154018825955
1710802123.1285043,-3.12391996383667
1710802123.1286173,-3.0570231543646917
1710802123.12873,-2.9890759785970054
1710802123.128843,-2.921478748321533
1710802123.128956,-2.8528308868408203
1710802123.129069,-2.7834826045566134
1710802123.1291819,-2.7113323741488986
1710802123.1292949,-2.6381312476264105
1710802123.129408,-2.5624786482916937
1710802123.129521,-2.4840238359239364
1710802123.1296337,-2.4027673403422036
1710802123.1297467,-2.320109738243951
1710802123.1298597,-2.236401504940457
1710802123.1299727,-2.1526930067274304
1710802123.1300855,-2.0672334565056696
1710802123.1301985,-1.9814236958821614
1710802123.1303115,-1.8956139352586534
1710802123.1304245,-1.8080528577168782
1710802123.1305373,-1.718390385309855
1710802123.1306503,-1.628027492099338
1710802123.1307633,-1.5369640456305609
1710802123.1308763,-1.4423980977800157
1710802123.130989,-1.3478321499294705
1710802123.131102,-1.2525657812754314
1710802123.131215,-1.156248648961385
1710802123.131328,-1.0595813062455919
1710802123.1314409,-0.9618632660971748
1710802123.131554,-0.8627441856596205
1710802123.131667,-0.7639753156238132
1710802123.13178,-0.6634552611245049
1710802123.1318927,-0.5629352728525797
1710802123.1320057,-0.46066396766238743
1710802123.1321187,-0.35909321573045516
1710802123.1322317,-0.2571721706125471
1710802123.1323445,-0.1538501845465766
1710802123.1324575,-0.049827690753671855
1710802123.1325705,0.053154461913638644
1710802123.1326835,0.157547609673606
1710802123.1327963,0.26053951846228707
1710802123.1329093,0.36493264966540867
1710802123.1330223,0.46862519449657863
1710802123.1331353,0.5705661243862575
1710802123.133248,0.672507087389628
1710802123.133361,0.7733971542782253
1710802123.133474,0.8732362588246663
1710802123.1335871,0.9727250205145942
1710802123.1337,1.0715131627188788
1710802123.133813,1.1713522010379367
1710802123.133926,1.2704907523261175
1710802123.134039,1.3696291711595323
1710802123.1341517,1.4673663510216606
1710802123.1342647,1.5644029776255288
1710802123.1343777,1.6582867834303114
1710802123.1344907,1.7514699035220676
1710802123.1346035,1.841850545671251
1710802123.1347165,1.930479605992635
1710802123.1348295,2.018057770199246
1710802123.1349425,2.1045850382910833
1710802123.1350553,2.1900612778133817
1710802123.1351683,2.275887860192193
1710802123.1352813,2.3599627282884383
1710802123.1353943,2.442286279466417
1710802123.135507,2.522858248816596
1710802123.13562,2.6009779506259494
1710802123.1357331,2.676645384894477
1710802123.1358461,2.749160130818685
1710802123.135959,2.819222609202067
1710802123.136072,2.888234191470676
1710802123.136185,2.9558446672227645
1710802123.136298,3.023805088467068
1710802123.1364107,3.0896639823913574
1710802123.1365237,3.1555228763156467
1710802123.1366367,3.218228816986084
1710802123.1367497,3.2795333862304688
1710802123.1368625,3.33838595284356
1710802123.1369755,3.3937353558010526
1710802123.1370885,3.445931805504693
1710802123.1372015,3.4956762525770397
1710802123.1373143,3.5436691178215876
1710802123.1374273,3.588509029812283
1710802123.1375403,3.6326485209994845
1710802123.1376534,3.6764375368754068
1710802123.1377661,3.718825446234809
1710802123.1378791,3.7587610880533853
1710802123.1379921,3.797295358445909
1710802123.1381052,3.8326769404941134
1710802123.138218,3.8659567303127713
1710802123.138331,3.895382881164551
1710802123.138444,3.9220068189832897
1710802123.138557,3.947229120466444
1710802123.1386697,3.9696492089165583
1710802123.1387827,3.9899672402275934
1710802123.1388958,4.009935061136882
1710802123.1390088,4.02815130021837
1710802123.1391215,4.045667118496365
1710802123.1392345,4.061431090037028
1710802123.1393476,4.0750932693481445
1710802123.1394606,4.087003866831462
1710802123.1395733,4.09541130065918
1710802123.1396863,4.101366731855604
1710802123.1397994,4.1052201059129505
1710802123.1399124,4.106271002027723
1710802123.1400251,4.10557058122423
1710802123.1401381,4.104869895511203
1710802123.1402512,4.102768103281657
1710802123.1403642,4.099965360429552
1710802123.140477,4.096462461683485
1710802123.14059,4.09225861231486
1710802123.140703,4.085952970716688
1710802123.140816,4.078246222601996
1710802123.1409287,4.066335360209147
1710802123.1410418,4.0523229704962835
1710802123.1411548,4.035507837931315
1710802123.1412678,4.017992284562853
1710802123.1413805,3.9980244636535645
1710802123.1414936,3.978056642744276
1710802123.1416066,3.957738611433241
1710802123.1417196,3.9370701048109265
1710802123.1418324,3.915000491672092
1710802123.1419454,3.8932810889350042
1710802123.1420584,3.8684087329440646
1710802123.1421714,3.8400334782070584
1710802123.1422842,3.8095564312405057
1710802123.1423972,3.7752257453070746
1710802123.1425102,3.7405448489718967
1710802123.1426232,3.703411685095893
1710802123.142736,3.666278521219889
1710802123.142849,3.6287951469421387
1710802123.142962,3.5913115077548556
1710802123.143075,3.553477923075358
1710802123.1431878,3.5142429669698076
1710802123.1433008,3.473256164126926
1710802123.1434138,3.43016783396403
1710802123.1435268,3.382525179121229
1710802123.1436396,3.334532578786214
1710802123.1437526,3.2830365498860674
1710802123.1438656,3.231190310584174
1710802123.1439786,3.1786433855692544
1710802123.1440914,3.1260964605543347
1710802123.1442044,3.073900010850694
1710802123.1443174,3.0206524001227484
1710802123.1444304,2.9667043685913086
1710802123.1445432,2.911004490322537
1710802123.1446562,2.8521519237094455
1710802123.1447692,2.7908473544650607
1710802123.1448822,2.7277912033928766
1710802123.144995,2.662282519870334
1710802123.145108,2.595022519429525
1710802123.145221,2.527762518988715
1710802123.145334,2.4598018328348794
1710802123.1454468,2.3911407258775497
1710802123.1455598,2.322129143608941
1710802123.1456728,2.2510157691107855
1710802123.1457858,2.1785008907318115
1710802123.1458986,2.1031836668650308
1710802123.1460116,2.025414307912191
1710802123.1461246,1.945192813873291
1710802123.1462376,1.8642705016665988
1710802123.1463504,1.7812463972303603
1710802123.1464634,1.6971713966793485
1710802123.1465764,1.6123958428700764
1710802123.1466894,1.5279704994625516
1710802123.1468022,1.4428444703420003
1710802123.1469152,1.3563173347049289
1710802123.1470282,1.2690895133548312
1710802123.1471412,1.1808106634351943
1710802123.147254,1.091480983628167
1710802123.147367,1.0011003414789836
1710802123.14748,0.9093184603585137
1710802123.147593,0.8168358935250176
1710802123.1477058,0.7243533929189047
1710802123.1478188,0.6308199299706353
1710802123.1479318,0.5372864670223659
1710802123.1480448,0.4420014222462972
1710802123.1481576,0.3474170300695631
1710802123.1482706,0.2517816921075185
1710802123.1483836,0.15544573465983072
1710802123.1484966,0.05840914944807688
1710802123.1486094,-0.038269638187355466
1710802123.1487224,-0.13563748863008288
1710802123.1488354,-0.23335557844903734
1710802123.1489484,-0.33177415529886883
1710802123.1490612,-0.430192748705546
1710802123.1491742,-0.5303625596894158
1710802123.1492872,-0.6291313966115316
1710802123.1494002,-0.7282504770490859
1710802123.149513,-0.82666900422838
1710802123.149626,-0.9250875976350572
1710802123.149739,-1.0221052169799805
1710802123.149852,-1.1187725596957736
1710802123.1499648,-1.214739481608073
1710802123.1500778,-1.309305297003852
1710802123.1501908,-1.4045717981126573
1710802123.1503038,-1.4987874031066895
1710802123.1504166,-1.5930030081007216
1710802123.1505296,-1.6875689559512668
1710802123.1506426,-1.781084140141805
1710802123.1507556,-1.872848007414076
1710802123.1508684,-1.9632110330793593
1710802123.1509814,-2.0525232950846353
1710802123.1510944,-2.1404344505733914
1710802123.1512074,-2.2244930267333984
1710802123.1513202,-2.3085517353481717
1710802123.1514332,-2.3912093374464245
1710802123.1515462,-2.4738669395446777
1710802123.1516593,-2.5551234351264105
1710802123.151772,-2.6360299852159286
1710802123.151885,-2.7155351638793945
1710802123.151998,-2.793989976247152
1710802123.152111,-2.8706934716966415
1710802123.1522238,-2.9424934917026095
1710802123.1523368,-3.0132426155938044
1710802123.1524498,-3.0811900562710233
1710802123.1525626,-3.148787286546495
1710802123.1526756,-3.21323209338718
1710802123.1527886,-3.2766262690226235
1710802123.1529016,-3.340720865461561
1710802123.1530144,-3.403764830695258
1710802123.1531274,-3.464707268608941
1710802123.1532404,-3.5242488649156356
1710802123.1533535,-3.5816889339023166
1710802123.1534662,-3.63597657945421
1710802123.1535792,-3.688863648308648
1710802123.1536922,-3.7385982937282987
1710802123.1538053,-3.7855309910244412
1710802123.153918,-3.8310625818040633
1710802123.154031,-3.874492910173204
1710802123.154144,-3.917573028140598
1710802123.154257,-3.958201143476698
1710802123.1543698,-3.99777889251709
1710802123.1544828,-4.034554428524441
1710802123.1545959,-4.070629543728298
1710802123.1547089,-4.103552500406901
1710802123.1548216,-4.133673508961995
1710802123.1549346,-4.160992569393581
1710802123.1550477,-4.184808995988634
1710802123.1551607,-4.206874370574951
1710802123.1552734,-4.226838482750787
1710802123.1553864,-4.245751698811849
1710802123.1554995,-4.26221317715115
1710802123.1556125,-4.278324180179172
1710802123.1557252,-4.293384816911486
1710802123.1558383,-4.306343926323785
1710802123.1559513,-4.31720150841607
1710802123.1560643,-4.326307773590088
1710802123.156177,-4.331911669837104
1710802123.15629,-4.334713617960612
1710802123.156403,-4.335414038764106
1710802123.156516,-4.333312511444092
1710802123.1566288,-4.329459932115343
1710802123.1567419,-4.3256073527865935
1710802123.1568549,-4.3200034565395775
1710802123.1569679,-4.314749770694308
1710802123.1570807,-4.307744767930773
1710802123.1571937,-4.298988713158502
1710802123.1573067,-4.28883155186971
1710802123.1574197,-4.275872707366943
1710802123.1575325,-4.259761439429389
1710802123.1576455,-4.241898854573567
1710802123.1577585,-4.221234586503771
1710802123.1578715,-4.198819001515706
1710802123.1579843,-4.176052941216363
1710802123.1580973,-4.15223651462131
1710802123.1582103,-4.128419823116726
1710802123.1583233,-4.104252921210395
1710802123.158436,-4.078334967295329
1710802123.158549,-4.049965275658502
1710802123.158662,-4.019143581390381
1710802123.158775,-3.9844695727030435
1710802123.1588879,-3.94769377178616
1710802123.1590009,-3.9077660772535534
1710802123.159114,-3.866787486606174
1710802123.159227,-3.8244080543518066
1710802123.1593397,-3.781327936384413
1710802123.1594527,-3.7382478184170194
1710802123.1595657,-3.6941170692443848
1710802123.1596787,-3.64998632007175
1710802123.1597915,-3.603404098086887
1710802123.1599045,-3.554019663068983
1710802123.1600175,-3.5025337007310653
1710802123.1601305,-3.4471951590643988
1710802123.1602433,-3.3904555108812118
1710802123.1603563,-3.33196481068929
1710802123.1604693,-3.272773689693875
1710802123.1605823,-3.212531672583686
1710802123.160695,-3.152639865875244
1710802123.160808,-3.0913472175598145
1710802123.160921,-3.0297040939331055
1710802123.161034,-2.965609497494168
1710802123.1611469,-2.8994133737352157
1710802123.16126,-2.830765512254503
1710802123.161373,-2.758965492248535
1710802123.161486,-2.6857646306355796
1710802123.1615987,-2.610812187194824
1710802123.1617117,-2.5351595878601074
1710802123.1618247,-2.458806302812364
1710802123.1619377,-2.382453282674154
1710802123.1620505,-2.3046988911098905
1710802123.1621635,-2.2255439228481717
1710802123.1622765,-2.1460384792751737
1710802123.1623895,-2.0633808771769204
1710802123.1625023,-1.9793223010169134
1710802123.1626153,-1.8928119871351454
1710802123.1627283,-1.8045504887898762
1710802123.1628413,-1.714888016382853
1710802123.162954,-1.624174780315823
1710802123.163067,-1.531710359785292
1710802123.16318,-1.4388955963982475
1710802123.1632931,-1.3457307550642226
1710802123.163406,-1.2497638331519232
1710802123.163519,-1.154847674899631
1710802123.163632,-1.058530608812968
1710802123.163745,-0.9604622920354207
1710802123.1638577,-0.8613432115978664
1710802123.1639707,-0.7629246181911892
1710802123.1640837,-0.6634552611245049
1710802123.1641967,-0.5636357598834567
1710802123.1643095,-0.4631156722704569
1710802123.1644225,-0.36294589440027875
1710802123.1645355,-0.2606746223237779
1710802123.1646485,-0.15980432430903116
1710802123.1647613,-0.058583791057268776
1710802123.1648743,0.04299539658758375
1710802123.1649873,0.14458604984813267
1710802123.1651003,0.24512575732337102
1710802123.165213,0.3453151716126336
1710802123.165326,0.4455045527882046
1710802123.1654391,0.5460442768202888
1710802123.1655521,0.6469343105951945
1710802123.165665,0.7478243112564087
1710802123.165778,0.8487143781450059
1710802123.165891,0.9496043788062202
1710802123.166004,1.0497937599817913
1710802123.1661167,1.148581902186076
1710802123.1662297,1.2459688716464572
1710802123.1663427,1.3419544696807861
1710802123.1664557,1.4361886183420818
1710802123.1665685,1.5307729774051242
1710802123.1666815,1.6232555442386203
1710802123.1667945,1.7164386643303764
1710802123.1669075,1.8096217844221327
1710802123.1670203,1.9021043512556288
1710802123.1671333,1.9938862323760986
1710802123.1672463,2.085317770640055
1710802123.1673594,2.172895934846666
1710802123.1674721,2.2594232029385037
1710802123.1675851,2.343848546346029
1710802123.1676981,2.4244202507866754
1710802123.1678112,2.504291534423828
1710802123.167924,2.5817108154296875
1710802123.168037,2.6587796211242676
1710802123.16815,2.735147741105821
1710802123.168263,2.8101144896613226
1710802123.1683757,2.8836801317003036
1710802123.1684887,2.9551439815097384
1710802123.1686018,3.0241555637783475
1710802123.1687148,3.09106535381741
1710802123.1688275,3.153420819176568
1710802123.1689405,3.214024967617459
1710802123.1690536,3.2711259524027505
1710802123.1691666,3.3282269371880426
1710802123.1692793,3.3832258648342557
1710802123.1693923,3.4371741612752276
1710802123.1695054,3.4904215070936413
1710802123.1696184,3.5426182217068143
1710802123.1697311,3.5920121934678817
1710802123.1698442,3.6400050587124295
1710802123.1699572,3.6851954460144043
1710802123.1700702,3.727232880062527
1710802123.170183,3.7661176257663302
1710802123.170296,3.8029003143310547
1710802123.170409,3.8368807898627386
1710802123.170522,3.868759208255344
1710802123.1706347,3.900637626647949
1710802123.1707478,3.9300637774997287
1710802123.1708608,3.957738611433241
1710802123.1709738,3.984712759653727
1710802123.1710865,4.009584850735134
1710802123.1711996,4.032355149586995
1710802123.1713126,4.051972760094537
1710802123.1714256,4.068086942036946
1710802123.1715384,4.083150492774116
1710802123.1716514,4.094710879855685
1710802123.1717644,4.104169209798177
1710802123.1718774,4.111876222822401
1710802123.1719902,4.119232760535346
1710802123.1721032,4.125187926822238
1710802123.1722162,4.13009246190389
1710802123.1723292,4.134646521674262
1710802123.172442,4.137098524305555
1710802123.172555,4.137799210018581
1710802123.172668,4.135697417789035
1710802123.172781,4.12974198659261
1710802123.1728938,4.120984342363146
1710802123.1730068,4.110124640994601
1710802123.1731198,4.098214043511285
1710802123.1732328,4.084551599290636
1710802123.1733456,4.070188999176025
1710802123.1734586,4.05617634455363
1710802123.1735716,4.041113058725993
1710802123.1736846,4.02499861187405
1710802123.1737974,4.007833268907335
1710802123.1739104,3.98891634411282
1710802123.1740234,3.966146045260959
1710802123.1741364,3.9409234788682723
1710802123.1742492,3.915000491672092
1710802123.1743622,3.8862747616238065
1710802123.1744752,3.857549296485053
1710802123.1745882,3.828122880723741
1710802123.174701,3.799046940273709
1710802123.174814,3.76927031411065
1710802123.174927,3.738442791832818
1710802123.17504,3.7062141630384655
1710802123.1751528,3.6704823705885143
1710802123.1752658,3.6315976248847113
1710802123.1753788,3.5913115077548556
1710802123.1754918,3.546821806165907
1710802123.1756046,3.500930998060438
1710802123.1757176,3.453638818528917
1710802123.1758306,3.4063466389973955
1710802123.1759436,3.3587039841545954
1710802123.1760564,3.3100106981065536
1710802123.1761694,3.261667357550727
1710802123.1762824,3.2112224896748858
1710802123.1763954,3.1590257750617132
1710802123.1765082,3.104377057817247
1710802123.1766212,3.046225176917182
1710802123.1767342,2.9866721895005965
1710802123.1768472,2.9250171449449325
1710802123.17696,2.8619607289632163
1710802123.177073,2.799254788292779
1710802123.177186,2.7354979515075684
1710802123.177299,2.6717411147223578
1710802123.1774118,2.606933116912842
1710802123.1775248,2.5403738021850586
1710802123.1776378,2.472763591342502
1710802123.1777508,2.4016499519348145
1710802123.1778636,2.32703341378106
1710802123.1779766,2.2513659795125327
1710802123.1780896,2.1735966205596924
1710802123.1782026,2.095126575893826
1710802123.1783154,2.016306188371446
1710802123.1784284,1.9360845618777804
1710802123.1785414,1.8548120392693412
1710802123.1786544,1.7738898595174153
1710802123.1787672,1.691916783650716
1710802123.1788802,1.6085423363579643
1710802123.1789932,1.5227157539791532
1710802123.1791062,1.4358382754855685
1710802123.179219,1.3472092151641846
1710802123.179332,1.257529126273261
1710802123.179445,1.1664479308658176
1710802123.179558,1.0746659835179646
1710802123.1796708,0.9828841023974948
1710802123.1797838,0.8897009160783556
1710802123.1798968,0.7965177959865993
1710802123.1800098,0.7019333706961738
1710802123.1801226,0.6059477064344618
1710802123.1802356,0.5099620752864413
1710802123.1803486,0.4115242428249783
1710802123.1804616,0.3130864103635152
1710802123.1805744,0.21464856134520635
1710802123.1806874,0.11515979137685564
1710802123.1808004,0.014620076657997238
1710802123.1809134,-0.08520233962270948
1710802123.1810262,-0.18502190709114075
1710802123.1811392,-0.28589218854904175
1710802123.1812522,-0.38641224304835
1710802123.1813653,-0.48658205403221977
1710802123.181478,-0.585701134469774
1710802123.181591,-0.6848201486799452
1710802123.181704,-0.7832387420866225
1710802123.181817,-0.8806066380606757
1710802123.1819298,-0.9779744678073459
1710802123.1820428,-1.0753422975540161
1710802123.1821558,-1.1737608909606934
1710802123.1822689,-1.2707784440782335
1710802123.1823816,-1.3681463400522869
1710802123.1824946,-1.465163893169827
1710802123.1826077,-1.5611308150821261
1710802123.1827207,-1.6563971837361653
1710802123.1828334,-1.7495621575249565
1710802123.1829464,-1.8416763676537407
1710802123.1830595,-1.9320392608642578
1710802123.1831725,-2.0217017332712808
1710802123.1832852,-2.111013995276557
1710802123.1833982,-2.200326257281833
1710802123.1835113,-2.288587623172336
1710802123.1836243,-2.3761487007141113
1710802123.183737,-2.4633595678541393
1710802123.18385,-2.5474180115593805
1710802123.183963,-2.6304260889689126
1710802123.184076,-2.7099312676323786
1710802123.1841888,-2.7880358695983887
1710802123.1843019,-2.8629880481296115
1710802123.1844149,-2.9375900162590876
1710802123.1845279,-3.0111413531833224
1710802123.1846406,-3.0818904770745172
1710802123.1847537,-3.153690497080485
1710802123.1848667,-3.223739465077718
1710802123.1849797,-3.2909862200419107
1710802123.1850924,-3.3575325542026095
1710802123.1852055,-3.4212769402398004
1710802123.1853185,-3.4822196430630155
1710802123.1854315,-3.54036013285319
1710802123.1855443,-3.5949979888068304
1710802123.1856573,-3.646834161546495
1710802123.1857703,-3.698320123884413
1710802123.1858833,-3.7473543485005694
1710802123.185996,-3.7963885731167264
1710802123.186109,-3.8419201638963485
1710802123.186222,-3.8871015442742243
1710802123.186335,-3.9301816622416177
1710802123.1864479,-3.9708100424872503
1710802123.1865609,-4.0093368954128685
1710802123.1866739,-4.045762221018474
1710802123.186787,-4.077984756893581
1710802123.1868997,-4.108105765448676
1710802123.1870127,-4.137175877888997
1710802123.1871257,-4.16379451751709
1710802123.1872387,-4.189712471432156
1710802123.1873515,-4.214579794141981
1710802123.1874645,-4.238046275244819
1710802123.1875775,-4.259761439429389
1710802123.1876905,-4.279375076293945
1710802123.1878033,-4.296887185838488
1710802123.1879163,-4.3122980329725475
1710802123.1880293,-4.323856035868327
1710802123.1881423,-4.332261880238851
1710802123.188255,-4.33751556608412
1710802123.188368,-4.341718355814616
1710802123.188481,-4.34381988313463
1710802123.188594,-4.344520303938124
1710802123.1887069,-4.345921410454644
1710802123.18882,-4.344520303938124
1710802123.188933,-4.342769251929389
1710802123.189046,-4.339617093404134
1710802123.1891587,-4.332612090640597
1710802123.1892717,-4.324206246270074
1710802123.1893847,-4.3115973472595215
1710802123.1894977,-4.297587606641981
1710802123.1896105,-4.2804257074991865
1710802123.1897235,-4.262563387552897
1710802123.1898365,-4.243650171491835
1710802123.1899495,-4.224386745029025
1710802123.1900623,-4.20477310816447
1710802123.1901753,-4.183408154381646
1710802123.1902883,-4.161692990197076
1710802123.1904013,-4.136475457085504
1710802123.190514,-4.10880618625217
1710802123.190627,-4.078685177697076
1710802123.19074,-4.045762221018474
1710802123.190853,-4.011087947421603
1710802123.190966,-3.974662621815999
1710802123.191079,-3.937536875406901
1710802123.191192,-3.9011115498012967
1710802123.191305,-3.86468595928616
1710802123.1914177,-3.8272100024753146
1710802123.1915307,-3.7876322534349227
1710802123.1916437,-3.7477045589023166
1710802123.1917567,-3.704274230533176
1710802123.1918695,-3.65769174363878
1710802123.1919825,-3.6079570982191296
1710802123.1920955,-3.5564714007907443
1710802123.1922085,-3.5035843319363065
1710802123.1923213,-3.4499971071879068
1710802123.1924343,-3.396059407128228
1710802123.1925473,-3.3410710758633084
1710802123.1926603,-3.2860827445983887
1710802123.192773,-3.229343361324734
1710802123.192886,-3.1691013442145453
1710802123.1929991,-3.107458485497369
1710802123.1931121,-3.042312992943658
1710802123.193225,-2.975766658782959
1710802123.193338,-2.905717690785726
1710802123.193451,-2.8342678811815047
1710802123.193564,-2.7628183364868164
1710802123.1936767,-2.690667841169569
1710802123.1937897,-2.61781718995836
1710802123.1939027,-2.5439156426323786
1710802123.1940155,-2.4689634641011557
1710802123.1941285,-2.3922599686516657
1710802123.1942415,-2.313805421193441
1710802123.1943545,-2.2332490815056696
1710802123.1944673,-2.1502414014604354
1710802123.1945803,-2.0668832461039224
1710802123.1946933,-1.9817739062839084
1710802123.1948063,-1.8966646989186604
1710802123.194919,-1.8101543850368924
1710802123.1950321,-1.7232938607533772
1710802123.1951451,-1.635732783211602
1710802123.1952581,-1.547471284866333
1710802123.195371,-1.45850936571757
1710802123.195484,-1.3670955763922796
1710802123.195597,-1.2742809454600017
1710802123.19571,-1.1804155508677165
1710802123.1958227,-1.0858496030171711
1710802123.1959357,-0.989882747332255
1710802123.1960487,-0.8928651279873318
1710802123.1961617,-0.7958475748697916
1710802123.1962745,-0.6984796788957384
1710802123.1963875,-0.5997108750873141
1710802123.1965005,-0.4998913076188829
1710802123.1966136,-0.4011225038104587
1710802123.1967263,-0.30095269282658893
1710802123.1968393,-0.20043263832728067
1710802123.1969523,-0.10166380968358782
1710802123.1970654,-0.0018442538566887379
1710802123.1971781,0.09834478298823038
1710802123.1972911,0.197833561235004
1710802123.1974041,0.2973223394817776
1710802123.1975172,0.39821237325668335
1710802123.19763,0.49875206417507595
1710802123.197743,0.5996421310636733
1710802123.197856,0.6987805498970879
1710802123.197969,0.7979190349578857
1710802123.1980817,0.8970575200186836
1710802123.1981947,0.9933934609095255
1710802123.1983078,1.0893791251712375
1710802123.1984208,1.1850143803490532
1710802123.1985335,1.280299425125122
1710802123.1986465,1.3752341270446777
1710802123.1987596,1.4698186185624864
1710802123.1988726,1.565103530883789
1710802123.1989853,1.6589873366885715
1710802123.1990983,1.7507692178090413
1710802123.1992114,1.8415002028147378
1710802123.1993244,1.9294287098778617
1710802123.1994371,2.01490494940016
1710802123.1995502,2.098979949951172
1710802123.1996632,2.181653711530897
1710802123.1997762,2.2632765769958496
1710802123.199889,2.3441987567477756
1710802123.200002,2.4240700403849282
1710802123.200115,2.504291534423828
1710802123.200228,2.5820610258314343
1710802123.2003407,2.6587796211242676
1710802123.2004538,2.7330456839667425
1710802123.2005668,2.8052102194892035
1710802123.2006798,2.873871326446533
1710802123.2007926,2.9411313268873425
1710802123.2009056,3.0062895350986056
1710802123.2010186,3.0700463718838162
1710802123.2011316,3.1320518917507596
1710802123.2012444,3.1940571467081704
1710802123.2013574,3.2557121912638345
1710802123.2014704,3.3142142825656467
1710802123.2015834,3.3716657426622176
1710802123.2016962,3.4252635637919107
1710802123.2018092,3.4771098030938044
1710802123.2019222,3.5258030891418457
1710802123.2020352,3.570292790730794
1710802123.202148,3.6130309104919434
1710802123.202261,3.6529665523105197
1710802123.202374,3.69220150841607
1710802123.202487,3.7296851476033526
1710802123.2025998,3.765767150455051
1710802123.2027128,3.800798522101508
1710802123.2028258,3.834428522321913
1710802123.2029388,3.865256044599745
1710802123.2030516,3.8943319850497775
1710802123.2031646,3.920605447557237
1710802123.2032776,3.9447771178351507
1710802123.2033906,3.9654453595479326
1710802123.2035034,3.984712759653727
1710802123.2036164,4.002228313022189
1710802123.2037294,4.019043180677626
1710802123.2038424,4.033756521013048
1710802123.2039552,4.048819806840685
1710802123.2040682,4.061781300438775
1710802123.2041812,4.073692162831624
1710802123.2042942,4.083851178487142
1710802123.204407,4.091557926601833
1710802123.20452,4.095761775970459
1710802123.204633,4.097513357798259
1710802123.204746,4.0971628824869795
1710802123.2048588,4.095761775970459
1710802123.2049718,4.09225861231486
1710802123.2050848,4.088755448659261
1710802123.2051978,4.083500703175862
1710802123.2053106,4.07894664340549
1710802123.2054236,4.072641001807319
1710802123.2055366,4.064233567979601
1710802123.2056496,4.05442476272583
1710802123.2057624,4.041113058725993
1710802123.2058754,4.025348822275798
1710802123.2059884,4.0060816870795355
1710802123.2061014,3.985413180457221
1710802123.2062142,3.96264288160536
1710802123.2063272,3.9395223723517523
1710802123.2064402,3.916401598188612
1710802123.2065532,3.892580403221978
1710802123.206666,3.8677083121405706
1710802123.206779,3.842485745747884
1710802123.206892,3.815511597527398
1710802123.207005,3.785734971364339
1710802123.2071178,3.75315613216824
1710802123.2072308,3.7174240748087564
1710802123.2073438,3.680991596645779
1710802123.2074568,3.641406430138482
1710802123.2075696,3.6025216844346786
1710802123.2076826,3.5632867283291287
1710802123.2077956,3.5233510865105524
1710802123.2079086,3.4841158654954696
1710802123.2080214,3.4434798028733993
1710802123.2081344,3.4007416831122503
1710802123.2082474,3.3555512958102756
1710802123.2083604,3.307558430565728
1710802123.2084732,3.2571132977803545
1710802123.2085862,3.2049168480767145
1710802123.2086992,3.150618341233995
1710802123.2088122,3.0952689382765026
1710802123.208925,3.0402700106302896
1710802123.209038,2.984219921959771
1710802123.209151,2.9278196228875055
1710802123.209264,2.8707186381022134
1710802123.2093768,2.811515861087375
1710802123.2094898,2.749160130818685
1710802123.2096028,2.685052818722195
1710802123.2097158,2.616741922166612
1710802123.2098286,2.5473801294962564
1710802123.2099416,2.4755660692850747
1710802123.2100546,2.4023506376478405
1710802123.2101676,2.3294856813218856
1710802123.2102804,2.2548691431681314
1710802123.2103934,2.180252472559611
1710802123.2105064,2.1042346954345703
1710802123.2106194,2.0278665754530163
1710802123.2107322,1.9483455022176106
1710802123.2108452,1.8674233224656847
1710802123.2109582,1.7840490076276991
1710802123.2110713,1.699273321363661
1710802123.211184,1.6137970818413627
1710802123.211297,1.5272698137495253
1710802123.21141,1.4403923352559407
1710802123.211523,1.353164513905843
1710802123.2116358,1.265236006842719
1710802123.2117488,1.1766069465213351
1710802123.2118618,1.0872772004869249
1710802123.2119749,0.9961959388520982
1710802123.2120876,0.9037134382459853
1710802123.2122006,0.8119315571255153
1710802123.2123137,0.718047751320733
1710802123.2124267,0.6238136688868204
1710802123.2125394,0.5278280046251085
1710802123.2126524,0.4328933027055528
1710802123.2127655,0.33515608972973293
1710802123.2128785,0.23846982253922355
1710802123.2129912,0.14073260956340367
1710802123.2131042,0.04124383545584149
1710802123.2132173,-0.05683257348007626
1710802123.2133303,-0.1552511586083306
1710802123.213443,-0.2550707095199161
1710802123.213556,-0.3562912344932556
1710802123.213669,-0.45470982789993286
1710802123.213782,-0.5548796388838027
1710802123.2138948,-0.6553996933831109
1710802123.2140079,-0.7566202349132961
1710802123.2141209,-0.8574904998143513
1710802123.2142339,-0.9576602776845295
1710802123.2143466,-1.058180332183838
1710802123.2144597,-1.1579999658796523
1710802123.2145727,-1.2564184930589464
1710802123.2146857,-1.3537863890329997
1710802123.2147985,-1.449052757687039
1710802123.2149115,-1.544319126341078
1710802123.2150245,-1.6392352845933702
1710802123.2151375,-1.7334508895874023
1710802123.2152503,-1.8273162841796875
1710802123.2153633,-1.9208314683702257
1710802123.2154763,-2.013996442159017
1710802123.2155893,-2.1061106522878013
1710802123.215702,-2.195773124694824
1710802123.215815,-2.28438483344184
1710802123.215928,-2.3712452252705893
1710802123.216041,-2.455303933885362
1710802123.2161539,-2.538311746385362
1710802123.2162669,-2.6199187172783747
1710802123.21638,-2.7011752128601074
1710802123.216493,-2.7820817629496255
1710802123.2166057,-2.8615869416130915
1710802123.2167187,-2.9400417539808483
1710802123.2168317,-3.0170954598320856
1710802123.2169447,-3.0913472175598145
1710802123.2170575,-3.1634974479675293
1710802123.2171705,-3.232145309448242
1710802123.2172835,-3.297991222805447
1710802123.2173965,-3.3624360296461315
1710802123.2175093,-3.4251297844780817
1710802123.2176223,-3.486072222391764
1710802123.2177353,-3.5466644499037
1710802123.2178483,-3.604804939693875
1710802123.217961,-3.6618947982788086
1710802123.218074,-3.717933760748969
1710802123.218187,-3.771521250406901
1710802123.2183,-3.8223065270317926
1710802123.2184129,-3.870990541246202
1710802123.218526,-3.916171921624078
1710802123.218639,-3.958201143476698
1710802123.218752,-3.998479313320584
1710802123.2188647,-4.035605059729682
1710802123.2189777,-4.072030650244819
1710802123.2190907,-4.106704658932156
1710802123.2192037,-4.1399778260125055
1710802123.2193165,-4.17149994108412
1710802123.2194295,-4.2009202639261884
1710802123.2195425,-4.22753890355428
1710802123.2196555,-4.252056015862359
1710802123.2197683,-4.273420969645183
1710802123.2198813,-4.291283289591472
1710802123.2199943,-4.307044347127278
1710802123.2201073,-4.321054087744819
1710802123.22022,-4.332962301042345
1710802123.220333,-4.3434696727328825
1710802123.220446,-4.352926148308648
1710802123.2205591,-4.361332257588704
1710802123.220672,-4.3690374162462025
1710802123.220785,-4.374991522894965
1710802123.220898,-4.378844367133246
1710802123.221011,-4.37954478793674
1710802123.2211237,-4.377443260616726
1710802123.2212367,-4.373590681287977
1710802123.2213497,-4.366235468122694
1710802123.2214627,-4.35782962375217
1710802123.2215755,-4.347322252061632
1710802123.2216885,-4.336815145280626
1710802123.2218015,-4.3256073527865935
1710802123.2219145,-4.313348664177789
1710802123.2220273,-4.299689133961995
1710802123.2221403,-4.284978972540961
1710802123.2222533,-4.266065756479899
1710802123.2223663,-4.245401223500569
1710802123.222479,-4.220533900790744
1710802123.222592,-4.1939155260721845
1710802123.2227051,-4.165195359124078
1710802123.2228181,-4.135775036282009
1710802123.222931,-4.104252921210395
1710802123.223044,-4.073431491851807
1710802123.223157,-4.042610062493218
1710802123.22327,-4.01038752661811
1710802123.2233827,-3.9757135179307723
1710802123.2234957,-3.9392879274156356
1710802123.2236087,-3.8993602328830295
1710802123.2237217,-3.856630325317383
1710802123.2238345,-3.8114489449395075
1710802123.2239475,-3.763815826839871
1710802123.2240605,-3.715131812625461
1710802123.2241735,-3.6664477984110513
1710802123.2242863,-3.617413838704427
1710802123.2243993,-3.5680294036865234
1710802123.2245123,-3.5172438621520996
1710802123.2246253,-3.465057479010688
1710802123.2247381,-3.410069147745768
1710802123.2248511,-3.3533297644721136
1710802123.2249641,-3.292737536960178
1710802123.2250772,-3.230043782128228
1710802123.22519,-3.1655989752875433
1710802123.225303,-3.1001032723320856
1710802123.225416,-3.0335569381713867
1710802123.225529,-2.967360814412435
1710802123.2256417,-2.900464004940457
1710802123.2257547,-2.8328670395745172
1710802123.2258677,-2.7628183364868164
1710802123.2259808,-2.6910183164808483
1710802123.2260935,-2.61641608344184
1710802123.2262065,-2.5400630633036294
1710802123.2263196,-2.4605576197306314
1710802123.2264326,-2.3800015449523926
1710802123.2265453,-2.2983945740593805
1710802123.2266583,-2.2146862083011203
1710802123.2267714,-2.132028606202867
1710802123.2268844,-2.047269609239366
1710802123.2269971,-1.9628608226776123
1710802123.2271101,-1.876000298394097
1710802123.2272232,-1.7880890104505751
1710802123.2273362,-1.698426538043552
1710802123.227449,-1.6073630915747747
1710802123.227562,-1.5148986710442436
1710802123.227675,-1.4206829335954454
1710802123.227788,-1.3254165649414062
1710802123.2279007,-1.230500406689114
1710802123.2280138,-1.1338330639733207
1710802123.2281268,-1.0375159316592746
1710802123.2282398,-0.9387471278508503
1710802123.2283525,-0.8406788110733032
1710802123.2284656,-0.742610428068373
1710802123.2285786,-0.6427908605999416
1710802123.2286916,-0.542971326245202
1710802123.2288043,-0.4428015483750237
1710802123.2289174,-0.34228149387571544
1710802123.2290304,-0.2421116828918457
1710802123.2291434,-0.14089114136166042
1710802123.2292562,-0.03967061224910948
1710802123.2293692,0.06191227585077286
1710802123.2294822,0.16350292497211033
1710802123.2295952,0.2654438879754808
1710802123.229708,0.3666842314932081
1710802123.229821,0.4672239555252923
1710802123.229934,0.5674133698145548
1710802123.230047,0.6665517886479696
1710802123.2301598,0.7663908931944106
1710802123.2302728,0.8648287587695651
1710802123.2303858,0.9636169009738498
1710802123.2304988,1.0624050431781344
1710802123.2306116,1.1618937386406791
1710802123.2307246,1.260681947072347
1710802123.2308376,1.3584191269344754
1710802123.2309506,1.4554557535383437
1710802123.2310634,1.5503904554578993
1710802123.2311764,1.6439239184061685
1710802123.2312894,1.7353554566701253
1710802123.2314024,1.8250355455610487
1710802123.2315152,1.9140149487389457
1710802123.2316282,2.00264400906033
1710802123.2317412,2.0905725161234536
1710802123.2318542,2.1774499946170383
1710802123.231967,2.2636267873975964
1710802123.23208,2.3477019204033747
1710802123.232193,2.4310763676961265
1710802123.232306,2.509896755218506
1710802123.2324188,2.5866150856018066
1710802123.2325318,2.66158209906684
1710802123.2326448,2.733746369679769
1710802123.2327578,2.803808848063151
1710802123.2328706,2.8717695342169867
1710802123.2329836,2.9404309060838485
1710802123.2330966,3.007690906524658
1710802123.2332096,3.072848849826389
1710802123.2333224,3.137656847635905
1710802123.2334354,3.1989614168802896
1710802123.2335484,3.2581644588046603
1710802123.2336614,3.314564757876926
1710802123.2337742,3.368162579006619
1710802123.2338872,3.4179067611694336
1710802123.2340002,3.4673009978400335
1710802123.2341132,3.514593177371555
1710802123.234226,3.5604839854770236
1710802123.234339,3.6053241623772516
1710802123.234452,3.6494633886549206
1710802123.234565,3.6918512980143228
1710802123.2346778,3.731786939832899
1710802123.2347908,3.770671685536702
1710802123.2349038,3.8053525818718805
1710802123.2350168,3.8372310002644854
1710802123.2351296,3.8659567303127713
1710802123.2352426,3.892230192820231
1710802123.2353556,3.9167520734998913
1710802123.2354684,3.9409234788682723
1710802123.2355814,3.96264288160536
1710802123.2356944,3.9836615986294217
1710802123.2358074,4.003979894849989
1710802123.2359202,4.0214954482184515
1710802123.2360332,4.039011001586914
1710802123.2361462,4.05302365620931
1710802123.2362592,4.064934253692627
1710802123.236372,4.073692162831624
1710802123.236485,4.079647329118517
1710802123.236598,4.083150492774116
1710802123.236711,4.085952970716688
1710802123.2368238,4.085952970716688
1710802123.2369368,4.086653656429714
1710802123.2370498,4.085252285003662
1710802123.2371628,4.083851178487142
1710802123.2372756,4.08069822523329
1710802123.2373886,4.076144165462917
1710802123.2375016,4.069138103061252
1710802123.2376146,4.060029718610975
1710802123.2377274,4.048119121127658
1710802123.2378404,4.033756521013048
1710802123.2379534,4.017642074161105
1710802123.2380664,4.001177416907416
1710802123.2381792,3.9843622843424478
1710802123.2382922,3.9675474166870117
1710802123.2384052,3.950732284122043
1710802123.2385182,3.9328662554423013
1710802123.238631,3.9135991202460394
1710802123.238744,3.892580403221978
1710802123.238857,3.8677083121405706
1710802123.23897,3.8403839535183377
1710802123.2390828,3.8102568520439997
1710802123.2391958,3.7790791193644204
1710802123.2393088,3.7450989087422686
1710802123.2394218,3.711819118923611
1710802123.2395346,3.6764375368754068
1710802123.2396476,3.643157747056749
1710802123.2397606,3.608126640319824
1710802123.2398736,3.5709934764438205
1710802123.2399864,3.5324592060512967
1710802123.2400994,3.4904215070936413
1710802123.2402124,3.4462822808159723
1710802123.2403255,3.397938940260145
1710802123.2404382,3.3481947580973306
1710802123.2405512,3.2977496253119574
1710802123.2406642,3.24660407172309
1710802123.2407773,3.1951080428229437
1710802123.24089,3.1443126996358233
1710802123.241003,3.0921162499321833
1710802123.241116,3.0402700106302896
1710802123.241229,2.984920607672797
1710802123.2413418,2.9278196228875055
1710802123.2414548,2.8682663705613876
1710802123.2415679,2.806961801317003
1710802123.2416809,2.7435551749335394
1710802123.2417936,2.6783969667222762
1710802123.2419066,2.6139394442240396
1710802123.2420197,2.5477303398980036
1710802123.2421327,2.4818717108832464
1710802123.2422454,2.414961920844184
1710802123.2423584,2.3477019204033747
1710802123.2424715,2.2776394420199924
1710802123.2425845,2.2051246960957847
1710802123.2426972,2.13050815794203
1710802123.2428102,2.05413990550571
1710802123.2429233,1.9746189647250705
1710802123.2430363,1.8950980239444308
1710802123.243149,1.8138255013359916
1710802123.243262,1.7329033215840657
1710802123.243375,1.6509301132626004
1710802123.243488,1.5675557984246147
1710802123.2436008,1.4838310082753499
1710802123.2437139,1.3980044258965385
1710802123.2438269,1.3114772902594671
1710802123.2439399,1.2231985727945964
1710802123.2440526,1.133868826760186
1710802123.2441657,1.0431378417544894
1710802123.2442787,0.9520565801196628
1710802123.2443917,0.8595740132861667
1710802123.2445045,0.7656902737087673
1710802123.2446175,0.6732077731026543
1710802123.2447305,0.579674310154385
1710802123.2448435,0.4847395751211378
1710802123.2449563,0.38875391085942584
1710802123.2450693,0.2924179699685838
1710802123.2451823,0.19643230570687187
1710802123.2452953,0.09904541075229645
1710802123.245408,0.0013081985525786877
1710802123.245521,-0.09605990515814887
1710802123.245634,-0.19377799497710332
1710802123.245747,-0.2928970588578118
1710802123.2458599,-0.39026492171817356
1710802123.2459729,-0.4897342456711663
1710802123.246086,-0.588152805964152
1710802123.246199,-0.6862211889690822
1710802123.2463117,-0.7832387420866225
1710802123.2464247,-0.8799061510297987
1710802123.2465377,-0.9762232171164619
1710802123.2466507,-1.0711393753687541
1710802123.2467635,-1.1664058102501762
1710802123.2468765,-1.2616721789042156
1710802123.2469895,-1.3572887579600017
1710802123.2471025,-1.4529054694705539
1710802123.2472153,-1.548872258928087
1710802123.2473283,-1.6430879963768852
1710802123.2474413,-1.7387045754326713
1710802123.2475543,-1.8315192063649495
1710802123.247667,-1.9236334164937336
1710802123.24778,-2.013996442159017
1710802123.247893,-2.102608150906033
1710802123.248006,-2.1908696492513022
1710802123.2481189,-2.277379830678304
1710802123.248232,-2.3638902770148382
1710802123.248345,-2.4507506688435874
1710802123.248458,-2.5358600086636014
1710802123.2485707,-2.6195685068766275
1710802123.2486837,-2.7011752128601074
1710802123.2487967,-2.7810308668348522
1710802123.2489097,-2.8573841518825955
1710802123.2490225,-2.9323363304138184
1710802123.2491355,-3.004136350419786
1710802123.2492485,-3.07383484310574
1710802123.2493615,-3.143183390299479
1710802123.2494743,-3.2100799348619247
1710802123.2495873,-3.2766262690226235
1710802123.2497003,-3.3417717615763345
1710802123.2498133,-3.4055161476135254
1710802123.249926,-3.467159006330702
1710802123.250039,-3.5281014442443848
1710802123.250152,-3.5844908820258246
1710802123.2502651,-3.639129002888997
1710802123.250378,-3.6902644899156356
1710802123.250491,-3.7392987145317926
1710802123.250604,-3.786581622229682
1710802123.250717,-3.8321134779188366
1710802123.2508297,-3.876944647894965
1710802123.2509427,-3.9193240801493325
1710802123.2510557,-3.961353302001953
1710802123.2511687,-4.000931051042345
1710802123.2512815,-4.038056797451443
1710802123.2513945,-4.0741319126553
1710802123.2515075,-4.106704658932156
1710802123.2516205,-4.13682566748725
1710802123.2517333,-4.164144727918837
1710802123.2518463,-4.190062681833903
1710802123.2519593,-4.212828742133246
1710802123.2520723,-4.235594537523058
1710802123.252185,-4.256959491305881
1710802123.252298,-4.276573128170437
1710802123.2524111,-4.295136133829753
1710802123.2525241,-4.3122980329725475
1710802123.252637,-4.327358404795329
1710802123.25275,-4.340317514207628
1710802123.252863,-4.348022937774658
1710802123.252976,-4.353977044423421
1710802123.2530887,-4.357129202948676
1710802123.2532017,-4.358880519866943
1710802123.2533147,-4.357129202948676
1710802123.2534277,-4.355377886030409
1710802123.2535405,-4.352575937906901
1710802123.2536535,-4.348373148176405
1710802123.2537665,-4.343119462331136
1710802123.2538795,-4.336114459567599
1710802123.2539923,-4.327708615197076
1710802123.2541053,-4.316500822703044
1710802123.2542183,-4.302491082085504
1710802123.2543314,-4.284978972540961
1710802123.2544441,-4.266415966881646
1710802123.2545571,-4.245751698811849
1710802123.2546701,-4.224736955430773
1710802123.2547832,-4.202321370442708
1710802123.254896,-4.180255995856391
1710802123.255009,-4.156789514753553
1710802123.255122,-4.132973088158502
1710802123.255235,-4.106354448530409
1710802123.2553477,-4.076583650377062
1710802123.2554607,-4.043660693698459
1710802123.2555737,-4.007935788896349
1710802123.2556868,-3.9701096216837564
1710802123.2557995,-3.9308820830451117
1710802123.2559125,-3.8899034923977323
1710802123.2560256,-3.8492753770616317
1710802123.2561386,-3.8082967864142523
1710802123.2562513,-3.767318195766873
1710802123.2563643,-3.7245885531107583
1710802123.2564774,-3.680808014339871
1710802123.2565904,-3.632824420928955
1710802123.2567031,-3.5830897755093045
1710802123.2568161,-3.529502550760905
1710802123.2569292,-3.4741640090942383
1710802123.2570422,-3.4170741505093045
1710802123.257155,-3.358583450317383
1710802123.257268,-3.2993920644124346
1710802123.257381,-3.239850733015272
1710802123.257494,-3.1792585055033364
1710802123.2576067,-3.1179655922783747
1710802123.2577198,-3.0542212062411838
1710802123.2578328,-2.987674872080485
1710802123.2579458,-2.9186768001980252
1710802123.2580585,-2.8472269905938044
1710802123.2581716,-2.773675653669569
1710802123.2582846,-2.6983732647365994
1710802123.2583976,-2.6223704550001354
1710802123.2585104,-2.5463673803541393
1710802123.2586234,-2.4700140953063965
1710802123.2587364,-2.3919097582499185
1710802123.2588494,-2.3134552107916937
1710802123.2589622,-2.234299977620443
1710802123.2590752,-2.1526930067274304
1710802123.2591882,-2.0689847734239364
1710802123.2593012,-1.9828246699439154
1710802123.259414,-1.8959641456604004
1710802123.259527,-1.8073524369133842
1710802123.25964,-1.718390385309855
1710802123.259753,-1.627677149242825
1710802123.2598658,-1.5366137027740479
1710802123.2599788,-1.4448498355017767
1710802123.2600918,-1.3516848617129855
1710802123.2602048,-1.2571190463172064
1710802123.2603176,-1.1622028880649142
1710802123.2604306,-1.064834992090861
1710802123.2605436,-0.9674671623441908
1710802123.2606566,-0.8679978052775065
1710802123.2607694,-0.7685285144382052
1710802123.2608824,-0.668358736568027
1710802123.2609954,-0.5671381950378418
1710802123.2611084,-0.466267897023095
1710802123.2612212,-0.36364638143115574
1710802123.2613342,-0.2603243788083394
1710802123.2614472,-0.15840335024727714
1710802123.2615602,-0.0557818387945493
1710802123.261673,0.046848836872312755
1710802123.261786,0.149840729104148
1710802123.261899,0.2514313823646969
1710802123.262012,0.35337236192491317
1710802123.2621248,0.4553133249282837
1710802123.2622378,0.5576045645607842
1710802123.2623508,0.660596489906311
1710802123.2624638,0.7621871100531684
1710802123.2625766,0.8651790353986952
1710802123.2626896,0.9664193789164225
1710802123.2628026,1.0676597224341497
1710802123.2629156,1.1664479308658176
1710802123.2630284,1.264535453584459
1710802123.2631414,1.360521051618788
1710802123.2632544,1.4558060963948567
1710802123.2633674,1.5507407983144124
1710802123.2634802,1.645325157377455
1710802123.2635932,1.7392089631822374
1710802123.2637062,1.8327424261305068
1710802123.2638192,1.9259255462222629
1710802123.263932,2.0166565312279596
1710802123.264045,2.1059862772623696
1710802123.264158,2.192163070042928
1710802123.264271,2.27623807059394
1710802123.2643838,2.3582114113701715
1710802123.2644968,2.4391335911220975
1710802123.2646098,2.517253292931451
1710802123.2647228,2.595723205142551
1710802123.2648356,2.673142221238878
1710802123.2649486,2.749160130818685
1710802123.2650616,2.8248275650872126
1710802123.2651746,2.898743682437473
1710802123.2652874,2.970207267337375
1710802123.2654004,3.038868639204237
1710802123.2655134,3.1040268474155
1710802123.2656264,3.1667327880859375
1710802123.2657392,3.2262857755025225
1710802123.2658522,3.284437656402588
1710802123.2659652,3.3415386411878796
1710802123.2660782,3.396537833743625
1710802123.266191,3.4508363405863443
1710802123.266304,3.503383265601264
1710802123.266417,3.553477923075358
1710802123.26653,3.6014707883199053
1710802123.2666428,3.645960489908854
1710802123.2667558,3.6883481343587237
1710802123.2668688,3.727232880062527
1710802123.2669818,3.7633151478237576
1710802123.2670946,3.797295358445909
1710802123.2672076,3.829874462551541
1710802123.2673206,3.860701984829373
1710802123.2674336,3.8911792967054577
1710802123.2675464,3.919904761844211
1710802123.2676594,3.947229120466444
1710802123.2677724,3.973152372572157
1710802123.2678854,3.996623357137044
1710802123.2679982,4.018342759874132
1710802123.2681112,4.035507837931315
1710802123.2682242,4.051272074381511
1710802123.2683372,4.065284464094374
1710802123.26845,4.077195061577691
1710802123.268563,4.088054762946235
1710802123.268676,4.0978635682000055
1710802123.268789,4.106271002027723
1710802123.2689018,4.113627804650201
1710802123.2690148,4.120984342363146
1710802123.2691278,4.125538402133517
1710802123.2692409,4.127640194363064
1710802123.2693536,4.127640194363064
1710802123.2694666,4.124137030707465
1710802123.2695796,4.117831389109294
1710802123.2696927,4.108723269568549
1710802123.2698054,4.099264939626058
1710802123.2699184,4.088054762946235
1710802123.2700315,4.076494640774197
1710802123.2701445,4.064233567979601
1710802123.2702572,4.051272074381511
1710802123.2703702,4.0369092093573675
1710802123.2704833,4.0207947625054254
1710802123.2705963,4.00187783771091
1710802123.270709,3.979808224572076
1710802123.270822,3.955286343892415
1710802123.270935,3.9290128813849554
1710802123.271048,3.900987837049696
1710802123.2711608,3.87261258231269
1710802123.2712739,3.842835956149631
1710802123.2713869,3.8137600156995983
1710802123.2714999,3.784333864847819
1710802123.2716126,3.753856552971734
1710802123.2717257,3.7216279241773815
1710802123.2718387,3.6869470278422036
1710802123.2719517,3.650164074367947
1710802123.2720644,3.6095277468363443
1710802123.2721775,3.5667896270751953
1710802123.2722905,3.522650400797526
1710802123.2724035,3.476409117380778
1710802123.2725163,3.4322696261935763
1710802123.2726293,3.385678132375081
1710802123.2727423,3.3404877450731063
1710802123.2728553,3.293545775943332
1710802123.272968,3.244852489895291
1710802123.273081,3.1940571467081704
1710802123.273194,3.1404593255784774
1710802123.273307,3.085109922620985
1710802123.2734199,3.026607831319173
1710802123.2735329,2.9667043685913086
1710802123.2736459,2.9053995344373913
1710802123.273759,2.8433942794799805
1710802123.2738717,2.782089445326063
1710802123.2739847,2.719733979966905
1710802123.2740977,2.6570280392964682
1710802123.2742107,2.593270937601725
1710802123.2743235,2.526361412472195
1710802123.2744365,2.457700040605333
1710802123.2745495,2.3848350842793784
1710802123.2746625,2.3109189669291177
1710802123.2747753,2.2349013222588434
1710802123.2748883,2.1581828594207764
1710802123.2750013,2.080063157611423
1710802123.2751143,2.0015931129455566
1710802123.275227,1.9238236215379503
1710802123.27534,1.8439524703555636
1710802123.275453,1.764081186718411
1710802123.275566,1.6817576355404324
1710802123.2756789,1.5976826349894204
1710802123.275792,1.5125567383236356
1710802123.275905,1.426029470231798
1710802123.276018,1.3384513060251872
1710802123.2761307,1.2501725885603163
1710802123.2762437,1.1615435282389324
1710802123.2763567,1.072213782204522
1710802123.2764697,0.9818331400553385
1710802123.2765825,0.8911021550496419
1710802123.2766955,0.7996706167856852
1710802123.2768085,0.7064874304665459
1710802123.2769213,0.6133043103747897
1710802123.2770343,0.5183695753415426
1710802123.2771473,0.4216832915941874
1710802123.2772603,0.3253473507033454
1710802123.277373,0.2276101377275255
1710802123.277486,0.1298729164732827
1710802123.277599,0.031084768060180876
1710802123.277712,-0.06804038253095415
1710802123.2778249,-0.1671594546900855
1710802123.277938,-0.2673292491171095
1710802123.278051,-0.36714881658554077
1710802123.278164,-0.4666181405385335
1710802123.2782767,-0.5657372209760878
1710802123.2783897,-0.664856301413642
1710802123.2785027,-0.7632748285929362
1710802123.2786157,-0.8613432115978664
1710802123.2787285,-0.9594115283754137
1710802123.2788415,-1.057830121782091
1710802123.2789545,-1.1569492022196453
1710802123.2790675,-1.2539667553371854
1710802123.2791803,-1.3516848617129855
1710802123.2792933,-1.4480019940270317
1710802123.2794063,-1.542918152279324
1710802123.2795193,-1.6360831260681152
1710802123.279632,-1.7285475465986464
1710802123.279745,-1.8192606502109103
1710802123.279858,-1.9096236758761935
1710802123.2799711,-1.9985857274797227
1710802123.280084,-2.087897857030233
1710802123.280197,-2.175809144973755
1710802123.28031,-2.264420986175537
1710802123.280423,-2.350931167602539
1710802123.2805357,-2.436040507422553
1710802123.2806487,-2.5193985303243003
1710802123.2807617,-2.6003050804138184
1710802123.2808747,-2.67910983827379
1710802123.2809875,-2.75581333372328
1710802123.2811005,-2.83111572265625
1710802123.2812135,-2.904667059580485
1710802123.2813265,-2.978568606906467
1710802123.2814393,-3.051419258117676
1710802123.2815523,-3.1228690677218967
1710802123.2816653,-3.1929180357191296
1710802123.2817783,-3.261215421888563
1710802123.281891,-3.3267111248440213
1710802123.282004,-3.389404879675971
1710802123.2821171,-3.450347317589654
1710802123.2822301,-3.506736490461561
1710802123.282343,-3.563125928243001
1710802123.282456,-3.6167131529914007
1710802123.282569,-3.6685493257310653
1710802123.282682,-3.719334867265489
1710802123.2827947,-3.7683688269721136
1710802123.2829077,-3.8163524203830295
1710802123.2830207,-3.862584696875678
1710802123.2831337,-3.9056645499335394
1710802123.2832465,-3.946643140580919
1710802123.2833595,-3.9851699935065374
1710802123.2834725,-4.020544687906901
1710802123.2835855,-4.053117434183757
1710802123.2836983,-4.083588653140597
1710802123.2838113,-4.113008975982666
1710802123.2839243,-4.140678246815999
1710802123.2840374,-4.167296886444092
1710802123.2841501,-4.192164209153917
1710802123.2842631,-4.215630690256755
1710802123.2843761,-4.238046275244819
1710802123.2844892,-4.256959491305881
1710802123.284602,-4.273420969645183
1710802123.284715,-4.287080499860975
1710802123.284828,-4.298288292355007
1710802123.284941,-4.307394557529025
1710802123.2850537,-4.3136988745795355
1710802123.2851667,-4.3200034565395775
1710802123.2852798,-4.324556456671821
1710802123.2853928,-4.328409300910102
1710802123.2855055,-4.331911669837104
1710802123.2856185,-4.333312511444092
1710802123.2857316,-4.333312511444092
1710802123.2858446,-4.331561459435357
1710802123.2859573,-4.3256073527865935
1710802123.2860703,-4.31720150841607
1710802123.2861834,-4.306343926323785
1710802123.2862964,-4.294785658518474
1710802123.2864091,-4.280075497097439
1710802123.2865222,-4.266065756479899
1710802123.2866352,-4.251005384657118
1710802123.2867482,-4.234543906317817
1710802123.286861,-4.218082427978516
1710802123.286974,-4.198468526204427
1710802123.287087,-4.1774540477328825
1710802123.2872,-4.152586725023058
1710802123.2873127,-4.125267664591472
1710802123.2874258,-4.0944462352328825
1710802123.2875388,-4.061873488956027
1710802123.2876518,-4.027549425760905
1710802123.2877645,-3.9928754170735674
1710802123.2878776,-3.957850933074951
1710802123.2879906,-3.9217758178710938
1710802123.2881036,-3.8857007026672363
1710802123.2882164,-3.8471738497416177
1710802123.2883294,-3.807245890299479
1710802123.2884424,-3.7648664580451117
1710802123.2885554,-3.719334867265489
1710802123.2886682,-3.6717014842563205
1710802123.2887812,-3.6216166284349227
1710802123.2888942,-3.570481141408284
1710802123.2890072,-3.5186449686686196
1710802123.28912,-3.466458585527208
1710802123.289233,-3.4142722023857965
1710802123.289346,-3.3617356088426376
1710802123.289459,-3.306747277577718
1710802123.2895718,-3.250357839796278
1710802123.2896848,-3.1911667188008623
1710802123.2897978,-3.1284729639689126
1710802123.2899108,-3.064028157128228
1710802123.2900236,-2.996430926852756
1710802123.2901366,-2.928483751085069
1710802123.2902496,-2.8594856792026095
1710802123.2903626,-2.7897869216071234
1710802123.2904754,-2.719388008117676
1710802123.2905884,-2.648638619316949
1710802123.2907014,-2.576138178507487
1710802123.2908144,-2.5022366311815047
1710802123.2909272,-2.426934242248535
1710802123.2910402,-2.34707858827379
1710802123.2911532,-2.267573144700792
1710802123.2912662,-2.185615963406033
1710802123.291379,-2.10295836130778
1710802123.291492,-2.018549574746026
1710802123.291605,-1.9348412089877658
1710802123.291718,-1.8497320016225178
1710802123.2918308,-1.7635718981424966
1710802123.2919438,-1.6763611634572346
1710802123.2920568,-1.5877493222554524
1710802123.2921698,-1.4977366394466824
1710802123.2922826,-1.4056224293178983
1710802123.2923956,-1.31210724512736
1710802123.2925086,-1.217891640133328
1710802123.2926216,-1.1226252714792888
1710802123.2927344,-1.0270086261961195
1710802123.2928474,-0.9299910068511963
1710802123.2929604,-0.832973387506273
1710802123.2930734,-0.7349050707287258
1710802123.2931862,-0.6364864773220485
1710802123.2932992,-0.5373674299981859
1710802123.2934122,-0.4392990801069471
1710802123.2935252,-0.33947954575220746
1710802123.293638,-0.23930973476833767
1710802123.293751,-0.14019065433078343
1710802123.293864,-0.040721346934636436
1710802123.293977,0.05981040083699756
1710802123.2940898,0.16035012072987026
1710802123.2942028,0.2615904476907518
1710802123.2943158,0.36318110095130074
1710802123.2944288,0.46477175421184963
1710802123.2945416,0.5667126841015285
1710802123.2946546,0.6679530276192559
1710802123.2947676,0.7677921321656969
1710802123.2948806,0.8665802743699815
1710802123.2949934,0.9657187594307793
1710802123.2951064,1.0634559392929077
1710802123.2952194,1.160842842525906
1710802123.2953324,1.2589303652445476
1710802123.2954452,1.3566675451066759
1710802123.2955582,1.4540545145670574
1710802123.2956712,1.5503904554578993
1710802123.2957842,1.6460258430904813
1710802123.295897,1.7388586203257241
1710802123.29601,1.829589605331421
1710802123.296123,1.9189193513658311
1710802123.296236,2.0043955908881292
1710802123.2963488,2.0905725161234536
1710802123.2964618,2.173946830961439
1710802123.2965748,2.258021831512451
1710802123.2966878,2.341396278805203
1710802123.2968006,2.4240700403849282
1710802123.2969136,2.5053426954481335
1710802123.2970266,2.583812607659234
1710802123.2971396,2.6601807276407876
1710802123.2972524,2.733746369679769
1710802123.2973654,2.8052102194892035
1710802123.2974784,2.8742218017578125
1710802123.2975914,2.9411313268873425
1710802123.2977042,3.0069902208116317
1710802123.2978172,3.0717979537116156
1710802123.2979302,3.1359052658081055
1710802123.2980433,3.199311892191569
1710802123.298156,3.260266251034207
1710802123.298269,3.320169713762071
1710802123.298382,3.3765700128343368
1710802123.298495,3.431218730078803
1710802123.2986078,3.4820140732659235
1710802123.2987208,3.5296564631991916
1710802123.2988338,3.5758977466159396
1710802123.2989469,3.6203874482048883
1710802123.2990596,3.6634760432773166
1710802123.2991726,3.7055134773254395
1710802123.2992857,3.745449119144016
1710802123.2993987,3.7850345505608454
1710802123.2995114,3.8214670287238226
1710802123.2996244,3.8564981354607477
1710802123.2997375,3.889077239566379
1710802123.2998505,3.9174524943033853
1710802123.2999632,3.9444266425238714
1710802123.3000762,3.9678976270887585
1710802123.3001893,3.9899672402275934
1710802123.3003023,4.009935061136882
1710802123.300415,4.02815130021837
1710802123.300528,4.046017328898112
1710802123.300641,4.061431090037028
1710802123.300754,4.076494640774197
1710802123.3008668,4.0905070304870605
1710802123.3009799,4.10206741756863
1710802123.3010929,4.110474851396349
1710802123.3012059,4.116430282592773
1710802123.3013186,4.120283656650119
1710802123.3014317,4.120984342363146
1710802123.3015447,4.11993318133884
1710802123.3016577,4.117831389109294
1710802123.3017704,4.115379121568468
1710802123.3018835,4.111525747511122
1710802123.3019965,4.106971687740749
1710802123.3021095,4.101366731855604
1710802123.3022223,4.094710879855685
1710802123.3023353,4.085952970716688
1710802123.3024483,4.0743925836351185
1710802123.3025613,4.060029718610975
1710802123.302674,4.042864640553792
1710802123.302787,4.023597240447998
1710802123.3029,4.003979894849989
1710802123.303013,3.9833113882276745
1710802123.3031259,3.9629933569166393
1710802123.3032389,3.9419743749830456
1710802123.3033519,3.919904761844211
1710802123.303465,3.896433777279324
1710802123.3035777,3.8715616861979165
1710802123.3036907,3.842835956149631
1710802123.3038037,3.811308013068305
1710802123.3039167,3.777327537536621
1710802123.3040295,3.7408950593736434
1710802123.3041425,3.7016601032680936
1710802123.3042555,3.662074671851264
1710802123.3043685,3.6228397157457137
1710802123.3044813,3.5829040739271374
1710802123.3045943,3.542968432108561
1710802123.3047073,3.5016316837734647
1710802123.3048203,3.4581928782992892
1710802123.304933,3.412301805284288
1710802123.305046,3.3643089400397406
1710802123.305159,3.3124627007378473
1710802123.305272,3.2595655653211804
1710802123.3053849,3.2052670584784613
1710802123.305498,3.150618341233995
1710802123.305611,3.0945682525634766
1710802123.305724,3.0395693249172635
1710802123.3058367,2.984219921959771
1710802123.3059497,2.9274691475762262
1710802123.3060627,2.868967056274414
1710802123.3061757,2.8090635935465493
1710802123.3062885,2.7449562814500594
1710802123.3064015,2.6804987589518228
1710802123.3065145,2.6125383377075195
1710802123.3066275,2.543176280127631
1710802123.3067403,2.473464012145996
1710802123.3068533,2.403401533762614
1710802123.3069663,2.3329888449774847
1710802123.3070793,2.261174784766303
1710802123.307192,2.1886600388420954
1710802123.307305,2.114043368233575
1710802123.307418,2.037324905395508
1710802123.307531,1.9588549931844075
1710802123.307644,1.8768817848629422
1710802123.307757,1.7935073375701904
1710802123.30787,1.7090821266174316
1710802123.307983,1.622554858525594
1710802123.3080957,1.5353270371754963
1710802123.3082087,1.448449558681912
1710802123.3083217,1.3601707087622747
1710802123.3084347,1.2711913055843778
1710802123.3085475,1.1815113491482205
1710802123.3086605,1.0900797446568806
1710802123.3087735,0.9972469011942545
1710802123.3088865,0.9044140577316284
1710802123.3089993,0.8098296324412028
1710802123.3091123,0.7145446538925171
1710802123.3092253,0.6185589896308051
1710802123.3093383,0.5229236351119148
1710802123.309451,0.4251864221360948
1710802123.309564,0.3274492091602749
1710802123.3096771,0.2297120127413008
1710802123.3097901,0.1316244817442364
1710802123.309903,0.032836331261528864
1710802123.310016,-0.06663940432998869
1710802123.310129,-0.16610872414377
1710802123.310242,-0.2659282750553555
1710802123.3103547,-0.3660980860392253
1710802123.3104677,-0.466267897023095
1710802123.3105807,-0.5667879184087118
1710802123.3106937,-0.668358736568027
1710802123.3108065,-0.7685285144382052
1710802123.3109195,-0.8697490559683906
1710802123.3110325,-0.9709695974985758
1710802123.3111455,-1.0707891649670072
1710802123.3112583,-1.1692077583736844
1710802123.3113713,-1.2662253114912245
1710802123.3114843,-1.3628926542070177
1710802123.3115973,-1.45850936571757
1710802123.3117101,-1.5537757343716092
1710802123.3118231,-1.6490421030256484
1710802123.3119361,-1.7443084716796875
1710802123.3120492,-1.8399250507354736
1710802123.312162,-1.9337905777825248
1710802123.312275,-2.026605208714803
1710802123.312388,-2.119069629245334
1710802123.312501,-2.2094326549106174
1710802123.3126137,-2.2976941532558866
1710802123.3127267,-2.3835039138793945
1710802123.3128397,-2.4682630432976618
1710802123.3129528,-2.5516210661994085
1710802123.3130655,-2.6339284578959146
1710802123.3131785,-2.7155351638793945
1710802123.3132915,-2.79679192437066
1710802123.3134046,-2.8755966822306314
1710802123.3135173,-2.9533510737948947
1710802123.3136303,-3.0279530419243708
1710802123.3137434,-3.100803693135579
1710802123.3138564,-3.170502185821533
1710802123.3139691,-3.235997888776991
1710802123.3140821,-3.300442960527208
1710802123.3141952,-3.3634866608513727
1710802123.3143082,-3.4247795740763345
1710802123.314421,-3.48537180158827
1710802123.314534,-3.544212712181939
1710802123.314647,-3.602002991570367
1710802123.31476,-3.658392164442274
1710802123.3148727,-3.7126800749037
1710802123.3149858,-3.7641660372416177
1710802123.3150988,-3.812499576144748
1710802123.3152118,-3.860483169555664
1710802123.3153245,-3.903212812211778
1710802123.3154376,-3.944891823662652
1710802123.3155506,-3.9844695727030435
1710802123.3156636,-4.022996425628662
1710802123.3157763,-4.060122172037761
1710802123.3158894,-4.095146656036377
1710802123.3160024,-4.12912024392022
1710802123.3161154,-4.160992569393581
1710802123.3162282,-4.190413157145183
1710802123.3163412,-4.21738174226549
1710802123.3164542,-4.240848223368327
1710802123.3165672,-4.262563387552897
1710802123.31668,-4.2804257074991865
1710802123.316793,-4.29653697543674
1710802123.316906,-4.31054671605428
1710802123.317019,-4.3235058254665795
1710802123.3171318,-4.335414038764106
1710802123.3172448,-4.345921410454644
1710802123.3173578,-4.356078571743435
1710802123.3174708,-4.362382888793945
1710802123.3175836,-4.368336995442708
1710802123.3176966,-4.370438522762722
1710802123.3178096,-4.3697381019592285
1710802123.3179226,-4.366585678524441
1710802123.3180354,-4.360281361473931
1710802123.3181484,-4.353626834021674
1710802123.3182614,-4.344870779249403
1710802123.3183742,-4.336114459567599
1710802123.3184872,-4.3256073527865935
1710802123.3186002,-4.314749770694308
1710802123.3187132,-4.303191502888997
1710802123.318826,-4.289181762271457
1710802123.318939,-4.272370073530409
1710802123.319052,-4.252756436665853
1710802123.319165,-4.230340851677789
1710802123.3192778,-4.20477310816447
1710802123.3193908,-4.178504678938124
1710802123.3195038,-4.150134987301296
1710802123.3196168,-4.12176529566447
1710802123.3197296,-4.0937455495198565
1710802123.3198426,-4.064325226677789
1710802123.3199556,-4.034204218122694
1710802123.3200686,-4.001631471845839
1710802123.3201814,-3.966957198248969
1710802123.3202944,-3.929131031036377
1710802123.3204074,-3.8874520195855036
1710802123.3205204,-3.844021691216363
1710802123.3206332,-3.798489835527208
1710802123.3207462,-3.7519073486328125
1710802123.3208592,-3.704274230533176
1710802123.3209722,-3.6566411124335394
1710802123.321085,-3.609007994333903
1710802123.321198,-3.5606741905212402
1710802123.321311,-3.5102391242980957
1710802123.321424,-3.45595121383667
1710802123.3215368,-3.3999122513665094
1710802123.3216498,-3.341421286265055
1710802123.3217628,-3.2804788483513727
1710802123.3218758,-3.217785358428955
1710802123.3219886,-3.154040972391764
1710802123.3221016,-3.0892456902398004
1710802123.3222146,-3.0248008833991156
1710802123.3223276,-2.9596553908454046
1710802123.3224404,-2.893459267086453
1710802123.3225534,-2.825862036810981
1710802123.3226664,-2.756163544125027
1710802123.3227794,-2.682962682512071
1710802123.3228922,-2.6087109247843423
1710802123.3230052,-2.5323576397365994
1710802123.3231182,-2.4546035130818686
1710802123.3232312,-2.3750980695088706
1710802123.323344,-2.2952424155341253
1710802123.323457,-2.2150365511576333
1710802123.32357,-2.1341301335228815
1710802123.323683,-2.0521729522281222
1710802123.3237958,-1.9688149293263753
1710802123.3239088,-1.8847563531663682
1710802123.3240218,-1.7989465925428603
1710802123.3241348,-1.709984540939331
1710802123.3242476,-1.6210226217905679
1710802123.3243606,-1.5292586220635307
1710802123.3244736,-1.4371444119347465
1710802123.3245866,-1.3436292277442083
1710802123.3246994,-1.2504643864101834
1710802123.3248124,-1.155548228157891
1710802123.3249254,-1.0595813062455919
1710802123.3250384,-0.9625637531280518
1710802123.3251512,-0.8651958571539985
1710802123.3252642,-0.7667772637473212
1710802123.3253772,-0.668008459938897
1710802123.3254902,-0.5681888924704658
1710802123.325603,-0.4673186275694105
1710802123.325716,-0.36714881658554077
1710802123.325829,-0.2652277880244785
1710802123.325942,-0.16400726305113897
1710802123.3260548,-0.061735990974638194
1710802123.3261678,0.040543207691775426
1710802123.3262808,0.14248417483435735
1710802123.3263938,0.24407482809490627
1710802123.3265066,0.3453151716126336
1710802123.3266196,0.4455045527882046
1710802123.3267326,0.5449933475918239
1710802123.3268456,0.6437814897961086
1710802123.3269584,0.7425696320003933
1710802123.3270714,0.8410074975755479
1710802123.3271844,0.9401459164089626
1710802123.3272974,1.0378831624984741
1710802123.3274102,1.1359706189897325
1710802123.3275232,1.233707931306627
1710802123.3276362,1.329693529340956
1710802123.3277493,1.4242778884039984
1710802123.327862,1.5174611409505208
1710802123.327975,1.6095932324727376
1710802123.328088,1.699273321363661
1710802123.328201,1.7893036206563313
1710802123.3283138,1.8782830238342285
1710802123.3284268,1.9672624270121255
1710802123.3285398,2.0558914873335095
1710802123.3286529,2.1438199943966336
1710802123.3287656,2.2299967871771917
1710802123.3288786,2.314772605895996
1710802123.3289917,2.396044996049669
1710802123.3291047,2.4755660692850747
1710802123.3292174,2.5512335035536022
1710802123.3293304,2.625850041707357
1710802123.3294435,2.698014577229818
1710802123.3295565,2.769127951727973
1710802123.3296692,2.8398911158243814
1710802123.3297822,2.9089026980929904
1710802123.3298953,2.9775640699598522
1710802123.3300083,3.043772909376356
1710802123.330121,3.108580907185872
1710802123.330234,3.16953526602851
1710802123.330347,3.2283878326416016
1710802123.33046,3.284437656402588
1710802123.3305728,3.3376852671305337
1710802123.3306859,3.388480610317654
1710802123.3307989,3.438575267791748
1710802123.3309119,3.4869183434380426
1710802123.3310246,3.5342105229695635
1710802123.3311377,3.580101595984565
1710802123.3312507,3.6242410871717663
1710802123.3313637,3.665577835506863
1710802123.3314764,3.7062141630384655
1710802123.3315895,3.742646641201443
1710802123.3317025,3.776977327134874
1710802123.3318155,3.808855745527479
1710802123.3319283,3.837931685977512
1710802123.3320413,3.8659567303127713
1710802123.3321543,3.892580403221978
1710802123.3322673,3.918853865729438
1710802123.33238,3.9440764321221247
1710802123.332493,3.9675474166870117
1710802123.332606,3.9899672402275934
1710802123.332719,4.010985957251655
1710802123.3328319,4.02850177552965
1710802123.3329449,4.043565061357286
1710802123.3330579,4.057227240668403
1710802123.333171,4.066335360209147
1710802123.3332837,4.074042373233371
1710802123.3333967,4.079647329118517
1710802123.3335097,4.084201388888888
1710802123.3336227,4.088054762946235
1710802123.3337355,4.090857240888807
1710802123.3338485,4.091908401913113
1710802123.3339615,4.092608822716607
1710802123.3340745,4.090156820085314
1710802123.3341873,4.086653656429714
1710802123.3343003,4.07894664340549
1710802123.3344133,4.068437417348226
1710802123.3345263,4.055826134151882
1710802123.334639,4.042514165242513
1710802123.334752,4.026399718390571
1710802123.334865,4.010635746849908
1710802123.334978,3.9948717753092446
1710802123.3350909,3.978056642744276
1710802123.335204,3.9615919854905868
1710802123.335317,3.943375746409098
1710802123.33543,3.922357029385037
1710802123.3355427,3.8985358344184027
1710802123.3356557,3.873663478427463
1710802123.3357687,3.845288223690457
1710802123.3358817,3.815161387125651
1710802123.3359945,3.783633179134793
1710802123.3361075,3.7524554464552136
1710802123.3362205,3.7212774488661022
1710802123.3363335,3.689399030473497
1710802123.3364463,3.657170401679145
1710802123.3365593,3.6235404014587402
1710802123.3366723,3.5874581336975098
1710802123.3367853,3.5482231775919595
1710802123.336898,3.506535953945584
1710802123.337011,3.4630971484714084
1710802123.337124,3.415804968939887
1710802123.3372371,3.3685127894083657
1710802123.33735,3.3205199241638184
1710802123.337463,3.271826638115777
1710802123.337576,3.2241839832729764
1710802123.337689,3.1744395362006292
1710802123.3378017,3.1243448787265353
1710802123.3379147,3.072148429022895
1710802123.3380277,3.0167990260654025
1710802123.3381407,2.9582966698540583
1710802123.3382535,2.8976927863226996
1710802123.3383665,2.8360377417670355
1710802123.3384795,2.772280904981825
1710802123.3385925,2.7088742785983615
1710802123.3387053,2.6440662807888455
1710802123.3388183,2.5792585478888617
1710802123.3389313,2.5141003396775985
1710802123.3390443,2.4475410249498153
1710802123.339157,2.3792301283942328
1710802123.33927,2.308116488986545
1710802123.3393831,2.23385042614407
1710802123.3394961,2.158533069822523
1710802123.339609,2.0814643965827093
1710802123.339722,2.002994351916843
1710802123.339835,1.9238236215379503
1710802123.339948,1.8432517846425374
1710802123.3400607,1.7630301581488714
1710802123.3401737,1.6821079783969455
1710802123.3402867,1.59943421681722
1710802123.3403997,1.5157095591227212
1710802123.3405125,1.4312842157151964
1710802123.3406255,1.3440563943650987
1710802123.3407385,1.256828573015001
1710802123.3408515,1.1671484841240776
1710802123.3409643,1.0767678419748943
1710802123.3410773,0.9860368569691975
1710802123.3411903,0.895305938190884
1710802123.3413033,0.8021227518717448
1710802123.3414161,0.7092899084091187
1710802123.3415291,0.6154061688317193
1710802123.3416421,0.5204714669121636
1710802123.3417552,0.42378518316480845
1710802123.341868,0.32709889941745335
1710802123.341981,0.22936168644163343
1710802123.342094,0.13092385398017034
1710802123.342207,0.032135705567068525
1710802123.3423197,-0.06769013901551564
1710802123.3424327,-0.16785994172096252
1710802123.3425457,-0.2690804832511478
1710802123.3426588,-0.3692502776781718
1710802123.3427715,-0.47012057569291854
1710802123.3428845,-0.5702903535630968
1710802123.3429976,-0.670109921031528
1710802123.3431106,-0.7692290014690822
1710802123.3432233,-0.8672973182466295
1710802123.3433363,-0.9646652142206827
1710802123.3434494,-1.0623832543690999
1710802123.3435624,-1.159050597084893
1710802123.3436751,-1.2553677293989394
1710802123.3437881,-1.3527356253729925
1710802123.3439012,-1.4494029680887859
1710802123.3440142,-1.544669336742825
1710802123.344127,-1.6399357053968642
1710802123.34424,-1.7338010999891493
1710802123.344353,-1.8259153101179335
1710802123.344466,-1.9159281253814697
1710802123.3445787,-2.0052402549319797
1710802123.3446918,-2.0931515428755016
1710802123.3448048,-2.180712620417277
1710802123.3449178,-2.268273565504286
1710802123.3450305,-2.354433536529541
1710802123.3451436,-2.440943982866075
1710802123.3452566,-2.5264035330878363
1710802123.3453696,-2.6090611351860895
1710802123.3454823,-2.6910183164808483
1710802123.3455954,-2.7698230743408203
1710802123.3457084,-2.8472269905938044
1710802123.3458214,-2.92182895872328
1710802123.3459342,-2.995730506049262
1710802123.3460472,-3.067180315653483
1710802123.3461602,-3.138630125257704
1710802123.3462732,-3.208328617943658
1710802123.346386,-3.2769764794243708
1710802123.346499,-3.3452741305033364
1710802123.346612,-3.410069147745768
1710802123.346725,-3.473113112979465
1710802123.3468378,-3.533355130089654
1710802123.3469508,-3.5907951990763345
1710802123.3470638,-3.6454333199395075
1710802123.3471768,-3.697269492679172
1710802123.3472896,-3.7473543485005694
1710802123.3474026,-3.7963885731167264
1710802123.3475156,-3.8429707951015897
1710802123.3476286,-3.889553281995985
1710802123.3477414,-3.9336840311686196
1710802123.3478544,-3.9764139387342663
1710802123.3479674,-4.017042318979899
1710802123.3480804,-4.0548684861924915
1710802123.3481932,-4.0902431805928545
1710802123.3483062,-4.123166137271457
1710802123.3484192,-4.15223651462131
1710802123.3485322,-4.179905785454644
1710802123.348645,-4.20582373936971
1710802123.348758,-4.229990641276042
1710802123.348871,-4.253106647067599
1710802123.348984,-4.274471600850423
1710802123.3490968,-4.294785658518474
1710802123.3492098,-4.3136988745795355
1710802123.3493228,-4.330160352918837
1710802123.3494358,-4.3434696727328825
1710802123.3495486,-4.354327254825168
1710802123.3496616,-4.3620326783921985
1710802123.3497746,-4.367286364237468
1710802123.3498876,-4.370438522762722
1710802123.3500004,-4.372540050082736
1710802123.3501134,-4.372890260484484
1710802123.3502264,-4.372890260484484
1710802123.3503394,-4.372540050082736
1710802123.3504522,-4.370438522762722
1710802123.3505652,-4.366235468122694
1710802123.3506782,-4.3599311510721845
1710802123.3507912,-4.350474675496419
1710802123.350904,-4.337865776485867
1710802123.351017,-4.32210471895006
1710802123.35113,-4.304592609405518
1710802123.351243,-4.285329182942708
1710802123.3513558,-4.264664649963379
1710802123.3514688,-4.243299961090088
1710802123.3515818,-4.221935007307264
1710802123.3516948,-4.1995194223192005
1710802123.3518076,-4.1753525204128685
1710802123.3519206,-4.149084356096056
1710802123.3520336,-4.119663768344455
1710802123.3521466,-4.087791442871094
1710802123.3522594,-4.05241674847073
1710802123.3523724,-4.014590581258138
1710802123.3524854,-3.9760637283325195
1710802123.3525984,-3.936836454603407
1710802123.3527112,-3.8965582847595215
1710802123.3528242,-3.856980800628662
1710802123.3529372,-3.8156519995795355
1710802123.3530502,-3.774323198530409
1710802123.353163,-3.7305426597595215
1710802123.353276,-3.6846605936686196
1710802123.353389,-3.635276158650716
1710802123.353502,-3.5830897755093045
1710802123.3536148,-3.529852761162652
1710802123.3537278,-3.4734633233812118
1710802123.3538408,-3.4177745713127985
1710802123.3539538,-3.3610351880391436
1710802123.3540666,-3.304295539855957
1710802123.3541796,-3.2465052604675293
1710802123.3542926,-3.1880145602756076
1710802123.3544056,-3.1270721223619247
1710802123.3545184,-3.0626270506117077
1710802123.3546314,-2.9953802956475153
1710802123.3547444,-2.925681802961561
1710802123.3548574,-2.8542319933573403
1710802123.3549702,-2.7799802356296115
1710802123.3550832,-2.7050280570983887
1710802123.3551962,-2.6297254032558866
1710802123.3553092,-2.553372383117676
1710802123.355422,-2.476318677266439
1710802123.355535,-2.3982140753004284
1710802123.355648,-2.3180082109239364
1710802123.355761,-2.2374521361456976
1710802123.3558738,-2.1540939807891846
1710802123.3559868,-2.0679340097639294
1710802123.3560998,-1.9810734854804144
1710802123.3562129,-1.8921114338768852
1710802123.3563256,-1.8049006991916232
1710802123.3564386,-1.715588437186347
1710802123.3565516,-1.62522554397583
1710802123.3566647,-1.5334615442487929
1710802123.3567774,-1.4427483081817627
1710802123.3568904,-1.3488829135894775
1710802123.3570035,-1.2550175189971924
1710802123.3571165,-1.159050597084893
1710802123.3572292,-1.06273353099823
1710802123.3573422,-0.9643149375915527
1710802123.3574553,-0.8662466208140055
1710802123.3575683,-0.7664270533455743
1710802123.357681,-0.665906998846266
1710802123.357794,-0.5646864573160807
1710802123.357907,-0.4624151852395799
1710802123.35802,-0.3611946768230862
1710802123.3581328,-0.25822291771570843
1710802123.3582458,-0.15560140212376913
1710802123.3583589,-0.05333013004726834
1710802123.3584719,0.04860039800405502
1710802123.3585846,0.15194260411792332
1710802123.3586977,0.2535332573784722
1710802123.3588107,0.3558245301246643
1710802123.3589237,0.4581158028708564
1710802123.3590364,0.5625089671876695
1710802123.3591495,0.6655008925331963
1710802123.3592625,0.76849275165134
1710802123.3593752,0.8714846769968668
1710802123.3594882,0.9734256400002373
1710802123.3596013,1.072213782204522
1710802123.3597143,1.1713522010379367
1710802123.359827,1.268038484785292
1710802123.35994,1.3643744256761339
1710802123.360053,1.4600098133087158
1710802123.360166,1.5552948580847845
1710802123.3602788,1.6498792171478271
1710802123.3603919,1.7441133658091226
1710802123.3605049,1.837296485900879
1710802123.3606179,1.9290783670213487
1710802123.3607306,2.018057770199246
1710802123.3608437,2.1052855915493436
1710802123.3609567,2.1900612778133817
1710802123.3610697,2.2727349069383407
1710802123.3611825,2.352606190575494
1710802123.3612955,2.4324774742126465
1710802123.3614085,2.510947651333279
1710802123.3615215,2.5894175635443792
1710802123.3616343,2.6668365796407065
1710802123.3617473,2.7428544892205133
1710802123.3618603,2.8174710273742676
1710802123.3619733,2.889285087585449
1710802123.362086,2.9589973555670843
1710802123.362199,3.0252064598931208
1710802123.362312,3.0896639823913574
1710802123.362425,3.1520197126600475
1710802123.3625379,3.2112224896748858
1710802123.3626509,3.2704252666897244
1710802123.362764,3.3285771475897894
1710802123.362877,3.3863788180881076
1710802123.3629897,3.4420784314473467
1710802123.3631027,3.4956762525770397
1710802123.3632157,3.54647159576416
1710802123.3633287,3.5944644610087075
1710802123.3634415,3.6396548483106823
1710802123.3635545,3.681692282358805
1710802123.3636675,3.7209272384643555
1710802123.3637805,3.757710191938612
1710802123.3638933,3.792741298675537
1710802123.3640063,3.827071984608968
1710802123.3641193,3.858950403001573
1710802123.3642323,3.8901281356811523
1710802123.364345,3.9192040761311846
1710802123.364458,3.9461782243516708
1710802123.364571,3.9710505803426104
1710802123.364684,3.9931201934814453
1710802123.3647969,4.012387328677707
1710802123.36491,4.0295526716444225
1710802123.365023,4.044616222381592
1710802123.365136,4.056526819864909
1710802123.3652487,4.068787627749972
1710802123.3653617,4.07894664340549
1710802123.3654747,4.088755448659261
1710802123.3655877,4.097513357798259
1710802123.3657005,4.104869895511203
1710802123.3658135,4.110474851396349
1710802123.3659265,4.1132773293389215
1710802123.3660395,4.113627804650201
1710802123.3661523,4.111876222822401
1710802123.3662653,4.107322163052029
1710802123.3663783,4.100315835740831
1710802123.3664913,4.09225861231486
1710802123.366604,4.0824498070610895
1710802123.366717,4.072641001807319
1710802123.36683,4.062481986151801
1710802123.3669431,4.051272074381511
1710802123.367056,4.038660791185167
1710802123.367169,4.02499861187405
1710802123.367282,4.008183479309082
1710802123.367395,3.98891634411282
1710802123.3675077,3.966146045260959
1710802123.3676207,3.9430255360073514
1710802123.3677337,3.916401598188612
1710802123.3678467,3.889777925279405
1710802123.3679595,3.8631542523701983
1710802123.3680725,3.8365303145514593
1710802123.3681855,3.8085055351257324
1710802123.3682985,3.780480490790473
1710802123.3684113,3.750353389316135
1710802123.3685243,3.7170738644070096
1710802123.3686373,3.680991596645779
1710802123.3687503,3.641756640540229
1710802123.368863,3.6004196272956
1710802123.368976,3.557681507534451
1710802123.3690891,3.5135422812567816
1710802123.3692021,3.46940279006958
1710802123.369315,3.4249130884806314
1710802123.369428,3.381124072604709
1710802123.369541,3.3359336853027344
1710802123.369654,3.289342191484239
1710802123.3697667,3.240999115837945
1710802123.3698797,3.1905539830525713
1710802123.3699927,3.1362554762098522
1710802123.3701057,3.080555862850613
1710802123.3702185,3.0245057741800943
1710802123.3703315,2.966003682878282
1710802123.3704445,2.9089026980929904
1710802123.3705575,2.850050131479899
1710802123.3706703,2.7922484609815807
1710802123.3707833,2.7323452631632485
1710802123.3708963,2.6710404290093317
1710802123.3710093,2.607984277937147
1710802123.3711221,2.541424698299832
1710802123.3712351,2.472062905629476
1710802123.3713481,2.400599055820041
1710802123.3714612,2.3273838890923395
1710802123.371574,2.2527670860290527
1710802123.371687,2.1774499946170383
1710802123.3718,2.1014322174919977
1710802123.371913,2.026114993625217
1710802123.3720257,1.9479952918158636
1710802123.3721387,1.8691749042934842
1710802123.3722517,1.7886030673980713
1710802123.3723648,1.706980201933119
1710802123.3724775,1.6218541728125677
1710802123.3725905,1.5363779332902696
1710802123.3727036,1.448799769083659
1710802123.3728166,1.361221604877048
1710802123.3729293,1.272942887412177
1710802123.3730423,1.1843138270907931
1710802123.3731554,1.0939331849416096
1710802123.3732684,1.0039028194215562
1710802123.3733811,0.9138725201288859
1710802123.3734941,0.8206893338097466
1710802123.3736072,0.7278564903471205
1710802123.3737202,0.6346733702553643
1710802123.373833,0.5400889449649386
1710802123.373946,0.4448039333025614
1710802123.374059,0.34951892164018417
1710802123.374172,0.2538835671212938
1710802123.3742847,0.15684699018796286
1710802123.3743978,0.05981040083699756
1710802123.3745108,-0.037218903501828514
1710802123.3746238,-0.13528724511464438
1710802123.3747365,-0.23370582196447584
1710802123.3748496,-0.33177415529886883
1710802123.3749626,-0.42879177464379203
1710802123.3750756,-0.5272103680504693
1710802123.3751884,-0.6249284744262695
1710802123.3753014,-0.7226465145746866
1710802123.3754144,-0.8203646209504869
1710802123.3755274,-0.9191334909862942
1710802123.3756402,-1.0179022947947185
1710802123.3757532,-1.1166711648305256
1710802123.3758662,-1.2140389283498128
1710802123.3759792,-1.3114068243238661
1710802123.376092,-1.4066731929779053
1710802123.376205,-1.5022897720336914
1710802123.376318,-1.5951045354207356
1710802123.376431,-1.6868684026930068
1710802123.3765438,-1.777581638760037
1710802123.3766568,-1.8689954280853271
1710802123.3767698,-1.959358321295844
1710802123.3768828,-2.0483203728993735
1710802123.3769956,-2.1376325024498835
1710802123.3771086,-2.2255439228481717
1710802123.3772216,-2.3113536834716797
1710802123.3773346,-2.3950619167751737
1710802123.3774474,-2.4773693084716797
1710802123.3775604,-2.5575751728481717
1710802123.3776734,-2.6353292995029025
1710802123.3777864,-2.713083691067166
1710802123.3778992,-2.7897869216071234
1710802123.3780122,-2.8650895754496255
1710802123.3781252,-2.9400417539808483
1710802123.3782382,-3.012892405192057
1710802123.378351,-3.0857433213127985
1710802123.378464,-3.154040972391764
1710802123.378577,-3.222688568962945
1710802123.37869,-3.2874838511149087
1710802123.3788028,-3.3498273955451117
1710802123.3789158,-3.4090185165405273
1710802123.3790288,-3.467859427134196
1710802123.3791418,-3.524599075317383
1710802123.3792546,-3.5799376169840493
1710802123.3793676,-3.634225527445475
1710802123.3794806,-3.687112331390381
1710802123.3795936,-3.7389485041300454
1710802123.3797064,-3.788332939147949
1710802123.3798194,-3.835265636444092
1710802123.3799324,-3.881147437625461
1710802123.3800454,-3.9224762386745877
1710802123.3801582,-3.9617037773132324
1710802123.3802712,-3.9981291029188366
1710802123.3803842,-4.033854007720947
1710802123.3804972,-4.067127174801296
1710802123.38061,-4.099699921078152
1710802123.380723,-4.130171140034993
1710802123.380836,-4.159591462877062
1710802123.380949,-4.186910523308648
1710802123.3810618,-4.2124785317315
1710802123.3811748,-4.235594537523058
1710802123.3812878,-4.255558384789361
1710802123.3814008,-4.273070759243435
1710802123.3815136,-4.286379814147949
1710802123.3816266,-4.298288292355007
1710802123.3817396,-4.307744767930773
1710802123.3818526,-4.315450191497803
1710802123.3819654,-4.322805404663086
1710802123.3820784,-4.328409300910102
1710802123.3821914,-4.333662721845839
1710802123.3823044,-4.337865776485867
1710802123.3824172,-4.338916407691108
1710802123.3825302,-4.337865776485867
1710802123.3826432,-4.334013197157118
1710802123.3827562,-4.327008194393581
1710802123.382869,-4.3179019292195635
1710802123.382982,-4.307744767930773
1710802123.383095,-4.295836554633246
1710802123.383208,-4.283227655622694
1710802123.3833208,-4.270268546210395
1710802123.3834338,-4.2562588055928545
1710802123.3835468,-4.241898854573567
1710802123.3836598,-4.225437376234266
1710802123.3837726,-4.206173949771457
1710802123.3838856,-4.183408154381646
1710802123.3839986,-4.158190621270074
1710802123.3841116,-4.129820929633246
1710802123.3842244,-4.099699921078152
1710802123.3843374,-4.067827595604791
1710802123.3844504,-4.035605059729682
1710802123.3845634,-4.003382788764106
1710802123.3846762,-3.9704598320855036
1710802123.3847892,-3.9364859792921276
1710802123.3849022,-3.9014617602030435
1710802123.3850152,-3.863985538482666
1710802123.385128,-3.8233571582370334
1710802123.385241,-3.781327936384413
1710802123.385354,-3.735095659891764
1710802123.385467,-3.687812752193875
1710802123.3855798,-3.6394792132907443
1710802123.3856928,-3.5907951990763345
1710802123.3858058,-3.541060553656684
1710802123.3859189,-3.4920263290405273
1710802123.3860316,-3.441591262817383
1710802123.3861446,-3.388704458872477
1710802123.3862576,-3.3347667588127985
1710802123.3863707,-3.2776769002278643
1710802123.3864834,-3.218135568830702
1710802123.3865964,-3.1543911827935114
1710802123.3867095,-3.089595900641547
1710802123.3868225,-3.0237499872843423
1710802123.3869352,-2.9568534427218967
1710802123.3870482,-2.889956898159451
1710802123.3871613,-2.821309036678738
1710802123.3872743,-2.753011385599772
1710802123.387387,-2.682261996799045
1710802123.3875,-2.610812187194824
1710802123.387613,-2.536210219065348
1710802123.387726,-2.4595069885253906
1710802123.3878388,-2.3810521761576333
1710802123.3879519,-2.3004961013793945
1710802123.3880649,-2.2192394733428955
1710802123.3881779,-2.1365818712446423
1710802123.3882906,-2.0532237158881292
1710802123.3884037,-1.9698656929863823
1710802123.3885167,-1.8851065635681152
1710802123.3886297,-1.7989465925428603
1710802123.3887424,-1.710334751341078
1710802123.3888555,-1.6210226217905679
1710802123.3889685,-1.5292586220635307
1710802123.3890815,-1.4364439911312528
1710802123.3891943,-1.3415278328789604
1710802123.3893073,-1.2469618850284152
1710802123.3894203,-1.150294542312622
1710802123.3895333,-1.053977409998576
1710802123.389646,-0.9559090932210286
1710802123.389759,-0.8585412634743584
1710802123.389872,-0.7594221830368042
1710802123.389985,-0.660653313000997
1710802123.3900979,-0.5604835351308187
1710802123.3902109,-0.4610142111778259
1710802123.3903239,-0.3608444333076477
1710802123.390437,-0.2596238917774624
1710802123.3905497,-0.15910383727815416
1710802123.3906627,-0.05823354754183027
1710802123.3907757,0.04264508270555072
1710802123.3908887,0.14493635959095424
1710802123.3910015,0.24652701285150316
1710802123.3911145,0.348818302154541
1710802123.3912275,0.4504089223013984
1710802123.3913405,0.5516492658191257
1710802123.3914533,0.6518386469946967
1710802123.3915663,0.7516777515411377
1710802123.3916793,0.8504658937454224
1710802123.3917923,0.9489037593205769
1710802123.391905,1.0466409391827054
1710802123.392018,1.1447285281287298
1710802123.392131,1.2442172898186576
1710802123.392244,1.3426551553938124
1710802123.3923569,1.441092888514201
1710802123.39247,1.5381295151180692
1710802123.392583,1.6323636637793646
1710802123.392696,1.7248460981580946
1710802123.3928087,1.8162777688768175
1710802123.3929217,1.9056073824564614
1710802123.3930347,1.9942365752326117
1710802123.3931477,2.0814643965827093
1710802123.3932605,2.168692217932807
1710802123.3933735,2.255569828881158
1710802123.3934865,2.3417464892069497
1710802123.3935995,2.425821622212728
1710802123.3937123,2.5081451733907065
1710802123.3938253,2.58766598171658
1710802123.3939383,2.66473478741116
1710802123.3940513,2.7390011151631675
1710802123.394164,2.810815175374349
1710802123.394277,2.880527443355984
1710802123.39439,2.94848812950982
1710802123.394503,3.016098340352376
1710802123.394616,3.082657655080159
1710802123.394729,3.148516549004449
1710802123.394842,3.2112224896748858
1710802123.394955,3.2725270589192705
1710802123.3950677,3.330678939819336
1710802123.3951807,3.3870792388916016
1710802123.3952937,3.4399766392178006
1710802123.3954067,3.4897210862901473
1710802123.3955195,3.5366627905103893
1710802123.3956325,3.5829040739271374
1710802123.3957455,3.627743985917833
1710802123.3958585,3.6708325809902616
1710802123.3959713,3.7142713864644366
1710802123.3960843,3.7542070282830133
1710802123.3961973,3.793441984388563
1710802123.3963103,3.830925358666314
1710802123.396423,3.8645553588867188
1710802123.396536,3.895382881164551
1710802123.3966491,3.924458821614583
1710802123.3967621,3.950732284122043
1710802123.396875,3.9745534790886774
1710802123.396988,3.996623357137044
1710802123.397101,4.019043180677626
1710802123.397214,4.040412373012966
1710802123.3973267,4.059329297807482
1710802123.3974397,4.07754553688897
1710802123.3975527,4.094360404544406
1710802123.3976657,4.107672373453776
1710802123.3977785,4.119232760535346
1710802123.3978915,4.127289983961317
1710802123.3980045,4.131143358018663
1710802123.3981175,4.134296046362983
1710802123.3982303,4.134296046362983
1710802123.3983433,4.132894939846462
1710802123.3984563,4.13009246190389
1710802123.3985693,4.125888612535265
1710802123.398682,4.122035238477919
1710802123.3987951,4.11678049299452
1710802123.3989081,4.109774165683322
1710802123.3990211,4.101016521453857
1710802123.399134,4.088755448659261
1710802123.399247,4.074743058946398
1710802123.39936,4.057577715979682
1710802123.399473,4.038660791185167
1710802123.3995857,4.019043180677626
1710802123.3996987,3.9983749389648438
1710802123.3998117,3.9791075388590493
1710802123.3999248,3.9584392971462674
1710802123.4000375,3.937770790523953
1710802123.4001505,3.915701177385118
1710802123.4002635,3.8908288213941784
1710802123.4003766,3.8638546731736922
1710802123.4004893,3.834428522321913
1710802123.4006023,3.8021998935275607
1710802123.4007154,3.768219417995877
1710802123.4008281,3.7321371502346463
1710802123.4009411,3.696055147382948
1710802123.4010541,3.6592721939086914
1710802123.4011672,3.622489505343967
1710802123.40128,3.58570655186971
1710802123.401393,3.5478729671902127
1710802123.401506,3.507586850060357
1710802123.401619,3.4637978341844344
1710802123.4017317,3.4175565507676864
1710802123.4018447,3.3678121036953397
1710802123.4019578,3.3163163397047253
1710802123.4020708,3.2630687289767795
1710802123.4021835,3.2094709078470864
1710802123.4022965,3.154121504889594
1710802123.4024096,3.1001734733581543
1710802123.4025226,3.044824070400662
1710802123.4026353,2.988773981730143
1710802123.4027483,2.930271625518799
1710802123.4028614,2.86966774198744
1710802123.4029744,2.806961801317003
1710802123.4030871,2.740752696990967
1710802123.4032001,2.673492696550157
1710802123.4033132,2.6044811142815485
1710802123.4034262,2.53511905670166
1710802123.403539,2.464706367916531
1710802123.403652,2.3946438895331488
1710802123.403765,2.323530250125461
1710802123.403878,2.2520666652255588
1710802123.4039907,2.1778003374735513
1710802123.4041038,2.1017824278937445
1710802123.4042168,2.024013068940904
1710802123.4043298,1.9437914424472384
1710802123.4044425,1.8614680237240262
1710802123.4045556,1.7780937088860405
1710802123.4046686,1.6940185758802626
1710802123.4047816,1.6085423363579643
1710802123.4048944,1.5227157539791532
1710802123.4050074,1.4361886183420818
1710802123.4051204,1.3493110073937309
1710802123.4052334,1.2613826327853732
1710802123.4053462,1.1710019906361897
1710802123.4054592,1.0792200432883368
1710802123.4055722,0.9877884387969971
1710802123.4056852,0.8939046992195977
1710802123.405798,0.7986196544435289
1710802123.405911,0.7040352291531032
1710802123.406024,0.6083999077479044
1710802123.406137,0.512414276599884
1710802123.4062498,0.4143267538812425
1710802123.4063628,0.31623923116260105
1710802123.4064758,0.21850200162993536
1710802123.4065888,0.11901323166158465
1710802123.4067016,0.01987476522723834
1710802123.4068146,-0.07994867861270905
1710802123.4069276,-0.17941799428727892
1710802123.4070406,-0.2802882923020257
1710802123.4071534,-0.3801078597704569
1710802123.4072664,-0.4806278811560737
1710802123.4073794,-0.5814982122845119
1710802123.4074924,-0.6823684771855673
1710802123.4076052,-0.7828885316848755
1710802123.4077182,-0.8823578225241767
1710802123.4078312,-0.981476902961731
1710802123.4079442,-1.0788447327084012
1710802123.408057,-1.1762126286824544
1710802123.40817,-1.2714789973364935
1710802123.408283,-1.3667453659905326
1710802123.408396,-1.461311313841078
1710802123.4085088,-1.555877129236857
1710802123.4086218,-1.6504430770874023
1710802123.4087348,-1.7457094457414415
1710802123.4088478,-1.8392246299319797
1710802123.4089606,-1.9316890504625108
1710802123.4090736,-2.023803260591295
1710802123.4091866,-2.113465732998318
1710802123.4092996,-2.202077441745334
1710802123.4094124,-2.287887202368842
1710802123.4095254,-2.3743976487053766
1710802123.4096384,-2.4581058820088706
1710802123.4097514,-2.541814115312364
1710802123.4098642,-2.624821927812364
1710802123.4099772,-2.7067791091071234
1710802123.4100902,-2.787335183885362
1710802123.4102032,-2.8664904170566134
1710802123.410316,-2.9431939125061035
1710802123.410429,-3.0170954598320856
1710802123.410542,-3.0885452694363065
1710802123.410655,-3.157543341318766
1710802123.4107678,-3.2230390442742243
1710802123.4108808,-3.2881842719184027
1710802123.4109938,-3.3519286579555936
1710802123.4111068,-3.4139219919840493
1710802123.4112196,-3.4748644298977323
1710802123.4113326,-3.534756236606174
1710802123.4114456,-3.5925465159946017
1710802123.4115586,-3.6482352680630155
1710802123.4116714,-3.7011220720079208
1710802123.4117844,-3.7515571382310653
1710802123.4118974,-3.7991905212402344
1710802123.4120104,-3.8447221120198565
1710802123.4121232,-3.8871015442742243
1710802123.4122362,-3.9287808206346297
1710802123.4123492,-3.968358304765489
1710802123.4124622,-4.006534947289361
1710802123.412575,-4.044010904100206
1710802123.412688,-4.079735808902316
1710802123.412801,-4.113709661695692
1710802123.412914,-4.14453109105428
1710802123.4130268,-4.173951678805881
1710802123.4131398,-4.198819001515706
1710802123.4132528,-4.221584796905518
1710802123.4133658,-4.241898854573567
1710802123.4134786,-4.259411229027642
1710802123.4135916,-4.275872707366943
1710802123.4137046,-4.291283289591472
1710802123.4138176,-4.305293030209011
1710802123.4139304,-4.31825213962131
1710802123.4140434,-4.329109721713595
1710802123.4141564,-4.338566197289361
1710802123.4142694,-4.34522098965115
1710802123.4143822,-4.349773989783393
1710802123.4144952,-4.351175096299913
1710802123.4146082,-4.349773989783393
1710802123.4147213,-4.345571200052897
1710802123.414834,-4.340317514207628
1710802123.414947,-4.334013197157118
1710802123.41506,-4.327008194393581
1710802123.415173,-4.3193027708265515
1710802123.4152858,-4.31054671605428
1710802123.4153988,-4.301090240478516
1710802123.4155118,-4.288481341467963
1710802123.4156249,-4.273070759243435
1710802123.4157376,-4.255558384789361
1710802123.4158506,-4.23524432712131
1710802123.4159636,-4.211427635616726
1710802123.4160767,-4.186560312906901
1710802123.4161894,-4.160292148590088
1710802123.4163024,-4.133673508961995
1710802123.4164155,-4.107054869333903
1710802123.4165285,-4.079035388098823
1710802123.4166412,-4.049965275658502
1710802123.4167542,-4.01949405670166
1710802123.4168673,-3.9876217312282987
1710802123.4169803,-3.9515466160244412
1710802123.417093,-3.912669552697076
1710802123.417206,-3.87239138285319
1710802123.417319,-3.8300119505988226
1710802123.417432,-3.7876322534349227
1710802123.4175448,-3.743501504262288
1710802123.4176579,-3.699370755089654
1710802123.4177709,-3.655590216318766
1710802123.4178839,-3.609708415137397
1710802123.4179966,-3.563125928243001
1710802123.4181097,-3.5137414932250977
1710802123.4182227,-3.460854689280192
1710802123.4183357,-3.4055161476135254
1710802123.4184484,-3.3473756578233504
1710802123.4185615,-3.287133640713162
1710802123.4186745,-3.226191202799479
1710802123.4187875,-3.163847658369276
1710802123.4189003,-3.1018545892503524
1710802123.4190133,-3.038810624016656
1710802123.4191263,-2.9747157626681857
1710802123.4192393,-2.908519638909234
1710802123.419352,-2.840572463141547
1710802123.419465,-2.769472863939073
1710802123.419578,-2.6959215270148382
1710802123.419691,-2.6202689276801214
1710802123.4198039,-2.5435654322306314
1710802123.4199169,-2.465461095174154
1710802123.4200299,-2.3863058620029025
1710802123.420143,-2.3071506288316512
1710802123.4202557,-2.227645185258653
1710802123.4203687,-2.1477896637386746
1710802123.4204817,-2.0651320616404214
1710802123.4205947,-1.9817739062839084
1710802123.4207075,-1.8970149093204074
1710802123.4208205,-1.8101543850368924
1710802123.4209335,-1.7211923334333632
1710802123.4210465,-1.6322304142846
1710802123.4211593,-1.542567941877577
1710802123.4212723,-1.4518547058105469
1710802123.4213853,-1.3600907060835097
1710802123.4214983,-1.2679764959547255
1710802123.421611,-1.1748116546207004
1710802123.421724,-1.080946193801032
1710802123.421837,-0.98638031217787
1710802123.42195,-0.8893626928329468
1710802123.4220629,-0.7926953501171535
1710802123.422176,-0.6953275203704834
1710802123.422289,-0.5969089269638062
1710802123.422402,-0.49743960301081336
1710802123.4225147,-0.3979702790578206
1710802123.4226277,-0.2974502576722039
1710802123.4227407,-0.19657995965745714
1710802123.4228537,-0.09605990515814887
1710802123.4229665,0.005511949873632855
1710802123.4230795,0.10640197330050997
1710802123.4231925,0.20624106129010517
1710802123.4233055,0.306430459022522
1710802123.4234183,0.4055689109696282
1710802123.4235313,0.5043570862876045
1710802123.4236443,0.6031452284918891
1710802123.4237573,0.7019333706961738
1710802123.42387,0.8007215129004585
1710802123.423983,0.8998599979612563
1710802123.424096,0.9982977973090278
1710802123.424209,1.0970860057406955
1710802123.424322,1.1941224998897977
1710802123.424435,1.2897578875223796
1710802123.424548,1.3832913504706488
1710802123.424661,1.4757739173041449
1710802123.4247737,1.5672054555681016
1710802123.4248867,1.6575860977172852
1710802123.4249997,1.7479667398664687
1710802123.4251127,1.837646828757392
1710802123.4252255,1.9266262319352891
1710802123.4253385,2.01490494940016
1710802123.4254515,2.1014322174919977
1710802123.4255645,2.1862077713012695
1710802123.4256773,2.269232008192274
1710802123.4257903,2.3491032918294272
1710802123.4259033,2.426872518327501
1710802123.4260163,2.502890427907308
1710802123.426129,2.577857176462809
1710802123.426242,2.65177329381307
1710802123.4263551,2.726039621565077
1710802123.4264681,2.799254788292779
1710802123.426581,2.87141932381524
1710802123.426694,2.941832012600369
1710802123.426807,3.011194070180257
1710802123.42692,3.076352013481988
1710802123.4270327,3.1401091151767306
1710802123.4271457,3.199311892191569
1710802123.4272587,3.257463773091634
1710802123.4273717,3.3128131760491266
1710802123.4274845,3.3678121036953397
1710802123.4275975,3.419658342997233
1710802123.4277105,3.4715045822991266
1710802123.4278235,3.5215995046827526
1710802123.4279363,3.569592105017768
1710802123.4280493,3.6161838637457953
1710802123.4281623,3.658921983506944
1710802123.4282753,3.7006092071533203
1710802123.428388,3.7373918957180448
1710802123.4285011,3.7717225816514754
1710802123.4286141,3.8043016857571073
1710802123.4287271,3.8351292080349393
1710802123.42884,3.8635044627719455
1710802123.428953,3.8908288213941784
1710802123.429066,3.9181531800164118
1710802123.429179,3.942675060696072
1710802123.4292917,3.9671969413757324
1710802123.4294047,3.987865447998047
1710802123.4295177,4.007132583194308
1710802123.4296308,4.024297926161024
1710802123.4297435,4.03796010547214
1710802123.4298565,4.049870702955458
1710802123.4299695,4.0596795082092285
1710802123.4300826,4.068787627749972
1710802123.4301953,4.076844851175944
1710802123.4303083,4.083500703175862
1710802123.4304214,4.090156820085314
1710802123.4305344,4.094710879855685
1710802123.4306471,4.099264939626058
1710802123.4307601,4.099965360429552
1710802123.4308732,4.099615150027804
1710802123.4309862,4.09541130065918
1710802123.431099,4.08910592397054
1710802123.431212,4.08069822523329
1710802123.431325,4.069138103061252
1710802123.431438,4.057927926381429
1710802123.4315507,4.044616222381592
1710802123.4316638,4.032004939185248
1710802123.4317768,4.017642074161105
1710802123.4318898,4.003279209136963
1710802123.4320025,3.9871647622850204
1710802123.4321156,3.9678976270887585
1710802123.4322286,3.94652869966295
1710802123.4323416,3.9220068189832897
1710802123.4324543,3.896083566877577
1710802123.4325674,3.8670076264275446
1710802123.4326804,3.8382818963792587
1710802123.4327934,3.8085055351257324
1710802123.4329062,3.7787289089626737
1710802123.4330192,3.7486020723978677
1710802123.4331322,3.718124760521783
1710802123.4332452,3.6862463421291776
1710802123.433358,3.6515654457939997
1710802123.433471,3.615132967631022
1710802123.433584,3.5744966400994196
1710802123.433697,3.53175852033827
1710802123.4338098,3.4869183434380426
1710802123.4339228,3.4420784314473467
1710802123.4340358,3.395486937628852
1710802123.4341488,3.3488951789008246
1710802123.4342616,3.3016029993693032
1710802123.4343746,3.255361715952555
1710802123.4344876,3.2070186403062606
1710802123.4346006,3.1558730867173934
1710802123.4347134,3.1019247902764215
1710802123.4348264,3.045874966515435
1710802123.4349394,2.9873726103040905
1710802123.4350524,2.926418251461453
1710802123.4351652,2.8644129965040417
1710802123.4352782,2.802407741546631
1710802123.4353912,2.7397018008761935
1710802123.4355042,2.676645384894477
1710802123.435617,2.6132387585110135
1710802123.43573,2.5473801294962564
1710802123.435843,2.479769653744168
1710802123.435956,2.4097071753607855
1710802123.4360688,2.3368422190348306
1710802123.4361818,2.2608243094550238
1710802123.4362948,2.18375563621521
1710802123.4364078,2.1049352486928306
1710802123.4365206,2.0250639650556774
1710802123.4366336,1.945192813873291
1710802123.4367466,1.8635699484083388
1710802123.4368596,1.7826477686564126
1710802123.4369724,1.7010249031914604
1710802123.4370854,1.6162492169274223
1710802123.4371984,1.5311233202616372
1710802123.4373114,1.4445960521697998
1710802123.4374242,1.3563173347049289
1710802123.4375372,1.2676881419287787
1710802123.4376502,1.1766069465213351
1710802123.4377632,1.0872772004869249
1710802123.437876,0.9958456622229682
1710802123.437989,0.9047643343607584
1710802123.438102,0.8122818337546455
1710802123.438215,0.7201496097776625
1710802123.4383278,0.6248646312289767
1710802123.4384408,0.5302802059385512
1710802123.4385538,0.4349951942761739
1710802123.4386668,0.33865922027164036
1710802123.4387796,0.24162262678146362
1710802123.4388926,0.1438854303624895
1710802123.4390056,0.04509727160135905
1710802123.4391186,-0.05368037356270684
1710802123.4392314,-0.1531496975156996
1710802123.4393444,-0.25366973545816207
1710802123.4394574,-0.3534892863697476
1710802123.4395704,-0.45400934086905587
1710802123.4396832,-0.5531284213066101
1710802123.4397962,-0.6539987193213569
1710802123.4399092,-0.7524173127280341
1710802123.4400222,-0.8522368139690822
1710802123.440135,-0.9506554073757595
1710802123.440248,-1.0501247644424438
1710802123.440361,-1.149243778652615
1710802123.440474,-1.2480126486884222
1710802123.4405868,-1.3471317291259766
1710802123.4406998,-1.445900599161784
1710802123.4408128,-1.5432683626810708
1710802123.4409258,-1.6392352845933702
1710802123.4410386,-1.7338010999891493
1710802123.4411516,-1.8262656529744465
1710802123.4412646,-1.9187300735049777
1710802123.4413776,-2.0090929667154946
1710802123.4414904,-2.099105781979031
1710802123.4416034,-2.188768254386054
1710802123.4417164,-2.2780805163913302
1710802123.4418294,-2.3663420147365994
1710802123.4419422,-2.4542533026801214
1710802123.4420552,-2.5393623775906033
1710802123.4421682,-2.6227206654018826
1710802123.442281,-2.704327371385362
1710802123.442394,-2.7834826045566134
1710802123.442507,-2.8594856792026095
1710802123.44262,-2.9351382785373263
1710802123.4427328,-3.009390036265055
1710802123.4428458,-3.08154026667277
1710802123.4429588,-3.153690497080485
1710802123.4430718,-3.2244398858812118
1710802123.4431846,-3.294138378567166
1710802123.4432976,-3.3610351880391436
1710802123.4434106,-3.426530626085069
1710802123.4435236,-3.4885239601135254
1710802123.4436364,-3.548065291510688
1710802123.4437494,-3.6044547292921276
1710802123.4438624,-3.6594430605570474
1710802123.4439754,-3.711979654100206
1710802123.4440882,-3.7631151411268444
1710802123.4442012,-3.8132002618577743
1710802123.4443142,-3.861533800760905
1710802123.4444273,-3.9088167084587946
1710802123.44454,-3.953998353746202
1710802123.444653,-3.9974284172058105
1710802123.444766,-4.036655955844455
1710802123.444879,-4.074482123057048
1710802123.4449918,-4.10880618625217
1710802123.4451048,-4.1399778260125055
1710802123.4452178,-4.168347782558865
1710802123.4453309,-4.1960170533921985
1710802123.4454436,-4.221234586503771
1710802123.4455566,-4.245751698811849
1710802123.4456697,-4.267817073398166
1710802123.4457827,-4.289181762271457
1710802123.4458954,-4.308445188734266
1710802123.4460084,-4.325957563188341
1710802123.4461215,-4.339617093404134
1710802123.4462345,-4.35152530670166
1710802123.4463472,-4.359580940670437
1710802123.4464602,-4.366235468122694
1710802123.4465733,-4.3697381019592285
1710802123.4466863,-4.3732404708862305
1710802123.446799,-4.374291102091472
1710802123.446912,-4.376042419009738
1710802123.447025,-4.3753419982062445
1710802123.447138,-4.3753419982062445
1710802123.4472508,-4.37183936436971
1710802123.4473639,-4.366585678524441
1710802123.4474769,-4.35782962375217
1710802123.4475899,-4.3469720416598845
1710802123.4477026,-4.333662721845839
1710802123.4478157,-4.316851033104791
1710802123.4479287,-4.299338923560248
1710802123.4480417,-4.280775917900933
1710802123.4481544,-4.261512491438124
1710802123.4482675,-4.241898854573567
1710802123.4483805,-4.221935007307264
1710802123.4484935,-4.199869632720947
1710802123.4486063,-4.175002310011122
1710802123.4487193,-4.1476832495795355
1710802123.4488323,-4.117562241024441
1710802123.4489453,-4.083588653140597
1710802123.449058,-4.047863748338488
1710802123.449171,-4.01038752661811
1710802123.449284,-3.9722108840942383
1710802123.449397,-3.9336840311686196
1710802123.4495099,-3.8948069678412542
1710802123.4496229,-3.854879273308648
1710802123.4497359,-3.8142508930630155
1710802123.449849,-3.7711707750956216
1710802123.4499617,-3.725639184315999
1710802123.4500747,-3.6773053805033364
1710802123.4501877,-3.626520103878445
1710802123.4503007,-3.572582403818766
1710802123.4504135,-3.518294758266873
1710802123.4505265,-3.462956216600206
1710802123.4506395,-3.406566778818766
1710802123.4507525,-3.3512282371520996
1710802123.4508653,-3.2937881681654186
1710802123.4509783,-3.235997888776991
1710802123.4510913,-3.1757558716668024
1710802123.4512043,-3.1130623817443848
1710802123.451317,-3.04721646838718
1710802123.45143,-2.9789188173082137
1710802123.451543,-2.908169428507487
1710802123.451656,-2.836019198099772
1710802123.4517689,-2.762467861175537
1710802123.451882,-2.6885665787590876
1710802123.451995,-2.6143148210313583
1710802123.452108,-2.5386619567871094
1710802123.4522207,-2.4630093574523926
1710802123.4523337,-2.3842043346828885
1710802123.4524467,-2.3043486807081432
1710802123.4525597,-2.2220414214664035
1710802123.4526725,-2.1372822920481362
1710802123.4527855,-2.0511223210228815
1710802123.4528985,-1.9635612434811063
1710802123.4530115,-1.874599324332343
1710802123.4531243,-1.785637272728814
1710802123.4532373,-1.695974800321791
1710802123.4533503,-1.6049113538530138
1710802123.4534633,-1.5127971437242296
1710802123.453576,-1.4203327231936984
1710802123.453689,-1.3254165649414062
1710802123.453802,-1.231200959947374
1710802123.453915,-1.133482853571574
1710802123.454028,-1.0371657212575276
1710802123.454141,-0.9390974044799805
1710802123.454254,-0.8410290214750502
1710802123.454367,-0.740859243604872
1710802123.4544797,-0.6424406501981947
1710802123.4545927,-0.542971326245202
1710802123.4547057,-0.44210102823045516
1710802123.4548187,-0.34228149387571544
1710802123.4549315,-0.24071070883009169
1710802123.4550445,-0.14089114136166042
1710802123.4551575,-0.04002085576454798
1710802123.4552705,0.06016071471903059
1710802123.4553833,0.16070043047269186
1710802123.4554963,0.2612401379479302
1710802123.4556093,0.3617798619800144
1710802123.4557223,0.46372082498338485
1710802123.455835,0.5653114451302422
1710802123.455948,0.6665517886479696
1710802123.4560611,0.7670915126800537
1710802123.4561741,0.8676312367121378
1710802123.456287,0.9671199984020656
1710802123.4564,1.0648572444915771
1710802123.456513,1.1604924996693928
1710802123.456626,1.257178783416748
1710802123.4567387,1.353164513905843
1710802123.4568517,1.448799769083659
1710802123.4569647,1.545486052831014
1710802123.4570777,1.641471783320109
1710802123.4571905,1.7374573813544378
1710802123.4573035,1.8313411871592202
1710802123.4574165,1.9234734111362033
1710802123.4575295,2.0124528143141003
1710802123.4576423,2.100381188922458
1710802123.4577553,2.1848065323299832
1710802123.4578683,2.268531322479248
1710802123.4579813,2.349453502231174
1710802123.4580941,2.4303756819831
1710802123.4582071,2.5102469656202526
1710802123.4583201,2.5890673531426325
1710802123.4584332,2.6664863692389593
1710802123.458546,2.740752696990967
1710802123.458659,2.812916967603895
1710802123.458772,2.8829794459872775
1710802123.458885,2.94848812950982
1710802123.4589977,3.0129456520080566
1710802123.4591107,3.074600431654188
1710802123.4592237,3.134854369693332
1710802123.4593368,3.194757832421197
1710802123.4594495,3.252909713321262
1710802123.4595625,3.311061594221327
1710802123.4596756,3.3674618932935925
1710802123.4597886,3.4214099248250323
1710802123.4599013,3.473956849839952
1710802123.4600143,3.522650400797526
1710802123.4601274,3.569241894616021
1710802123.4602404,3.6123304896884494
1710802123.4603531,3.6526163419087725
1710802123.4604661,3.6918512980143228
1710802123.4605792,3.7293346722920733
1710802123.4606922,3.764366043938531
1710802123.460805,3.799397415584988
1710802123.460918,3.8323267300923662
1710802123.461031,3.8638546731736922
1710802123.461144,3.892930613623725
1710802123.4612567,3.9202552371554904
1710802123.4613698,3.9440764321221247
1710802123.4614828,3.966146045260959
1710802123.4615958,3.984712759653727
1710802123.4617085,4.001177416907416
1710802123.4618216,4.016591178046332
1710802123.4619346,4.030253357357449
1710802123.4620476,4.043565061357286
1710802123.4621603,4.055475658840603
1710802123.4622734,4.066335360209147
1710802123.4623864,4.076144165462917
1710802123.4624994,4.084201388888888
1710802123.4626122,4.089456134372287
1710802123.4627252,4.091908401913113
1710802123.4628382,4.091908401913113
1710802123.4629512,4.08910592397054
1710802123.463064,4.084551599290636
1710802123.463177,4.077895747290717
1710802123.46329,4.070889419979519
1710802123.463403,4.062481986151801
1710802123.4635158,4.054074552324083
1710802123.4636288,4.044966432783339
1710802123.4637418,4.034807417127821
1710802123.4638548,4.023247030046251
1710802123.4639676,4.008183479309082
1710802123.4640806,3.9906679259406195
1710802123.4641936,3.9717510011461044
1710802123.4643066,3.950382073720296
1710802123.4644194,3.927261299557156
1710802123.4645324,3.9037903149922686
1710802123.4646454,3.880319595336914
1710802123.4647584,3.8564981354607477
1710802123.4648712,3.831976254781087
1710802123.4649842,3.8074543741014266
1710802123.4650972,3.7794295946756997
1710802123.4652102,3.749652968512641
1710802123.465323,3.7160229682922363
1710802123.465436,3.6802909109327526
1710802123.465549,3.641055954827203
1710802123.465662,3.6007701026068792
1710802123.4657748,3.5601337750752764
1710802123.4658878,3.51879702674018
1710802123.4660008,3.4771098030938044
1710802123.4661138,3.434371683332655
1710802123.4662266,3.392333984375
1710802123.4663396,3.348544968499078
1710802123.4664526,3.3016029993693032
1710802123.4665656,3.2518588172064886
1710802123.4666784,3.200012312995063
1710802123.4667914,3.145714071061876
1710802123.4669044,3.0896639823913574
1710802123.4670174,3.0325629976060653
1710802123.4671302,2.9761626985337997
1710802123.4672432,2.918361028035482
1710802123.4673562,2.86126004325019
1710802123.4674692,2.8020572662353516
1710802123.467582,2.742153803507487
1710802123.467695,2.679798338148329
1710802123.467808,2.615340815650092
1710802123.467921,2.5477303398980036
1710802123.4680338,2.4794194433424206
1710802123.4681468,2.4090064896477594
1710802123.4682598,2.337192429436578
1710802123.4683728,2.266079054938422
1710802123.4684856,2.1932140986124673
1710802123.4685986,2.1206993526882596
1710802123.4687116,2.047133710649278
1710802123.4688246,1.9718164867824979
1710802123.4689374,1.8947476810879178
1710802123.4690504,1.814526187049018
1710802123.4691634,1.733954217698839
1710802123.4692764,1.6502295600043402
1710802123.4693892,1.5661545594533284
1710802123.4695022,1.479977634218004
1710802123.4696152,1.3941510518391926
1710802123.4697282,1.3062225447760687
1710802123.469841,1.218994723425971
1710802123.469954,1.1289644241333008
1710802123.470067,1.04103598329756
1710802123.47018,0.9499546554353502
1710802123.4702928,0.8574721548292372
1710802123.4704058,0.7649896542231241
1710802123.4705188,0.6718064679039849
1710802123.4706318,0.5775723854700724
1710802123.4707446,0.48333833614985144
1710802123.4708576,0.3873526718881395
1710802123.4709706,0.2924179699685838
1710802123.4710836,0.1957316862212287
1710802123.4711964,0.09904541075229645
1710802123.4713094,0.002359136318167051
1710802123.4714224,-0.09535941812727186
1710802123.4715354,-0.1923770209153493
1710802123.4716482,-0.29079559776518077
1710802123.4717612,-0.3874629735946655
1710802123.4718742,-0.4855313234859043
1710802123.4719872,-0.582899186346266
1710802123.4721,-0.6809675031238132
1710802123.472213,-0.7786856094996134
1710802123.472326,-0.8771042029062907
1710802123.472439,-0.9751725196838379
1710802123.4725518,-1.0739413234922621
1710802123.4726648,-1.1706087324354384
1710802123.4727778,-1.2669258647494845
1710802123.4728909,-1.3618420230017767
1710802123.4730036,-1.4557074175940619
1710802123.4731166,-1.549222469329834
1710802123.4732296,-1.6413366794586182
1710802123.4733427,-1.7338010999891493
1710802123.4734554,-1.8269660737779405
1710802123.4735684,-1.9187300735049777
1710802123.4736814,-2.011544704437256
1710802123.4737945,-2.102257940504286
1710802123.4739072,-2.1919204129113092
1710802123.4740202,-2.278780937194824
1710802123.4741333,-2.365291118621826
1710802123.4742463,-2.4486494064331055
1710802123.474359,-2.5302561124165854
1710802123.474472,-2.610812187194824
1710802123.474585,-2.6903176307678223
1710802123.474698,-2.7687724431355796
1710802123.4748108,-2.846876780192057
1710802123.4749238,-2.923580275641547
1710802123.4750369,-2.997832033369276
1710802123.4751499,-3.071032894982232
1710802123.4752626,-3.140731652577718
1710802123.4753757,-3.208328617943658
1710802123.4754887,-3.272773689693875
1710802123.4756017,-3.3344165484110513
1710802123.4757144,-3.395709196726481
1710802123.4758275,-3.454550372229682
1710802123.4759405,-3.5130410724216037
1710802123.4760535,-3.570481141408284
1710802123.4761662,-3.625469472673204
1710802123.4762793,-3.6801073286268444
1710802123.4763923,-3.732293711768256
1710802123.4765053,-3.78167814678616
1710802123.476618,-3.8286108440823026
1710802123.476731,-3.8734422789679632
1710802123.476844,-3.9158217112223306
1710802123.476957,-3.95539919535319
1710802123.4770699,-3.9935758378770614
1710802123.4771829,-4.030001163482666
1710802123.4772959,-4.0646754370795355
1710802123.477409,-4.098298814561632
1710802123.4775217,-4.130171140034993
1710802123.4776347,-4.159941673278809
1710802123.4777477,-4.189012050628662
1710802123.4778607,-4.215630690256755
1710802123.4779735,-4.238046275244819
1710802123.4780865,-4.257659912109375
1710802123.4781995,-4.27482181125217
1710802123.4783125,-4.291283289591472
1710802123.4784253,-4.303541978200276
1710802123.4785383,-4.3143995602925616
1710802123.4786513,-4.325256877475314
1710802123.4787643,-4.335063828362359
1710802123.478877,-4.343119462331136
1710802123.47899,-4.35012420018514
1710802123.479103,-4.355728096432156
1710802123.479216,-4.356778992546929
1710802123.4793289,-4.356428782145183
1710802123.479442,-4.352926148308648
1710802123.479555,-4.347322252061632
1710802123.479668,-4.339617093404134
1710802123.4797807,-4.330510563320583
1710802123.4798937,-4.320353666941325
1710802123.4800067,-4.309846295250787
1710802123.4801197,-4.298638502756755
1710802123.4802325,-4.286379814147949
1710802123.4803455,-4.271319442325168
1710802123.4804585,-4.254157543182373
1710802123.4805715,-4.233843220604791
1710802123.4806843,-4.210727214813232
1710802123.4807973,-4.18550968170166
1710802123.4809103,-4.1574902004665795
1710802123.4810233,-4.12912024392022
1710802123.481136,-4.099699921078152
1710802123.481249,-4.070979754130046
1710802123.481362,-4.040158324771457
1710802123.481475,-4.009687105814616
1710802123.481588,-3.9767641491360135
1710802123.481701,-3.941739665137397
1710802123.481814,-3.903212812211778
1710802123.481927,-3.862934907277425
1710802123.4820397,-3.8170528411865234
1710802123.4821527,-3.771871460808648
1710802123.4822657,-3.7238878673977323
1710802123.4823787,-3.6755543284946017
1710802123.4824915,-3.626870314280192
1710802123.4826045,-3.578186300065782
1710802123.4827175,-3.5284516546461315
1710802123.4828305,-3.476615746815999
1710802123.4829433,-3.4223278363545733
1710802123.4830563,-3.3652379777696395
1710802123.4831693,-3.3053461710611978
1710802123.4832823,-3.243353101942274
1710802123.483395,-3.1792585055033364
1710802123.483508,-3.1141130129496255
1710802123.4836211,-3.0475666787889266
1710802123.483734,-2.982070975833469
1710802123.483847,-2.914824220869276
1710802123.48396,-2.8472269905938044
1710802123.484073,-2.7775284979078503
1710802123.4841857,-2.7071293195088706
1710802123.4842987,-2.6328775617811413
1710802123.4844117,-2.5568747520446777
1710802123.4845247,-2.4794708357916937
1710802123.4846375,-2.3992649714152017
1710802123.4847505,-2.3187086317274304
1710802123.4848635,-2.237101925743951
1710802123.4849765,-2.154794534047445
1710802123.4850893,-2.071786721547445
1710802123.4852023,-1.9884285661909316
1710802123.4853153,-1.9033192263709173
1710802123.4854283,-1.8171592553456624
1710802123.485541,-1.7285475465986464
1710802123.485654,-1.6378343105316162
1710802123.4857671,-1.546420521206326
1710802123.4858801,-1.4532556798723009
1710802123.485993,-1.3590399424235027
1710802123.486106,-1.2630731529659696
1710802123.486219,-1.1674564414554172
1710802123.486332,-1.07008867793613
1710802123.4864447,-0.9720202949311998
1710802123.4865577,-0.8732514911227756
1710802123.4866707,-0.7737822002834743
1710802123.4867837,-0.6736123561859131
1710802123.4868965,-0.5723918146557277
1710802123.4870095,-0.47047081920835704
1710802123.4871225,-0.36854979064729476
1710802123.4872355,-0.265578031539917
1710802123.4873483,-0.16400726305113897
1710802123.4874613,-0.06068525628911124
1710802123.4875743,0.042294772962729134
1710802123.4876873,0.14598730537626478
1710802123.4878001,0.25003014339341056
1710802123.4879131,0.3530220521820916
1710802123.4880261,0.454612672328949
1710802123.4881392,0.5569039450751411
1710802123.488252,0.6574436691072252
1710802123.488365,0.7572827736536661
1710802123.488478,0.856771535343594
1710802123.488591,0.956960916519165
1710802123.4887037,1.056449744436476
1710802123.4888167,1.156639125612047
1710802123.4889297,1.2561278873019748
1710802123.4890428,1.3556166489919026
1710802123.4891555,1.4526532755957708
1710802123.4892685,1.549689902199639
1710802123.4893816,1.6442742612626817
1710802123.4894946,1.7360561423831515
1710802123.4896073,1.8271374702453613
1710802123.4897203,1.9182186656528049
1710802123.4898334,2.0061471727159286
1710802123.4899464,2.095827129152086
1710802123.4900591,2.18375563621521
1710802123.4901721,2.2713338004218206
1710802123.4902852,2.357510725657145
1710802123.4903982,2.440885172949897
1710802123.490511,2.52215756310357
1710802123.490624,2.6009779506259494
1710802123.490737,2.676645384894477
1710802123.49085,2.749860816531711
1710802123.4909627,2.821324666341146
1710802123.4910758,2.892438040839301
1710802123.4911888,2.96285072962443
1710802123.4913018,3.031512101491292
1710802123.4914145,3.100523683759901
1710802123.4915276,3.1667327880859375
1710802123.4916406,3.230839835272895
1710802123.4917536,3.2928453551398382
1710802123.4918664,3.3513474464416504
1710802123.4919794,3.4059961636861162
1710802123.4920924,3.458543088701036
1710802123.4922054,3.5079373253716364
1710802123.4923182,3.5555797153049045
1710802123.4924312,3.601120313008626
1710802123.4925442,3.645960489908854
1710802123.4926572,3.688698609670003
1710802123.49277,3.7296851476033526
1710802123.492883,3.76927031411065
1710802123.492996,3.8060532675849066
1710802123.493109,3.839683267805311
1710802123.4932218,3.8715616861979165
1710802123.4933348,3.900287416246202
1710802123.4934478,3.926210403442383
1710802123.4935608,3.9510827594333224
1710802123.4936736,3.97420326868693
1710802123.4937866,3.9962728818257647
1710802123.4938996,4.017642074161105
1710802123.4940126,4.03796010547214
1710802123.4941254,4.056877030266656
1710802123.4942384,4.074042373233371
1710802123.4943514,4.08910592397054
1710802123.4944644,4.101366731855604
1710802123.4945772,4.110474851396349
1710802123.4946902,4.117481178707546
1710802123.4948032,4.122735924190945
1710802123.4949162,4.125187926822238
1710802123.495029,4.126589298248291
1710802123.495142,4.128340880076091
1710802123.495255,4.1286910904778376
1710802123.495368,4.1279904047648115
1710802123.4954808,4.126238822937012
1710802123.4955938,4.122385448879665
1710802123.4957068,4.116079807281494
1710802123.4958198,4.106621477339003
1710802123.4959326,4.094010194142659
1710802123.4960456,4.078596433003743
1710802123.4961586,4.061080879635281
1710802123.4962716,4.041813479529487
1710802123.4963844,4.021845658620198
1710802123.4964974,4.001177416907416
1710802123.4966104,3.980158699883355
1710802123.4967234,3.958088821834988
1710802123.4968362,3.935318522983127
1710802123.4969492,3.910796642303467
1710802123.4970622,3.8831220732794867
1710802123.4971752,3.8526447614034014
1710802123.497288,3.82006565729777
1710802123.497401,3.785384760962592
1710802123.497514,3.750353389316135
1710802123.497627,3.71532228257921
1710802123.4977398,3.678189118703206
1710802123.4978528,3.6438584327697754
1710802123.4979658,3.608126640319824
1710802123.4980788,3.5713436868455672
1710802123.4981916,3.530707624223497
1710802123.4983046,3.4904215070936413
1710802123.4984176,3.445581595102946
1710802123.4985306,3.3972385194566512
1710802123.4986434,3.346793386671278
1710802123.4987564,3.2949471473693848
1710802123.4988694,3.2434511184692383
1710802123.4989824,3.1905539830525713
1710802123.4990952,3.1373063723246255
1710802123.4992082,3.0847597122192383
1710802123.4993212,3.0297605196634927
1710802123.4994342,2.973360220591227
1710802123.499547,2.9138069682651095
1710802123.49966,2.853203084733751
1710802123.499773,2.788745562235514
1710802123.499886,2.722886668311225
1710802123.4999988,2.6559768782721624
1710802123.5001118,2.58766598171658
1710802123.5002248,2.519355085160997
1710802123.5003378,2.450693713294135
1710802123.5004506,2.3820326063368054
1710802123.5005636,2.311269442240397
1710802123.5006766,2.2394553820292153
1710802123.5007896,2.164838711420695
1710802123.5009024,2.087770038180881
1710802123.5010154,2.0092999935150146
1710802123.5011284,1.9290783670213487
1710802123.5012414,1.8467549482981362
1710802123.5013542,1.764081186718411
1710802123.5014672,1.6814074251386855
1710802123.5015802,1.5976826349894204
1710802123.5016932,1.5132572915818956
1710802123.501806,1.4284817377726238
1710802123.501919,1.3430053657955594
1710802123.502032,1.2547266483306885
1710802123.502145,1.1660975880093045
1710802123.5022578,1.076067222489251
1710802123.5023708,0.9849859608544244
1710802123.5024838,0.8928537368774414
1710802123.5025969,0.799320273929172
1710802123.5027096,0.7057868109809028
1710802123.5028226,0.6122533480326334
1710802123.5029356,0.5173186461130778
1710802123.5030487,0.4216832915941874
1710802123.5031614,0.3239460786183675
1710802123.5032744,0.22725981142785814
1710802123.5033875,0.12952260673046112
1710802123.5035005,0.030734456247753568
1710802123.5036132,-0.06769013901551564
1710802123.5037262,-0.16750969820552403
1710802123.5038393,-0.2666287620862325
1710802123.5039523,-0.3664483295546638
1710802123.504065,-0.4666181405385335
1710802123.504178,-0.5667879184087118
1710802123.504291,-0.666607485877143
1710802123.504404,-0.7664270533455743
1710802123.5045168,-0.8658963441848755
1710802123.5046299,-0.9636144505606757
1710802123.5047429,-1.0606320699055989
1710802123.5048559,-1.1569492022196453
1710802123.5049686,-1.2522155708736844
1710802123.5050817,-1.3474819395277235
1710802123.5051947,-1.4430985185835097
1710802123.5053077,-1.5380146768358018
1710802123.5054204,-1.633281045489841
1710802123.5055335,-1.7267962296803792
1710802123.5056465,-1.8196109930674234
1710802123.5057595,-1.9113748603396945
1710802123.5058722,-2.0010373327467175
1710802123.5059853,-2.08894862069024
1710802123.5060983,-2.1754589345720077
1710802123.5062113,-2.2602179315355087
1710802123.506324,-2.343575954437256
1710802123.506437,-2.427984873453776
1710802123.50655,-2.510642475552029
1710802123.506663,-2.592949867248535
1710802123.5067759,-2.673856152428521
1710802123.5068889,-2.753711806403266
1710802123.5070019,-2.83251682917277
1710802123.507115,-2.907118797302246
1710802123.5072277,-2.979969448513455
1710802123.5073407,-3.050718837314182
1710802123.5074537,-3.1193666987948947
1710802123.5075667,-3.1859130329555936
1710802123.5076795,-3.2521091567145453
1710802123.5077925,-3.317254649268256
1710802123.5079055,-3.380298614501953
1710802123.5080185,-3.4426418940226235
1710802123.5081313,-3.5032341215345593
1710802123.5082443,-3.561024400922987
1710802123.5083573,-3.6160127321879068
1710802123.5084703,-3.6688995361328125
1710802123.508583,-3.718283971150716
1710802123.508696,-3.7655668788486056
1710802123.508809,-3.8096976280212402
1710802123.508922,-3.8534781667921276
1710802123.5090349,-3.895157178243001
1710802123.509148,-3.935435348086887
1710802123.509261,-3.974662621815999
1710802123.509374,-4.012138843536377
1710802123.5094867,-4.048213958740234
1710802123.5095997,-4.081136915418837
1710802123.5097127,-4.111958344777425
1710802123.5098257,-4.1399778260125055
1710802123.5099385,-4.164494938320583
1710802123.5100515,-4.187611209021674
1710802123.5101645,-4.207925266689724
1710802123.5102775,-4.228239324357775
1710802123.5103903,-4.246101909213595
1710802123.5105033,-4.262913597954644
1710802123.5106163,-4.278674655490451
1710802123.5107293,-4.293034606509738
1710802123.510842,-4.304942819807264
1710802123.510955,-4.315099981096056
1710802123.511068,-4.32210471895006
1710802123.511181,-4.326307773590088
1710802123.511294,-4.327708615197076
1710802123.511407,-4.327358404795329
1710802123.51152,-4.324556456671821
1710802123.511633,-4.3214042981465655
1710802123.5117457,-4.317551718817817
1710802123.5118587,-4.313348664177789
1710802123.5119717,-4.307394557529025
1710802123.5120847,-4.300740030076769
1710802123.5121975,-4.290933079189724
1710802123.5123105,-4.279375076293945
1710802123.5124235,-4.264314439561632
1710802123.5125365,-4.245401223500569
1710802123.5126493,-4.225437376234266
1710802123.5127623,-4.2030217912462025
1710802123.5128753,-4.180606206258138
1710802123.5129883,-4.15608909395006
1710802123.513101,-4.132272402445476
1710802123.513214,-4.10740507973565
1710802123.5133271,-4.081487125820583
1710802123.5134401,-4.053117434183757
1710802123.513553,-4.022296004825168
1710802123.513666,-3.989022572835286
1710802123.513779,-3.952247036827935
1710802123.513892,-3.9137201839023166
1710802123.5140047,-3.8734422789679632
1710802123.5141177,-3.8314127922058105
1710802123.5142307,-3.789733780754937
1710802123.5143437,-3.7477045589023166
1710802123.5144565,-3.706025547451443
1710802123.5145695,-3.6622450086805554
1710802123.5146825,-3.617413838704427
1710802123.5147955,-3.570130666097005
1710802123.5149083,-3.5196955998738604
1710802123.5150213,-3.466458585527208
1710802123.5151343,-3.4111200438605414
1710802123.5152473,-3.3540301852756076
1710802123.51536,-3.295189274681939
1710802123.5154731,-3.237048784891764
1710802123.5155861,-3.1778573989868164
1710802123.5156991,-3.1186662779914007
1710802123.515812,-3.057723840077718
1710802123.515925,-2.995030085245768
1710802123.516038,-2.9295343822903104
1710802123.516151,-2.8622876273261175
1710802123.5162637,-2.7922386593288846
1710802123.5163767,-2.719388008117676
1710802123.5164897,-2.645836671193441
1710802123.5166028,-2.570534282260471
1710802123.5167155,-2.4945312076144748
1710802123.5168285,-2.418878608279758
1710802123.5169415,-2.342175112830268
1710802123.5170546,-2.264771196577284
1710802123.5171673,-2.184565332200792
1710802123.5172803,-2.10365891456604
1710802123.5173934,-2.020300759209527
1710802123.5175064,-1.9358919726477728
1710802123.5176191,-1.8497320016225178
1710802123.5177321,-1.7618207136789956
1710802123.5178452,-1.6732088724772134
1710802123.5179582,-1.5838967429267035
1710802123.518071,-1.4935337172614203
1710802123.518184,-1.4024702707926433
1710802123.518297,-1.3103560606638591
1710802123.51841,-1.217541429731581
1710802123.5185227,-1.1240262455410428
1710802123.5186357,-1.0291100872887504
1710802123.5187488,-0.9331432316038344
1710802123.5188618,-0.8364758888880411
1710802123.5189745,-0.7405089669757419
1710802123.5190876,-0.6424406501981947
1710802123.5192006,-0.5443723003069559
1710802123.5193136,-0.44560349649853176
1710802123.5194263,-0.346134172545539
1710802123.5195394,-0.24631460507710773
1710802123.5196524,-0.14579456713464525
1710802123.5197654,-0.045975007944636874
1710802123.5198781,0.05385508553849326
1710802123.5199912,0.1540444791316986
1710802123.5201042,0.2545842031637828
1710802123.5202172,0.35442329115337795
1710802123.52033,0.4549630151854621
1710802123.520443,0.5555027061038547
1710802123.520556,0.6570933924780952
1710802123.520669,0.7586840126249526
1710802123.5207818,0.860624975628323
1710802123.5208948,0.9618653191460503
1710802123.5210078,1.0610038042068481
1710802123.5211208,1.1601422892676458
1710802123.5212336,1.257178783416748
1710802123.5213466,1.35281417104933
1710802123.5214596,1.4466979768541124
1710802123.5215726,1.5405816502041287
1710802123.5216854,1.6334145598941379
1710802123.5217984,1.725897126727634
1710802123.5219114,1.8180292182498508
1710802123.5220244,1.9108621279398599
1710802123.5221372,2.0001918739742703
1710802123.5222502,2.088120248582628
1710802123.5223632,2.173946830961439
1710802123.5224762,2.2573211457994247
1710802123.522589,2.3385938008626304
1710802123.522702,2.4170637130737305
1710802123.522815,2.4948332044813366
1710802123.522928,2.5719020101759167
1710802123.5230408,2.6482701301574707
1710802123.5231538,2.7235873540242515
1710802123.5232668,2.797503206464979
1710802123.5233798,2.8707186381022134
1710802123.5234926,2.940080430772569
1710802123.5236056,3.008041116926405
1710802123.5237186,3.0724986394246416
1710802123.5238316,3.135204580095079
1710802123.5239444,3.1944073571099176
1710802123.5240574,3.2522090276082354
1710802123.5241704,3.308959537082248
1710802123.5242834,3.365360101064046
1710802123.5243962,3.4203590287102594
1710802123.5245092,3.473956849839952
1710802123.5246222,3.5265037748548718
1710802123.524735,3.5755475362141924
1710802123.524848,3.623189926147461
1710802123.524961,3.667679627736409
1710802123.525074,3.709016640981038
1710802123.5251868,3.7468504905700684
1710802123.5252998,3.7832829687330456
1710802123.5254128,3.8172631793551974
1710802123.5255258,3.849492073059082
1710802123.5256386,3.8813704914516873
1710802123.5257516,3.911147117614746
1710802123.5258646,3.9395223723517523
1710802123.5259776,3.9664965205722384
1710802123.5260904,3.9906679259406195
1710802123.5262034,4.01203711827596
1710802123.5263164,4.030953778160943
1710802123.5264294,4.047418700324164
1710802123.5265422,4.061080879635281
1710802123.5266552,4.073692162831624
1710802123.5267682,4.083851178487142
1710802123.5268812,4.0936599837409124
1710802123.526994,4.102417627970378
1710802123.527107,4.110474851396349
1710802123.52722,4.11678049299452
1710802123.527333,4.122035238477919
1710802123.5274458,4.124837716420491
1710802123.5275588,4.126238822937012
1710802123.5276718,4.123786820305718
1710802123.5277848,4.118181864420573
1710802123.5278976,4.111175537109375
1710802123.5280106,4.102768103281657
1710802123.5281236,4.092959298027886
1710802123.5282366,4.082099596659343
1710802123.5283494,4.070539209577772
1710802123.5284624,4.058278401692708
1710802123.5285754,4.045667118496365
1710802123.5286884,4.030253357357449
1710802123.5288012,4.0134382247924805
1710802123.5289142,3.992069297366672
1710802123.5290272,3.9696492089165583
1710802123.5291402,3.9437259568108454
1710802123.529253,3.9171022839016385
1710802123.529366,3.889077239566379
1710802123.529479,3.8610521952311196
1710802123.529592,3.8323267300923662
1710802123.5297048,3.8036010000440807
1710802123.5298178,3.773824373881022
1710802123.5299308,3.742296430799696
1710802123.5300438,3.7086664305792914
1710802123.5301566,3.6704823705885143
1710802123.5302696,3.6315976248847113
1710802123.5303826,3.5888595051235623
1710802123.5304956,3.5440193282233343
1710802123.5306084,3.4981285201178656
1710802123.5307214,3.4522374471028643
1710802123.5308344,3.4052957428826227
1710802123.5309474,3.3594046698676214
1710802123.5310602,3.3121124903361
1710802123.5311732,3.2641196250915527
1710802123.5312862,3.2133242819044323
1710802123.5313993,3.1600769360860186
1710802123.531512,3.1047275331285262
1710802123.531625,3.046225176917182
1710802123.531738,2.988073296017117
1710802123.531851,2.926418251461453
1710802123.5319638,2.8661645783318415
1710802123.5320768,2.804859744177924
1710802123.5321898,2.7435551749335394
1710802123.5323029,2.6811994446648493
1710802123.5324156,2.6174426078796387
1710802123.5325286,2.5519341892666287
1710802123.5326416,2.4825721316867404
1710802123.5327547,2.411809232499864
1710802123.5328674,2.338243590460883
1710802123.5329804,2.2622256808810763
1710802123.5330935,2.1858575608995223
1710802123.5332065,2.108088069491916
1710802123.5333192,2.0306690533955893
1710802123.5334322,1.9521990087297227
1710802123.5335453,1.872678067949083
1710802123.5336583,1.7921060985989041
1710802123.533771,1.710133022732205
1710802123.533884,1.6260580221811929
1710802123.533997,1.5398810969458685
1710802123.53411,1.4519525898827446
1710802123.5342228,1.3622726334465873
1710802123.5343359,1.272592544555664
1710802123.5344489,1.1815113491482205
1710802123.5345619,1.0904300212860107
1710802123.5346746,0.9979475206798977
1710802123.5347877,0.9051146772172716
1710802123.5349007,0.8119315571255153
1710802123.5350137,0.7166465123494467
1710802123.5351264,0.6213614675733778
1710802123.5352395,0.5250255266825358
1710802123.5353525,0.42833924293518066
1710802123.5354655,0.3306020299593608
1710802123.5355783,0.23216419749789768
1710802123.5356913,0.13337604701519012
1710802123.5358043,0.033536956955989204
1710802123.5359173,-0.06593891729911168
1710802123.53603,-0.16610872414377
1710802123.536143,-0.2666287620862325
1710802123.536256,-0.36784930361641777
1710802123.536369,-0.46836935811572605
1710802123.5364819,-0.5681888924704658
1710802123.5365949,-0.668358736568027
1710802123.5367079,-0.7681782378090752
1710802123.536821,-0.8669471078448825
1710802123.5369337,-0.9667666753133137
1710802123.5370467,-1.066936453183492
1710802123.5371597,-1.1667560206519232
1710802123.5372727,-1.2662253114912245
1710802123.5373855,-1.3663951555887859
1710802123.5374985,-1.463762919108073
1710802123.5376115,-1.5611308150821261
1710802123.5377245,-1.6560469733344183
1710802123.5378373,-1.7513133419884575
1710802123.5379503,-1.8437777625189886
1710802123.5380633,-1.9355417622460258
1710802123.5381763,-2.0273056295182967
1710802123.538289,-2.119069629245334
1710802123.538402,-2.2101330757141113
1710802123.538515,-2.3001458909776473
1710802123.538628,-2.3891078101264105
1710802123.5387409,-2.4770190980699325
1710802123.538854,-2.5624786482916937
1710802123.538967,-2.6447860399881997
1710802123.53908,-2.7249919043646917
1710802123.5391927,-2.8034464518229165
1710802123.5393057,-2.8801499472724066
1710802123.5394187,-2.9551021258036294
1710802123.5395317,-3.0286534627278643
1710802123.5396445,-3.1011539035373263
1710802123.5397575,-3.172603713141547
1710802123.5398705,-3.2423024707370334
1710802123.5399835,-3.309899436102973
1710802123.5400963,-3.375745349460178
1710802123.5402093,-3.438088893890381
1710802123.5403223,-3.4983306460910373
1710802123.5404353,-3.5550702942742243
1710802123.540548,-3.6107590463426376
1710802123.540661,-3.6632956398857965
1710802123.540774,-3.715832233428955
1710802123.540887,-3.7669679853651257
1710802123.541,-3.8167026307847762
1710802123.541113,-3.8650361696879068
1710802123.541226,-3.9116186565823026
1710802123.541339,-3.95539919535319
1710802123.5414517,-3.9967279964023166
1710802123.5415647,-4.035605059729682
1710802123.5416777,-4.0702793333265515
1710802123.5417907,-4.103552500406901
1710802123.5419035,-4.13437392976549
1710802123.5420165,-4.163444307115343
1710802123.5421295,-4.190413157145183
1710802123.5422425,-4.215980900658502
1710802123.5423553,-4.2404980129665795
1710802123.5424683,-4.263614018758138
1710802123.5425813,-4.285329182942708
1710802123.5426943,-4.302491082085504
1710802123.542807,-4.319652981228298
1710802123.54292,-4.332612090640597
1710802123.5430331,-4.342769251929389
1710802123.5431461,-4.35012420018514
1710802123.543259,-4.355728096432156
1710802123.543372,-4.3599311510721845
1710802123.543485,-4.362382888793945
1710802123.543598,-4.365184836917453
1710802123.5437107,-4.366585678524441
1710802123.5438237,-4.366585678524441
1710802123.5439367,-4.364834626515706
1710802123.5440497,-4.360631571875678
1710802123.5441625,-4.353276623619927
1710802123.5442755,-4.343119462331136
1710802123.5443885,-4.330860773722331
1710802123.5445015,-4.316150612301296
1710802123.5446143,-4.30038955476549
1710802123.5447273,-4.283577866024441
1710802123.5448403,-4.266766177283393
1710802123.5449533,-4.249254067738851
1710802123.545066,-4.231041272481282
1710802123.5451791,-4.210026794009738
1710802123.5452921,-4.188311629825168
1710802123.5454051,-4.162743621402316
1710802123.545518,-4.13437392976549
1710802123.545631,-4.102852079603407
1710802123.545744,-4.06922870212131
1710802123.545857,-4.034204218122694
1710802123.5459697,-3.9970782068040633
1710802123.5460827,-3.9617037773132324
1710802123.5461957,-3.9242275555928545
1710802123.5463088,-3.8864011234707303
1710802123.5464215,-3.8471738497416177
1710802123.5465345,-3.805845048692491
1710802123.5466475,-3.7613640891181097
1710802123.5467606,-3.7140811814202204
1710802123.5468733,-3.6636458502875433
1710802123.5469863,-3.6111092567443848
1710802123.5470994,-3.5571718215942383
1710802123.5472124,-3.5021834903293185
1710802123.5473251,-3.4461442629496255
1710802123.5474381,-3.390105300479465
1710802123.5475512,-3.3337161276075573
1710802123.5476642,-3.2766262690226235
1710802123.547777,-3.217435148027208
1710802123.54789,-3.155441813998752
1710802123.548003,-3.091697427961561
1710802123.548116,-3.0251510938008623
1710802123.5482287,-2.9568534427218967
1710802123.5483418,-2.887154950035943
1710802123.5484548,-2.8171059820387097
1710802123.5485678,-2.745656172434489
1710802123.5486805,-2.675257258945041
1710802123.5487936,-2.603457238939073
1710802123.5489066,-2.530606322818332
1710802123.5490196,-2.4556541442871094
1710802123.5491323,-2.3786004384358725
1710802123.5492454,-2.3001458909776473
1710802123.5493584,-2.2181887096828885
1710802123.5494714,-2.1358813179863825
1710802123.5495842,-2.0511223210228815
1710802123.5496972,-1.9670637448628743
1710802123.5498102,-1.879852877722846
1710802123.5499232,-1.793342696295844
1710802123.550036,-1.706482172012329
1710802123.550149,-1.6178703308105469
1710802123.550262,-1.5275074376000297
1710802123.550375,-1.4360936482747395
1710802123.5504878,-1.3429288069407146
1710802123.5506008,-1.2490634123484294
1710802123.5507138,-1.15379704369439
1710802123.5508268,-1.0574798451529608
1710802123.5509396,-0.9597618050045437
1710802123.5510526,-0.8623939090304904
1710802123.5511656,-0.7636251052220662
1710802123.5512786,-0.6641557481553819
1710802123.5513914,-0.5646864573160807
1710802123.5515044,-0.4638161924150255
1710802123.5516174,-0.3622454073694017
1710802123.5517304,-0.26137510935465497
1710802123.5518432,-0.15980432430903116
1710802123.5519562,-0.05893403457270728
1710802123.5520692,0.041944459080696106
1710802123.5521822,0.14353510406282213
1710802123.552295,0.24477544758054945
1710802123.552408,0.34636610084109837
1710802123.552521,0.4472561346160041
1710802123.552634,0.5481461352772182
1710802123.5527468,0.649036169052124
1710802123.5528598,0.7478243112564087
1710802123.5529728,0.8462621768315632
1710802123.5530858,0.9425981177224053
1710802123.5531986,1.0382334391276042
1710802123.5533116,1.1328177981906467
1710802123.5534246,1.2284531858232286
1710802123.5535376,1.3226873344845242
1710802123.5536504,1.4172716935475667
1710802123.5537634,1.5132572915818956
1710802123.5538764,1.6078417830997043
1710802123.5539894,1.7010249031914604
1710802123.5541022,1.7928067843119302
1710802123.5542152,1.8821365303463407
1710802123.5543282,1.9700649049546983
1710802123.5544412,2.0555412769317627
1710802123.554554,2.1396162774827743
1710802123.554667,2.2226402494642468
1710802123.55478,2.3053140110439725
1710802123.554893,2.387287351820204
1710802123.5550058,2.4682095315721297
1710802123.5551188,2.548080815209283
1710802123.5552318,2.6251493559943304
1710802123.5553448,2.699766159057617
1710802123.5554576,2.7712297439575195
1710802123.5555706,2.840591801537408
1710802123.5556836,2.9064504305521646
1710802123.5557966,2.9712584283616805
1710802123.5559094,3.0329132080078125
1710802123.5560224,3.095969623989529
1710802123.5561354,3.1555228763156467
1710802123.5562484,3.216477235158284
1710802123.5563612,3.2742786407470703
1710802123.5564742,3.3320803112453885
1710802123.5565872,3.3863788180881076
1710802123.5567002,3.4378745820787215
1710802123.556813,3.487268818749322
1710802123.556926,3.5328094164530435
1710802123.557039,3.576248221927219
1710802123.557152,3.6175849702623153
1710802123.5572648,3.6575206120808916
1710802123.5573778,3.696055147382948
1710802123.5574908,3.7338887320624456
1710802123.5576038,3.7696207894219294
1710802123.5577166,3.8036010000440807
1710802123.5578296,3.8365303145514593
1710802123.5579426,3.8659567303127713
1710802123.5580556,3.8932810889350042
1710802123.5581684,3.9174524943033853
1710802123.5582814,3.9402230580647783
1710802123.5583944,3.9598404036627874
1710802123.5585074,3.9791075388590493
1710802123.5586202,3.996973567538791
1710802123.5587332,4.0141389105055065
1710802123.5588462,4.031304253472222
1710802123.5589592,4.046718014611138
1710802123.559072,4.060029718610975
1710802123.559185,4.071590105692546
1710802123.559298,4.081048700544569
1710802123.559411,4.086653656429714
1710802123.5595238,4.0905070304870605
1710802123.5596368,4.090156820085314
1710802123.5597498,4.087704552544488
1710802123.5598629,4.085252285003662
1710802123.5599756,4.08069822523329
1710802123.5600886,4.075443479749891
1710802123.5602016,4.068787627749972
1710802123.5603147,4.06283246146308
1710802123.5604274,4.054074552324083
1710802123.5605404,4.043915536668566
1710802123.5606534,4.030953778160943
1710802123.5607665,4.014839596218533
1710802123.5608792,3.997323777940538
1710802123.5609922,3.9777064323425293
1710802123.5611053,3.9563372400071883
1710802123.5612183,3.9346178372701006
1710802123.561331,3.9128984345330133
1710802123.561444,3.8904786109924316
1710802123.561557,3.8680585225423174
1710802123.56167,3.8442373275756836
1710802123.5617828,3.81866455078125
1710802123.5618958,3.7906395064459906
1710802123.5620089,3.7601621945699053
1710802123.5621219,3.7258315086364746
1710802123.5622346,3.6908004018995495
1710802123.5623477,3.653317027621799
1710802123.5624607,3.615833388434516
1710802123.5625737,3.5783500141567655
1710802123.5626864,3.5401659541659884
1710802123.5627995,3.5019818941752114
1710802123.5629125,3.4630971484714084
1710802123.5630255,3.4221106105380588
1710802123.5631382,3.37762090894911
1710802123.5632513,3.3317301008436413
1710802123.5633643,3.281284968058268
1710802123.5634773,3.2297889391581216
1710802123.56359,3.1761911180284286
1710802123.563703,3.122243086496989
1710802123.563816,3.0675943692525225
1710802123.563929,3.0125951766967773
1710802123.5640419,2.956895563337538
1710802123.5641549,2.900144788953993
1710802123.5642679,2.841992908053928
1710802123.564381,2.7817392349243164
1710802123.5644937,2.7176319228278265
1710802123.5646067,2.652473979526096
1710802123.5647197,2.5848635037740073
1710802123.5648327,2.5162023968166776
1710802123.5649455,2.445789443122016
1710802123.5650585,2.3753764894273544
1710802123.5651715,2.3049638006422253
1710802123.5652845,2.233499950832791
1710802123.5653973,2.161335680219862
1710802123.5655103,2.087069352467855
1710802123.5656233,2.0121024714575872
1710802123.5657363,1.9343331125047472
1710802123.565849,1.8544618288675943
1710802123.565962,1.772488620546129
1710802123.566075,1.6901652018229165
1710802123.5661879,1.606440544128418
1710802123.5663009,1.5216648578643799
1710802123.5664139,1.4365388287438285
1710802123.566527,1.3503620359632704
1710802123.5666397,1.2638347678714328
1710802123.5667527,1.1755560504065619
1710802123.5668657,1.0858759615156386
1710802123.5669787,0.995145042737325
1710802123.5670915,0.9033630953894721
1710802123.5672045,0.8094793558120728
1710802123.5673175,0.7148949305216471
1710802123.5674305,0.6196098857455783
1710802123.5675433,0.5246752169397142
1710802123.5676563,0.42658769422107273
1710802123.5677693,0.3306020299593608
1710802123.5678823,0.23146356145540872
1710802123.567995,0.1337263567580117
1710802123.568108,0.03458789446287685
1710802123.568221,-0.06453794323735766
1710802123.568334,-0.16330677602026197
1710802123.5684469,-0.26277608341640896
1710802123.56856,-0.3625956508848402
1710802123.568673,-0.4620649417241414
1710802123.568786,-0.5608338117599487
1710802123.5688987,-0.6613538000318739
1710802123.5690117,-0.7618738545311822
1710802123.5691247,-0.8609929349687364
1710802123.5692377,-0.9597618050045437
1710802123.5693505,-1.058530608812968
1710802123.5694635,-1.155548228157891
1710802123.5695765,-1.2518653604719374
1710802123.5696895,-1.3471317291259766
1710802123.5698023,-1.4413473341200087
1710802123.5699153,-1.5345123079087999
1710802123.5700283,-1.628377702501085
1710802123.5701413,-1.7215426762898762
1710802123.570254,-1.8150577280256484
1710802123.570367,-1.9075221485561795
1710802123.57048,-1.9996363586849637
1710802123.570593,-2.090699805153741
1710802123.570706,-2.1789613034990096
1710802123.570819,-2.2668727238972983
1710802123.570932,-2.351631588406033
1710802123.571045,-2.4356902970208063
1710802123.5711577,-2.5186981095208063
1710802123.5712707,-2.600655290815565
1710802123.5713837,-2.682612207200792
1710802123.5714967,-2.763868967692057
1710802123.5716095,-2.8437246216668024
1710802123.5717225,-2.922179169125027
1710802123.5718355,-2.997832033369276
1710802123.5719485,-3.072083791097005
1710802123.5720613,-3.142482704586453
1710802123.5721743,-3.2114807764689126
1710802123.5722873,-3.2773266898261175
1710802123.5724003,-3.341421286265055
1710802123.572513,-3.404465251498752
1710802123.572626,-3.466108375125461
1710802123.5727391,-3.525299496120877
1710802123.5728521,-3.5851913028293185
1710802123.572965,-3.6415804757012262
1710802123.573078,-3.6965688069661455
1710802123.573191,-3.7498060862223306
1710802123.573304,-3.799540731641981
1710802123.5734167,-3.8464734289381237
1710802123.5735297,-3.8906041781107583
1710802123.5736427,-3.933333820766873
1710802123.5737557,-3.9736119906107583
1710802123.5738685,-4.012138843536377
1710802123.5739815,-4.049264589945476
1710802123.5740945,-4.086040390862359
1710802123.5742075,-4.1200139787462025
1710802123.5743203,-4.152586725023058
1710802123.5744333,-4.182357523176405
1710802123.5745463,-4.210026794009738
1710802123.5746593,-4.23524432712131
1710802123.5747721,-4.257659912109375
1710802123.5748851,-4.2769233385721845
1710802123.5749981,-4.294785658518474
1710802123.5751112,-4.31054671605428
1710802123.575224,-4.324906667073567
1710802123.575337,-4.338566197289361
1710802123.57545,-4.351875517103407
1710802123.575563,-4.363083309597439
1710802123.5756757,-4.373940891689724
1710802123.5757887,-4.38094589445326
1710802123.5759017,-4.385498894585504
1710802123.5760148,-4.386549790700276
1710802123.5761275,-4.384798473782009
1710802123.5762405,-4.380245208740234
1710802123.5763535,-4.372540050082736
1710802123.5764666,-4.364484416113959
1710802123.5765793,-4.355728096432156
1710802123.5766923,-4.34522098965115
1710802123.5768054,-4.334013197157118
1710802123.5769184,-4.321054087744819
1710802123.5770311,-4.306694136725532
1710802123.5771441,-4.289531972673204
1710802123.5772572,-4.269217915005154
1710802123.5773702,-4.246101909213595
1710802123.577483,-4.220884376102023
1710802123.577596,-4.193565315670437
1710802123.577709,-4.165195359124078
1710802123.577822,-4.136125246683757
1710802123.5779347,-4.108105765448676
1710802123.5780478,-4.079735808902316
1710802123.5781608,-4.049264589945476
1710802123.5782738,-4.017742739783393
1710802123.5783865,-3.9830684661865234
1710802123.5784996,-3.947343561384413
1710802123.5786126,-3.9070656564500594
1710802123.5787256,-3.863985538482666
1710802123.5788383,-3.8198547893100314
1710802123.5789514,-3.7725718816121416
1710802123.5790644,-3.727040025922987
1710802123.5791774,-3.6794069078233504
1710802123.5792902,-3.632124000125461
1710802123.5794032,-3.584140671624078
1710802123.5795162,-3.534756236606174
1710802123.5796292,-3.480818536546495
1710802123.579742,-3.4258302052815752
1710802123.579855,-3.3680399258931475
1710802123.579968,-3.3081481191847057
1710802123.580081,-3.2458048396640353
1710802123.5801938,-3.1813597679138184
1710802123.5803068,-3.1169149610731335
1710802123.5804198,-3.0517694685194225
1710802123.5805328,-2.986274030473497
1710802123.5806456,-2.919727431403266
1710802123.5807586,-2.8510798348320856
1710802123.5808716,-2.7810308668348522
1710802123.5809846,-2.7071293195088706
1710802123.5810974,-2.6325273513793945
1710802123.5812104,-2.553372383117676
1710802123.5813234,-2.4735167291429305
1710802123.5814364,-2.3926101790534124
1710802123.5815492,-2.3103027873569064
1710802123.5816622,-2.2279956605699325
1710802123.5817752,-2.1456881364186606
1710802123.5818882,-2.0612793498569064
1710802123.582001,-1.9758197996351454
1710802123.582114,-1.8893094857533772
1710802123.582227,-1.801398197809855
1710802123.58234,-1.711035304599338
1710802123.5824528,-1.6199718581305609
1710802123.5825658,-1.5275074376000297
1710802123.5826788,-1.4332917001512315
1710802123.5827918,-1.3394263055589464
1710802123.5829046,-1.2441599369049072
1710802123.5830176,-1.148893568250868
1710802123.5831306,-1.052226225535075
1710802123.5832436,-0.9548583295610216
1710802123.5833564,-0.8553890387217203
1710802123.5834694,-0.7569704453150431
1710802123.5835824,-0.6561001804139879
1710802123.5836954,-0.5548796388838027
1710802123.5838082,-0.4533088538381788
1710802123.5839212,-0.3524385558234321
1710802123.5840342,-0.24946681327290005
1710802123.5841472,-0.14684529768096075
1710802123.58426,-0.043523299197355904
1710802123.584373,0.06016071471903059
1710802123.584486,0.16315261522928873
1710802123.584599,0.26649483376079136
1710802123.5847118,0.3694867425494724
1710802123.5848248,0.47142770555284286
1710802123.5849378,0.5726680490705702
1710802123.5850508,0.6728574302461412
1710802123.5851636,0.7737474309073554
1710802123.5852766,0.8746374977959527
1710802123.5853896,0.9751772218280368
1710802123.5855026,1.0757168796327379
1710802123.5856154,1.1773074997795951
1710802123.5857284,1.2764460510677762
1710802123.5858414,1.3755844699011908
1710802123.5859544,1.472270753648546
1710802123.5860672,1.5675557984246147
1710802123.5861802,1.6603885756598578
1710802123.5862932,1.7511195606655545
1710802123.5864062,1.8415002028147378
1710802123.586519,1.9308299488491483
1710802123.586632,2.019108666314019
1710802123.586745,2.107037173377143
1710802123.586858,2.1939146518707275
1710802123.5869708,2.2793910238477917
1710802123.5870838,2.3627654711405435
1710802123.5871968,2.4429869651794434
1710802123.5873098,2.5214568773905435
1710802123.5874226,2.5971245765686035
1710802123.5875356,2.6710404290093317
1710802123.5876486,2.7428544892205133
1710802123.5877616,2.8143183390299478
1710802123.5878744,2.884731027815077
1710802123.5879874,2.955494191911485
1710802123.5881004,3.0245057741800943
1710802123.5882134,3.093167146046956
1710802123.5883262,3.157274193233914
1710802123.5884392,3.2203306092156305
1710802123.5885522,3.280234071943495
1710802123.5886652,3.3369845814175076
1710802123.588778,3.3905824025472002
1710802123.588891,3.442428641849094
1710802123.589004,3.4925235642327204
1710802123.589117,3.541917535993788
1710802123.5892298,3.5895599259270563
1710802123.5893428,3.6358012093438044
1710802123.5894558,3.680641386244032
1710802123.5895689,3.723029030693902
1710802123.5896816,3.7633151478237576
1710802123.5897946,3.8004483116997614
1710802123.5899076,3.834078311920166
1710802123.5900207,3.865606255001492
1710802123.5901334,3.8943319850497775
1710802123.5902464,3.920605447557237
1710802123.5903594,3.9454775386386447
1710802123.5904725,3.9689485232035318
1710802123.5905852,3.9913686116536455
1710802123.5906982,4.01203711827596
1710802123.5908113,4.031304253472222
1710802123.5909243,4.048819806840685
1710802123.591037,4.063883357577853
1710802123.59115,4.075793955061171
1710802123.591263,4.085952970716688
1710802123.591376,4.092608822716607
1710802123.5914888,4.097513357798259
1710802123.5916018,4.101366731855604
1710802123.5917149,4.103468524085151
1710802123.5918279,4.10557058122423
1710802123.5919406,4.106271002027723
1710802123.5920537,4.106621477339003
1710802123.5921667,4.10557058122423
1710802123.5922797,4.102768103281657
1710802123.5923924,4.096462461683485
1710802123.5925055,4.089456134372287
1710802123.5926185,4.07754553688897
1710802123.5927315,4.064934253692627
1710802123.5928442,4.049520492553711
1710802123.5929573,4.033055835300021
1710802123.5930703,4.015890492333306
1710802123.5931833,3.9987251493665905
1710802123.593296,3.981559806399875
1710802123.593409,3.96264288160536
1710802123.593522,3.942675060696072
1710802123.593635,3.920605447557237
1710802123.5937479,3.896083566877577
1710802123.5938609,3.8673578368292914
1710802123.5939739,3.8372310002644854
1710802123.594087,3.8043016857571073
1710802123.5941997,3.770671685536702
1710802123.5943127,3.735640313890245
1710802123.5944257,3.7020103136698403
1710802123.5945387,3.6673294173346624
1710802123.5946515,3.631947835286458
1710802123.5947645,3.5958655675252276
1710802123.5948775,3.557681507534451
1710802123.5949905,3.5173956553141275
1710802123.5951033,3.4743073251512313
1710802123.5952163,3.4284162521362305
1710802123.5953293,3.380073176489936
1710802123.5954423,3.3310294151306152
1710802123.595555,3.2823358641730414
1710802123.595668,3.232591417100694
1710802123.595781,3.1835476557413735
1710802123.595894,3.133102787865533
1710802123.5960069,3.082657655080159
1710802123.5961199,3.0297605196634927
1710802123.596233,2.9740609063042536
1710802123.596346,2.915558550092909
1710802123.5964587,2.8546041912502713
1710802123.5965717,2.791898250579834
1710802123.5966847,2.7274407280815973
1710802123.5967977,2.662282519870334
1710802123.5969105,2.596423890855577
1710802123.5970235,2.530214786529541
1710802123.5971365,2.4640056822035046
1710802123.5972495,2.395694785647922
1710802123.5973623,2.325982517666287
1710802123.5974753,2.253818247053358
1710802123.5975883,2.1781506803300643
1710802123.5977013,2.1014322174919977
1710802123.597814,2.022261487113105
1710802123.597927,1.9420399930742052
1710802123.59804,1.860767470465766
1710802123.598153,1.7798451582590737
1710802123.598266,1.6971713966793485
1710802123.598379,1.614847977956136
1710802123.598492,1.5314735306633842
1710802123.598605,1.4463476339975994
1710802123.5987177,1.3601707087622747
1710802123.5988307,1.272592544555664
1710802123.5989437,1.1836131413777669
1710802123.5990567,1.0935828420850966
1710802123.5991695,1.0018009609646268
1710802123.5992825,0.9114203188154433
1710802123.5993955,0.8185874753528171
1710802123.5995085,0.7268055942323473
1710802123.5996213,0.6329217884275649
1710802123.5997343,0.5400889449649386
1710802123.5998473,0.44410331381691825
1710802123.5999603,0.3498692313830058
1710802123.600073,0.2538835671212938
1710802123.600186,0.157547609673606
1710802123.6002991,0.06016071471903059
1710802123.6004121,-0.036518416470951505
1710802123.600525,-0.13388626277446747
1710802123.600638,-0.23160436087184483
1710802123.600751,-0.3300229377216763
1710802123.600864,-0.42914201815923053
1710802123.6009767,-0.5275606115659078
1710802123.6010897,-0.6273801459206475
1710802123.6012027,-0.7250982522964478
1710802123.6013157,-0.8231665690739949
1710802123.6014285,-0.9201841884189181
1710802123.6015415,-1.0168515311347113
1710802123.6016545,-1.1128184530470107
1710802123.6017675,-1.2084350321027968
1710802123.6018803,-1.304752164416843
1710802123.6019933,-1.400368743472629
1710802123.6021063,-1.4959854549831815
1710802123.6022193,-1.5912518236372206
1710802123.602332,-1.6854674286312528
1710802123.6024451,-1.778632402420044
1710802123.6025581,-1.8693456384870741
1710802123.6026711,-1.9586579004923501
1710802123.602784,-2.0465690559811063
1710802123.602897,-2.1330793698628745
1710802123.60301,-2.2181887096828885
1710802123.603123,-2.3032980495029025
1710802123.6032357,-2.3880571789211698
1710802123.6033487,-2.4721156226264105
1710802123.6034617,-2.5540728039211698
1710802123.6035748,-2.6349790891011557
1710802123.6036875,-2.71378411187066
1710802123.6038005,-2.7915382385253906
1710802123.6039135,-2.8654397858513727
1710802123.6040266,-2.9372398058573403
1710802123.6041393,-3.007288508945041
1710802123.6042523,-3.076286580827501
1710802123.6043653,-3.143883811102973
1710802123.6044784,-3.211130566067166
1710802123.6045911,-3.2769764794243708
1710802123.6047041,-3.3421219719780817
1710802123.6048172,-3.4055161476135254
1710802123.6049302,-3.466108375125461
1710802123.605043,-3.5256497065226235
1710802123.605156,-3.5816889339023166
1710802123.605269,-3.635276158650716
1710802123.605382,-3.6860617001851397
1710802123.6054947,-3.7357963456047907
1710802123.6056077,-3.7841298845079208
1710802123.6057208,-3.8307123714023166
1710802123.6058338,-3.875893751780192
1710802123.6059465,-3.9200245009528265
1710802123.6060596,-3.9624041981167264
1710802123.6061726,-4.002331892649333
1710802123.6062856,-4.03980811436971
1710802123.6063983,-4.074482123057048
1710802123.6065114,-4.106354448530409
1710802123.6066244,-4.13437392976549
1710802123.6067374,-4.160292148590088
1710802123.6068501,-4.184808995988634
1710802123.6069632,-4.2072248458862305
1710802123.6070762,-4.228939745161268
1710802123.6071892,-4.248553646935357
1710802123.607302,-4.26711638768514
1710802123.607415,-4.284278551737468
1710802123.607528,-4.298988713158502
1710802123.6076407,-4.31054671605428
1710802123.6077538,-4.320703877343072
1710802123.6078668,-4.326307773590088
1710802123.6079798,-4.330510563320583
1710802123.6080925,-4.331911669837104
1710802123.6082056,-4.331911669837104
1710802123.6083186,-4.331561459435357
1710802123.6084316,-4.329109721713595
1710802123.6085443,-4.327008194393581
1710802123.6086574,-4.3235058254665795
1710802123.6087704,-4.31825213962131
1710802123.6088834,-4.311247136857775
1710802123.6089962,-4.301790661282009
1710802123.6091092,-4.289181762271457
1710802123.6092222,-4.274121390448676
1710802123.6093352,-4.257659912109375
1710802123.609448,-4.2383964856465655
1710802123.609561,-4.219133059183757
1710802123.609674,-4.19811831580268
1710802123.609787,-4.178504678938124
1710802123.6098998,-4.156789514753553
1710802123.6100128,-4.13437392976549
1710802123.6101258,-4.109856817457411
1710802123.6102388,-4.0825377570258246
1710802123.6103516,-4.052066538068983
1710802123.6104646,-4.017392529381646
1710802123.6105776,-3.9813174141777887
1710802123.6106906,-3.943140771653917
1710802123.6108034,-3.9039134979248047
1710802123.6109164,-3.864335748884413
1710802123.6110294,-3.8240578439500594
1710802123.6111424,-3.7848303053114147
1710802123.6112552,-3.7424508730570474
1710802123.6113682,-3.6990205446879068
1710802123.6114812,-3.6538391643100314
1710802123.6115942,-3.604804939693875
1710802123.611707,-3.553669187757704
1710802123.61182,-3.4997317526075573
1710802123.611933,-3.4447434213426376
1710802123.612046,-3.388003773159451
1710802123.6121588,-3.3316146002875433
1710802123.6122718,-3.2741745313008623
1710802123.6123848,-3.2163842519124346
1710802123.6124978,-3.157543341318766
1710802123.6126106,-3.0969511138068304
1710802123.6127236,-3.0335569381713867
1710802123.6128366,-2.9680612352159286
1710802123.6129496,-2.899763584136963
1710802123.6130624,-2.828663984934489
1710802123.6131754,-2.756513754526774
1710802123.6132884,-2.6833128929138184
1710802123.6134014,-2.6094113455878363
1710802123.6135142,-2.5358600086636014
1710802123.6136272,-2.4612580405341253
1710802123.6137402,-2.3852552307976618
1710802123.6138532,-2.3071506288316512
1710802123.613966,-2.2283458709716797
1710802123.614079,-2.1467389000786676
1710802123.614192,-2.0633808771769204
1710802123.614305,-1.9775709840986464
1710802123.6144178,-1.8910608026716444
1710802123.6145308,-1.8024489614698622
1710802123.6146438,-1.712786489062839
1710802123.6147568,-1.6231240166558158
1710802123.6148696,-1.531710359785292
1710802123.6149826,-1.4402965704600017
1710802123.6150956,-1.3467815187242296
1710802123.6152086,-1.2525657812754314
1710802123.6153214,-1.1565989918178983
1710802123.6154344,-1.0595813062455919
1710802123.6155474,-0.9618632660971748
1710802123.6156604,-0.8641451597213745
1710802123.6157732,-0.7650260792838203
1710802123.6158862,-0.665206511815389
1710802123.6159992,-0.5657372209760878
1710802123.6161122,-0.465567409992218
1710802123.616225,-0.36504735549290973
1710802123.616338,-0.26417705747816295
1710802123.616451,-0.16330677602026197
1710802123.616564,-0.0627867215209537
1710802123.6166768,0.03774070905314551
1710802123.6167898,0.13828042480680677
1710802123.6169028,0.2398710780673557
1710802123.6170158,0.3393598397572835
1710802123.6171286,0.4398995637893677
1710802123.6172416,0.5414902170499166
1710802123.6173546,0.6434311469395956
1710802123.6174676,0.7443212138281928
1710802123.6175804,0.845211214489407
1710802123.6176934,0.9457509385214912
1710802123.6178064,1.0445390807257757
1710802123.6179194,1.141575707329644
1710802123.6180322,1.2386122014787462
1710802123.6181452,1.3345979319678412
1710802123.6182582,1.42988297674391
1710802123.6183712,1.5258685747782388
1710802123.618484,1.6211536195543077
1710802123.618597,1.715387635760837
1710802123.61871,1.8096217844221327
1710802123.618823,1.9038559330834282
1710802123.6189358,1.995287471347385
1710802123.6190488,2.083916531668769
1710802123.6191618,2.1711443530188665
1710802123.6192749,2.255569828881158
1710802123.6193876,2.337542904747857
1710802123.6195006,2.418465084499783
1710802123.6196136,2.499387264251709
1710802123.6197267,2.578908337487115
1710802123.6198394,2.6584291458129883
1710802123.6199524,2.7361986372205944
1710802123.6200655,2.811866071489122
1710802123.6201785,2.8836801317003036
1710802123.6202912,2.954093085394965
1710802123.6204042,3.0217032962375217
1710802123.6205173,3.0865112940470376
1710802123.6206303,3.1474656528896756
1710802123.620743,3.208069536421034
1710802123.620856,3.2676227887471514
1710802123.620969,3.3250739839341903
1710802123.621082,3.382525179121229
1710802123.6211948,3.4378745820787215
1710802123.6213078,3.491822878519694
1710802123.6214209,3.5426182217068143
1710802123.6215339,3.5909612973531084
1710802123.6216466,3.6375527911716037
1710802123.6217597,3.679940700531006
1710802123.6218727,3.720226552751329
1710802123.6219857,3.758410612742106
1710802123.6220984,3.7948430909050836
1710802123.6222115,3.8302246729532876
1710802123.6223245,3.8638546731736922
1710802123.6224375,3.8967842525906033
1710802123.6225502,3.927261299557156
1710802123.6226633,3.9566877153184676
1710802123.6227763,3.9826107025146484
1710802123.6228893,4.0067823727925616
1710802123.623002,4.02815130021837
1710802123.623115,4.047068225012885
1710802123.623228,4.062131775750054
1710802123.623341,4.075443479749891
1710802123.6234539,4.087354342142741
1710802123.6235669,4.098564253913032
1710802123.6236799,4.108373059166802
1710802123.623793,4.117481178707546
1710802123.6239057,4.124487241109212
1710802123.6240187,4.13009246190389
1710802123.6241317,4.13324515024821
1710802123.6242447,4.133595360649957
1710802123.6243575,4.132194254133436
1710802123.6244705,4.125888612535265
1710802123.6245835,4.118882285224067
1710802123.6246965,4.110474851396349
1710802123.6248093,4.100666046142578
1710802123.6249223,4.0905070304870605
1710802123.6250353,4.079997539520264
1710802123.6251483,4.068437417348226
1710802123.625261,4.055475658840603
1710802123.625374,4.041813479529487
1710802123.625487,4.025348822275798
1710802123.6256,4.007132583194308
1710802123.6257129,3.9850629700554743
1710802123.625826,3.961942195892334
1710802123.625939,3.936019208696153
1710802123.626052,3.910796642303467
1710802123.6261647,3.8838224940829806
1710802123.6262777,3.8578995068868
1710802123.6263907,3.830575148264567
1710802123.6265037,3.8021998935275607
1710802123.6266165,3.7727734777662487
1710802123.6267295,3.7408950593736434
1710802123.6268425,3.7055134773254395
1710802123.6269555,3.6666287316216364
1710802123.6270683,3.625992668999566
1710802123.6271813,3.5825538635253906
1710802123.6272943,3.539465268452962
1710802123.6274073,3.4946253564622665
1710802123.62752,3.450485865275065
1710802123.627633,3.4052957428826227
1710802123.627746,3.3594046698676214
1710802123.627859,3.3128131760491266
1710802123.627972,3.2634189393785262
1710802123.628085,3.211572700076633
1710802123.628198,3.15657377243042
1710802123.628311,3.099822998046875
1710802123.6284237,3.0406202210320368
1710802123.6285367,2.980716758304172
1710802123.6286497,2.9194121890597873
1710802123.6287627,2.8598589367336698
1710802123.6288755,2.7985541025797525
1710802123.6289885,2.7361986372205944
1710802123.6291015,2.673492696550157
1710802123.6292145,2.607633802625868
1710802123.6293273,2.5393229060702853
1710802123.6294403,2.4689099523756237
1710802123.6295533,2.396044996049669
1710802123.6296663,2.321078247494168
1710802123.629779,2.245761023627387
1710802123.629892,2.168692217932807
1710802123.6300051,2.09197375509474
1710802123.6301181,2.0142043961419
1710802123.630231,1.9360845618777804
1710802123.630344,1.8569139639536538
1710802123.630457,1.7752910984887016
1710802123.63057,1.6933180226220024
1710802123.6306827,1.6074914402431912
1710802123.6307957,1.5213145150078666
1710802123.6309087,1.433035797542996
1710802123.6310217,1.3444066047668457
1710802123.6311345,1.2547266483306885
1710802123.6312475,1.1657472451527913
1710802123.6313605,1.0746659835179646
1710802123.6314735,0.983584721883138
1710802123.6315863,0.8904015355639987
1710802123.6316993,0.7972184154722426
1710802123.6318123,0.7022837135526869
1710802123.6319253,0.606648325920105
1710802123.632038,0.5096117655436198
1710802123.6321511,0.4115242428249783
1710802123.6322641,0.3137870298491584
1710802123.6323771,0.21499887108802795
1710802123.63249,0.11551010111967722
1710802123.632603,0.016021327012115054
1710802123.632716,-0.08415160907639398
1710802123.632829,-0.18432142006026372
1710802123.6329417,-0.28519170151816475
1710802123.6330547,-0.385011268986596
1710802123.6331677,-0.4841303163104587
1710802123.6332808,-0.582899186346266
1710802123.6333935,-0.6816679901546902
1710802123.6335065,-0.7800865835613674
1710802123.6336195,-0.8781549003389146
1710802123.6337326,-0.9762232171164619
1710802123.6338453,-1.0753422975540161
1710802123.6339583,-1.1730604701571994
1710802123.6340714,-1.2707784440782335
1710802123.6341844,-1.3681463400522869
1710802123.6342971,-1.46481368276808
1710802123.6344101,-1.5579786565568712
1710802123.6345232,-1.6521942615509033
1710802123.6346362,-1.7450090249379475
1710802123.634749,-1.8364226818084717
1710802123.634862,-1.9278363386789956
1710802123.634975,-2.018899785147773
1710802123.635088,-2.110313574473063
1710802123.6352007,-2.20067646768358
1710802123.6353137,-2.2896385192871094
1710802123.6354268,-2.3768493864271374
1710802123.6355398,-2.4630093574523926
1710802123.6356525,-2.5460171699523926
1710802123.6357656,-2.6265732447306314
1710802123.6358786,-2.7064288987053766
1710802123.6359916,-2.7831323941548667
1710802123.6361043,-2.8598358896043563
1710802123.6362174,-2.9347880681355796
1710802123.6363304,-3.0097402466668024
1710802123.6364434,-3.08294137318929
1710802123.6365561,-3.155091603597005
1710802123.6366692,-3.224790096282959
1710802123.6367822,-3.2923873265584307
1710802123.6368952,-3.3568321333991156
1710802123.637008,-3.418474992116292
1710802123.637121,-3.476615746815999
1710802123.637234,-3.533355130089654
1710802123.637347,-3.5883434613545733
1710802123.6374598,-3.6419309510125055
1710802123.6375728,-3.694467544555664
1710802123.6376858,-3.7445524003770614
1710802123.6377988,-3.7935866249932184
1710802123.6379116,-3.840519322289361
1710802123.6380246,-3.8857007026672363
1710802123.6381376,-3.9284303453233504
1710802123.6382506,-3.967657883961995
1710802123.6383634,-4.004083209567599
1710802123.6384764,-4.0391076935662165
1710802123.6385894,-4.072030650244819
1710802123.6387024,-4.102151393890381
1710802123.6388152,-4.132973088158502
1710802123.6389282,-4.161692990197076
1710802123.6390412,-4.190062681833903
1710802123.6391542,-4.215630690256755
1710802123.639267,-4.239797327253553
1710802123.63938,-4.2618627018398705
1710802123.639493,-4.280775917900933
1710802123.639606,-4.296887185838488
1710802123.6397188,-4.308795399136013
1710802123.6398318,-4.3200034565395775
1710802123.6399448,-4.327358404795329
1710802123.6400578,-4.334363407558865
1710802123.6401706,-4.339266883002387
1710802123.6402836,-4.3434696727328825
1710802123.6403966,-4.346621831258138
1710802123.6405096,-4.349423779381646
1710802123.6406224,-4.349073568979899
1710802123.6407354,-4.346621831258138
1710802123.6408484,-4.340667724609375
1710802123.6409614,-4.333312511444092
1710802123.6410742,-4.321754508548312
1710802123.6411872,-4.30949608484904
1710802123.6413002,-4.294435448116726
1710802123.6414132,-4.2790248658921985
1710802123.641526,-4.263263808356391
1710802123.641639,-4.247152540418837
1710802123.641752,-4.229640430874294
1710802123.641865,-4.210727214813232
1710802123.6419778,-4.189362261030409
1710802123.6420908,-4.164845148722331
1710802123.6422038,-4.138226774003771
1710802123.6423168,-4.108455975850423
1710802123.6424296,-4.076583650377062
1710802123.6425426,-4.043660693698459
1710802123.6426556,-4.009687105814616
1710802123.6427686,-3.9764139387342663
1710802123.6428814,-3.9420898755391436
1710802123.6429944,-3.9074158668518066
1710802123.6431074,-3.870990541246202
1710802123.6432204,-3.8335143195258246
1710802123.6433332,-3.792535728878445
1710802123.6434462,-3.7491054005093045
1710802123.6435592,-3.7025231785244412
1710802123.6436722,-3.6538391643100314
1710802123.643785,-3.604104518890381
1710802123.643898,-3.553669187757704
1710802123.644011,-3.5018332799275713
1710802123.644124,-3.450347317589654
1710802123.6442368,-3.398511144849989
1710802123.6443498,-3.3442234992980957
1710802123.6444628,-3.287834061516656
1710802123.6445758,-3.2286429405212402
1710802123.6446886,-3.1669998168945312
1710802123.6448016,-3.1018545892503524
1710802123.6449146,-3.0346075693766275
1710802123.6450276,-2.966660393608941
1710802123.6451404,-2.8966114256117077
1710802123.6452534,-2.827263143327501
1710802123.6453664,-2.756513754526774
1710802123.6454794,-2.6861148410373263
1710802123.6455922,-2.613614135318332
1710802123.6457052,-2.5404132737053766
1710802123.6458182,-2.4640599886576333
1710802123.6459312,-2.3863058620029025
1710802123.646044,-2.3053995768229165
1710802123.646157,-2.224843237135145
1710802123.64627,-2.1425359778934054
1710802123.646383,-2.0602285861968994
1710802123.6464958,-1.9761700100368924
1710802123.6466088,-1.8924617767333984
1710802123.6467218,-1.8073524369133842
1710802123.6468349,-1.7225933074951172
1710802123.6469476,-1.633981598748101
1710802123.6470606,-1.546770864062839
1710802123.6471736,-1.4550068643358018
1710802123.6472867,-1.3639434178670247
1710802123.6473994,-1.2707784440782335
1710802123.6475124,-1.1776136027442083
1710802123.6476254,-1.0830476548936632
1710802123.6477385,-0.987431075837877
1710802123.6478512,-0.8907636668947008
1710802123.6479642,-0.7937461137771606
1710802123.6480772,-0.6960280074013604
1710802123.6481903,-0.5965586503346761
1710802123.648303,-0.4984903335571289
1710802123.648416,-0.3986707660886976
1710802123.648529,-0.29955171876483494
1710802123.648642,-0.19868142075008816
1710802123.6487548,-0.09851161804464129
1710802123.6488678,0.002359136318167051
1710802123.6489809,0.10289885103702545
1710802123.6490936,0.20448949601915148
1710802123.6492066,0.30467891030841404
1710802123.6493196,0.4069701830546061
1710802123.6494327,0.5078602168295119
1710802123.6495454,0.6073489454057481
1710802123.6496584,0.7068377733230591
1710802123.6497715,0.8042246765560573
1710802123.6498845,0.9023121992746989
1710802123.6499972,0.9975971778233845
1710802123.6501102,1.0935828420850966
1710802123.6502233,1.1895684401194255
1710802123.6503363,1.2855541706085205
1710802123.650449,1.3815397686428494
1710802123.650562,1.476474470562405
1710802123.650675,1.5703582763671875
1710802123.650788,1.6624905003441703
1710802123.6509008,1.7528711424933539
1710802123.6510139,1.8407996495564778
1710802123.6511269,1.9283778137630887
1710802123.6512399,2.0135037104288735
1710802123.6513526,2.0979290538363986
1710802123.6514657,2.1823543972439237
1710802123.6515787,2.2664292653401694
1710802123.6516917,2.3498037126329208
1710802123.6518044,2.431426578097873
1710802123.6519175,2.511648337046305
1710802123.6520305,2.5890673531426325
1710802123.6521435,2.6636838912963867
1710802123.6522563,2.7372495333353677
1710802123.6523693,2.8066113260057235
1710802123.6524823,2.8752726978725858
1710802123.6525953,2.941832012600369
1710802123.652708,3.008391327328152
1710802123.652821,3.073549535539415
1710802123.652934,3.1383575333489313
1710802123.653047,3.200362788306342
1710802123.6531599,3.26131714714898
1710802123.6532729,3.319819238450792
1710802123.6533859,3.375168641408284
1710802123.653499,3.427715566423204
1710802123.6536117,3.476759327782525
1710802123.6537247,3.523701296912299
1710802123.6538377,3.568891684214274
1710802123.6539507,3.61198001437717
1710802123.6540635,3.654718134138319
1710802123.6541765,3.695354461669922
1710802123.6542895,3.7345894177754717
1710802123.6544025,3.7720727920532227
1710802123.6545153,3.80710416369968
1710802123.6546283,3.8407341639200845
1710802123.6547413,3.870160314771864
1710802123.6548543,3.8981853591071234
1710802123.654967,3.9220068189832897
1710802123.65508,3.9451273282368975
1710802123.655193,3.966146045260959
1710802123.655306,3.9864640765719943
1710802123.6554189,4.005731476677789
1710802123.655532,4.023947715759277
1710802123.655645,4.041113058725993
1710802123.655758,4.056877030266656
1710802123.6558707,4.069838523864746
1710802123.6559837,4.08069822523329
1710802123.6560967,4.088405238257514
1710802123.6562097,4.094010194142659
1710802123.6563225,4.096812672085232
1710802123.6564355,4.098914464314778
1710802123.6565485,4.0978635682000055
1710802123.6566615,4.0971628824869795
1710802123.6567743,4.095761775970459
1710802123.6568873,4.092959298027886
1710802123.6570003,4.089456134372287
1710802123.6571133,4.084551599290636
1710802123.657226,4.07754553688897
1710802123.657339,4.0670360459221735
1710802123.657452,4.05442476272583
1710802123.657565,4.039361476898193
1710802123.657678,4.021145237816705
1710802123.657791,4.002928998735216
1710802123.657904,3.9826107025146484
1710802123.658017,3.96264288160536
1710802123.6581297,3.9419743749830456
1710802123.6582427,3.9216563436720104
1710802123.6583557,3.899586730533176
1710802123.6584687,3.8754150602552624
1710802123.6585815,3.8480907016330295
1710802123.6586945,3.8183140754699707
1710802123.6588075,3.785734971364339
1710802123.6589205,3.751054075029161
1710802123.6590333,3.7146215968661838
1710802123.6591463,3.678189118703206
1710802123.6592593,3.641055954827203
1710802123.6593723,3.6021712091233993
1710802123.659485,3.5660892062717013
1710802123.659598,3.527554670969645
1710802123.6597111,3.4876190291510687
1710802123.6598241,3.4448809093899198
1710802123.659937,3.3993403116861978
1710802123.66005,3.3516979217529297
1710802123.660163,3.3016029993693032
1710802123.660276,3.2518588172064886
1710802123.6603887,3.1989614168802896
1710802123.6605017,3.1474656528896756
1710802123.6606147,3.095969623989529
1710802123.6607277,3.042722013261583
1710802123.6608405,2.9873726103040905
1710802123.6609535,2.9316729969448514
1710802123.6610665,2.873521116044786
1710802123.6611795,2.811866071489122
1710802123.6612923,2.746357652876112
1710802123.6614053,2.6794478628370495
1710802123.6615183,2.61078675587972
1710802123.6616313,2.541424698299832
1710802123.661744,2.471012009514703
1710802123.6618571,2.4002488454182944
1710802123.6619701,2.329135470920139
1710802123.6620831,2.256270249684652
1710802123.662196,2.1823543972439237
1710802123.662309,2.106336487664117
1710802123.662422,2.0282167858547635
1710802123.662535,1.9469442632463243
1710802123.6626477,1.864971187379625
1710802123.6627607,1.7822974257998996
1710802123.6628737,1.6978720823923745
1710802123.6629868,1.6134467389848497
1710802123.6630995,1.5283207098642984
1710802123.6632125,1.4431948131985135
1710802123.6633255,1.3563173347049289
1710802123.6634386,1.2687391704983182
1710802123.6635513,1.180460320578681
1710802123.6636643,1.0900797446568806
1710802123.6637774,0.9993487596511841
1710802123.6638904,0.9072165356742011
1710802123.6640031,0.8147340350680881
1710802123.6641161,0.7212005721198188
1710802123.6642292,0.6269664896859063
1710802123.6643422,0.5323820975091722
1710802123.664455,0.4370970527331034
1710802123.664568,0.34076111184226143
1710802123.664681,0.24442513783772785
1710802123.664794,0.14633761511908636
1710802123.6649067,0.047899774379200406
1710802123.6650198,-0.05122866895463731
1710802123.6651328,-0.1506979763507843
1710802123.6652458,-0.25051754381921554
1710802123.6653585,-0.35103758176167804
1710802123.6654716,-0.4522581232918633
1710802123.6655846,-0.5541791518529257
1710802123.6656976,-0.6557499037848579
1710802123.6658103,-0.7576709323459201
1710802123.6659234,-0.8585412634743584
1710802123.6660364,-0.9594115283754137
1710802123.6661494,-1.059231095843845
1710802123.6662621,-1.157649623023139
1710802123.6663752,-1.2546673085954454
1710802123.6664882,-1.3516848617129855
1710802123.6666012,-1.4466010199652777
1710802123.666714,-1.542567941877577
1710802123.666827,-1.6374841001298692
1710802123.66694,-1.7324001259273953
1710802123.667053,-1.8262656529744465
1710802123.6671658,-1.9194304943084717
1710802123.6672788,-2.0111944940355087
1710802123.6673918,-2.101907730102539
1710802123.6675048,-2.190519438849555
1710802123.6676176,-2.277379830678304
1710802123.6677306,-2.362138960096571
1710802123.6678436,-2.447948720720079
1710802123.6679566,-2.5320074293348522
1710802123.6680694,-2.6150152418348522
1710802123.6681824,-2.6983732647365994
1710802123.6682954,-2.7803304460313583
1710802123.6684084,-2.8601861000061035
1710802123.6685212,-2.9386406474643283
1710802123.6686342,-3.0139433013068304
1710802123.6687472,-3.086443742116292
1710802123.6688602,-3.1571931309170194
1710802123.668973,-3.224790096282959
1710802123.669086,-3.2909862200419107
1710802123.669199,-3.355781502193875
1710802123.669312,-3.4205765194363065
1710802123.6694248,-3.483620484670003
1710802123.6695378,-3.545613818698459
1710802123.6696508,-3.606206046210395
1710802123.6697638,-3.6643465360005694
1710802123.6698766,-3.7196850776672363
1710802123.6699896,-3.7725718816121416
1710802123.6701026,-3.8223065270317926
1710802123.6702156,-3.8699396451314287
1710802123.6703284,-3.9140703943040633
1710802123.6704414,-3.957150512271457
1710802123.6705544,-3.99777889251709
1710802123.6706674,-4.036655955844455
1710802123.6707802,-4.0741319126553
1710802123.6708932,-4.110207027859158
1710802123.6710062,-4.1434801949395075
1710802123.6711192,-4.174301889207628
1710802123.671232,-4.202321370442708
1710802123.671345,-4.226838482750787
1710802123.671458,-4.249604278140597
1710802123.671571,-4.268867704603407
1710802123.6716838,-4.286379814147949
1710802123.6717968,-4.302491082085504
1710802123.6719098,-4.31720150841607
1710802123.6720228,-4.331911669837104
1710802123.6721356,-4.344870779249403
1710802123.6722486,-4.356428782145183
1710802123.6723616,-4.36693615383572
1710802123.6724746,-4.374641312493218
1710802123.6725874,-4.379894998338488
1710802123.6727004,-4.382696946461995
1710802123.6728134,-4.381996525658502
1710802123.6729264,-4.378844367133246
1710802123.6730392,-4.374291102091472
1710802123.6731522,-4.368336995442708
1710802123.6732652,-4.361332257588704
1710802123.6733782,-4.353276623619927
1710802123.673491,-4.344520303938124
1710802123.673604,-4.334363407558865
1710802123.673717,-4.321754508548312
1710802123.67383,-4.3059934510125055
1710802123.6739428,-4.28883155186971
1710802123.6740558,-4.267817073398166
1710802123.6741688,-4.244000381893581
1710802123.6742818,-4.218432638380262
1710802123.6743946,-4.191113577948676
1710802123.6745076,-4.164144727918837
1710802123.6746206,-4.13682566748725
1710802123.6747336,-4.109156396653917
1710802123.6748464,-4.080436494615343
1710802123.6749594,-4.049614800347222
1710802123.6750724,-4.015991422865126
1710802123.6751854,-3.9795660972595215
1710802123.6752982,-3.940338823530409
1710802123.6754112,-3.8972587055630155
1710802123.6755242,-3.854178852505154
1710802123.6756372,-3.8079465760125055
1710802123.67575,-3.7624147203233504
1710802123.675863,-3.715832233428955
1710802123.675976,-3.6696002218458386
1710802123.676089,-3.6223170492384167
1710802123.6762018,-3.573983510335286
1710802123.6763148,-3.5221473375956216
1710802123.6764278,-3.467859427134196
1710802123.6765409,-3.4111200438605414
1710802123.6766536,-3.3515784475538464
1710802123.6767666,-3.2909862200419107
1710802123.6768796,-3.2286429405212402
1710802123.6769927,-3.1662993960910373
1710802123.6771054,-3.1032554308573403
1710802123.6772184,-3.0395110448201494
1710802123.6773314,-2.974365552266439
1710802123.6774445,-2.908519638909234
1710802123.6775572,-2.839521567026774
1710802123.6776702,-2.7684222327338324
1710802123.6777833,-2.6938202646043563
1710802123.6778963,-2.6181674003601074
1710802123.678009,-2.5393623775906033
1710802123.678122,-2.4602074093288846
1710802123.678235,-2.3796513345506454
1710802123.678348,-2.2987447844611273
1710802123.6784608,-2.2167877356211343
1710802123.6785738,-2.1351808971828885
1710802123.6786869,-2.0511223210228815
1710802123.6787999,-1.9656627708011203
1710802123.6789126,-1.8788022465176053
1710802123.6790257,-1.789489984512329
1710802123.6791387,-1.699126958847046
1710802123.6792517,-1.6073630915747747
1710802123.6793644,-1.5145483281877306
1710802123.6794775,-1.4210331439971924
1710802123.6795905,-1.3268175390031602
1710802123.6797035,-1.232952144410875
1710802123.6798162,-1.135934591293335
1710802123.6799293,-1.0396173927519057
1710802123.6800423,-0.9411988655726115
1710802123.6801553,-0.8441812462276882
1710802123.680268,-0.745062165790134
1710802123.680381,-0.6455928749508327
1710802123.680494,-0.5461235178841485
1710802123.680607,-0.44665422704484725
1710802123.6807199,-0.346134172545539
1710802123.6808329,-0.2445633874999152
1710802123.6809459,-0.14264237549569872
1710802123.681059,-0.04212232099639045
1710802123.6811717,0.05840914944807688
1710802123.6812847,0.16035012072987026
1710802123.6813977,0.2612401379479302
1710802123.6815107,0.3614295522371928
1710802123.6816235,0.4616189334127638
1710802123.6817365,0.56040710873074
1710802123.6818495,0.6612971093919542
1710802123.6819625,0.760785871081882
1710802123.6820753,0.8616759379704793
1710802123.6821883,0.9622156620025635
1710802123.6823013,1.0627553198072646
1710802123.6824143,1.1625944243537054
1710802123.682527,1.2613826327853732
1710802123.68264,1.3584191269344754
1710802123.682753,1.4544048574235704
1710802123.682866,1.5475879775153265
1710802123.6829789,1.6400705443488226
1710802123.6830919,1.7315020826127794
1710802123.683205,1.8229336208767362
1710802123.683318,1.9133142630259194
1710802123.6834307,2.003694905175103
1710802123.6835437,2.092674308353
1710802123.6836567,2.180252472559611
1710802123.6837697,2.2664292653401694
1710802123.6838825,2.3498037126329208
1710802123.6839955,2.429674996270074
1710802123.6841085,2.5081451733907065
1710802123.6842215,2.583812607659234
1710802123.6843343,2.658078935411241
1710802123.6844473,2.731294102138943
1710802123.6845603,2.8027579519483776
1710802123.6846733,2.873521116044786
1710802123.684786,2.9435835944281683
1710802123.684899,3.011544280582004
1710802123.685012,3.0767024887932672
1710802123.685125,3.1401091151767306
1710802123.685238,3.1989614168802896
1710802123.685351,3.256412876976861
1710802123.685464,3.311061594221327
1710802123.685577,3.3643089400397406
1710802123.6856897,3.415104283226861
1710802123.6858027,3.465199205610487
1710802123.6859157,3.5138924916585283
1710802123.6860287,3.561885356903076
1710802123.6861415,3.608126640319824
1710802123.6862545,3.6529665523105197
1710802123.6863675,3.695354461669922
1710802123.6864805,3.733538521660699
1710802123.6865933,3.769970999823676
1710802123.6867063,3.803250789642334
1710802123.6868193,3.8337278366088867
1710802123.6869323,3.862453566657172
1710802123.687045,3.8911792967054577
1710802123.687158,3.9167520734998913
1710802123.687271,3.941624164581299
1710802123.6873841,3.965095149146186
1710802123.687497,3.9871647622850204
1710802123.68761,4.007132583194308
1710802123.687723,4.024297926161024
1710802123.687836,4.039361476898193
1710802123.6879487,4.0523229704962835
1710802123.6880617,4.061080879635281
1710802123.6881747,4.0677367316351996
1710802123.6882877,4.073692162831624
1710802123.6884005,4.077895747290717
1710802123.6885135,4.081398910946316
1710802123.6886265,4.0824498070610895
1710802123.6887395,4.084201388888888
1710802123.6888523,4.084902074601915
1710802123.6889653,4.083150492774116
1710802123.6890783,4.079647329118517
1710802123.6891913,4.073341687520345
1710802123.689304,4.063883357577853
1710802123.6894171,4.053724341922336
1710802123.6895301,4.040762583414714
1710802123.6896431,4.027100404103597
1710802123.689756,4.013088014390734
1710802123.689869,3.999425835079617
1710802123.689982,3.984712759653727
1710802123.6900947,3.9703498946295843
1710802123.6902077,3.953885237375895
1710802123.6903207,3.9346178372701006
1710802123.6904337,3.9132489098442926
1710802123.6905465,3.889077239566379
1710802123.6906595,3.8621033562554254
1710802123.6907725,3.8330274158053927
1710802123.6908855,3.8029003143310547
1710802123.6909983,3.772423267364502
1710802123.6911113,3.74159574508667
1710802123.6912243,3.7097173266940646
1710802123.6913373,3.6778389083014593
1710802123.69145,3.6438584327697754
1710802123.6915631,3.6091775364345975
1710802123.6916761,3.569592105017768
1710802123.6917892,3.5282553566826715
1710802123.691902,3.483765655093723
1710802123.692015,3.4371741612752276
1710802123.692128,3.388830820719401
1710802123.692241,3.3401375346713595
1710802123.6923537,3.291794459025065
1710802123.6924667,3.243100908067491
1710802123.6925797,3.1944073571099176
1710802123.6926928,3.1439624892340765
1710802123.6928055,3.0921162499321833
1710802123.6929185,3.0378177430894637
1710802123.6930315,2.9803665479024253
1710802123.6931446,2.9208132955763073
1710802123.6932573,2.860559622446696
1710802123.6933703,2.7978536817762585
1710802123.6934834,2.734797265794542
1710802123.6935964,2.6724418004353843
1710802123.6937091,2.6090351740519204
1710802123.6938221,2.54527833726671
1710802123.6939352,2.480120129055447
1710802123.6940482,2.4128601286146374
1710802123.694161,2.3441987567477756
1710802123.694274,2.271684010823568
1710802123.694387,2.1981185012393527
1710802123.6945,2.1206993526882596
1710802123.6946127,2.0443312327067056
1710802123.6947258,1.9655108451843262
1710802123.6948388,1.8873911433749728
1710802123.6949518,1.8075198597378201
1710802123.6950645,1.7276485761006672
1710802123.6951776,1.645675500233968
1710802123.6952906,1.5633520815107558
1710802123.6954036,1.4782260523902044
1710802123.6955163,1.3923994700113933
1710802123.6956294,1.3048213058047824
1710802123.6957424,1.2165425883399115
1710802123.6958554,1.1265122890472412
1710802123.6959682,1.0361315806706746
1710802123.6960812,0.9450503190358479
1710802123.6961942,0.8532684379153781
1710802123.6963072,0.7611362139383951
1710802123.69642,0.6679530276192559
1710802123.696533,0.5744195646709865
1710802123.696646,0.4805358250935872
1710802123.696759,0.38490047057469684
1710802123.6968718,0.2896154589123196
1710802123.6969848,0.19292919172181022
1710802123.6970978,0.09624290797445509
1710802123.6972108,-0.00044327766065382294
1710802123.6973236,-0.09816137452920277
1710802123.6974366,-0.19622971614201862
1710802123.6975496,-0.29499851995044285
1710802123.6976626,-0.39271662632624305
1710802123.6977754,-0.49148546324835884
1710802123.6978884,-0.5892035696241591
1710802123.6980014,-0.6865713993708292
1710802123.6981144,-0.7832387420866225
1710802123.6982272,-0.8795558744006686
1710802123.6983402,-0.9751725196838379
1710802123.6984532,-1.0725403494305081
1710802123.6985662,-1.1681569947136772
1710802123.698679,-1.2648243374294705
1710802123.698792,-1.3611414697435167
1710802123.698905,-1.4574586020575628
1710802123.699018,-1.553075181113349
1710802123.6991308,-1.6476411289638944
1710802123.6992438,-1.7411563131544325
1710802123.6993568,-1.8332705232832167
1710802123.6994698,-1.9232832060919867
1710802123.6995826,-2.0136460993025036
1710802123.6996956,-2.10295836130778
1710802123.6998086,-2.1919204129113092
1710802123.6999216,-2.280181778801812
1710802123.7000344,-2.36879375245836
1710802123.7001474,-2.4549537234836154
1710802123.7002604,-2.5397128529018826
1710802123.7003734,-2.6227206654018826
1710802123.7004862,-2.7032767401801214
1710802123.7005992,-2.7820817629496255
1710802123.7007122,-2.8566837310791016
1710802123.7008252,-2.930585013495551
1710802123.700938,-3.002385033501519
1710802123.701051,-3.07383484310574
1710802123.701164,-3.142482704586453
1710802123.701277,-3.212181462181939
1710802123.7013898,-3.2787277963426376
1710802123.7015028,-3.3456243409050836
1710802123.7016158,-3.4083180957370334
1710802123.7017288,-3.468209637535943
1710802123.7018416,-3.5259999169243708
1710802123.7019546,-3.5816889339023166
1710802123.7020676,-3.6338753170437283
1710802123.7021806,-3.685010804070367
1710802123.7022934,-3.7336948182847762
1710802123.7024064,-3.782378567589654
1710802123.7025194,-3.8289610544840493
1710802123.7026324,-3.874142699771457
1710802123.7027452,-3.9179232385423446
1710802123.7028582,-3.959252039591471
1710802123.7029712,-3.9988295237223306
1710802123.7030842,-4.036305745442708
1710802123.703197,-4.069929122924805
1710802123.70331,-4.101801183488634
1710802123.703423,-4.130871560838488
1710802123.703536,-4.158190621270074
1710802123.7036488,-4.184458785586886
1710802123.7037618,-4.209326108296712
1710802123.7038748,-4.2327925893995495
1710802123.7039878,-4.255558384789361
1710802123.7041006,-4.275872707366943
1710802123.7042136,-4.294085237714979
1710802123.7043266,-4.30949608484904
1710802123.7044396,-4.321754508548312
1710802123.7045524,-4.331911669837104
1710802123.7046654,-4.338215986887614
1710802123.7047784,-4.34381988313463
1710802123.7048914,-4.345921410454644
1710802123.7050042,-4.348723358578152
1710802123.7051172,-4.35012420018514
1710802123.7052302,-4.350824885898166
1710802123.7053432,-4.349773989783393
1710802123.705456,-4.347672727372911
1710802123.705569,-4.343119462331136
1710802123.705682,-4.335414038764106
1710802123.705795,-4.325256877475314
1710802123.7059078,-4.3122980329725475
1710802123.7060208,-4.297237396240234
1710802123.7061338,-4.280775917900933
1710802123.7062469,-4.263263808356391
1710802123.7063596,-4.245051013098823
1710802123.7064726,-4.226137797037761
1710802123.7065856,-4.206524160173204
1710802123.7066987,-4.18550968170166
1710802123.7068114,-4.162043200598823
1710802123.7069244,-4.136475457085504
1710802123.7070374,-4.10740507973565
1710802123.7071505,-4.075182808770074
1710802123.7072632,-4.040858745574951
1710802123.7073762,-4.0051338407728405
1710802123.7074893,-3.969058725568983
1710802123.7076023,-3.9322831895616317
1710802123.707715,-3.8948069678412542
1710802123.707828,-3.857331011030409
1710802123.707941,-3.8184539477030435
1710802123.708054,-3.777825567457411
1710802123.7081668,-3.7333446078830295
1710802123.7082798,-3.687112331390381
1710802123.7083929,-3.6366772651672363
1710802123.7085059,-3.584140671624078
1710802123.7086186,-3.529152340359158
1710802123.7087317,-3.473813798692491
1710802123.7088447,-3.4174243609110513
1710802123.7089577,-3.3610351880391436
1710802123.7090704,-3.302894698248969
1710802123.7091835,-3.244053522745768
1710802123.7092965,-3.1831110848320856
1710802123.7094095,-3.1200671195983887
1710802123.7095222,-3.0538709958394366
1710802123.7096353,-2.985573344760471
1710802123.7097483,-2.9144740104675293
1710802123.7098613,-2.842673990461561
1710802123.709974,-2.769472863939073
1710802123.710087,-2.6962717374165854
1710802123.7102,-2.6223704550001354
1710802123.710313,-2.548468907674154
1710802123.7104259,-2.4735167291429305
1710802123.7105389,-2.396112812889947
1710802123.7106519,-2.317307790120443
1710802123.710765,-2.236401504940457
1710802123.7108777,-2.1533935599856906
1710802123.7109907,-2.0686344305674234
1710802123.7111037,-1.9831748803456624
1710802123.7112167,-1.8963143560621474
1710802123.7113295,-1.8080528577168782
1710802123.7114425,-1.7204919126298692
1710802123.7115555,-1.630829440222846
1710802123.7116685,-1.5404664145575628
1710802123.7117813,-1.448702547285292
1710802123.7118943,-1.3558877838982475
1710802123.7120073,-1.2613219685024686
1710802123.7121203,-1.1657052569919162
1710802123.712233,-1.068687703874376
1710802123.712346,-0.9699188338385688
1710802123.712459,-0.8718505170610216
1710802123.712572,-0.7720309495925903
1710802123.7126849,-0.6718611717224121
1710802123.7127979,-0.5699401431613498
1710802123.712911,-0.46801911460028756
1710802123.713024,-0.3664483295546638
1710802123.7131367,-0.26312632693184745
1710802123.7132497,-0.16085505485534668
1710802123.7133627,-0.05823354754183027
1710802123.7134757,0.0440463340944714
1710802123.7135885,0.14633761511908636
1710802123.7137015,0.24932950735092163
1710802123.7138145,0.3509201606114705
1710802123.7139275,0.45391205284330577
1710802123.7140403,0.5576045645607842
1710802123.7141533,0.6598958704206679
1710802123.7142663,0.7611362139383951
1710802123.7143793,0.8623765574561225
1710802123.714492,0.9618653191460503
1710802123.714605,1.0610038042068481
1710802123.714718,1.1576900217268202
1710802123.714831,1.2547266483306885
1710802123.714944,1.3507122463650174
1710802123.715057,1.4473985301123724
1710802123.71517,1.5437344710032144
1710802123.715283,1.6393698586357963
1710802123.7153957,1.7357057995266385
1710802123.7155087,1.829589605331421
1710802123.7156217,1.922072172164917
1710802123.7157347,2.0124528143141003
1710802123.7158475,2.100381188922458
1710802123.7159605,2.1862077713012695
1710802123.7160735,2.2713338004218206
1710802123.7161865,2.3540075620015464
1710802123.7162993,2.4366813235812717
1710802123.7164123,2.518304189046224
1710802123.7165253,2.60062747531467
1710802123.7166383,2.679798338148329
1710802123.716751,2.756867143842909
1710802123.716864,2.832184102800157
1710802123.7169771,2.9053995344373913
1710802123.7170901,2.975111802419027
1710802123.717203,3.041320906745063
1710802123.717316,3.1050777435302734
1710802123.717429,3.1681338946024575
1710802123.717542,3.227687146928575
1710802123.7176547,3.288641505771213
1710802123.7177677,3.346793386671278
1710802123.7178807,3.403544161054823
1710802123.7179937,3.4581928782992892
1710802123.7181065,3.5103893280029297
1710802123.7182195,3.5590828789605036
1710802123.7183325,3.6049736870659723
1710802123.7184455,3.6480622821384006
1710802123.7185583,3.6883481343587237
1710802123.7186713,3.7258315086364746
1710802123.7187843,3.7629646725124783
1710802123.7188973,3.7979960441589355
1710802123.71901,3.831976254781087
1710802123.7191231,3.864905834197998
1710802123.7192361,3.8967842525906033
1710802123.7193491,3.926560878753662
1710802123.719462,3.9535347620646157
1710802123.719575,3.978056642744276
1710802123.719688,4.001177416907416
1710802123.719801,4.020444552103679
1710802123.7199137,4.038660791185167
1710802123.7200267,4.05442476272583
1710802123.7201397,4.070188999176025
1710802123.7202528,4.083150492774116
1710802123.7203655,4.09541130065918
1710802123.7204785,4.108373059166802
1710802123.7205915,4.118181864420573
1710802123.7207046,4.126589298248291
1710802123.7208173,4.132194254133436
1710802123.7209303,4.134996732076009
1710802123.7210433,4.134996732076009
1710802123.7211564,4.132544464535183
1710802123.7212691,4.127289983961317
1710802123.7213821,4.120283656650119
1710802123.7214952,4.1132773293389215
1710802123.7216082,4.104869895511203
1710802123.721721,4.095761775970459
1710802123.721834,4.085602760314941
1710802123.721947,4.075443479749891
1710802123.72206,4.062481986151801
1710802123.7221727,4.047068225012885
1710802123.7222857,4.02815130021837
1710802123.7223988,4.007483058505588
1710802123.7225118,3.984012073940701
1710802123.7226245,3.9594901932610407
1710802123.7227376,3.933566941155328
1710802123.7228506,3.906943268246121
1710802123.7229636,3.881020016140408
1710802123.7230763,3.854396343231201
1710802123.7231894,3.826721774207221
1710802123.7233024,3.797295358445909
1710802123.7234154,3.765066729651557
1710802123.7235281,3.730736043718126
1710802123.7236412,3.693602879842122
1710802123.7237542,3.653317027621799
1710802123.7238672,3.61198001437717
1710802123.72398,3.569241894616021
1710802123.724093,3.526853985256619
1710802123.724206,3.4841158654954696
1710802123.724319,3.4413777457343206
1710802123.7244318,3.3982894155714245
1710802123.7245448,3.3530990282694497
1710802123.7246578,3.3061570591396756
1710802123.7247708,3.255361715952555
1710802123.7248836,3.202815055847168
1710802123.7249966,3.146764967176649
1710802123.7251096,3.08931377198961
1710802123.7252226,3.0311618910895453
1710802123.7253354,2.972309324476454
1710802123.7254484,2.9131065474616156
1710802123.7255614,2.853553295135498
1710802123.7256744,2.79259893629286
1710802123.7257872,2.73024320602417
1710802123.7259002,2.6661361588372126
1710802123.7260132,2.59922636879815
1710802123.7261262,2.529864576127794
1710802123.726239,2.457700040605333
1710802123.726352,2.384484608968099
1710802123.726465,2.3098680708143444
1710802123.726578,2.234200636545817
1710802123.7266908,2.1592337555355496
1710802123.7268038,2.083566188812256
1710802123.7269168,2.006497515572442
1710802123.7270298,1.9294287098778617
1710802123.7271426,1.849557426240709
1710802123.7272556,1.76898545689053
1710802123.7273686,1.6859614849090576
1710802123.7274816,1.6022366947597928
1710802123.7275944,1.5164101123809814
1710802123.7277074,1.42988297674391
1710802123.7278204,1.3430053657955594
1710802123.7279334,1.2561278873019748
1710802123.7280462,1.1678491698371039
1710802123.7281592,1.0781690809461806
1710802123.7282722,0.9884890582826402
1710802123.7283852,0.8967071771621704
1710802123.728498,0.8042246765560573
1710802123.728611,0.7103408707512749
1710802123.728724,0.6164571311738756
1710802123.728837,0.5204714669121636
1710802123.7289498,0.42448580265045166
1710802123.7290628,0.3274492091602749
1710802123.7291758,0.23006232248412237
1710802123.7292888,0.131974791487058
1710802123.7294016,0.03318664514356189
1710802123.7295146,-0.06558867378367318
1710802123.7296276,-0.1650579935974545
1710802123.7297406,-0.26382681396272445
1710802123.7298534,-0.36329613791571724
1710802123.7299664,-0.4617146982087029
1710802123.7300794,-0.5604835351308187
1710802123.7301924,-0.6599528259701198
1710802123.7303052,-0.7587216960059272
1710802123.7304182,-0.8574904998143513
1710802123.7305312,-0.9573100672827827
1710802123.7306442,-1.056429147720337
1710802123.730757,-1.154847674899631
1710802123.73087,-1.2525657812754314
1710802123.730983,-1.3481824927859836
1710802123.731096,-1.4441492822435167
1710802123.7312088,-1.5369640456305609
1710802123.7313218,-1.629778676562839
1710802123.7314348,-1.7208421230316162
1710802123.7315476,-1.8129563331604004
1710802123.7316606,-1.9029690159691703
1710802123.7317736,-1.9936822520362005
1710802123.7318866,-2.084395488103231
1710802123.7319994,-2.173007196850247
1710802123.7321124,-2.2602179315355087
1710802123.7322254,-2.346377902560764
1710802123.7323384,-2.430436611175537
1710802123.7324512,-2.511342896355523
1710802123.7325642,-2.590848339928521
1710802123.7326772,-2.6689529418945312
1710802123.7327902,-2.7463568581475153
1710802123.732903,-2.823410563998752
1710802123.733016,-2.899763584136963
1710802123.733129,-2.974365552266439
1710802123.733242,-3.047916889190674
1710802123.7333548,-3.1193666987948947
1710802123.7334678,-3.1873141394721136
1710802123.7335808,-3.2538604736328125
1710802123.7336938,-3.317254649268256
1710802123.7338066,-3.378547297583686
1710802123.7339196,-3.4373882081773544
1710802123.7340326,-3.494478066762288
1710802123.7341456,-3.5515679253472223
1710802123.7342584,-3.6072566774156356
1710802123.7343714,-3.6615445878770614
1710802123.7344844,-3.713030285305447
1710802123.7345974,-3.764516247643365
1710802123.7347102,-3.8132002618577743
1710802123.7348232,-3.8590820630391436
1710802123.7349362,-3.9018119706047907
1710802123.7350492,-3.941739665137397
1710802123.735162,-3.9795660972595215
1710802123.735275,-4.013889895545112
1710802123.735388,-4.047163327534993
1710802123.735501,-4.079385598500569
1710802123.7356138,-4.109156396653917
1710802123.7357268,-4.138226774003771
1710802123.7358398,-4.165195359124078
1710802123.7359529,-4.190062681833903
1710802123.7360656,-4.212828742133246
1710802123.7361786,-4.2327925893995495
1710802123.7362916,-4.249604278140597
1710802123.7364047,-4.2639642291598845
1710802123.7365174,-4.277273548973931
1710802123.7366304,-4.2881311310662165
1710802123.7367435,-4.298288292355007
1710802123.7368565,-4.306694136725532
1710802123.7369692,-4.3158004018995495
1710802123.7370822,-4.322454929351807
1710802123.7371953,-4.329109721713595
1710802123.7373083,-4.332962301042345
1710802123.737421,-4.334363407558865
1710802123.737534,-4.332962301042345
1710802123.737647,-4.328409300910102
1710802123.73776,-4.3214042981465655
1710802123.7378728,-4.3122980329725475
1710802123.7379858,-4.301090240478516
1710802123.7380989,-4.289531972673204
1710802123.7382119,-4.277623759375678
1710802123.7383246,-4.264664649963379
1710802123.7384377,-4.249954488542345
1710802123.7385507,-4.233843220604791
1710802123.7386637,-4.215630690256755
1710802123.7387764,-4.1939155260721845
1710802123.7388895,-4.168697992960612
1710802123.7390025,-4.1420793533325195
1710802123.7391155,-4.111958344777425
1710802123.7392282,-4.08078670501709
1710802123.7393413,-4.049965275658502
1710802123.7394543,-4.017742739783393
1710802123.7395673,-3.985520203908284
1710802123.73968,-3.9529474576314287
1710802123.739793,-3.9179232385423446
1710802123.739906,-3.881848123338487
1710802123.740019,-3.8419201638963485
1710802123.7401319,-3.799540731641981
1710802123.7402449,-3.7547092967563205
1710802123.7403579,-3.708827495574951
1710802123.740471,-3.6601434813605414
1710802123.7405837,-3.611809942457411
1710802123.7406967,-3.563476138644748
1710802123.7408097,-3.5140917036268444
1710802123.7409227,-3.464006847805447
1710802123.7410355,-3.4125208854675293
1710802123.7411485,-3.359283871120877
1710802123.7412615,-3.303595119052463
1710802123.7413745,-3.2444037331475153
1710802123.7414873,-3.1834612952338324
1710802123.7416003,-3.1197169091966415
1710802123.7417133,-3.055622312757704
1710802123.7418263,-2.988375292883979
1710802123.741939,-2.9225296444363065
1710802123.742052,-2.8556328349643283
1710802123.742165,-2.7883860800001354
1710802123.742278,-2.719388008117676
1710802123.7423909,-2.647938198513455
1710802123.742504,-2.5750872823927136
1710802123.742617,-2.5001351038614907
1710802123.74273,-2.422030766805013
1710802123.7428427,-2.342525323232015
1710802123.7429557,-2.261969248453776
1710802123.7430687,-2.181062830819024
1710802123.7431817,-2.098755439122518
1710802123.7432945,-2.016097837024265
1710802123.7434075,-1.9327398141225178
1710802123.7435205,-1.8479806847042508
1710802123.7436335,-1.7621709240807426
1710802123.7437463,-1.6739094257354736
1710802123.7438593,-1.5845971637301974
1710802123.7439723,-1.4935337172614203
1710802123.7440853,-1.401419507132636
1710802123.744198,-1.307554112540351
1710802123.744311,-1.214389271206326
1710802123.744424,-1.1194731129540336
1710802123.744537,-1.0249071651034884
1710802123.74465,-0.9289403094185723
1710802123.744763,-0.832973387506273
1710802123.744876,-0.7363060447904799
1710802123.744989,-0.6385879384146796
1710802123.7451017,-0.540869865152571
1710802123.7452147,-0.4428015483750237
1710802123.7453277,-0.3443829549683465
1710802123.7454407,-0.2445633874999152
1710802123.7455535,-0.14544432361920676
1710802123.7456665,-0.04457402974367142
1710802123.7457795,0.05595696055226856
1710802123.7458925,0.15684699018796286
1710802123.7460053,0.25913826293415493
1710802123.7461183,0.36037858989503646
1710802123.7462313,0.4619692431555854
1710802123.7463443,0.5618083477020264
1710802123.746457,0.6616474522484673
1710802123.74657,0.760785871081882
1710802123.7466831,0.860624975628323
1710802123.7467961,0.9590628412034776
1710802123.746909,1.0585516028934054
1710802123.747022,1.157339678870307
1710802123.747135,1.256478230158488
1710802123.747248,1.3549160957336426
1710802123.7473607,1.4509016937679715
1710802123.7474737,1.5465370814005532
1710802123.7475867,1.6390195157792833
1710802123.7476997,1.730451186498006
1710802123.7478125,1.8194305896759033
1710802123.7479255,1.907008621427748
1710802123.7480385,1.9935358895195854
1710802123.7481515,2.07971281475491
1710802123.7482643,2.1658897399902344
1710802123.7483773,2.250665293799506
1710802123.7484903,2.334740426805284
1710802123.7486033,2.416012816958957
1710802123.748716,2.49588410059611
1710802123.7488291,2.57295290629069
1710802123.7489421,2.6479199197557235
1710802123.7490551,2.720434400770399
1710802123.749168,2.791898250579834
1710802123.749281,2.86126004325019
1710802123.749394,2.9299214151170516
1710802123.749507,2.998582786983914
1710802123.7496197,3.0661929978264704
1710802123.7497327,3.1320518917507596
1710802123.7498457,3.1954582532246905
1710802123.7499588,3.256412876976861
1710802123.7500715,3.3149149682786727
1710802123.7501845,3.3706145816379123
1710802123.7502975,3.4224608209398055
1710802123.7504106,3.4729059537251787
1710802123.7505233,3.5205483436584473
1710802123.7506363,3.5674903127882214
1710802123.7507493,3.6137315962049694
1710802123.7508624,3.658571508195665
1710802123.7509751,3.7016601032680936
1710802123.7510881,3.74299685160319
1710802123.7512012,3.781881597306993
1710802123.7513142,3.8183140754699707
1710802123.751427,3.8512436548868814
1710802123.75154,3.881020016140408
1710802123.751653,3.9093955357869463
1710802123.751766,3.9346178372701006
1710802123.7518787,3.958789507548014
1710802123.7519917,3.981209595998128
1710802123.7521048,4.002578523423937
1710802123.7522178,4.022196133931478
1710802123.7523305,4.042163954840766
1710802123.7524436,4.058278401692708
1710802123.7525566,4.074042373233371
1710802123.7526696,4.085952970716688
1710802123.7527823,4.095761775970459
1710802123.7528954,4.102768103281657
1710802123.7530084,4.107322163052029
1710802123.7531214,4.111175537109375
1710802123.7532341,4.1132773293389215
1710802123.7533472,4.113978015051948
1710802123.7534602,4.11502891116672
1710802123.7535732,4.113978015051948
1710802123.753686,4.1125766436258955
1710802123.753799,4.110124640994601
1710802123.753912,4.104169209798177
1710802123.754025,4.096462461683485
1710802123.7541378,4.084551599290636
1710802123.7542508,4.071940581003825
1710802123.7543638,4.056526819864909
1710802123.7544768,4.03971168729994
1710802123.7545896,4.022196133931478
1710802123.7547026,4.004680580563015
1710802123.7548156,3.9864640765719943
1710802123.7549286,3.9678976270887585
1710802123.7550414,3.9479298061794705
1710802123.7551544,3.9255097177293563
1710802123.7552674,3.899586730533176
1710802123.7553804,3.8715616861979165
1710802123.7554932,3.8403839535183377
1710802123.7556062,3.8064034779866533
1710802123.7557192,3.7717225816514754
1710802123.7558322,3.734939893086751
1710802123.755945,3.6981569396124945
1710802123.756058,3.6617244614495172
1710802123.756171,3.623890611860487
1710802123.756284,3.5853563414679632
1710802123.7563968,3.545420699649387
1710802123.7565098,3.503383265601264
1710802123.7566228,3.4567915068732367
1710802123.7567358,3.4091491169399686
1710802123.7568486,3.3594046698676214
1710802123.7569616,3.307558430565728
1710802123.7570746,3.2557121912638345
1710802123.7571876,3.2031652662489147
1710802123.7573004,3.1513190269470215
1710802123.7574134,3.0987721019321017
1710802123.7575264,3.0451742808024087
1710802123.7576394,2.9898248778449164
1710802123.7577522,2.9327238930596247
1710802123.7578652,2.872470219930013
1710802123.7579782,2.810464964972602
1710802123.7580912,2.745656967163086
1710802123.758204,2.679798338148329
1710802123.758317,2.6128885481092663
1710802123.75843,2.545628547668457
1710802123.758543,2.4776678615146213
1710802123.7586558,2.4093569649590387
1710802123.7587688,2.3399949073791504
1710802123.7588818,2.2678306367662215
1710802123.7589948,2.1942649947272406
1710802123.7591076,2.117896874745687
1710802123.7592206,2.0387262768215604
1710802123.7593336,1.9581543074713812
1710802123.7594466,1.8751302030351427
1710802123.7595594,1.7921060985989041
1710802123.7596724,1.708031098047892
1710802123.7597854,1.622554858525594
1710802123.7598984,1.537078619003296
1710802123.7600112,1.4509016937679715
1710802123.7601242,1.3629731867048476
1710802123.7602372,1.2743441263834636
1710802123.7603502,1.1832629309760199
1710802123.760463,1.091130640771654
1710802123.760576,0.998998483022054
1710802123.760689,0.9047643343607584
1710802123.760802,0.8105302519268459
1710802123.7609148,0.7148949305216471
1710802123.7610278,0.6192596091164483
1710802123.7611408,0.5236242545975579
1710802123.7612538,0.4262373844782511
1710802123.7613666,0.329551100730896
1710802123.7614796,0.23076294196976554
1710802123.7615926,0.13302572899394566
1710802123.7617056,0.033536956955989204
1710802123.7618184,-0.06628916081455019
1710802123.7619314,-0.165408237112893
1710802123.7620444,-0.266278518570794
1710802123.7621574,-0.3664483295546638
1710802123.7622702,-0.466968384053972
1710802123.7623832,-0.5685391690995958
1710802123.7624962,-0.670109921031528
1710802123.7626092,-0.7709802521599664
1710802123.762722,-0.8707997534010146
1710802123.762835,-0.9702691104676988
1710802123.762948,-1.0693881909052532
1710802123.763061,-1.1674564414554172
1710802123.7631738,-1.2641239166259766
1710802123.7632868,-1.3611414697435167
1710802123.7633998,-1.4578088124593098
1710802123.7635128,-1.5551767084333632
1710802123.7636256,-1.6518440511491563
1710802123.7637386,-1.7485113938649495
1710802123.7638516,-1.8437777625189886
1710802123.7639647,-1.937993499967787
1710802123.7640774,-2.030107577641805
1710802123.7641904,-2.121871577368842
1710802123.7643034,-2.2101330757141113
1710802123.7644165,-2.2976941532558866
1710802123.7645292,-2.3838541242811413
1710802123.7646422,-2.4700140953063965
1710802123.7647552,-2.5544230143229165
1710802123.7648683,-2.6381312476264105
1710802123.764981,-2.7207888497246637
1710802123.765094,-2.8009947141011557
1710802123.765207,-2.8801499472724066
1710802123.76532,-2.9554523362053766
1710802123.7654328,-3.0283032523261175
1710802123.7655458,-3.0990526411268444
1710802123.7656589,-3.1669998168945312
1710802123.7657719,-3.232845730251736
1710802123.7658846,-3.297991222805447
1710802123.7659976,-3.3624360296461315
1710802123.7661107,-3.4254799948798285
1710802123.7662237,-3.486772643195258
1710802123.7663364,-3.547715081108941
1710802123.7664495,-3.6065562566121416
1710802123.7665625,-3.6618947982788086
1710802123.7666755,-3.715482023027208
1710802123.7667882,-3.765917354159885
1710802123.7669013,-3.814601103464762
1710802123.7670143,-3.860483169555664
1710802123.7671273,-3.9049641291300454
1710802123.76724,-3.947343561384413
1710802123.767353,-3.9893730481465655
1710802123.767466,-4.029650953080919
1710802123.767579,-4.067477385203044
1710802123.7676919,-4.104252921210395
1710802123.7678049,-4.137175877888997
1710802123.7679179,-4.169048203362359
1710802123.768031,-4.196717474195692
1710802123.7681437,-4.221935007307264
1710802123.7682567,-4.244350592295329
1710802123.7683697,-4.2639642291598845
1710802123.7684827,-4.2825272348192005
1710802123.7685955,-4.298988713158502
1710802123.7687085,-4.314049084981282
1710802123.7688215,-4.329109721713595
1710802123.7689345,-4.341718355814616
1710802123.7690473,-4.352926148308648
1710802123.7691603,-4.361332257588704
1710802123.7692733,-4.367286364237468
1710802123.7693863,-4.370438522762722
1710802123.769499,-4.370438522762722
1710802123.769612,-4.368687205844455
1710802123.769725,-4.3655350473192005
1710802123.769838,-4.3599311510721845
1710802123.7699509,-4.354677465226915
1710802123.7700639,-4.348022937774658
1710802123.770177,-4.341718355814616
1710802123.77029,-4.333312511444092
1710802123.7704027,-4.32210471895006
1710802123.7705157,-4.308795399136013
1710802123.7706287,-4.292333920796712
1710802123.7707417,-4.273070759243435
1710802123.7708545,-4.251355595058865
1710802123.7709675,-4.227889113956027
1710802123.7710805,-4.202671580844455
1710802123.7711935,-4.177103837331136
1710802123.7713063,-4.151535828908284
1710802123.7714193,-4.125968085394965
1710802123.7715323,-4.098999235365126
1710802123.7716453,-4.06922870212131
1710802123.771758,-4.037356376647949
1710802123.771871,-4.00268210305108
1710802123.771984,-3.9645057254367404
1710802123.772097,-3.9242275555928545
1710802123.77221,-3.881848123338487
1710802123.772323,-3.8377173741658526
1710802123.772436,-3.794287045796712
1710802123.772549,-3.750156296624078
1710802123.7726617,-3.706025547451443
1710802123.7727747,-3.6608439021640353
1710802123.7728877,-3.6135609944661455
1710802123.7730005,-3.563476138644748
1710802123.7731135,-3.5116399659050836
1710802123.7732265,-3.455250793033176
1710802123.7733395,-3.397110303243001
1710802123.7734523,-3.3379189173380532
1710802123.7735653,-3.2766262690226235
1710802123.7736783,-3.215683831108941
1710802123.7737913,-3.153690497080485
1710802123.773904,-3.091697427961561
1710802123.774017,-3.0286534627278643
1710802123.77413,-2.963858445485433
1710802123.774243,-2.896961636013455
1710802123.774356,-2.827263143327501
1710802123.774469,-2.755112912919786
1710802123.774582,-2.680861155192057
1710802123.774695,-2.604858080546061
1710802123.7748077,-2.5285050604078503
1710802123.7749207,-2.4514513545566134
1710802123.7750337,-2.3733467525906033
1710802123.7751467,-2.2948922051323786
1710802123.7752595,-2.2160871823628745
1710802123.7753725,-2.1351808971828885
1710802123.7754855,-2.0528735054863825
1710802123.7755985,-1.9688149293263753
1710802123.7757113,-1.8833553791046143
1710802123.7758243,-1.795444091161092
1710802123.7759373,-1.706482172012329
1710802123.7760503,-1.616819699605306
1710802123.776163,-1.5257561206817627
1710802123.776276,-1.4343424638112385
1710802123.7763891,-1.3415278328789604
1710802123.7765021,-1.2483628590901692
1710802123.776615,-1.153446700837877
1710802123.776728,-1.057830121782091
1710802123.776841,-0.9608125024371676
1710802123.776954,-0.8634446726904975
1710802123.7770667,-0.7650260792838203
1710802123.7771797,-0.665556788444519
1710802123.7772927,-0.5646864573160807
1710802123.7774057,-0.46451667944590247
1710802123.7775185,-0.36294589440027875
1710802123.7776315,-0.2610248658392164
1710802123.7777445,-0.15910383727815416
1710802123.7778575,-0.05683257348007626
1710802123.7779703,0.0440463340944714
1710802123.7780833,0.14563697907659742
1710802123.7781963,0.24617670310868156
1710802123.7783093,0.3460157910982768
1710802123.778422,0.4458548625310262
1710802123.7785351,0.5456939670774672
1710802123.7786481,0.645182728767395
1710802123.7787611,0.7446714904573228
1710802123.778874,0.8445105950037638
1710802123.778987,0.9432987372080485
1710802123.7791,1.0424372222688463
1710802123.779213,1.1401744683583577
1710802123.7793257,1.2372109625074599
1710802123.7794387,1.3310947683122423
1710802123.7795517,1.425679127375285
1710802123.7796648,1.5174611409505208
1710802123.7797775,1.6095932324727376
1710802123.7798905,1.7006745603349473
1710802123.7800035,1.7928067843119302
1710802123.7801166,1.88388811217414
1710802123.7802293,1.9739184114668105
1710802123.7803423,2.0628978146447077
1710802123.7804554,2.149424950281779
1710802123.7805684,2.23385042614407
1710802123.7806811,2.316173712412516
1710802123.7807941,2.3953443103366427
1710802123.7809072,2.472062905629476
1710802123.7810202,2.5473801294962564
1710802123.781133,2.621646457248264
1710802123.781246,2.695212099287245
1710802123.781359,2.7670261594984265
1710802123.781472,2.8395409054226346
1710802123.7815847,2.9096033838060165
1710802123.7816978,2.977213594648573
1710802123.7818108,3.042021592458089
1710802123.7819238,3.104377057817247
1710802123.7820365,3.1635798348320856
1710802123.7821496,3.2199801339043512
1710802123.7822626,3.2753295368618436
1710802123.7823756,3.328927357991536
1710802123.7824883,3.382525179121229
1710802123.7826014,3.4333205223083496
1710802123.7827144,3.4827147589789496
1710802123.7828274,3.530707624223497
1710802123.7829401,3.577299118041992
1710802123.7830532,3.6207379235161676
1710802123.7831662,3.662074671851264
1710802123.7832792,3.6992078357272677
1710802123.783392,3.7345894177754717
1710802123.783505,3.7678692075941296
1710802123.783618,3.799397415584988
1710802123.783731,3.830575148264567
1710802123.7838438,3.8596510887145996
1710802123.7839568,3.8883765538533526
1710802123.7840698,3.916401598188612
1710802123.7841828,3.941624164581299
1710802123.7842956,3.966146045260959
1710802123.7844086,3.9875152375962997
1710802123.7845216,4.0067823727925616
1710802123.7846346,4.023247030046251
1710802123.7847474,4.037259419759114
1710802123.7848604,4.049170282151964
1710802123.7849734,4.0589788224962025
1710802123.7850864,4.0677367316351996
1710802123.7851992,4.075443479749891
1710802123.7853122,4.082800282372369
1710802123.7854252,4.088755448659261
1710802123.7855382,4.09225861231486
1710802123.785651,4.0936599837409124
1710802123.785764,4.0936599837409124
1710802123.785877,4.088755448659261
1710802123.78599,4.0824498070610895
1710802123.7861028,4.072991477118598
1710802123.7862158,4.062131775750054
1710802123.7863288,4.049870702955458
1710802123.7864418,4.037609895070394
1710802123.7865546,4.023597240447998
1710802123.7866676,4.009584850735134
1710802123.7867806,3.995572461022271
1710802123.7868936,3.980158699883355
1710802123.7870064,3.9622926712036133
1710802123.7871194,3.941624164581299
1710802123.7872324,3.9181531800164118
1710802123.7873454,3.8932810889350042
1710802123.7874582,3.8666574160257974
1710802123.7875712,3.838982582092285
1710802123.7876842,3.811308013068305
1710802123.7877972,3.7825822830200195
1710802123.78791,3.75455723868476
1710802123.788023,3.7251310878329806
1710802123.788136,3.6950042512681747
1710802123.788249,3.6617244614495172
1710802123.7883618,3.625992668999566
1710802123.7884748,3.5871079232957626
1710802123.7885878,3.5457709100511337
1710802123.7887008,3.5023321045769586
1710802123.7888136,3.4574921925862627
1710802123.7889266,3.412301805284288
1710802123.7890396,3.3674618932935925
1710802123.7891526,3.321921295589871
1710802123.7892654,3.273928430345323
1710802123.7893784,3.226986461215549
1710802123.7894914,3.177242014143202
1710802123.7896044,3.1253957748413086
1710802123.7897172,3.0700463718838162
1710802123.7898302,3.0125951766967773
1710802123.7899432,2.953042189280192
1710802123.7900562,2.8934889369540744
1710802123.790169,2.8318338923984103
1710802123.790282,2.7712297439575195
1710802123.790395,2.7092244890001083
1710802123.790508,2.647569444444444
1710802123.7906208,2.583812607659234
1710802123.7907338,2.518654399447971
1710802123.7908468,2.449993292490641
1710802123.7909598,2.3792301283942328
1710802123.7910726,2.3063649071587458
1710802123.7911856,2.2320988443162704
1710802123.7912986,2.1557305918799505
1710802123.7914116,2.0786617861853705
1710802123.7915244,2.0012427700890436
1710802123.7916374,1.9234734111362033
1710802123.7917504,1.845003366470337
1710802123.7918634,1.7654824256896973
1710802123.7919762,1.683859560224745
1710802123.7920892,1.6015361415015326
1710802123.7922022,1.5167604552374945
1710802123.7923152,1.4312842157151964
1710802123.792428,1.3440563943650987
1710802123.792541,1.2561278873019748
1710802123.792654,1.1678491698371039
1710802123.792767,1.0785194238026936
1710802123.7928798,0.9891896777682834
1710802123.7929928,0.8977581395043267
1710802123.7931058,0.8059761921564738
1710802123.7932189,0.7131433486938477
1710802123.7933316,0.6189092662599351
1710802123.7934446,0.5239745643403795
1710802123.7935576,0.42658769422107273
1710802123.7936707,0.32990141047371757
1710802123.7937834,0.23216419749789768
1710802123.7938964,0.13337604701519012
1710802123.7940094,0.032836331261528864
1710802123.7941225,-0.06593891729911168
1710802123.7942352,-0.16610872414377
1710802123.7943482,-0.266278518570794
1710802123.7944613,-0.3664483295546638
1710802123.7945743,-0.4666181405385335
1710802123.794687,-0.5657372209760878
1710802123.7948,-0.6641557481553819
1710802123.794913,-0.7625743415620592
1710802123.795026,-0.8599422375361124
1710802123.7951388,-0.9580105543136597
1710802123.7952518,-1.0557286606894598
1710802123.7953649,-1.15379704369439
1710802123.7954779,-1.2511648072136772
1710802123.7955906,-1.3485327031877306
1710802123.7957036,-1.4444994926452637
1710802123.7958167,-1.5404664145575628
1710802123.7959297,-1.634331809149848
1710802123.7960424,-1.7260958088768852
1710802123.7961555,-1.8182100190056694
1710802123.7962685,-1.9082227018144395
1710802123.7963815,-1.9982353846232095
1710802123.7964942,-2.0875476466284857
1710802123.7966073,-2.1772101190355087
1710802123.7967203,-2.265471617380778
1710802123.7968333,-2.353733115726047
1710802123.796946,-2.4405937724643283
1710802123.797059,-2.525352636973063
1710802123.797172,-2.606959607866075
1710802123.797285,-2.687165472242567
1710802123.7973979,-2.7649195988972983
1710802123.7975109,-2.841973304748535
1710802123.7976239,-2.916925483279758
1710802123.797737,-2.991177241007487
1710802123.7978497,-3.065078788333469
1710802123.7979627,-3.1368788083394366
1710802123.7980757,-3.207628197140164
1710802123.7981887,-3.2766262690226235
1710802123.7983015,-3.3431726031833224
1710802123.7984145,-3.4069169892205133
1710802123.7985275,-3.468910323248969
1710802123.7986405,-3.5270508130391436
1710802123.7987533,-3.5834399859110513
1710802123.7988663,-3.637727896372477
1710802123.7989793,-3.6909649107191296
1710802123.7990923,-3.7421006626553006
1710802123.799205,-3.792535728878445
1710802123.799318,-3.8415699534946017
1710802123.799431,-3.8892030715942383
1710802123.799544,-3.934034241570367
1710802123.7996569,-3.9767641491360135
1710802123.7997699,-4.015991422865126
1710802123.799883,-4.053117434183757
1710802123.799996,-4.087441232469347
1710802123.8001087,-4.118612872229682
1710802123.8002217,-4.148383670383029
1710802123.8003347,-4.1774540477328825
1710802123.8004477,-4.20477310816447
1710802123.8005605,-4.2306910620795355
1710802123.8006735,-4.255208174387614
1710802123.8007865,-4.277623759375678
1710802123.8008995,-4.29793808195326
1710802123.8010123,-4.315099981096056
1710802123.8011253,-4.330160352918837
1710802123.8012383,-4.3413681454128685
1710802123.8013513,-4.350824885898166
1710802123.801464,-4.35782962375217
1710802123.801577,-4.3641342057122126
1710802123.80169,-4.369387626647949
1710802123.801803,-4.3732404708862305
1710802123.801916,-4.375692208607991
1710802123.802029,-4.377443260616726
1710802123.802142,-4.377793735928005
1710802123.802255,-4.375692208607991
1710802123.8023677,-4.370088312360975
1710802123.8024807,-4.360981782277425
1710802123.8025937,-4.349073568979899
1710802123.8027067,-4.335414038764106
1710802123.8028195,-4.3193027708265515
1710802123.8029325,-4.301440450880262
1710802123.8030455,-4.283577866024441
1710802123.8031585,-4.265365335676405
1710802123.8032713,-4.246101909213595
1710802123.8033843,-4.224036534627278
1710802123.8034973,-4.2009202639261884
1710802123.8036103,-4.175002310011122
1710802123.803723,-4.145931932661268
1710802123.803836,-4.114059872097439
1710802123.803949,-4.08078670501709
1710802123.8040621,-4.044711589813232
1710802123.804175,-4.008986685011122
1710802123.804288,-3.9732617802090116
1710802123.804401,-3.937186665005154
1710802123.804514,-3.90041086408827
1710802123.8046267,-3.862584696875678
1710802123.8047397,-3.8223065270317926
1710802123.8048527,-3.7795766194661455
1710802123.8049657,-3.7340450286865234
1710802123.8050785,-3.685010804070367
1710802123.8051915,-3.6345757378472223
1710802123.8053045,-3.5823893547058105
1710802123.8054175,-3.5284516546461315
1710802123.8055303,-3.474514219495985
1710802123.8056433,-3.4198760986328125
1710802123.8057563,-3.3645375569661455
1710802123.8058693,-3.307797908782959
1710802123.805982,-3.250357839796278
1710802123.8060951,-3.1890651914808483
1710802123.8062081,-3.1249705950419107
1710802123.8063211,-3.0584242608812118
1710802123.806434,-2.9890759785970054
1710802123.806547,-2.9186768001980252
1710802123.80666,-2.8472269905938044
1710802123.806773,-2.7743763393825955
1710802123.8068857,-2.7018756336636014
1710802123.8069987,-2.6286747720506454
1710802123.8071117,-2.553372383117676
1710802123.8072248,-2.4766688876681857
1710802123.8073375,-2.3975136544969344
1710802123.8074505,-2.3169575797186956
1710802123.8075635,-2.234299977620443
1710802123.8076766,-2.1491906378004284
1710802123.8077893,-2.0640812979804144
1710802123.8079023,-1.9761700100368924
1710802123.8080153,-1.8893094857533772
1710802123.8081284,-1.8006977770063612
1710802123.8082411,-1.711735725402832
1710802123.8083541,-1.622423595852322
1710802123.8084671,-1.5310098065270317
1710802123.8085802,-1.4378449651930068
1710802123.808693,-1.3446799914042156
1710802123.808806,-1.2487130694919162
1710802123.808919,-1.152746280034383
1710802123.809032,-1.05537838406033
1710802123.8091447,-0.9569597906536526
1710802123.8092577,-0.8578407764434814
1710802123.8093708,-0.7580212089750502
1710802123.8094838,-0.6575011544757419
1710802123.8095965,-0.5566308233473036
1710802123.8097095,-0.45506007141537136
1710802123.8098226,-0.3531390428543091
1710802123.8099356,-0.2512180308500926
1710802123.8100483,-0.1485965152581533
1710802123.8101614,-0.04632525146007538
1710802123.8102744,0.056307274434301585
1710802123.8103874,0.15894886520173815
1710802123.8105001,0.2622910837332408
1710802123.8106132,0.36598361200756496
1710802123.8107262,0.47037674321068657
1710802123.8108392,0.5737189451853434
1710802123.810952,0.6777618328730265
1710802123.811065,0.779702795876397
1710802123.811178,0.8816437588797675
1710802123.811291,0.9814827971988254
1710802123.8114038,1.08027093940311
1710802123.8115168,1.1776578426361084
1710802123.8116298,1.2750448120964897
1710802123.8117428,1.3720813062455919
1710802123.8118556,1.4684173795912001
1710802123.8119686,1.565453873740302
1710802123.8120816,1.6603885756598578
1710802123.8121946,1.7549730671776664
1710802123.8123074,1.8467549482981362
1710802123.8124204,1.9364349047342935
1710802123.8125334,2.0243634117974176
1710802123.8126464,2.1091390980614557
1710802123.8127592,2.1925134128994412
1710802123.8128722,2.2751871744791665
1710802123.8129852,2.357510725657145
1710802123.8130982,2.438783115810818
1710802123.813211,2.519705295562744
1710802123.813324,2.598876158396403
1710802123.813437,2.676645384894477
1710802123.81355,2.7519626087612576
1710802123.8136628,2.8248275650872126
1710802123.8137758,2.8952405187818737
1710802123.8138888,2.96285072962443
1710802123.8140018,3.02835914823744
1710802123.8141146,3.09246646033393
1710802123.8142276,3.154471715291341
1710802123.8143406,3.217177655961778
1710802123.8144534,3.2781322797139483
1710802123.8145664,3.3376852671305337
1710802123.8146794,3.3958371480305987
1710802123.8147924,3.4508363405863443
1710802123.8149052,3.5030327902899847
1710802123.8150182,3.5520765516493054
1710802123.8151312,3.5976171493530273
1710802123.8152442,3.641055954827203
1710802123.815357,3.6820424927605524
1710802123.81547,3.7212774488661022
1710802123.815583,3.7587610880533853
1710802123.815696,3.795193566216363
1710802123.8158088,3.8295242521497936
1710802123.8159218,3.8631542523701983
1710802123.8160348,3.893631299336751
1710802123.8161478,3.923057715098063
1710802123.8162606,3.948980702294244
1710802123.8163736,3.9717510011461044
1710802123.8164866,3.992419507768419
1710802123.8165996,4.010985957251655
1710802123.8167124,4.027801089816623
1710802123.8168254,4.043214850955539
1710802123.8169384,4.057577715979682
1710802123.8170514,4.071239895290798
1710802123.8171642,4.083500703175862
1710802123.8172772,4.094710879855685
1710802123.8173902,4.104169209798177
1710802123.8175032,4.111175537109375
1710802123.817616,4.116079807281494
1710802123.817729,4.11678049299452
1710802123.817842,4.115729596879747
1710802123.817955,4.111175537109375
1710802123.8180678,4.106971687740749
1710802123.8181808,4.100666046142578
1710802123.8182938,4.0936599837409124
1710802123.8184068,4.085952970716688
1710802123.8185196,4.078596433003743
1710802123.8186326,4.069138103061252
1710802123.8187456,4.057227240668403
1710802123.8188586,4.043565061357286
1710802123.8189714,4.026049507988824
1710802123.8190844,4.007483058505588
1710802123.8191974,3.9850629700554743
1710802123.8193104,3.9622926712036133
1710802123.8194232,3.9374203152126737
1710802123.8195362,3.9135991202460394
1710802123.8196492,3.8883765538533526
1710802123.8197622,3.8645553588867188
1710802123.819875,3.837931685977512
1710802123.819988,3.810607327355279
1710802123.820101,3.780480490790473
1710802123.820214,3.7475509113735623
1710802123.8203268,3.7111184332105847
1710802123.8204398,3.672584162818061
1710802123.8205528,3.631947835286458
1710802123.8206658,3.5913115077548556
1710802123.8207786,3.5492740737067328
1710802123.8208916,3.5079373253716364
1710802123.8210046,3.4666003121270075
1710802123.8211176,3.423862192365858
1710802123.8212304,3.380073176489936
1710802123.8213434,3.3341821034749346
1710802123.8214564,3.2858390278286405
1710802123.8215694,3.23504368464152
1710802123.8216822,3.181445863511827
1710802123.8217952,3.127147356669108
1710802123.8219082,3.0717979537116156
1710802123.8220212,3.015047444237603
1710802123.822134,2.9607489373948837
1710802123.822247,2.904348638322618
1710802123.82236,2.8482985496520996
1710802123.822473,2.7890957726372614
1710802123.8225858,2.7284916241963706
1710802123.8226988,2.6650849978129068
1710802123.8228118,2.5985256830851235
1710802123.8229249,2.529864576127794
1710802123.8230376,2.460502518547906
1710802123.8231506,2.3886884583367243
1710802123.8232636,2.3165241877237954
1710802123.8233767,2.2443596522013345
1710802123.8234894,2.1697431140475802
1710802123.8236024,2.0961774720085993
1710802123.8237154,2.0208602481418185
1710802123.8238285,1.9434412320454915
1710802123.8239412,1.8628692626953125
1710802123.8240542,1.7808961868286133
1710802123.8241673,1.6975217395358615
1710802123.8242803,1.6127460532718234
1710802123.824393,1.526569260491265
1710802123.824506,1.4396916495429144
1710802123.824619,1.35281417104933
1710802123.824732,1.2655863496992323
1710802123.8248448,1.1776578426361084
1710802123.8249578,1.087977819972568
1710802123.8250709,0.9986481401655409
1710802123.8251839,0.9075668785307143
1710802123.8252966,0.8154346545537312
1710802123.8254097,0.7226018110911051
1710802123.8255227,0.629418690999349
1710802123.8256357,0.5358851949373881
1710802123.8257484,0.44130080276065403
1710802123.8258615,0.34566548135545516
1710802123.8259745,0.25038045313623214
1710802123.8260875,0.1540444791316986
1710802123.8262002,0.05735821194118924
1710802123.8263133,-0.04002085576454798
1710802123.8264263,-0.13808919323815239
1710802123.8265393,-0.23475655251079136
1710802123.826652,-0.3328248858451843
1710802123.826765,-0.43159372276730007
1710802123.826878,-0.5293118291431003
1710802123.826991,-0.6277304225497775
1710802123.8271039,-0.7264992263582017
1710802123.8272169,-0.825268030166626
1710802123.8273299,-0.9247373872333102
1710802123.827443,-1.0231559806399875
1710802123.8275557,-1.1201735337575276
1710802123.8276687,-1.2168408764733207
1710802123.8277817,-1.31210724512736
1710802123.8278947,-1.4063229825761583
1710802123.8280075,-1.4991376135084364
1710802123.8281205,-1.5912518236372206
1710802123.8282335,-1.6840664545694985
1710802123.8283465,-1.775480243894789
1710802123.8284593,-1.8675944540235732
1710802123.8285723,-1.958307557635837
1710802123.8286853,-2.0483203728993735
1710802123.8287983,-2.1379828453063965
1710802123.828911,-2.2237926059299045
1710802123.829024,-2.3092521561516657
1710802123.829137,-2.3926101790534124
1710802123.82925,-2.4742171499464245
1710802123.8293629,-2.5537225935194225
1710802123.8294759,-2.6332280370924206
1710802123.829589,-2.710982163747152
1710802123.829702,-2.7897869216071234
1710802123.8298147,-2.8657899962531195
1710802123.8299277,-2.9407421747843423
1710802123.8300407,-3.0132426155938044
1710802123.8301537,-3.083641793992784
1710802123.8302665,-3.151589234670003
1710802123.8303795,-3.216734462314182
1710802123.8304925,-3.2790780067443848
1710802123.8306055,-3.3403706550598145
1710802123.8307183,-3.400612672170003
1710802123.8308313,-3.4591033723619247
1710802123.8309443,-3.5179445478651257
1710802123.8310573,-3.5750341415405273
1710802123.83117,-3.630722893608941
1710802123.831283,-3.6839601728651257
1710802123.831396,-3.7357963456047907
1710802123.831509,-3.7855309910244412
1710802123.831622,-3.8310625818040633
1710802123.831735,-3.875193330976698
1710802123.831848,-3.916171921624078
1710802123.831961,-3.955749405754937
1710802123.8320737,-3.9928754170735674
1710802123.8321867,-4.028950532277425
1710802123.8322997,-4.063624805874294
1710802123.8324127,-4.096547497643365
1710802123.8325255,-4.128069612714979
1710802123.8326385,-4.156789514753553
1710802123.8327515,-4.183057943979899
1710802123.8328645,-4.206874370574951
1710802123.8329773,-4.227889113956027
1710802123.8330903,-4.244700802697076
1710802123.8332033,-4.261162281036377
1710802123.8333163,-4.274471600850423
1710802123.833429,-4.28778092066447
1710802123.833542,-4.298288292355007
1710802123.833655,-4.308445188734266
1710802123.8337681,-4.3179019292195635
1710802123.833881,-4.3256073527865935
1710802123.833994,-4.330860773722331
1710802123.834107,-4.334013197157118
1710802123.83422,-4.334363407558865
1710802123.8343327,-4.331911669837104
1710802123.8344457,-4.326307773590088
1710802123.8345587,-4.318952560424805
1710802123.8346717,-4.311247136857775
1710802123.8347845,-4.302491082085504
1710802123.8348975,-4.292684396107991
1710802123.8350105,-4.282177024417453
1710802123.8351235,-4.271319442325168
1710802123.8352363,-4.2583603329128685
1710802123.8353493,-4.242949750688341
1710802123.8354623,-4.224036534627278
1710802123.8355753,-4.2016209496392145
1710802123.835688,-4.17780425813463
1710802123.8358011,-4.151535828908284
1710802123.8359141,-4.124567243787977
1710802123.8360271,-4.0958470768398705
1710802123.83614,-4.067127174801296
1710802123.836253,-4.038056797451443
1710802123.836366,-4.008285999298096
1710802123.836479,-3.9767641491360135
1710802123.8365917,-3.943140771653917
1710802123.8367047,-3.9067154460483127
1710802123.8368177,-3.866437276204427
1710802123.8369308,-3.8240578439500594
1710802123.8370435,-3.780627515580919
1710802123.8371565,-3.735095659891764
1710802123.8372695,-3.688863648308648
1710802123.8373826,-3.642631371815999
1710802123.8374953,-3.5960488849216037
1710802123.8376083,-3.548065291510688
1710802123.8377213,-3.4993815422058105
1710802123.8378344,-3.4475453694661455
1710802123.8379471,-3.3932574590047198
1710802123.8380601,-3.3361678653293185
1710802123.8381732,-3.2766262690226235
1710802123.8382862,-3.214632934994168
1710802123.838399,-3.151589234670003
1710802123.838512,-3.08784458372328
1710802123.838625,-3.0237499872843423
1710802123.838738,-2.959305180443658
1710802123.8388507,-2.8938094774881997
1710802123.8389637,-2.826912932925754
1710802123.8390768,-2.757564650641547
1710802123.8391898,-2.6868152618408203
1710802123.8393025,-2.6129137145148382
1710802123.8394156,-2.5372611151801214
1710802123.8395286,-2.4591565132141113
1710802123.8396416,-2.3800015449523926
1710802123.8397543,-2.3008463117811413
1710802123.8398674,-2.2199398941463895
1710802123.8399804,-2.139033476511637
1710802123.8400934,-2.0563758744133844
1710802123.8402061,-1.9726676411098905
1710802123.8403192,-1.8872080908881292
1710802123.8404322,-1.8003475666046143
1710802123.8405452,-1.710685094197591
1710802123.840658,-1.6203220685323079
1710802123.840771,-1.5278576480017767
1710802123.840884,-1.4343424638112385
1710802123.840997,-1.3397766484154594
1710802123.8411098,-1.2452107005649142
1710802123.8412228,-1.149944331910875
1710802123.8413358,-1.0532769229676988
1710802123.8414488,-0.9555588165918986
1710802123.8415616,-0.8581909868452284
1710802123.8416746,-0.7594221830368042
1710802123.8417876,-0.660653313000997
1710802123.8419006,-0.5611840221616957
1710802123.8420134,-0.4610142111778259
1710802123.8421264,-0.3615449203385247
1710802123.8422394,-0.2606746223237779
1710802123.8423524,-0.16015456782446966
1710802123.8424652,-0.05893403457270728
1710802123.8425782,0.04299539658758375
1710802123.8426912,0.14458604984813267
1710802123.8428042,0.24512575732337102
1710802123.842917,0.34636610084109837
1710802123.84303,0.4469058248731825
1710802123.843143,0.5470952060487535
1710802123.843256,0.6465839677386813
1710802123.8433688,0.7460727294286092
1710802123.8434818,0.8455615573459201
1710802123.8435948,0.9457509385214912
1710802123.8437078,1.0459403196970622
1710802123.8438206,1.145779424243503
1710802123.8439336,1.2456185287899442
1710802123.8440466,1.3447569476233587
1710802123.8441596,1.4421439170837402
1710802123.8442724,1.5367282761467826
1710802123.8443854,1.630261739095052
1710802123.8444984,1.7234448591868081
1710802123.8446114,1.814526187049018
1710802123.8447242,1.9052571720547147
1710802123.8448372,1.995637814203898
1710802123.8449502,2.084967427783542
1710802123.8450632,2.173946830961439
1710802123.845176,2.2615249951680503
1710802123.845289,2.347001234690348
1710802123.845402,2.429674996270074
1710802123.845515,2.509896755218506
1710802123.8456278,2.58766598171658
1710802123.8457408,2.66298320558336
1710802123.8458538,2.7365488476223416
1710802123.8459668,2.8087133831448026
1710802123.8460796,2.8798267576429577
1710802123.8461926,2.9502394464280868
1710802123.8463056,3.0199517144097223
1710802123.8464186,3.088262610965305
1710802123.8465314,3.153070608774821
1710802123.8466444,3.216477235158284
1710802123.8467574,3.276380697886149
1710802123.8468704,3.3341821034749346
1710802123.8469832,3.388130399915907
1710802123.8470962,3.4403268496195474
1710802123.8472092,3.4907719824049206
1710802123.8473222,3.539465268452962
1710802123.847435,3.587808609008789
1710802123.847548,3.635450998942057
1710802123.847661,3.680641386244032
1710802123.847774,3.724430402119954
1710802123.8478868,3.7654169400533037
1710802123.8479998,3.80395147535536
1710802123.8481128,3.839332792494032
1710802123.8482258,3.8719118965996637
1710802123.8483386,3.9016885227627225
1710802123.8484516,3.930414252811008
1710802123.8485646,3.957037925720215
1710802123.8486776,3.9826107025146484
1710802123.8487904,4.007132583194308
1710802123.8489034,4.030253357357449
1710802123.8490164,4.053373866611056
1710802123.8491294,4.072641001807319
1710802123.8492422,4.0898063447740345
1710802123.8493552,4.104169209798177
1710802123.8494682,4.115379121568468
1710802123.8495812,4.123786820305718
1710802123.849694,4.129391776190864
1710802123.849807,4.132544464535183
1710802123.84992,4.134996732076009
1710802123.850033,4.1360476281907825
1710802123.8501458,4.1360476281907825
1710802123.8502588,4.135346942477756
1710802123.8503718,4.13324515024821
1710802123.8504848,4.129391776190864
1710802123.8505976,4.123086134592692
1710802123.8507106,4.115379121568468
1710802123.8508236,4.103118313683404
1710802123.8509367,4.090156820085314
1710802123.8510494,4.074042373233371
1710802123.8511624,4.057927926381429
1710802123.8512754,4.041813479529487
1710802123.8513885,4.023947715759277
1710802123.8515012,4.0067823727925616
1710802123.8516142,3.98891634411282
1710802123.8517272,3.9696492089165583
1710802123.8518403,3.9482800165812173
1710802123.851953,3.9248092969258623
1710802123.852066,3.8981853591071234
1710802123.852179,3.86945989396837
1710802123.852292,3.8372310002644854
1710802123.8524048,3.8050023714701333
1710802123.8525178,3.7720727920532227
1710802123.8526309,3.738442791832818
1710802123.8527439,3.7051632669236922
1710802123.8528566,3.6704823705885143
1710802123.8529696,3.635450998942057
1710802123.8530827,3.5976171493530273
1710802123.8531957,3.557331297132704
1710802123.8533084,3.5138924916585283
1710802123.8534214,3.4669505225287542
1710802123.8535345,3.4179067611694336
1710802123.8536475,3.3678121036953397
1710802123.8537602,3.31526517868042
1710802123.8538733,3.2641196250915527
1710802123.8539863,3.2112224896748858
1710802123.8540993,3.1590257750617132
1710802123.854212,3.1057784292432995
1710802123.854325,3.0507792366875544
1710802123.854438,2.992277145385742
1710802123.854551,2.9323736826578775
1710802123.8546638,2.868967056274414
1710802123.8547769,2.804859744177924
1710802123.8548899,2.7393513255649142
1710802123.8550029,2.6724418004353843
1710802123.8551157,2.6058822207980685
1710802123.8552287,2.538272009955512
1710802123.8553417,2.4706615342034235
1710802123.8554544,2.4016499519348145
1710802123.8555675,2.331587473551432
1710802123.8556805,2.2587225172254772
1710802123.8557935,2.1830549505021835
1710802123.8559062,2.1059862772623696
1710802123.8560193,2.025414307912191
1710802123.8561323,1.945192813873291
1710802123.8562453,1.8628692626953125
1710802123.856358,1.7791446050008137
1710802123.856471,1.6964708434210882
1710802123.856584,1.6123958428700764
1710802123.856697,1.526569260491265
1710802123.8568099,1.440742678112454
1710802123.8569229,1.3521134853363037
1710802123.8570359,1.2627838717566595
1710802123.857149,1.172052886750963
1710802123.8572617,1.0792200432883368
1710802123.8573747,0.9863871998257107
1710802123.8574877,0.8925033940209283
1710802123.8576007,0.7986196544435289
1710802123.8577135,0.7026339901818169
1710802123.8578265,0.6076992882622613
1710802123.8579395,0.5113633142577277
1710802123.8580525,0.4143267538812425
1710802123.8581653,0.3158888883060879
1710802123.8582783,0.21780138214429218
1710802123.8583913,0.11866291364034016
1710802123.8585043,0.019524453414811026
1710802123.858617,-0.07959843509727053
1710802123.85873,-0.1804687248335944
1710802123.858843,-0.2806385358174642
1710802123.858956,-0.38115859031677246
1710802123.8590689,-0.4820288552178277
1710802123.859182,-0.582198699315389
1710802123.859295,-0.6830689642164443
1710802123.859408,-0.7821880446539985
1710802123.8595207,-0.8809568484624226
1710802123.8596337,-0.9779744678073459
1710802123.8597467,-1.0753422975540161
1710802123.8598597,-1.1713091532389324
1710802123.8599725,-1.2676262855529785
1710802123.8600855,-1.3632429970635307
1710802123.8601985,-1.45850936571757
1710802123.8603115,-1.5548264980316162
1710802123.8604243,-1.6500928666856554
1710802123.8605373,-1.7450090249379475
1710802123.8606503,-1.8385240766737196
1710802123.8607633,-1.9299378659990098
1710802123.860876,-2.020300759209527
1710802123.860989,-2.10996323161655
1710802123.861102,-2.197524309158325
1710802123.861215,-2.285085254245334
1710802123.861328,-2.3715957005818686
1710802123.861441,-2.4574054612053766
1710802123.861554,-2.5425148010253906
1710802123.861667,-2.6265732447306314
1710802123.8617797,-2.7095810572306314
1710802123.8618927,-2.7897869216071234
1710802123.8620057,-2.8678915235731335
1710802123.8621187,-2.9424934917026095
1710802123.8622315,-3.014993932512071
1710802123.8623445,-3.0839920043945312
1710802123.8624575,-3.152990076276991
1710802123.8625705,-3.220237096150716
1710802123.8626833,-3.286433219909668
1710802123.8627963,-3.3508780267503524
1710802123.8629093,-3.412871095869276
1710802123.8630223,-3.474514219495985
1710802123.863135,-3.534406026204427
1710802123.863248,-3.5907951990763345
1710802123.8633611,-3.6436820030212402
1710802123.8634741,-3.695518175760905
1710802123.863587,-3.7442021899753146
1710802123.8637,-3.791835308074951
1710802123.863813,-3.8370166884528265
1710802123.863926,-3.880797227223714
1710802123.8640387,-3.9242275555928545
1710802123.8641517,-3.9659065670437283
1710802123.8642647,-4.005484051174587
1710802123.8643777,-4.044361379411486
1710802123.8644905,-4.079035388098823
1710802123.8646035,-4.113359451293945
1710802123.8647165,-4.143129984537761
1710802123.8648295,-4.169398413764106
1710802123.8649423,-4.192864629957411
1710802123.8650553,-4.215980900658502
1710802123.8651683,-4.236645168728298
1710802123.8652813,-4.255208174387614
1710802123.865394,-4.272019863128662
1710802123.8655071,-4.288481341467963
1710802123.8656201,-4.303541978200276
1710802123.8657331,-4.31720150841607
1710802123.865846,-4.327008194393581
1710802123.865959,-4.335063828362359
1710802123.866072,-4.339617093404134
1710802123.866185,-4.3413681454128685
1710802123.8662977,-4.341718355814616
1710802123.8664107,-4.339266883002387
1710802123.8665237,-4.336815145280626
1710802123.8666368,-4.333312511444092
1710802123.8667495,-4.327708615197076
1710802123.8668625,-4.3235058254665795
1710802123.8669755,-4.316150612301296
1710802123.8670886,-4.307744767930773
1710802123.8672013,-4.2954863442315
1710802123.8673143,-4.2804257074991865
1710802123.8674273,-4.263614018758138
1710802123.8675404,-4.243299961090088
1710802123.8676531,-4.221935007307264
1710802123.8677661,-4.199169211917453
1710802123.8678792,-4.176052941216363
1710802123.8679922,-4.15223651462131
1710802123.868105,-4.12912024392022
1710802123.868218,-4.103552500406901
1710802123.868331,-4.077284071180555
1710802123.868444,-4.048213958740234
1710802123.8685567,-4.015991422865126
1710802123.8686697,-3.9813174141777887
1710802123.8687828,-3.943841192457411
1710802123.8688958,-3.9049641291300454
1710802123.8690085,-3.8650361696879068
1710802123.8691216,-3.8247582647535534
1710802123.8692346,-3.783429463704427
1710802123.8693476,-3.7428010834587946
1710802123.8694603,-3.70007144080268
1710802123.8695734,-3.6562909020317926
1710802123.8696864,-3.609708415137397
1710802123.8697994,-3.5592733489142523
1710802123.8699121,-3.5074371761745877
1710802123.8700252,-3.4513979487948947
1710802123.8701382,-3.3946585655212402
1710802123.8702512,-3.3358173900180392
1710802123.870364,-3.2769764794243708
1710802123.870477,-3.218135568830702
1710802123.87059,-3.158593972524007
1710802123.870703,-3.0976515346103244
1710802123.8708158,-3.0349577797783747
1710802123.8709288,-2.969812552134196
1710802123.8710418,-2.90151490105523
1710802123.8711548,-2.8321666187710233
1710802123.8712676,-2.759665913052029
1710802123.8713806,-2.6857646306355796
1710802123.8714936,-2.610812187194824
1710802123.8716066,-2.535509798261854
1710802123.8717194,-2.458806302812364
1710802123.8718324,-2.3817525969611273
1710802123.8719454,-2.3046988911098905
1710802123.8720584,-2.2251934475368924
1710802123.8721712,-2.1446375052134194
1710802123.8722842,-2.0623301135169134
1710802123.8723972,-1.9772207736968994
1710802123.8725102,-1.8907104598151312
1710802123.872623,-1.8042002783881292
1710802123.872736,-1.715938647588094
1710802123.872849,-1.626626518037584
1710802123.872962,-1.5373142560323079
1710802123.8730748,-1.447301573223538
1710802123.8731878,-1.3562379942999945
1710802123.8733008,-1.2641239166259766
1710802123.8734138,-1.1709589428371854
1710802123.8735266,-1.07674327161577
1710802123.8736396,-0.980776415930854
1710802123.8737526,-0.8841090732150607
1710802123.8738656,-0.7874416642718844
1710802123.8739784,-0.6893733474943373
1710802123.8740914,-0.5906045436859131
1710802123.8742044,-0.4911352197329203
1710802123.8743174,-0.39236638281080455
1710802123.8744302,-0.2918463283114963
1710802123.8745432,-0.1916765338844723
1710802123.8746562,-0.09150673117902544
1710802123.8747692,0.00866476291169723
1710802123.874882,0.10885416633552975
1710802123.874995,0.20869324604670206
1710802123.875108,0.30748138825098675
1710802123.875221,0.40626956356896293
1710802123.8753338,0.5057583252588908
1710802123.8754468,0.6052470869488186
1710802123.8755598,0.7050861914952596
1710802123.8756728,0.8045749531851875
1710802123.8757856,0.9047643343607584
1710802123.8758986,1.0021512375937567
1710802123.8760116,1.0998884836832683
1710802123.8761246,1.19552387131585
1710802123.8762374,1.2890573342641194
1710802123.8763504,1.3825907972123888
1710802123.8764634,1.4754235744476318
1710802123.8765764,1.5668551127115884
1710802123.8766892,1.6589873366885715
1710802123.8768022,1.7500686645507812
1710802123.8769152,1.8404493066999648
1710802123.8770282,1.930129263136122
1710802123.877141,2.0170068740844727
1710802123.877254,2.1021327707502575
1710802123.877367,2.1848065323299832
1710802123.87748,2.2664292653401694
1710802123.8775928,2.345600128173828
1710802123.8777058,2.4237198299831815
1710802123.8778188,2.501839531792535
1710802123.8779318,2.5782076517740884
1710802123.8780446,2.6556266678704157
1710802123.8781576,2.730943891737196
1710802123.8782706,2.8055604298909507
1710802123.8783836,2.8787758615281844
1710802123.8784964,2.9477874437967935
1710802123.8786094,3.014696968926324
1710802123.8787224,3.0791544914245605
1710802123.8788354,3.1401091151767306
1710802123.8789482,3.200012312995063
1710802123.8790612,3.257813983493381
1710802123.8791742,3.314564757876926
1710802123.8792872,3.370264371236165
1710802123.8794,3.4245628780788846
1710802123.879513,3.4760586420694985
1710802123.879626,3.5254528787400985
1710802123.879739,3.5734457439846463
1710802123.8798518,3.6172347598605685
1710802123.8799648,3.657871087392171
1710802123.8800778,3.696755568186442
1710802123.8801908,3.7328378359476724
1710802123.8803036,3.7668183114793563
1710802123.8804166,3.799397415584988
1710802123.8805296,3.8312758339775934
1710802123.8806427,3.861752880944146
1710802123.8807554,3.8911792967054577
1710802123.8808684,3.918503655327691
1710802123.8809814,3.9437259568108454
1710802123.8810945,3.9671969413757324
1710802123.8812072,3.987865447998047
1710802123.8813202,4.005731476677789
1710802123.8814332,4.0214954482184515
1710802123.8815463,4.035858313242595
1710802123.881659,4.048819806840685
1710802123.881772,4.061431090037028
1710802123.881885,4.072641001807319
1710802123.881998,4.082800282372369
1710802123.8821108,4.091557926601833
1710802123.8822238,4.098914464314778
1710802123.8823369,4.104169209798177
1710802123.8824499,4.105920791625977
1710802123.8825626,4.10557058122423
1710802123.8826756,4.102768103281657
1710802123.8827887,4.096812672085232
1710802123.8829017,4.088755448659261
1710802123.8830144,4.079297118716769
1710802123.8831275,4.069838523864746
1710802123.8832405,4.060029718610975
1710802123.8833535,4.049520492553711
1710802123.8834662,4.0369092093573675
1710802123.8835793,4.023247030046251
1710802123.8836923,4.007483058505588
1710802123.8838053,3.9882156583997936
1710802123.883918,3.966846730973985
1710802123.884031,3.942675060696072
1710802123.884144,3.9181531800164118
1710802123.884257,3.892580403221978
1710802123.8843699,3.866306940714518
1710802123.8844829,3.838982582092285
1710802123.8845959,3.812008433871799
1710802123.884709,3.785384760962592
1710802123.8848217,3.7559586101108127
1710802123.8849347,3.7254812982347274
1710802123.8850477,3.6908004018995495
1710802123.8851607,3.654017448425293
1710802123.8852735,3.6137315962049694
1710802123.8853865,3.572394847869873
1710802123.8854995,3.5296564631991916
1710802123.8856125,3.4862179226345487
1710802123.8857253,3.44312932756212
1710802123.8858383,3.399690522087945
1710802123.8859513,3.3555512958102756
1710802123.8860643,3.308959537082248
1710802123.886177,3.2627185185750323
1710802123.88629,3.212273385789659
1710802123.886403,3.1586755646599665
1710802123.886516,3.103676372104221
1710802123.8866289,3.045874966515435
1710802123.8867419,2.9873726103040905
1710802123.886855,2.9278196228875055
1710802123.886968,2.8682663705613876
1710802123.8870807,2.8090635935465493
1710802123.8871937,2.7481092347039118
1710802123.8873067,2.6861039797465005
1710802123.8874197,2.620945771535238
1710802123.8875325,2.553685771094428
1710802123.8876455,2.4832728173997665
1710802123.8877585,2.4097071753607855
1710802123.8878715,2.335440847608778
1710802123.8879843,2.2587225172254772
1710802123.8880973,2.1820040543874106
1710802123.8882103,2.1045850382910833
1710802123.8883233,2.0271658897399902
1710802123.888436,1.9479952918158636
1710802123.888549,1.868474351035224
1710802123.888662,1.7875520388285318
1710802123.888775,1.7055789629618325
1710802123.888888,1.6208032766977944
1710802123.889001,1.53462635146247
1710802123.889114,1.4477488729688857
1710802123.889227,1.3601707087622747
1710802123.8893397,1.2715416484408908
1710802123.8894527,1.1825622452629936
1710802123.8895657,1.0928822225994534
1710802123.8896787,1.00250158045027
1710802123.8897915,0.9117705954445733
1710802123.8899045,0.8192880948384602
1710802123.8900175,0.7254042890336778
1710802123.8901305,0.6301193104849921
1710802123.8902433,0.5355348851945665
1710802123.8903563,0.4384983248180813
1710802123.8904693,0.3414617313279046
1710802123.8905823,0.24337419205241734
1710802123.890695,0.14598730537626478
1710802123.890808,0.04544758548339208
1710802123.890921,-0.052979886531829834
1710802123.8910341,-0.15209895041253832
1710802123.891147,-0.2522687613964081
1710802123.89126,-0.3524385558234321
1710802123.891373,-0.4526083668073018
1710802123.891486,-0.5520776907602946
1710802123.8915987,-0.6511967711978488
1710802123.8917117,-0.75066606203715
1710802123.8918247,-0.8497851424747043
1710802123.8919377,-0.9496047099431355
1710802123.8920505,-1.0497744878133137
1710802123.8921635,-1.149944331910875
1710802123.8922765,-1.2490634123484294
1710802123.8923895,-1.3481824927859836
1710802123.8925023,-1.4455502563052707
1710802123.8926153,-1.5418673886193168
1710802123.8927283,-1.6364333364698622
1710802123.8928413,-1.7309991518656411
1710802123.892954,-1.8234635723961723
1710802123.8930671,-1.9152275721232095
1710802123.8931801,-2.006991571850247
1710802123.8932931,-2.098755439122518
1710802123.893406,-2.189818885591295
1710802123.893519,-2.279831568400065
1710802123.893632,-2.3677428563435874
1710802123.893745,-2.453902827368842
1710802123.8938577,-2.5379615359836154
1710802123.8939707,-2.6202689276801214
1710802123.8940837,-2.7001245816548667
1710802123.8941967,-2.7778787083095975
1710802123.8943095,-2.8556328349643283
1710802123.8944225,-2.932686540815565
1710802123.8945355,-3.0079891946580672
1710802123.8946486,-3.0825911627875433
1710802123.8947613,-3.156142234802246
1710802123.8948743,-3.227592044406467
1710802123.8949873,-3.29623990588718
1710802123.8951004,-3.3624360296461315
1710802123.8952131,-3.4258302052815752
1710802123.8953261,-3.4864224327935114
1710802123.8954391,-3.545613818698459
1710802123.8955522,-3.601302570766873
1710802123.895665,-3.6580419540405273
1710802123.895778,-3.711629443698459
1710802123.895891,-3.7648664580451117
1710802123.896004,-3.8170528411865234
1710802123.8961167,-3.86608706580268
1710802123.8962297,-3.9137201839023166
1710802123.8963428,-3.957850933074951
1710802123.8964558,-3.9998801549275713
1710802123.8965685,-4.037706587049696
1710802123.8966815,-4.074832598368327
1710802123.8967946,-4.108105765448676
1710802123.8969073,-4.139277405209011
1710802123.8970203,-4.169748624165853
1710802123.8971334,-4.19811831580268
1710802123.8972464,-4.225437376234266
1710802123.8973591,-4.250654909345839
1710802123.8974721,-4.273771180046929
1710802123.8975852,-4.295136133829753
1710802123.8976982,-4.312998453776042
1710802123.897811,-4.328058825598823
1710802123.897924,-4.3413681454128685
1710802123.898037,-4.350824885898166
1710802123.89815,-4.3599311510721845
1710802123.8982627,-4.365885257720947
1710802123.8983757,-4.37183936436971
1710802123.8984888,-4.376392629411486
1710802123.8986018,-4.38094589445326
1710802123.8987145,-4.383747842576769
1710802123.8988276,-4.384448263380262
1710802123.8989406,-4.383047156863742
1710802123.8990536,-4.378143946329753
1710802123.8991663,-4.370438522762722
1710802123.8992794,-4.3599311510721845
1710802123.8993924,-4.348022937774658
1710802123.8995054,-4.332962301042345
1710802123.8996181,-4.31825213962131
1710802123.8997312,-4.302491082085504
1710802123.8998442,-4.286730024549696
1710802123.8999572,-4.268867704603407
1710802123.90007,-4.249954488542345
1710802123.900183,-4.228239324357775
1710802123.900296,-4.204422897762722
1710802123.900409,-4.17640315161811
1710802123.9005218,-4.1455817222595215
1710802123.9006348,-4.113359451293945
1710802123.9007478,-4.079035388098823
1710802123.9008608,-4.043660693698459
1710802123.9009736,-4.008986685011122
1710802123.9010866,-3.9729115698072643
1710802123.9011996,-3.937186665005154
1710802123.9013126,-3.8993602328830295
1710802123.9014254,-3.860132959153917
1710802123.9015384,-3.8170528411865234
1710802123.9016514,-3.771871460808648
1710802123.9017644,-3.7245885531107583
1710802123.9018772,-3.6748536427815752
1710802123.9019902,-3.623017734951443
1710802123.9021032,-3.571181562211778
1710802123.9022162,-3.518294758266873
1710802123.902329,-3.465057479010688
1710802123.902442,-3.411470254262288
1710802123.902555,-3.3568321333991156
1710802123.902668,-3.299742274814182
1710802123.9027808,-3.2402009434170194
1710802123.9028938,-3.1771569781833224
1710802123.9030068,-3.1116612752278643
1710802123.9031198,-3.0437138345506454
1710802123.9032326,-2.975066237979465
1710802123.9033456,-2.905367480383979
1710802123.9034586,-2.833567460378011
1710802123.9035716,-2.7614172299702964
1710802123.9036844,-2.6896172099643283
1710802123.9037974,-2.6160658730400934
1710802123.9039104,-2.5407634841071234
1710802123.9040234,-2.4637097782558866
1710802123.9041362,-2.3831537034776473
1710802123.9042492,-2.3004961013793945
1710802123.9043622,-2.2171379460228815
1710802123.9044752,-2.1313281853993735
1710802123.904588,-2.044467661115858
1710802123.904701,-1.957607136832343
1710802123.904814,-1.8703964021470811
1710802123.904927,-1.781784560945299
1710802123.9050398,-1.6914216677347818
1710802123.9051528,-1.6010586420694985
1710802123.9052658,-1.5092947747972276
1710802123.9053788,-1.4164800114101834
1710802123.9054916,-1.3212136427561443
1710802123.9056046,-1.225246720843845
1710802123.9057176,-1.1296301417880588
1710802123.9058306,-1.0340134965048895
1710802123.9059434,-0.9359451797273424
1710802123.9060564,-0.8382270733515421
1710802123.9061694,-0.7398084799448649
1710802123.9062824,-0.6420903735690646
1710802123.9063952,-0.5426210827297634
1710802123.9065082,-0.4428015483750237
1710802123.9066212,-0.343332224422031
1710802123.9067342,-0.24351265695359972
1710802123.906847,-0.14299261901113722
1710802123.90696,-0.04212232099639045
1710802123.907073,0.05840914944807688
1710802123.907186,0.16070043047269186
1710802123.9072988,0.2619407574335734
1710802123.9074118,0.3645823399225871
1710802123.9075248,0.4672239555252923
1710802123.9076378,0.5688146087858412
1710802123.9077506,0.6697046094470553
1710802123.9078636,0.7705946101082696
1710802123.9079766,0.8700834380255805
1710802123.9080896,0.9681709607442219
1710802123.9082024,1.0655578639772203
1710802123.9083154,1.1629447672102187
1710802123.9084284,1.260681947072347
1710802123.9085414,1.3584191269344754
1710802123.9086542,1.4554557535383437
1710802123.9087672,1.552842590543959
1710802123.9088802,1.6477774249182806
1710802123.9089932,1.74201144112481
1710802123.909106,1.8337933222452798
1710802123.909219,1.9238236215379503
1710802123.909332,2.011051575342814
1710802123.909445,2.0968781577216253
1710802123.9095578,2.1820040543874106
1710802123.9096708,2.2657288445366754
1710802123.9097838,2.3491032918294272
1710802123.9098969,2.431426578097873
1710802123.9100096,2.5126992331610785
1710802123.9101226,2.5911691453721786
1710802123.9102356,2.667887740665012
1710802123.9103487,2.740752696990967
1710802123.9104614,2.811515861087375
1710802123.9105744,2.879476547241211
1710802123.9106874,2.9453351762559676
1710802123.9108005,3.0094424883524575
1710802123.9109132,3.0724986394246416
1710802123.9110262,3.1355550554063583
1710802123.9111392,3.1965094142489963
1710802123.9112523,3.2567630873786078
1710802123.911365,3.31526517868042
1710802123.911478,3.3713152673509383
1710802123.911591,3.4242124027676053
1710802123.911704,3.4750077459547253
1710802123.9118168,3.5219497150845
1710802123.9119298,3.5667896270751953
1710802123.9120429,3.6088273260328503
1710802123.9121559,3.650164074367947
1710802123.9122686,3.6900997161865234
1710802123.9123816,3.7286342514885797
1710802123.9124947,3.7654169400533037
1710802123.9126077,3.8004483116997614
1710802123.9127204,3.8333776262071395
1710802123.9128335,3.8638546731736922
1710802123.9129465,3.891529507107205
1710802123.9130595,3.9171022839016385
1710802123.9131722,3.938471476236979
1710802123.9132853,3.9591397179497614
1710802123.9133983,3.97735595703125
1710802123.9135113,3.9948717753092446
1710802123.913624,4.011686642964681
1710802123.913737,4.02815130021837
1710802123.91385,4.042864640553792
1710802123.913963,4.05617634455363
1710802123.9140759,4.0677367316351996
1710802123.9141889,4.076844851175944
1710802123.9143019,4.083150492774116
1710802123.914415,4.087704552544488
1710802123.9145277,4.088054762946235
1710802123.9146407,4.087704552544488
1710802123.9147537,4.084201388888888
1710802123.9148667,4.08069822523329
1710802123.9149795,4.076494640774197
1710802123.9150925,4.071239895290798
1710802123.9152055,4.065284464094374
1710802123.9153185,4.058278401692708
1710802123.9154313,4.049170282151964
1710802123.9155443,4.03796010547214
1710802123.9156573,4.023947715759277
1710802123.9157703,4.007483058505588
1710802123.915883,3.989617029825846
1710802123.915996,3.9703498946295843
1710802123.916109,3.9510827594333224
1710802123.916222,3.9314651489257812
1710802123.9163349,3.91184753841824
1710802123.9164479,3.8911792967054577
1710802123.916561,3.86945989396837
1710802123.916674,3.845988909403483
1710802123.9167867,3.8197154468960233
1710802123.9168997,3.7895886103312173
1710802123.9170127,3.757009506225586
1710802123.9171257,3.7219781345791287
1710802123.9172385,3.684844970703125
1710802123.9173515,3.645960489908854
1710802123.9174645,3.6067252688937717
1710802123.9175775,3.568190998501248
1710802123.9176903,3.5289560423956976
1710802123.9178033,3.4890204005771213
1710802123.9179163,3.4462822808159723
1710802123.9180293,3.402843475341797
1710802123.918142,3.3552008204989963
1710802123.918255,3.3054566383361816
1710802123.918368,3.2532599237230087
1710802123.918481,3.199662102593316
1710802123.918594,3.1453635957505965
1710802123.918707,3.0903646681043835
1710802123.91882,3.0357159508599176
1710802123.918933,2.980716758304172
1710802123.9190457,2.9250171449449325
1710802123.9191587,2.8668652640448675
1710802123.9192717,2.808012697431776
1710802123.9193847,2.745656967163086
1710802123.9194975,2.6815499199761286
1710802123.9196105,2.614640129937066
1710802123.9197235,2.547029654184977
1710802123.9198365,2.4776678615146213
1710802123.9199493,2.408656279246012
1710802123.9200623,2.3385938008626304
1710802123.9201753,2.269232008192274
1710802123.9202883,2.1977681583828397
1710802123.920401,2.125954098171658
1710802123.920514,2.0513374275631375
1710802123.920627,1.9739184114668105
1710802123.9207401,1.8957987096574571
1710802123.920853,1.814526187049018
1710802123.920966,1.7329033215840657
1710802123.921079,1.6498792171478271
1710802123.921192,1.565453873740302
1710802123.9213047,1.4813788731892903
1710802123.9214177,1.3966031869252522
1710802123.9215307,1.3100760512881808
1710802123.9216437,1.2235487831963432
1710802123.9217565,1.1349197228749592
1710802123.9218695,1.0455900430679321
1710802123.9219825,0.9548590580622355
1710802123.9220955,0.8630771769417657
1710802123.9222083,0.7702443334791396
1710802123.9223213,0.6767108705308702
1710802123.9224343,0.583527750439114
1710802123.9225473,0.4885930154058668
1710802123.92266,0.39400862322913277
1710802123.9227731,0.2983732687102424
1710802123.9228861,0.201687001519733
1710802123.9229991,0.10500072605080074
1710802123.923112,0.007613825404809581
1710802123.923225,-0.08905502657095592
1710802123.923338,-0.18712336818377176
1710802123.923451,-0.2844912144872877
1710802123.9235637,-0.38326005140940345
1710802123.9236767,-0.4816786117023892
1710802123.9237897,-0.5793966849644979
1710802123.9239028,-0.6788660420311822
1710802123.9240155,-0.7772846354378594
1710802123.9241285,-0.8757032288445367
1710802123.9242415,-0.9730710585912068
1710802123.9243546,-1.0693881909052532
1710802123.9244673,-1.1667560206519232
1710802123.9245803,-1.2602712048424614
1710802123.9246933,-1.3555375734965007
1710802123.9248064,-1.4483522044287787
1710802123.9249191,-1.5422175990210638
1710802123.9250321,-1.635732783211602
1710802123.9251451,-1.7302987310621474
1710802123.9252582,-1.8234635723961723
1710802123.925371,-1.9162783357832167
1710802123.925484,-2.007691992653741
1710802123.925597,-2.098055018319024
1710802123.92571,-2.185615963406033
1710802123.9258227,-2.272126409742567
1710802123.9259357,-2.356535063849555
1710802123.9260488,-2.440943982866075
1710802123.9261618,-2.5229011641608343
1710802123.9262745,-2.6055587662590876
1710802123.9263875,-2.6861148410373263
1710802123.9265006,-2.7663207054138184
1710802123.9266136,-2.844775252872043
1710802123.9267263,-2.921128537919786
1710802123.9268394,-2.995030085245768
1710802123.9269524,-3.065779209136963
1710802123.9270654,-3.134427070617676
1710802123.9271781,-3.1999227735731335
1710802123.9272912,-3.2647180557250977
1710802123.9274042,-3.3277620209587946
1710802123.9275172,-3.389755090077718
1710802123.92763,-3.4506975279914007
1710802123.927743,-3.5105893346998425
1710802123.927856,-3.56837961408827
1710802123.927969,-3.6251189973619247
1710802123.9280818,-3.6783562766181097
1710802123.9281948,-3.729841974046495
1710802123.9283078,-3.778175777859158
1710802123.9284208,-3.8244080543518066
1710802123.9285336,-3.868188593122694
1710802123.9286466,-3.9098676045735674
1710802123.9287596,-3.9501455095079208
1710802123.9288726,-3.989022572835286
1710802123.9289854,-4.026849004957411
1710802123.9290984,-4.062924120161268
1710802123.9292114,-4.097598393758138
1710802123.9293244,-4.130171140034993
1710802123.9294372,-4.159241252475314
1710802123.9295502,-4.186210102505154
1710802123.9296632,-4.210377004411486
1710802123.9297762,-4.232092168596056
1710802123.929889,-4.251355595058865
1710802123.930002,-4.268167283799913
1710802123.930115,-4.284978972540961
1710802123.930228,-4.299689133961995
1710802123.9303408,-4.312998453776042
1710802123.9304538,-4.325256877475314
1710802123.9305668,-4.335764249165853
1710802123.9306798,-4.344520303938124
1710802123.9307926,-4.349773989783393
1710802123.9309056,-4.352575937906901
1710802123.9310186,-4.352926148308648
1710802123.9311316,-4.35012420018514
1710802123.9312444,-4.345921410454644
1710802123.9313574,-4.340317514207628
1710802123.9314704,-4.334713617960612
1710802123.9315834,-4.327008194393581
1710802123.9316962,-4.319652981228298
1710802123.9318092,-4.310896926456027
1710802123.9319222,-4.300039344363742
1710802123.9320352,-4.287080499860975
1710802123.932148,-4.270268546210395
1710802123.932261,-4.251355595058865
1710802123.932374,-4.229640430874294
1710802123.932487,-4.20582373936971
1710802123.9325998,-4.180255995856391
1710802123.9327128,-4.1553886731465655
1710802123.9328258,-4.128770033518474
1710802123.9329388,-4.102151393890381
1710802123.9330516,-4.074832598368327
1710802123.9331646,-4.045061800214979
1710802123.9332776,-4.013189474741618
1710802123.9333906,-3.9781652556525335
1710802123.9335034,-3.939638402726915
1710802123.9336164,-3.8990100224812823
1710802123.9337294,-3.855929904513889
1710802123.9338424,-3.8114489449395075
1710802123.9339552,-3.766617774963379
1710802123.9340682,-3.721436129675971
1710802123.9341812,-3.6755543284946017
1710802123.9342942,-3.628971841600206
1710802123.934407,-3.5813387235005694
1710802123.93452,-3.5305531819661455
1710802123.934633,-3.4769659572177463
1710802123.934746,-3.4205765194363065
1710802123.9348588,-3.3617356088426376
1710802123.9349718,-3.301143381330702
1710802123.9350848,-3.238799836900499
1710802123.9351978,-3.1761063469780817
1710802123.9353106,-3.1123616960313583
1710802123.9354236,-3.0482670995924206
1710802123.9355366,-2.983472082349989
1710802123.9356496,-2.916925483279758
1710802123.9357624,-2.8482778867085776
1710802123.9358754,-2.7768280771043563
1710802123.9359884,-2.704327371385362
1710802123.9361014,-2.6276241408454046
1710802123.9362142,-2.550570434994168
1710802123.9363272,-2.4721156226264105
1710802123.9364402,-2.3922599686516657
1710802123.9365532,-2.3131047354804144
1710802123.936666,-2.2325486607021756
1710802123.936779,-2.1523427963256836
1710802123.936892,-2.0693349838256836
1710802123.937005,-1.9859768284691703
1710802123.9371178,-1.9001670678456624
1710802123.9372308,-1.8133065435621474
1710802123.9373438,-1.7239942815568712
1710802123.9374568,-1.633281045489841
1710802123.9375696,-1.5415171782175698
1710802123.9376826,-1.449052757687039
1710802123.9377956,-1.3555375734965007
1710802123.9379086,-1.2599209944407146
1710802123.9380214,-1.1653550465901692
1710802123.9381344,-1.068687703874376
1710802123.9382474,-0.9702691104676988
1710802123.9383602,-0.8718505170610216
1710802123.9384732,-0.7720309495925903
1710802123.9385862,-0.6718611717224121
1710802123.9386992,-0.5709908405939738
1710802123.938812,-0.46906984514660305
1710802123.938925,-0.3667985730701023
1710802123.939038,-0.2645273009936015
1710802123.939151,-0.16085505485534668
1710802123.9392638,-0.057182816995514765
1710802123.9393768,0.04579789936542511
1710802123.9394898,0.14914010961850485
1710802123.9396029,0.25213201840718585
1710802123.9397156,0.3540729814105564
1710802123.9398286,0.45566363467110527
1710802123.9399416,0.5569039450751411
1710802123.9400547,0.6577940119637383
1710802123.9401674,0.7590343554814656
1710802123.9402804,0.8602746327718098
1710802123.9403934,0.9615149762895372
1710802123.9405065,1.0620547003216214
1710802123.9406192,1.1629447672102187
1710802123.9407322,1.2624335289001465
1710802123.9408453,1.3598203659057617
1710802123.9409583,1.45615643925137
1710802123.941071,1.5510911411709256
1710802123.941184,1.6439239184061685
1710802123.941297,1.7364064852396646
1710802123.94141,1.8274876806471083
1710802123.9415228,1.9192695617675781
1710802123.9416358,2.010000546773275
1710802123.9417489,2.1000309785207114
1710802123.9418619,2.188309695985582
1710802123.9419746,2.2751871744791665
1710802123.9420877,2.3603132035997176
1710802123.9422007,2.44193606906467
1710802123.9423137,2.5214568773905435
1710802123.9424264,2.598876158396403
1710802123.9425395,2.674193117353651
1710802123.9426525,2.748809920416938
1710802123.9427655,2.822725772857666
1710802123.9428782,2.896291414896647
1710802123.9429913,2.969156371222602
1710802123.9431043,3.0399195353190103
1710802123.9432173,3.108580907185872
1710802123.94333,3.1737391153971353
1710802123.943443,3.2364450560675726
1710802123.943556,3.295998043484158
1710802123.943669,3.352748817867703
1710802123.9437819,3.4059961636861162
1710802123.9438949,3.45784240298801
1710802123.9440079,3.5068861643473306
1710802123.944121,3.5562804010179305
1710802123.9442337,3.6032221052381725
1710802123.9443467,3.6480622821384006
1710802123.9444597,3.6918512980143228
1710802123.9445727,3.7324876255459256
1710802123.9446855,3.770321210225423
1710802123.9447985,3.804651896158854
1710802123.9449115,3.8372310002644854
1710802123.9450245,3.8673578368292914
1710802123.9451373,3.896083566877577
1710802123.9452503,3.923758135901557
1710802123.9453633,3.9500315984090166
1710802123.9454763,3.9749039543999567
1710802123.945589,3.9987251493665905
1710802123.945702,4.021845658620198
1710802123.945815,4.042864640553792
1710802123.945928,4.060380193922255
1710802123.9460409,4.076844851175944
1710802123.9461539,4.090156820085314
1710802123.946267,4.100666046142578
1710802123.94638,4.108373059166802
1710802123.9464927,4.115379121568468
1710802123.9466057,4.1206338670518665
1710802123.9467187,4.124837716420491
1710802123.9468317,4.129391776190864
1710802123.9469445,4.1318440437316895
1710802123.9470575,4.13324515024821
1710802123.9471705,4.132544464535183
1710802123.9472835,4.1286910904778376
1710802123.9473963,4.122385448879665
1710802123.9475093,4.1132773293389215
1710802123.9476223,4.101366731855604
1710802123.9477353,4.087354342142741
1710802123.947848,4.071239895290798
1710802123.947961,4.055125448438856
1710802123.948074,4.037609895070394
1710802123.948187,4.0207947625054254
1710802123.9483,4.002228313022189
1710802123.948413,3.9833113882276745
1710802123.948526,3.9615919854905868
1710802123.948639,3.9374203152126737
1710802123.9487517,3.9100959565904403
1710802123.9488647,3.8813704914516873
1710802123.9489777,3.8505429691738553
1710802123.9490907,3.8183140754699707
1710802123.9492035,3.786085446675618
1710802123.9493165,3.753856552971734
1710802123.9494295,3.7216279241773815
1710802123.9495425,3.688698609670003
1710802123.9496553,3.6543679237365723
1710802123.9497683,3.6186358663770886
1710802123.9498813,3.579751385582818
1710802123.9499943,3.5377136866251626
1710802123.950107,3.4925235642327204
1710802123.95022,3.445931805504693
1710802123.950333,3.396187623341878
1710802123.9504461,3.346793386671278
1710802123.950559,3.295998043484158
1710802123.950672,3.246253596411811
1710802123.950785,3.196158938937717
1710802123.950898,3.1439624892340765
1710802123.9510107,3.0903646681043835
1710802123.9511237,3.034314579433865
1710802123.9512367,2.9747613271077475
1710802123.9513497,2.9131065474616156
1710802123.9514625,2.849349445766873
1710802123.9515755,2.7855926089816623
1710802123.9516885,2.719383504655626
1710802123.9518015,2.65317440032959
1710802123.9519143,2.58766598171658
1710802123.9520273,2.5207564565870495
1710802123.9521403,2.454196876949734
1710802123.9522533,2.384134398566352
1710802123.952366,2.3130210240681968
1710802123.9524791,2.238404485914442
1710802123.9525921,2.1620362334781222
1710802123.9527051,2.084967427783542
1710802123.952818,2.0054464870029025
1710802123.952931,1.9252249929640028
1710802123.953044,1.8446530236138237
1710802123.953157,1.764081186718411
1710802123.9532697,1.6821079783969455
1710802123.9533827,1.59943421681722
1710802123.9534957,1.5160597695244682
1710802123.9536088,1.43058353000217
1710802123.9537215,1.3444066047668457
1710802123.9538345,1.256478230158488
1710802123.9539475,1.1674988269805908
1710802123.9540606,1.0774684614605374
1710802123.9541733,0.9863871998257107
1710802123.9542863,0.8942549758487277
1710802123.9543993,0.8010718557569716
1710802123.9545124,0.7082390122943454
1710802123.9546251,0.6136545870039198
1710802123.9547381,0.5194205045700073
1710802123.9548512,0.42273425393634373
1710802123.9549642,0.32604797018898857
1710802123.955077,0.22831075721316868
1710802123.95519,0.12952260673046112
1710802123.955303,0.03143508194221391
1710802123.955416,-0.06874086956183116
1710802123.9555287,-0.16750969820552403
1710802123.9556417,-0.26837997966342503
1710802123.9557548,-0.36854979064729476
1710802123.9558678,-0.46906984514660305
1710802123.9559805,-0.5688893795013428
1710802123.9560935,-0.669059223598904
1710802123.9562066,-0.7674777507781982
1710802123.9563196,-0.8651958571539985
1710802123.9564323,-0.9625637531280518
1710802123.9565454,-1.058530608812968
1710802123.9566584,-1.1551980177561443
1710802123.9567714,-1.2511648072136772
1710802123.9568841,-1.3471317291259766
1710802123.9569972,-1.4430985185835097
1710802123.9571102,-1.5383650196923149
1710802123.9572232,-1.6322304142846
1710802123.957336,-1.7250450452168782
1710802123.957449,-1.8171592553456624
1710802123.957562,-1.9061211744944253
1710802123.957675,-1.9947330156962075
1710802123.9577878,-2.08264430363973
1710802123.9579008,-2.169504827923245
1710802123.9580138,-2.255664931403266
1710802123.9581268,-2.342175112830268
1710802123.9582396,-2.426934242248535
1710802123.9583526,-2.511342896355523
1710802123.9584656,-2.5947011841668024
1710802123.9585786,-2.675957679748535
1710802123.9586914,-2.755112912919786
1710802123.9588044,-2.830765512254503
1710802123.9589174,-2.905367480383979
1710802123.9590304,-2.9768172899881997
1710802123.9591432,-3.047916889190674
1710802123.9592562,-3.1165647506713867
1710802123.9593692,-3.1859130329555936
1710802123.9594822,-3.253159787919786
1710802123.959595,-3.318655490875244
1710802123.959708,-3.3823998769124346
1710802123.959821,-3.443692790137397
1710802123.959934,-3.5035843319363065
1710802123.9600468,-3.5606741905212402
1710802123.9601598,-3.6135609944661455
1710802123.9602728,-3.6643465360005694
1710802123.9603858,-3.7140811814202204
1710802123.9604986,-3.761013878716363
1710802123.9606116,-3.8075963656107583
1710802123.9607246,-3.8527777459886337
1710802123.9608376,-3.8955076535542803
1710802123.9609504,-3.937536875406901
1710802123.9610634,-3.9771143595377603
1710802123.9611764,-4.014590581258138
1710802123.9612894,-4.048914379543728
1710802123.9614022,-4.08078670501709
1710802123.9615152,-4.109156396653917
1710802123.9616282,-4.135775036282009
1710802123.9617412,-4.160642358991835
1710802123.961854,-4.183408154381646
1710802123.961967,-4.2051233185662165
1710802123.96208,-4.226137797037761
1710802123.962193,-4.245401223500569
1710802123.9623058,-4.263263808356391
1710802123.9624188,-4.279725286695692
1710802123.9625318,-4.292684396107991
1710802123.9626448,-4.303541978200276
1710802123.9627576,-4.3122980329725475
1710802123.9628706,-4.317551718817817
1710802123.9629836,-4.321754508548312
1710802123.9630966,-4.3235058254665795
1710802123.9632094,-4.324906667073567
1710802123.9633224,-4.325256877475314
1710802123.9634354,-4.324556456671821
1710802123.9635484,-4.323155615064833
1710802123.9636612,-4.3200034565395775
1710802123.9637742,-4.315450191497803
1710802123.9638872,-4.306694136725532
1710802123.9640002,-4.2954863442315
1710802123.964113,-4.28112612830268
1710802123.964226,-4.2639642291598845
1710802123.964339,-4.245751698811849
1710802123.964452,-4.225787586636013
1710802123.9645648,-4.204422897762722
1710802123.9646778,-4.183408154381646
1710802123.9647908,-4.162393411000569
1710802123.9649038,-4.139627615610759
1710802123.9650166,-4.114760292900933
1710802123.9651296,-4.087441232469347
1710802123.9652426,-4.056269592709011
1710802123.9653556,-4.024047056833903
1710802123.9654684,-3.9876217312282987
1710802123.9655814,-3.94909487830268
1710802123.9656944,-3.9116186565823026
1710802123.9658074,-3.873091803656684
1710802123.9659202,-3.8338645299275713
1710802123.9660332,-3.793936835394965
1710802123.9661462,-3.7536586655510797
1710802123.9662592,-3.7126800749037
1710802123.966372,-3.6678489049275713
1710802123.966485,-3.619865576426188
1710802123.966598,-3.5694302452935114
1710802123.966711,-3.5168936517503524
1710802123.9668238,-3.462956216600206
1710802123.9669368,-3.40726719962226
1710802123.9670498,-3.3515784475538464
1710802123.9671628,-3.295539485083686
1710802123.9672756,-3.2395005226135254
1710802123.9673886,-3.1820604536268444
1710802123.9675016,-3.1225188573201494
1710802123.9676147,-3.0605257882012262
1710802123.9677274,-2.996430926852756
1710802123.9678404,-2.929184171888563
1710802123.9679534,-2.8594856792026095
1710802123.9680665,-2.7887362904018826
1710802123.9681792,-2.715885639190674
1710802123.9682922,-2.6430347230699325
1710802123.9684052,-2.5694833861456976
1710802123.9685183,-2.495582103729248
1710802123.968631,-2.4199292394849987
1710802123.968744,-2.3432257440355087
1710802123.968857,-2.264420986175537
1710802123.96897,-2.183864778942532
1710802123.9690828,-2.101557387246026
1710802123.9691958,-2.016448179880778
1710802123.9693089,-1.9316890504625108
1710802123.9694219,-1.8451787365807426
1710802123.9695346,-1.7579680018954806
1710802123.9696476,-1.6700567139519584
1710802123.9697607,-1.5817952156066895
1710802123.9698737,-1.4924829536014133
1710802123.9699864,-1.4021200603908963
1710802123.9700994,-1.3100058502621121
1710802123.9702125,-1.216490666071574
1710802123.9703255,-1.1229754818810356
1710802123.9704382,-1.0284096002578735
1710802123.9705513,-0.9324427445729573
1710802123.9706643,-0.8357754018571641
1710802123.9707773,-0.7387577825122409
1710802123.97089,-0.6410396761364406
1710802123.971003,-0.5433215697606405
1710802123.971116,-0.4442025224367777
1710802123.971229,-0.34543368551466197
1710802123.9713418,-0.24561411804623073
1710802123.9714549,-0.14579456713464525
1710802123.9715679,-0.04632525146007538
1710802123.9716809,0.05385508553849326
1710802123.9717937,0.1540444791316986
1710802123.9719067,0.25423389342096114
1710802123.9720197,0.3547736008961995
1710802123.9721327,0.4570648736423916
1710802123.9722455,0.5579549074172974
1710802123.9723585,0.660596489906311
1710802123.9724715,0.7621871100531684
1710802123.9725845,0.8630771769417657
1710802123.9726973,0.9618653191460503
1710802123.9728103,1.060653461350335
1710802123.9729233,1.1576900217268202
1710802123.9730363,1.2540259626176622
1710802123.973149,1.3489606645372179
1710802123.973262,1.4442457093132866
1710802123.973375,1.5388302008310952
1710802123.973488,1.633764902750651
1710802123.9736009,1.726597679985894
1710802123.9737139,1.8197808000776503
1710802123.973827,1.9105117850833468
1710802123.97394,1.9980899492899575
1710802123.9740527,2.084967427783542
1710802123.9741657,2.168692217932807
1710802123.9742787,2.2510157691107855
1710802123.9743917,2.3312372631496854
1710802123.9745045,2.411458757188585
1710802123.9746175,2.4906293551127114
1710802123.9747305,2.5694497426350913
1710802123.9748435,2.646868758731418
1710802123.9749563,2.7218357721964517
1710802123.9750693,2.79575162463718
1710802123.9751823,2.865814103020562
1710802123.9752953,2.9348256852891708
1710802123.975408,3.0003343688117132
1710802123.975521,3.0637407302856445
1710802123.975634,3.1253957748413086
1710802123.975747,3.1867006089952254
1710802123.9758599,3.245903386010064
1710802123.975973,3.3061570591396756
1710802123.976086,3.36465941535102
1710802123.976199,3.4207095040215387
1710802123.9763117,3.4750077459547253
1710802123.9764247,3.526153564453125
1710802123.9765377,3.5751973258124456
1710802123.9766507,3.6210881339179144
1710802123.9767635,3.6631255679660373
1710802123.9768765,3.7037618954976397
1710802123.9769895,3.7419459554884167
1710802123.9771025,3.7790791193644204
1710802123.9772153,3.8141104910108776
1710802123.9773283,3.8487913873460555
1710802123.9774413,3.880669805738661
1710802123.9775543,3.91184753841824
1710802123.977667,3.9395223723517523
1710802123.97778,3.965095149146186
1710802123.977893,3.9875152375962997
1710802123.9780061,4.007833268907335
1710802123.978119,4.026399718390571
1710802123.978232,4.042163954840766
1710802123.978345,4.056526819864909
1710802123.978458,4.070539209577772
1710802123.9785707,4.084201388888888
1710802123.9786837,4.095761775970459
1710802123.9787967,4.105920791625977
1710802123.9789097,4.115729596879747
1710802123.9790225,4.122035238477919
1710802123.9791355,4.125888612535265
1710802123.9792485,4.126939508650038
1710802123.9793615,4.125538402133517
1710802123.9794743,4.121684763166639
1710802123.9795873,4.116079807281494
1710802123.9797003,4.109774165683322
1710802123.979813,4.102417627970378
1710802123.979926,4.094010194142659
1710802123.9800391,4.084902074601915
1710802123.9801521,4.0750932693481445
1710802123.980265,4.063182671864827
1710802123.980378,4.049170282151964
1710802123.980491,4.031654463873969
1710802123.980604,4.012387328677707
1710802123.9807167,3.9906679259406195
1710802123.9808297,3.966846730973985
1710802123.9809427,3.9430255360073514
1710802123.9810557,3.9178029696146646
1710802123.9811685,3.892930613623725
1710802123.9812815,3.8670076264275446
1710802123.9813945,3.841434849633111
1710802123.9815075,3.8130595948961044
1710802123.9816203,3.7825822830200195
1710802123.9817333,3.7479013866848416
1710802123.9818463,3.7104180124070907
1710802123.9819593,3.6708325809902616
1710802123.982072,3.6291453573438854
1710802123.9821851,3.58570655186971
1710802123.9822981,3.542267746395535
1710802123.9824111,3.4988292058308916
1710802123.982524,3.45468971464369
1710802123.982637,3.410900698767768
1710802123.98275,3.365710311465793
1710802123.982863,3.3173672358194985
1710802123.9829757,3.268323474460178
1710802123.9830887,3.215075863732232
1710802123.9832017,3.1607773568895126
1710802123.9833148,3.1047275331285262
1710802123.9834275,3.0479767587449813
1710802123.9835405,2.9901750882466636
1710802123.9836535,2.9323736826578775
1710802123.9837666,2.8742218017578125
1710802123.9838793,2.8157194455464682
1710802123.9839923,2.7554657724168563
1710802123.9841053,2.6927598317464194
1710802123.9842184,2.627251413133409
1710802123.9843311,2.5589405165778265
1710802123.9844441,2.488877773284912
1710802123.9845572,2.416012816958957
1710802123.9846702,2.3417464892069497
1710802123.984783,2.2671299510531955
1710802123.984896,2.1925134128994412
1710802123.985009,2.1164956357744003
1710802123.985122,2.0397771729363336
1710802123.9852347,1.9620078139834933
1710802123.9853477,1.8817861874898274
1710802123.9854608,1.8005136648813882
1710802123.9855738,1.7171392175886366
1710802123.9856865,1.6306120819515653
1710802123.9857996,1.5440848138597276
1710802123.9859126,1.45615643925137
1710802123.9860256,1.3678775893317328
1710802123.9861383,1.2771466043260362
1710802123.9862514,1.187116305033366
1710802123.9863644,1.0970860057406955
1710802123.9864774,1.0056544012493558
1710802123.9865901,0.9124712149302164
1710802123.9867032,0.8182371324963039
1710802123.9868162,0.7243533929189047
1710802123.9869292,0.6276671091715494
1710802123.987042,0.5313311351670159
1710802123.987155,0.4342945416768392
1710802123.987268,0.3358567092153761
1710802123.987381,0.23741887675391302
1710802123.9874938,0.13898104429244995
1710802123.9876068,0.03949227018488778
1710802123.9877198,-0.06033501277367274
1710802123.9878328,-0.16085505485534668
1710802123.9879456,-0.2610248658392164
1710802123.9880586,-0.3615449203385247
1710802123.9881716,-0.4617146982087029
1710802123.9882846,-0.5611840221616957
1710802123.9883974,-0.6613538000318739
1710802123.9885104,-0.7611733675003052
1710802123.9886234,-0.8613432115978664
1710802123.9887364,-0.9622134764989216
1710802123.9888492,-1.06273353099823
1710802123.9889622,-1.1629033088684082
1710802123.9890752,-1.2623725997077093
1710802123.9891882,-1.3604410489400227
1710802123.989301,-1.4567580487993028
1710802123.989414,-1.552374760309855
1710802123.989527,-1.6472909185621474
1710802123.98964,-1.7411563131544325
1710802123.9897528,-1.8350217077467177
1710802123.9898658,-1.9278363386789956
1710802123.9899788,-2.021351522869534
1710802123.9900918,-2.114166153801812
1710802123.9902046,-2.2055799431271024
1710802123.9903176,-2.2955926259358725
1710802123.9904306,-2.3838541242811413
1710802123.9905436,-2.4693136745029025
1710802123.9906564,-2.553372383117676
1710802123.9907694,-2.6342786682976618
1710802123.9908824,-2.7134339014689126
1710802123.9909954,-2.7918884489271374
1710802123.9911082,-2.8692923651801214
1710802123.9912212,-2.9452954398261175
1710802123.9913342,-3.0202476183573403
1710802123.9914472,-3.0941491656833224
1710802123.99156,-3.1648982895745172
1710802123.991673,-3.23354615105523
1710802123.991786,-3.2993920644124346
1710802123.991899,-3.3634866608513727
1710802123.9920118,-3.4247795740763345
1710802123.9921248,-3.483270274268256
1710802123.9922378,-3.541060553656684
1710802123.9923508,-3.5970995161268444
1710802123.9924636,-3.652788268195258
1710802123.9925766,-3.706725968254937
1710802123.9926896,-3.7596127721998425
1710802123.9928026,-3.8103983137342663
1710802123.9929154,-3.8590820630391436
1710802123.9930284,-3.9046139187282987
1710802123.9931414,-3.948394457499186
1710802123.9932544,-3.9879719416300454
1710802123.9933672,-4.02579837375217
1710802123.9934802,-4.06152327855428
1710802123.9935932,-4.095496866438124
1710802123.9937062,-4.127369191911486
1710802123.993819,-4.159241252475314
1710802123.993932,-4.188311629825168
1710802123.994045,-4.215630690256755
1710802123.994158,-4.241548644171821
1710802123.9942708,-4.264664649963379
1710802123.9943838,-4.285329182942708
1710802123.9944968,-4.302140871683757
1710802123.9946098,-4.316851033104791
1710802123.9947226,-4.328058825598823
1710802123.9948356,-4.33751556608412
1710802123.9949486,-4.346271620856391
1710802123.9950616,-4.352575937906901
1710802123.9951744,-4.358530309465197
1710802123.9952874,-4.363083309597439
1710802123.9954004,-4.366585678524441
1710802123.9955134,-4.367986785040961
1710802123.9956262,-4.366585678524441
1710802123.9957392,-4.363083309597439
1710802123.9958522,-4.356428782145183
1710802123.9959652,-4.346621831258138
1710802123.996078,-4.335063828362359
1710802123.996191,-4.32210471895006
1710802123.996304,-4.308795399136013
1710802123.996417,-4.294785658518474
1710802123.9965298,-4.280075497097439
1710802123.9966428,-4.265365335676405
1710802123.9967558,-4.247852961222331
1710802123.9968688,-4.228239324357775
1710802123.9969816,-4.206524160173204
1710802123.9970946,-4.180606206258138
1710802123.9972076,-4.152936935424805
1710802123.9973207,-4.12281592686971
1710802123.9974334,-4.090943601396349
1710802123.9975464,-4.057670434315999
1710802123.9976594,-4.02439726723565
1710802123.9977725,-3.9911241001553006
1710802123.9978852,-3.95680030186971
1710802123.9979982,-3.9214256074693465
1710802123.9981112,-3.8835991753472223
1710802123.9982243,-3.8426205846998425
1710802123.998337,-3.798139625125461
1710802123.99845,-3.7512069278293185
1710802123.998563,-3.7018224928114147
1710802123.998676,-3.6503367953830295
1710802123.9987888,-3.5992010434468584
1710802123.9989018,-3.546314239501953
1710802123.9990149,-3.4948282771640353
1710802123.9991279,-3.4401901563008623
1710802123.9992406,-3.386252721150716
1710802123.9993536,-3.3305639690823026
1710802123.9994667,-3.2720730039808483
1710802123.9995797,-3.2107803556654186
1710802123.9996924,-3.1484368112352157
1710802123.9998055,-3.0832915835910373
1710802123.9999185,-3.0174456702338324
1710802124.0000315,-2.9501989152696395
1710802124.0001442,-2.8833021057976618
1710802124.0002573,-2.816055350833469
1710802124.0003703,-2.747757699754503
1710802124.0004833,-2.678759627872043
1710802124.000596,-2.6066093974643283
1710802124.000709,-2.5330580605400934
1710802124.000822,-2.4563545650906033
1710802124.000935,-2.3782502280341253
1710802124.0010478,-2.2969937324523926
1710802124.0011609,-2.2153867615593805
1710802124.0012739,-2.1316783958011203
1710802124.001387,-2.0476198196411133
1710802124.0014997,-1.9628608226776123
1710802124.0016127,-1.877751482857598
1710802124.0017257,-1.790540748172336
1710802124.0018387,-1.702279249827067
1710802124.0019515,-1.6126166449652777
1710802124.0020645,-1.5215531984965005
1710802124.0021775,-1.4283883571624756
1710802124.0022905,-1.3348731729719374
1710802124.0024033,-1.240307225121392
1710802124.0025163,-1.1457414097256131
1710802124.0026293,-1.0490740007824368
1710802124.0027423,-0.9520563814375136
1710802124.002855,-0.8550388283199734
1710802124.002968,-0.7559197478824191
1710802124.003081,-0.6568006674448649
1710802124.003194,-0.5566308233473036
1710802124.0033069,-0.45646104547712535
1710802124.0034199,-0.3555907474623786
1710802124.003533,-0.2550707095199161
1710802124.003646,-0.1534999410311381
1710802124.0037587,-0.052279399500952825
1710802124.0038717,0.04895071188608805
1710802124.0039847,0.15054136514663696
1710802124.0040977,0.25248232815000743
1710802124.0042105,0.3540729814105564
1710802124.0043235,0.4553133249282837
1710802124.0044365,0.5555027061038547
1710802124.0045495,0.6539405716790093
1710802124.0046623,0.7523783710267808
1710802124.0047753,0.8497652742597792
1710802124.0048883,0.9461012813780043
1710802124.0050013,1.0413862599266899
1710802124.005114,1.1384228865305583
1710802124.005227,1.2351091702779133
1710802124.00534,1.3314451111687553
1710802124.005453,1.4270804988013372
1710802124.005566,1.522015200720893
1710802124.005679,1.6162492169274223
1710802124.005792,1.707330544789632
1710802124.005905,1.7980615297953286
1710802124.0060177,1.8856395615471733
1710802124.0061307,1.9732177257537842
1710802124.0062437,2.0590443081325955
1710802124.0063567,2.144870890511407
1710802124.0064695,2.2285956806606717
1710802124.0065825,2.3133712344699435
1710802124.0066955,2.3967456817626953
1710802124.0068085,2.476967175801595
1710802124.0069213,2.555086877610948
1710802124.0070343,2.630404101477729
1710802124.0071473,2.7032693227132163
1710802124.0072603,2.773331801096598
1710802124.007373,2.842343383365207
1710802124.007486,2.9085524876912436
1710802124.007599,2.9747613271077475
1710802124.0077121,3.039218849605984
1710802124.007825,3.104377057817247
1710802124.007938,3.166032102372911
1710802124.008051,3.227687146928575
1710802124.008164,3.2858390278286405
1710802124.0082767,3.342239326900906
1710802124.0083897,3.3937353558010526
1710802124.0085027,3.4445306989881725
1710802124.0086157,3.492173088921441
1710802124.0087285,3.537363476223416
1710802124.0088415,3.5829040739271374
1710802124.0089545,3.6245912975735135
1710802124.0090675,3.6669792069329157
1710802124.0091803,3.7062141630384655
1710802124.0092933,3.7447484334309893
1710802124.0094063,3.781180911593967
1710802124.0095193,3.8148109118143716
1710802124.009632,3.845288223690457
1710802124.0097451,3.873313268025716
1710802124.0098581,3.8992362552218967
1710802124.0099711,3.9227072397867837
1710802124.010084,3.9451273282368975
1710802124.010197,3.966146045260959
1710802124.01031,3.9868145518832736
1710802124.010423,4.005381001366509
1710802124.0105357,4.024297926161024
1710802124.0106487,4.041113058725993
1710802124.0107617,4.055826134151882
1710802124.0108747,4.0677367316351996
1710802124.0109875,4.076844851175944
1710802124.0111005,4.082800282372369
1710802124.0112135,4.087003866831462
1710802124.0113266,4.088755448659261
1710802124.0114393,4.088755448659261
1710802124.0115523,4.087354342142741
1710802124.0116653,4.085952970716688
1710802124.0117784,4.083500703175862
1710802124.0118911,4.079647329118517
1710802124.0120041,4.0750932693481445
1710802124.0121171,4.068437417348226
1710802124.0122302,4.058278401692708
1710802124.012343,4.046017328898112
1710802124.012456,4.030253357357449
1710802124.012569,4.0134382247924805
1710802124.012682,3.995572461022271
1710802124.0127947,3.9763050609164767
1710802124.0129077,3.957738611433241
1710802124.0130208,3.9381210009256997
1710802124.0131338,3.9181531800164118
1710802124.0132465,3.8967842525906033
1710802124.0133595,3.8740139537387424
1710802124.0134726,3.849492073059082
1710802124.0135856,3.8214670287238226
1710802124.0136983,3.7906395064459906
1710802124.0138113,3.758060402340359
1710802124.0139244,3.7233795060051813
1710802124.0140374,3.688698609670003
1710802124.0141501,3.6526163419087725
1710802124.0142632,3.6175849702623153
1710802124.0143762,3.581853177812364
1710802124.0144892,3.5457709100511337
1710802124.014602,3.5068861643473306
1710802124.014715,3.465899626413981
1710802124.014828,3.4224608209398055
1710802124.014941,3.3755191167195635
1710802124.0150537,3.3271760410732694
1710802124.0151668,3.275680012173123
1710802124.0152798,3.2248846689860025
1710802124.0153928,3.173038429684109
1710802124.0155056,3.1204915046691895
1710802124.0156186,3.0679445796542697
1710802124.0157316,3.01539765463935
1710802124.0158446,2.9600482516818576
1710802124.0159574,2.902246846093072
1710802124.0160704,2.841992908053928
1710802124.0161834,2.7792869673834906
1710802124.0162964,2.7144792344835067
1710802124.0164092,2.6482701301574707
1710802124.0165222,2.580309444003635
1710802124.0166352,2.5126992331610785
1710802124.0167482,2.4436876508924694
1710802124.016861,2.3757269647386337
1710802124.016974,2.305664486355252
1710802124.017087,2.234200636545817
1710802124.0172,2.161335680219862
1710802124.0173128,2.0863686667548285
1710802124.0174258,2.0089496506585016
1710802124.0175388,1.930129263136122
1710802124.0176518,1.849557426240709
1710802124.0177646,1.7686352464887831
1710802124.0178776,1.6866620381673176
1710802124.0179906,1.6050391727023654
1710802124.0181036,1.5213145150078666
1710802124.0182164,1.437940067715115
1710802124.0183294,1.3517632749345567
1710802124.0184424,1.264885663986206
1710802124.0185554,1.176256603664822
1710802124.0186682,1.0851753420299954
1710802124.0187812,0.9937437375386555
1710802124.0188942,0.9009108940760294
1710802124.0190072,0.80702715449863
1710802124.01912,0.7117421097225612
1710802124.019233,0.6171577506595187
1710802124.019346,0.5215223961406283
1710802124.019459,0.42448580265045166
1710802124.0195718,0.3274492091602749
1710802124.0196848,0.2297120127413008
1710802124.0197978,0.1316244817442364
1710802124.0199108,0.032836331261528864
1710802124.0200236,-0.06593891729911168
1710802124.0201366,-0.16400726305113897
1710802124.0202496,-0.26312632693184745
1710802124.0203626,-0.36364638143115574
1710802124.0204754,-0.4624151852395799
1710802124.0205884,-0.5625849962234497
1710802124.0207014,-0.6627547740936279
1710802124.0208142,-0.7625743415620592
1710802124.0209272,-0.8609929349687364
1710802124.0210402,-0.9590612517462836
1710802124.0211532,-1.056429147720337
1710802124.021266,-1.152396069632636
1710802124.021379,-1.2480126486884222
1710802124.021492,-1.3425785965389676
1710802124.021605,-1.4385453859965007
1710802124.0217178,-1.5334615442487929
1710802124.0218308,-1.628377702501085
1710802124.0219438,-1.7225933074951172
1710802124.0220568,-1.8164587020874023
1710802124.0221696,-1.9082227018144395
1710802124.0222826,-1.9996363586849637
1710802124.0223956,-2.08894862069024
1710802124.0225086,-2.176509698232015
1710802124.0226214,-2.26266966925727
1710802124.0227344,-2.348129219479031
1710802124.0228474,-2.433938980102539
1710802124.0229604,-2.5179976887173123
1710802124.0230732,-2.602056132422553
1710802124.0231862,-2.6847137345208063
1710802124.0232992,-2.765269809299045
1710802124.0234122,-2.845475938585069
1710802124.023525,-2.92182895872328
1710802124.023638,-2.996781137254503
1710802124.023751,-3.067880736456977
1710802124.023864,-3.13792970445421
1710802124.0239768,-3.2044760386149087
1710802124.0240898,-3.2706721623738604
1710802124.0242028,-3.3361678653293185
1710802124.0243158,-3.400262461768256
1710802124.0244286,-3.4619053204854326
1710802124.0245416,-3.5231979688008623
1710802124.0246546,-3.5816889339023166
1710802124.0247676,-3.638778527577718
1710802124.0248804,-3.692015806833903
1710802124.0249934,-3.7428010834587946
1710802124.0251064,-3.791485097673204
1710802124.0252194,-3.8384177949693465
1710802124.0253322,-3.883248964945475
1710802124.0254452,-3.9266792933146157
1710802124.0255582,-3.968358304765489
1710802124.0256712,-4.0093368954128685
1710802124.025784,-4.049264589945476
1710802124.025897,-4.087091022067599
1710802124.02601,-4.1221155060662165
1710802124.026123,-4.155038462744819
1710802124.0262358,-4.183408154381646
1710802124.0263488,-4.211777846018474
1710802124.0264618,-4.23524432712131
1710802124.0265749,-4.257309701707628
1710802124.0266876,-4.2769233385721845
1710802124.0268006,-4.296887185838488
1710802124.0269136,-4.312998453776042
1710802124.0270267,-4.32981014251709
1710802124.0271394,-4.344870779249403
1710802124.0272524,-4.358530309465197
1710802124.0273654,-4.3697381019592285
1710802124.0274785,-4.377443260616726
1710802124.0275912,-4.381646315256755
1710802124.0277042,-4.383747842576769
1710802124.0278172,-4.383047156863742
1710802124.0279303,-4.379894998338488
1710802124.028043,-4.376042419009738
1710802124.028156,-4.3711389435662165
1710802124.028269,-4.365184836917453
1710802124.028382,-4.35782962375217
1710802124.0284948,-4.349073568979899
1710802124.0286078,-4.338566197289361
1710802124.0287209,-4.324906667073567
1710802124.0288339,-4.308445188734266
1710802124.0289466,-4.288481341467963
1710802124.0290596,-4.266415966881646
1710802124.0291727,-4.242249064975314
1710802124.0292857,-4.217031531863742
1710802124.0293984,-4.191113577948676
1710802124.0295115,-4.165195359124078
1710802124.0296245,-4.139277405209011
1710802124.0297375,-4.112308555179172
1710802124.0298502,-4.083938863542345
1710802124.0299633,-4.052767223782009
1710802124.0300763,-4.018443160586886
1710802124.0301893,-3.9823680453830295
1710802124.030302,-3.94279056125217
1710802124.030415,-3.9011115498012967
1710802124.030528,-3.8590820630391436
1710802124.030641,-3.8160022099812823
1710802124.0307539,-3.772922092013889
1710802124.0308669,-3.7284411324395075
1710802124.0309799,-3.685010804070367
1710802124.031093,-3.637727896372477
1710802124.0312057,-3.5893940925598145
1710802124.0313187,-3.537207974327935
1710802124.0314317,-3.4829200638665094
1710802124.0315447,-3.4258302052815752
1710802124.0316575,-3.3669892946879068
1710802124.0317705,-3.305696646372477
1710802124.0318835,-3.2444037331475153
1710802124.0319965,-3.1824106640285916
1710802124.0321093,-3.1204173300001354
1710802124.0322223,-3.0570231543646917
1710802124.0323353,-2.99222813712226
1710802124.0324483,-2.9253315925598145
1710802124.032561,-2.8552826245625815
1710802124.032674,-2.7827821837531195
1710802124.032787,-2.7081802156236434
1710802124.0329,-2.631476720174154
1710802124.0330129,-2.5530219078063965
1710802124.0331259,-2.4745673603481717
1710802124.033239,-2.3947117063734265
1710802124.033352,-2.3152062628004284
1710802124.0334647,-2.2339497672186956
1710802124.0335777,-2.1519925859239364
1710802124.0336907,-2.0682842201656766
1710802124.0338037,-1.9828246699439154
1710802124.0339165,-1.8949133820003934
1710802124.0340295,-1.8063016732533772
1710802124.0341425,-1.715938647588094
1710802124.0342555,-1.624174780315823
1710802124.0343683,-1.532761123445299
1710802124.0344813,-1.4392459392547607
1710802124.0345943,-1.3460809654659696
1710802124.0347073,-1.2511648072136772
1710802124.03482,-1.155898438559638
1710802124.034933,-1.059931582874722
1710802124.035046,-0.9611627790662978
1710802124.035159,-0.8620436986287434
1710802124.035272,-0.7629246181911892
1710802124.035385,-0.6620542870627509
1710802124.035498,-0.5611840221616957
1710802124.035611,-0.4592629936006334
1710802124.0357237,-0.3569917215241326
1710802124.0358367,-0.25366973545816207
1710802124.0359497,-0.1506979763507843
1710802124.0360627,-0.04702573849095239
1710802124.0361755,0.05560665080944697
1710802124.0362885,0.15964948468738133
1710802124.0364015,0.2615904476907518
1710802124.0365145,0.3635314106941223
1710802124.0366273,0.4651220639546712
1710802124.0367403,0.5663624074723985
1710802124.0368533,0.668303370475769
1710802124.0369663,0.7702443334791396
1710802124.037079,0.87218529648251
1710802124.037192,0.9748268789715236
1710802124.037305,1.076067222489251
1710802124.0374181,1.1766069465213351
1710802124.037531,1.27574536535475
1710802124.037644,1.372431649102105
1710802124.037757,1.4684173795912001
1710802124.03787,1.5623010529412162
1710802124.0379827,1.654082934061686
1710802124.0380957,1.7469158437516954
1710802124.0382087,1.8383473820156522
1710802124.0383217,1.929779052734375
1710802124.0384345,2.019108666314019
1710802124.0385475,2.108088069491916
1710802124.0386605,2.1939146518707275
1710802124.0387735,2.2783401277330184
1710802124.0388863,2.359262307484945
1710802124.0389993,2.438432905409071
1710802124.0391123,2.5158519215053983
1710802124.0392253,2.5904684596591525
1710802124.039338,2.6661361588372126
1710802124.0394511,2.7400520112779403
1710802124.0395641,2.8136176533169217
1710802124.0396771,2.88578192392985
1710802124.03979,2.9582966698540583
1710802124.039903,3.027308252122667
1710802124.040016,3.0942180421617294
1710802124.040129,3.15797487894694
1710802124.0402417,3.2185790273878307
1710802124.0403547,3.276380697886149
1710802124.0404677,3.333831893073188
1710802124.0405807,3.3877799246046276
1710802124.0406935,3.441027535332574
1710802124.0408065,3.493574460347493
1710802124.0409195,3.5443698035346136
1710802124.0410326,3.5937637752956815
1710802124.0411453,3.6396548483106823
1710802124.0412583,3.684844970703125
1710802124.0413713,3.7258315086364746
1710802124.0414844,3.7636653582255044
1710802124.0415971,3.7979960441589355
1710802124.0417101,3.830925358666314
1710802124.0418231,3.8610521952311196
1710802124.0419362,3.8901281356811523
1710802124.042049,3.9174524943033853
1710802124.042162,3.9440764321221247
1710802124.042275,3.968598312801785
1710802124.042388,3.9913686116536455
1710802124.0425007,4.012737539079454
1710802124.0426137,4.031654463873969
1710802124.0427268,4.047768910725911
1710802124.0428398,4.061431090037028
1710802124.0429525,4.072290791405572
1710802124.0430655,4.081048700544569
1710802124.0431786,4.088405238257514
1710802124.0432916,4.094710879855685
1710802124.0434043,4.100666046142578
1710802124.0435174,4.104869895511203
1710802124.0436304,4.109423955281575
1710802124.0437434,4.111175537109375
1710802124.0438561,4.111876222822401
1710802124.0439692,4.110124640994601
1710802124.0440822,4.104869895511203
1710802124.0441952,4.0971628824869795
1710802124.044308,4.086303181118435
1710802124.044421,4.074743058946398
1710802124.044534,4.060730404324001
1710802124.044647,4.046718014611138
1710802124.0447598,4.031304253472222
1710802124.0448728,4.016941388448079
1710802124.0449858,4.00047673119439
1710802124.0450988,3.9833113882276745
1710802124.0452116,3.9636937777201333
1710802124.0453246,3.941624164581299
1710802124.0454376,3.9160513877868652
1710802124.0455506,3.8883765538533526
1710802124.0456634,3.858249717288547
1710802124.0457764,3.828122880723741
1710802124.0458894,3.7969451480441623
1710802124.0460024,3.765767150455051
1710802124.0461152,3.734239207373725
1710802124.0462282,3.7023607889811196
1710802124.0463412,3.668730788760715
1710802124.0464542,3.6340496275160046
1710802124.046567,3.596216042836507
1710802124.04668,3.5552295049031573
1710802124.046793,3.512140909830729
1710802124.046906,3.4676512082417803
1710802124.0470188,3.4210597144232855
1710802124.0471318,3.373417059580485
1710802124.0472448,3.32682556576199
1710802124.0473578,3.2795333862304688
1710802124.0474706,3.2322412066989474
1710802124.0475836,3.1835476557413735
1710802124.0476966,3.133102787865533
1710802124.0478096,3.081256548563639
1710802124.0479224,3.025907145606147
1710802124.0480354,2.968455950419108
1710802124.0481484,2.907501326666938
1710802124.0482614,2.8472476535373263
1710802124.0483742,2.784541712866889
1710802124.0484872,2.7232371436225042
1710802124.0486002,2.6591298315260143
1710802124.0487132,2.596423890855577
1710802124.048826,2.5312656826443143
1710802124.048939,2.464706367916531
1710802124.049052,2.394994099934896
1710802124.049165,2.322829829321967
1710802124.0492778,2.2485635015699597
1710802124.0493908,2.1714946958753796
1710802124.0495038,2.0933749940660262
1710802124.0496168,2.01490494940016
1710802124.0497296,1.9353840086195204
1710802124.0498426,1.8548120392693412
1710802124.0499556,1.7752910984887016
1710802124.0500686,1.6940185758802626
1710802124.0501814,1.6120455000135634
1710802124.0502944,1.5276201566060383
1710802124.0504074,1.4421439170837402
1710802124.0505204,1.3542154100206163
1710802124.0506332,1.2666372458140056
1710802124.0507462,1.1776578426361084
1710802124.0508592,1.0886785056855943
1710802124.0509722,0.9986481401655409
1710802124.051085,0.9079171551598443
1710802124.051198,0.8168358935250176
1710802124.051311,0.7243533929189047
1710802124.051424,0.6318708260854086
1710802124.0515368,0.5379870865080092
1710802124.0516498,0.4434026943312751
1710802124.0517628,0.3470667203267415
1710802124.0518758,0.2514313823646969
1710802124.0519886,0.15474511517418754
1710802124.0521016,0.057708525823222265
1710802124.0522146,-0.04002085576454798
1710802124.0523276,-0.1387896802690294
1710802124.0524404,-0.23720827367570665
1710802124.0525534,-0.33632732099956936
1710802124.0526664,-0.4357966449525621
1710802124.0527794,-0.5345654818746779
1710802124.0528922,-0.6333343187967936
1710802124.0530052,-0.7314026355743408
1710802124.0531182,-0.828069978290134
1710802124.0532312,-0.9250875976350572
1710802124.053344,-1.0217549403508503
1710802124.053457,-1.1194731129540336
1710802124.05357,-1.216140455669827
1710802124.053683,-1.313158008787367
1710802124.0537958,-1.4091249306996663
1710802124.0539088,-1.5047415097554524
1710802124.0540218,-1.5982566939459906
1710802124.0541348,-1.6917718781365287
1710802124.0542476,-1.782134771347046
1710802124.0543606,-1.8717973762088351
1710802124.0544736,-1.959008110894097
1710802124.0545866,-2.0476198196411133
1710802124.0546994,-2.1351808971828885
1710802124.0548124,-2.2209906578063965
1710802124.0549254,-2.3071506288316512
1710802124.0550385,-2.3922599686516657
1710802124.0551512,-2.4759682019551597
1710802124.0552642,-2.5568747520446777
1710802124.0553772,-2.6370806164211698
1710802124.0554903,-2.71378411187066
1710802124.055603,-2.7897869216071234
1710802124.055716,-2.8636884689331055
1710802124.055829,-2.9351382785373263
1710802124.055942,-3.006938298543294
1710802124.0560548,-3.0776876873440213
1710802124.0561678,-3.147035969628228
1710802124.0562809,-3.215683831108941
1710802124.0563939,-3.2825803756713867
1710802124.0565066,-3.3473756578233504
1710802124.0566196,-3.410069147745768
1710802124.0567327,-3.46996095445421
1710802124.0568457,-3.527401023440891
1710802124.0569584,-3.5827395651075573
1710802124.0570714,-3.635626369052463
1710802124.0571845,-3.687112331390381
1710802124.0572975,-3.737897608015272
1710802124.0574102,-3.786581622229682
1710802124.0575233,-3.8349154260423446
1710802124.0576363,-3.881147437625461
1710802124.0577493,-3.9245777659946017
1710802124.057862,-3.965556356641981
1710802124.057975,-4.004083209567599
1710802124.058088,-4.039457903967963
1710802124.058201,-4.071680174933539
1710802124.0583138,-4.101801183488634
1710802124.0584269,-4.129820929633246
1710802124.0585399,-4.156439304351807
1710802124.0586529,-4.182007047865126
1710802124.0587656,-4.206173949771457
1710802124.0588787,-4.2285895347595215
1710802124.0589917,-4.248903857337104
1710802124.0591047,-4.268167283799913
1710802124.0592175,-4.284278551737468
1710802124.0593305,-4.297587606641981
1710802124.0594435,-4.307744767930773
1710802124.0595565,-4.3158004018995495
1710802124.0596693,-4.3214042981465655
1710802124.0597823,-4.3256073527865935
1710802124.0598953,-4.328759511311849
1710802124.0600083,-4.330860773722331
1710802124.060121,-4.331561459435357
1710802124.060234,-4.331911669837104
1710802124.060347,-4.33121124903361
1710802124.06046,-4.326307773590088
1710802124.0605729,-4.3214042981465655
1710802124.0606859,-4.311247136857775
1710802124.060799,-4.300039344363742
1710802124.060912,-4.285679393344455
1710802124.0610247,-4.270969231923421
1710802124.0611377,-4.253807332780626
1710802124.0612507,-4.236645168728298
1710802124.0613637,-4.218782848782009
1710802124.0614765,-4.199869632720947
1710802124.0615895,-4.180606206258138
1710802124.0617025,-4.158190621270074
1710802124.0618155,-4.133673508961995
1710802124.0619283,-4.105303817325168
1710802124.0620413,-4.074482123057048
1710802124.0621543,-4.040858745574951
1710802124.062267,-4.005484051174587
1710802124.06238,-3.9694089359707303
1710802124.062493,-3.9322831895616317
1710802124.062606,-3.8958578639560275
1710802124.0627189,-3.858731852637397
1710802124.0628319,-3.8205552101135254
1710802124.062945,-3.780627515580919
1710802124.063058,-3.7382478184170194
1710802124.0631707,-3.6930664380391436
1710802124.0632837,-3.6450831095377603
1710802124.0633967,-3.5946477784050836
1710802124.0635097,-3.543512291378445
1710802124.0636225,-3.49027501212226
1710802124.0637355,-3.4366877873738604
1710802124.0638485,-3.384151193830702
1710802124.0639615,-3.329863283369276
1710802124.0640743,-3.2741745313008623
1710802124.0641873,-3.2170846727159286
1710802124.0643003,-3.156842920515272
1710802124.0644133,-3.0937989552815752
1710802124.064526,-3.0283032523261175
1710802124.064639,-2.9603558116488986
1710802124.064752,-2.8917079501681857
1710802124.064865,-2.821309036678738
1710802124.064978,-2.750209437476264
1710802124.065091,-2.678759627872043
1710802124.065204,-2.606959607866075
1710802124.065317,-2.5344591670566134
1710802124.0654297,-2.4598571989271374
1710802124.0655427,-2.3831537034776473
1710802124.0656557,-2.3039984703063965
1710802124.0657687,-2.2234423955281577
1710802124.0658815,-2.1411350038316512
1710802124.0659945,-2.0563758744133844
1710802124.0661075,-1.9702159033881292
1710802124.0662205,-1.8833553791046143
1710802124.0663333,-1.796144644419352
1710802124.0664463,-1.707883146074083
1710802124.0665593,-1.61822067366706
1710802124.0666723,-1.5271570947435167
1710802124.066785,-1.4353932274712455
1710802124.066898,-1.3408272796207004
1710802124.067011,-1.2462614642249212
1710802124.0671241,-1.149594121509128
1710802124.067237,-1.053627199596829
1710802124.06735,-0.9555588165918986
1710802124.067463,-0.8585412634743584
1710802124.067576,-0.7594221830368042
1710802124.0676887,-0.660653313000997
1710802124.0678017,-0.5611840221616957
1710802124.0679147,-0.4617146982087029
1710802124.0680277,-0.36294589440027875
1710802124.0681405,-0.26207559638553196
1710802124.0682535,-0.16120529837078518
1710802124.0683665,-0.06068525628911124
1710802124.0684795,0.03914195630285475
1710802124.0685923,0.13968166377809313
1710802124.0687053,0.24057169755299884
1710802124.0688183,0.3421623508135478
1710802124.0689313,0.44445362355973983
1710802124.069044,0.5463945865631104
1710802124.0691571,0.6483355495664809
1710802124.0692701,0.749225550227695
1710802124.0693831,0.8494149976306491
1710802124.069496,0.9485534164640639
1710802124.069609,1.0466409391827054
1710802124.069722,1.1443781852722168
1710802124.069835,1.241064469019572
1710802124.0699477,1.3388016488817003
1710802124.0700607,1.4361886183420818
1710802124.0701737,1.5335754553476968
1710802124.0702868,1.629911396238539
1710802124.0703995,1.726247337129381
1710802124.0705125,1.8194305896759033
1710802124.0706255,1.9112124707963731
1710802124.0707386,2.00089242723253
1710802124.0708513,2.0884705914391413
1710802124.0709643,2.1735966205596924
1710802124.0710773,2.2587225172254772
1710802124.0711904,2.342096964518229
1710802124.0713031,2.4251209364997015
1710802124.0714161,2.50744448767768
1710802124.0715292,2.588016457027859
1710802124.0716422,2.667187054951986
1710802124.071755,2.7428544892205133
1710802124.071868,2.8164201312594943
1710802124.071981,2.8864826096428766
1710802124.072094,2.9551439815097384
1710802124.0722067,3.021002610524495
1710802124.0723197,3.084409236907959
1710802124.0724328,3.146764967176649
1710802124.0725458,3.2087702221340604
1710802124.0726585,3.269724580976698
1710802124.0727715,3.3292778333028155
1710802124.0728846,3.387429714202881
1710802124.0729976,3.442779117160373
1710802124.0731103,3.4956762525770397
1710802124.0732234,3.5450702243381076
1710802124.0733364,3.591661983066135
1710802124.0734494,3.6361516846550836
1710802124.0735621,3.6792400148179794
1710802124.0736752,3.719876342349582
1710802124.0737882,3.7587610880533853
1710802124.0739012,3.7976458337571883
1710802124.074014,3.83477873272366
1710802124.074127,3.86945989396837
1710802124.07424,3.9023892084757485
1710802124.074353,3.9332167307535806
1710802124.0744658,3.9605410893758135
1710802124.0745788,3.9857636557685003
1710802124.0746918,4.007483058505588
1710802124.0748048,4.027100404103597
1710802124.0749176,4.0442657470703125
1710802124.0750306,4.060380193922255
1710802124.0751436,4.075793955061171
1710802124.0752566,4.089456134372287
1710802124.0753694,4.10206741756863
1710802124.0754824,4.113627804650201
1710802124.0755954,4.123086134592692
1710802124.0757084,4.13009246190389
1710802124.0758212,4.134296046362983
1710802124.0759342,4.134996732076009
1710802124.0760472,4.134296046362983
1710802124.0761602,4.130442672305636
1710802124.076273,4.125187926822238
1710802124.076386,4.119232760535346
1710802124.076499,4.111876222822401
1710802124.076612,4.10381899939643
1710802124.0767248,4.09541130065918
1710802124.0768378,4.086303181118435
1710802124.0769508,4.0750932693481445
1710802124.0770638,4.062131775750054
1710802124.0771766,4.045667118496365
1710802124.0772896,4.02675019370185
1710802124.0774026,4.0067823727925616
1710802124.0775156,3.984712759653727
1710802124.0776284,3.96264288160536
1710802124.0777414,3.939171897040473
1710802124.0778544,3.9171022839016385
1710802124.0779674,3.8932810889350042
1710802124.0780802,3.8691094186570907
1710802124.0781932,3.842835956149631
1710802124.0783062,3.8137600156995983
1710802124.0784192,3.781881597306993
1710802124.078532,3.746500015258789
1710802124.078645,3.7097173266940646
1710802124.078758,3.6683803134494357
1710802124.078871,3.628094461229112
1710802124.0789838,3.5864072375827365
1710802124.0790968,3.5447200139363604
1710802124.0792098,3.5030327902899847
1710802124.0793228,3.4602946705288358
1710802124.0794356,3.416155179341634
1710802124.0795486,3.369563685523139
1710802124.0796616,3.3208703994750977
1710802124.0797746,3.2686736848619247
1710802124.0798874,3.2143751780192056
1710802124.0800004,3.1583253542582193
1710802124.0801134,3.1019247902764215
1710802124.0802264,3.0434226989746094
1710802124.0803392,2.9863217141893172
1710802124.0804522,2.9281698332892523
1710802124.0805652,2.869317266676161
1710802124.0806782,2.809764279259576
1710802124.080791,2.7477590243021646
1710802124.080904,2.682600816090902
1710802124.081017,2.614640129937066
1710802124.08113,2.5445776515536838
1710802124.0812428,2.472062905629476
1710802124.0813558,2.398847473992242
1710802124.0814688,2.3249316215515137
1710802124.0815818,2.2503150833977594
1710802124.0816946,2.1746475166744657
1710802124.0818076,2.098979949951172
1710802124.0819206,2.021911144256592
1710802124.0820336,1.9427405463324652
1710802124.0821464,1.8625189198387992
1710802124.0822594,1.7791446050008137
1710802124.0823724,1.694719261593289
1710802124.0824854,1.6088926792144775
1710802124.0825982,1.52236541112264
1710802124.0827112,1.4354879326290555
1710802124.0828242,1.3468588723076713
1710802124.0829372,1.2582298119862874
1710802124.08305,1.168549723095364
1710802124.083163,1.0785194238026936
1710802124.083276,0.9867375426822238
1710802124.083389,0.8935543563630846
1710802124.0835018,0.7986196544435289
1710802124.0836148,0.7040352291531032
1710802124.0837278,0.6069986687766181
1710802124.0838408,0.5099620752864413
1710802124.0839536,0.4115242428249783
1710802124.0840666,0.3134367201063368
1710802124.0841796,0.21429825160238478
1710802124.0842927,0.11515979137685564
1710802124.0844054,0.015671015199687745
1710802124.0845184,-0.08380136556095547
1710802124.0846314,-0.18292042944166395
1710802124.0847445,-0.2830902404255337
1710802124.0848572,-0.38185907734764946
1710802124.0849702,-0.4809781246715122
1710802124.0850832,-0.5793966849644979
1710802124.0851963,-0.6788660420311822
1710802124.085309,-0.7769343588087294
1710802124.085422,-0.8764037158754137
1710802124.085535,-0.9758730067147149
1710802124.085648,-1.0756925741831462
1710802124.0857608,-1.1727101273006864
1710802124.0858738,-1.2704282336764865
1710802124.0859869,-1.3681463400522869
1710802124.0860999,-1.462712287902832
1710802124.0862126,-1.5572781032986112
1710802124.0863256,-1.6514938407474093
1710802124.0864387,-1.7443084716796875
1710802124.0865517,-1.8371231026119657
1710802124.0866644,-1.9299378659990098
1710802124.0867774,-2.023102707333035
1710802124.0868905,-2.114166153801812
1710802124.0870035,-2.203828626208835
1710802124.0871162,-2.2917400466071234
1710802124.0872293,-2.3775498072306314
1710802124.0873423,-2.4626591470506454
1710802124.0874553,-2.5435654322306314
1710802124.087568,-2.624821927812364
1710802124.087681,-2.7036269505818686
1710802124.087794,-2.78383281495836
1710802124.087907,-2.8615869416130915
1710802124.0880198,-2.9375900162590876
1710802124.0881329,-3.014293511708577
1710802124.0882459,-3.08784458372328
1710802124.0883589,-3.159294393327501
1710802124.0884717,-3.2272418340047198
1710802124.0885847,-3.2930877473619247
1710802124.0886977,-3.3561317125956216
1710802124.0888107,-3.4163737297058105
1710802124.0889235,-3.475915061102973
1710802124.0890365,-3.5330049196879068
1710802124.0891495,-3.5890438821580672
1710802124.0892625,-3.644032213422987
1710802124.0893753,-3.697269492679172
1710802124.0894883,-3.7484049797058105
1710802124.0896013,-3.797789414723714
1710802124.0897143,-3.844021691216363
1710802124.089827,-3.8878022299872503
1710802124.08994,-3.929131031036377
1710802124.090053,-3.968358304765489
1710802124.090166,-4.0051338407728405
1710802124.0902789,-4.03980811436971
1710802124.0903919,-4.074482123057048
1710802124.090505,-4.107054869333903
1710802124.090618,-4.139627615610759
1710802124.0907307,-4.169398413764106
1710802124.0908437,-4.1974178949991865
1710802124.0909567,-4.2229856385125055
1710802124.0910697,-4.246101909213595
1710802124.0911825,-4.265715546078152
1710802124.0912955,-4.282177024417453
1710802124.0914085,-4.296186765034993
1710802124.0915215,-4.307744767930773
1710802124.0916343,-4.318602350023058
1710802124.0917473,-4.327358404795329
1710802124.0918603,-4.336114459567599
1710802124.0919733,-4.3434696727328825
1710802124.092086,-4.349073568979899
1710802124.092199,-4.352575937906901
1710802124.092312,-4.353626834021674
1710802124.092425,-4.351875517103407
1710802124.0925379,-4.347322252061632
1710802124.092651,-4.339617093404134
1710802124.092764,-4.32981014251709
1710802124.092877,-4.318602350023058
1710802124.0929897,-4.307044347127278
1710802124.0931027,-4.293735027313232
1710802124.0932157,-4.280775917900933
1710802124.0933287,-4.266415966881646
1710802124.0934415,-4.250654909345839
1710802124.0935545,-4.231741958194308
1710802124.0936675,-4.210026794009738
1710802124.0937805,-4.186210102505154
1710802124.0938933,-4.159241252475314
1710802124.0940063,-4.130871560838488
1710802124.0941193,-4.101450973086886
1710802124.0942323,-4.070629543728298
1710802124.094345,-4.040508535173204
1710802124.094458,-4.010037316216363
1710802124.094571,-3.9788656764560275
1710802124.0946841,-3.945942719777425
1710802124.094797,-3.9123193422953286
1710802124.09491,-3.875193330976698
1710802124.095023,-3.8345649507310653
1710802124.095136,-3.791485097673204
1710802124.0952487,-3.746653927697076
1710802124.0953617,-3.6997209654914007
1710802124.0954747,-3.652087847391764
1710802124.0955877,-3.604104518890381
1710802124.0957005,-3.555770715077718
1710802124.0958135,-3.5060360696580672
1710802124.0959265,-3.4556010034349227
1710802124.0960395,-3.40236398908827
1710802124.0961523,-3.3459745513068304
1710802124.0962653,-3.287133640713162
1710802124.0963783,-3.2251403066847057
1710802124.0964913,-3.161746131049262
1710802124.096604,-3.0966009034050836
1710802124.0967171,-3.0304047796461315
1710802124.0968301,-2.96420865588718
1710802124.0969431,-2.897662056816949
1710802124.097056,-2.8293646706475153
1710802124.097169,-2.7614172299702964
1710802124.097282,-2.690667841169569
1710802124.097395,-2.6181674003601074
1710802124.0975077,-2.5428650114271374
1710802124.0976207,-2.465461095174154
1710802124.0977337,-2.3866560724046493
1710802124.0978467,-2.3053995768229165
1710802124.0979595,-2.224843237135145
1710802124.0980725,-2.142886188295152
1710802124.0981855,-2.0609291394551597
1710802124.0982985,-1.9779213269551594
1710802124.0984113,-1.8942129611968994
1710802124.0985243,-1.8084032005733914
1710802124.0986373,-1.7215426762898762
1710802124.0987504,-1.632580624686347
1710802124.0988631,-1.542918152279324
1710802124.0989761,-1.4522049162122939
1710802124.0990891,-1.3600907060835097
1710802124.0992022,-1.2669258647494845
1710802124.099315,-1.1734106805589464
1710802124.099428,-1.0788447327084012
1710802124.099541,-0.983928640683492
1710802124.099654,-0.8876115083694458
1710802124.0997667,-0.7912943760553995
1710802124.0998797,-0.6935762696795993
1710802124.0999928,-0.5962084399329292
1710802124.1001058,-0.49708935949537486
1710802124.1002185,-0.3979702790578206
1710802124.1003315,-0.2985009882185194
1710802124.1004446,-0.19833117723464966
1710802124.1005576,-0.09746088749832577
1710802124.1006703,0.003760386672284868
1710802124.1007833,0.10500072605080074
1710802124.1008964,0.20659137103292677
1710802124.1010094,0.30748138825098675
1710802124.1011221,0.4073204927974277
1710802124.1012352,0.5078602168295119
1710802124.1013482,0.606648325920105
1710802124.1014612,0.7054365343517727
1710802124.101574,0.803173714213901
1710802124.101687,0.9005606174468994
1710802124.1018,0.9975971778233845
1710802124.101913,1.094984081056383
1710802124.1020257,1.1927212609185112
1710802124.1021388,1.2894075446658664
1710802124.1022518,1.384342246585422
1710802124.1023648,1.4782260523902044
1710802124.1024776,1.5703582763671875
1710802124.1025906,1.6603885756598578
1710802124.1027036,1.749718321694268
1710802124.1028166,1.8369461430443657
1710802124.1029294,1.9234734111362033
1710802124.1030424,2.010701232486301
1710802124.1031554,2.0968781577216253
1710802124.1032684,2.1823543972439237
1710802124.1033812,2.2671299510531955
1710802124.1034942,2.3505043983459473
1710802124.1036072,2.4303756819831
1710802124.10372,2.5095462799072266
1710802124.103833,2.5852139790852866
1710802124.103946,2.6594800419277616
1710802124.104059,2.731294102138943
1710802124.1041718,2.8017070558336044
1710802124.1042848,2.8717695342169867
1710802124.1043978,2.9411313268873425
1710802124.1045108,3.0094424883524575
1710802124.1046236,3.076352013481988
1710802124.1047366,3.1408095359802246
1710802124.1048496,3.2024645805358887
1710802124.1049626,3.26131714714898
1710802124.1050754,3.3170167605082193
1710802124.1051884,3.3713152673509383
1710802124.1053014,3.4210597144232855
1710802124.1054144,3.4697532653808594
1710802124.1055272,3.5170454449123807
1710802124.1056402,3.5629362530178494
1710802124.1057532,3.6067252688937717
1710802124.1058662,3.6498138639662
1710802124.105979,3.691501087612576
1710802124.106092,3.730736043718126
1710802124.106205,3.7668183114793563
1710802124.106318,3.800798522101508
1710802124.1064308,3.83162604437934
1710802124.1065438,3.8600012991163464
1710802124.1066568,3.88557407591078
1710802124.1067698,3.911497328016493
1710802124.1068826,3.9367198944091797
1710802124.1069956,3.9601908789740667
1710802124.1071086,3.9822604921129012
1710802124.1072216,4.002228313022189
1710802124.1073344,4.022196133931478
1710802124.1074474,4.039011001586914
1710802124.1075604,4.05442476272583
1710802124.1076734,4.065284464094374
1710802124.1077862,4.075443479749891
1710802124.1078992,4.082800282372369
1710802124.1080122,4.087354342142741
1710802124.1081252,4.0905070304870605
1710802124.108238,4.094010194142659
1710802124.108351,4.095761775970459
1710802124.108464,4.096812672085232
1710802124.108577,4.096462461683485
1710802124.1086898,4.0936599837409124
1710802124.1088028,4.0905070304870605
1710802124.1089158,4.084551599290636
1710802124.1090288,4.074042373233371
1710802124.1091416,4.062131775750054
1710802124.1092546,4.048119121127658
1710802124.1093676,4.032004939185248
1710802124.1094806,4.015890492333306
1710802124.1095934,3.9987251493665905
1710802124.1097064,3.981559806399875
1710802124.1098194,3.9640442530314126
1710802124.1099324,3.9451273282368975
1710802124.1100452,3.92340792549981
1710802124.1101582,3.899586730533176
1710802124.1102712,3.873313268025716
1710802124.1103842,3.8438868522644043
1710802124.110497,3.8123589091830783
1710802124.11061,3.7790791193644204
1710802124.110723,3.7447484334309893
1710802124.110836,3.7111184332105847
1710802124.1109488,3.67608732647366
1710802124.1110618,3.641055954827203
1710802124.1111748,3.6063750584920244
1710802124.1112878,3.568190998501248
1710802124.1114006,3.5286055670844183
1710802124.1115136,3.4862179226345487
1710802124.1116266,3.4413777457343206
1710802124.1117396,3.3944360415140786
1710802124.1118524,3.3464431762695312
1710802124.1119654,3.2970489395989313
1710802124.1120784,3.2483556535508895
1710802124.1121914,3.199662102593316
1710802124.1123042,3.149917655520969
1710802124.1124172,3.0991223123338485
1710802124.1125302,3.0465756522284613
1710802124.1126432,2.9901750882466636
1710802124.112756,2.932023207346598
1710802124.112869,2.8710688485039606
1710802124.112982,2.8062611156039767
1710802124.113095,2.740752696990967
1710802124.1132078,2.673492696550157
1710802124.1133208,2.606232696109348
1710802124.1134338,2.538272009955512
1710802124.1135468,2.4689099523756237
1710802124.1136596,2.399548159705268
1710802124.1137726,2.3294856813218856
1710802124.1138856,2.2559200392829046
1710802124.1139987,2.179551919301351
1710802124.1141114,2.1021327707502575
1710802124.1142244,2.0233125156826444
1710802124.1143374,1.9427405463324652
1710802124.1144505,1.860767470465766
1710802124.1145632,1.7791446050008137
1710802124.1146762,1.6968211862776015
1710802124.1147892,1.6141472922431097
1710802124.1149023,1.5307729774051242
1710802124.115015,1.445646948284573
1710802124.115128,1.3598203659057617
1710802124.115241,1.272242334153917
1710802124.115354,1.1829125881195068
1710802124.1154668,1.0928822225994534
1710802124.1155798,1.0021512375937567
1710802124.1156929,0.9096687369876437
1710802124.1158059,0.8178868558671739
1710802124.1159186,0.7236527734332614
1710802124.1160316,0.6304695871141222
1710802124.1161447,0.5351845754517449
1710802124.1162577,0.44024987353218925
1710802124.1163704,0.3435635897848341
1710802124.1164834,0.24687732259432474
1710802124.1165965,0.14914010961850485
1710802124.1167095,0.05070227301783032
1710802124.1168222,-0.049127203722794846
1710802124.1169353,-0.14824627174271476
1710802124.1170483,-0.24911656975746155
1710802124.1171613,-0.34998685121536255
1710802124.117274,-0.4505069057146708
1710802124.117387,-0.5517274472448561
1710802124.1175,-0.6539987193213569
1710802124.117613,-0.7545187738206651
1710802124.1177258,-0.8546885516908433
1710802124.1178389,-0.9552086061901516
1710802124.1179519,-1.0529267125659518
1710802124.1180649,-1.150995095570882
1710802124.1181777,-1.2483628590901692
1710802124.1182907,-1.3460809654659696
1710802124.1184037,-1.4434488614400227
1710802124.1185167,-1.5408166249593098
1710802124.1186295,-1.6364333364698622
1710802124.1187425,-1.7320499155256484
1710802124.1188555,-1.8262656529744465
1710802124.1189685,-1.9190802839067247
1710802124.1190813,-2.009443177117242
1710802124.1191943,-2.099105781979031
1710802124.1193073,-2.187016937467787
1710802124.1194203,-2.274227672153049
1710802124.119533,-2.360037432776557
1710802124.119646,-2.4472482999165854
1710802124.119759,-2.5330580605400934
1710802124.119872,-2.6171167691548667
1710802124.1199849,-2.701525423261854
1710802124.1200979,-2.7827821837531195
1710802124.120211,-2.8619374169243708
1710802124.120324,-2.9379402266608343
1710802124.1204367,-3.012191984388563
1710802124.1205497,-3.083641793992784
1710802124.1206627,-3.154040972391764
1710802124.1207757,-3.2223383585611978
1710802124.1208885,-3.2902857992384167
1710802124.1210015,-3.3571823438008623
1710802124.1211145,-3.4219776259528265
1710802124.1212275,-3.486072222391764
1710802124.1213403,-3.548765977223714
1710802124.1214533,-3.6072566774156356
1710802124.1215663,-3.6643465360005694
1710802124.1216793,-3.717933760748969
1710802124.121792,-3.7683688269721136
1710802124.121905,-3.81740305158827
1710802124.122018,-3.86468595928616
1710802124.122131,-3.9102178149753146
1710802124.122244,-3.953998353746202
1710802124.122357,-3.9963777860005694
1710802124.12247,-4.0370061662462025
1710802124.122583,-4.074832598368327
1710802124.1226957,-4.110557503170437
1710802124.1228087,-4.143830670250787
1710802124.1229217,-4.173601203494601
1710802124.1230347,-4.200570053524441
1710802124.1231475,-4.2250871658325195
1710802124.1232605,-4.24680233001709
1710802124.1233735,-4.267466598086886
1710802124.1234865,-4.286730024549696
1710802124.1235993,-4.304242399003771
1710802124.1237123,-4.321054087744819
1710802124.1238253,-4.336815145280626
1710802124.1239383,-4.35012420018514
1710802124.124051,-4.361682467990451
1710802124.124164,-4.3711389435662165
1710802124.124277,-4.376742839813232
1710802124.1243901,-4.380245208740234
1710802124.124503,-4.381296104855007
1710802124.124616,-4.380245208740234
1710802124.124729,-4.378143946329753
1710802124.124842,-4.3753419982062445
1710802124.1249547,-4.372189574771457
1710802124.1250677,-4.36693615383572
1710802124.1251807,-4.360631571875678
1710802124.1252937,-4.352926148308648
1710802124.1254065,-4.3413681454128685
1710802124.1255195,-4.327008194393581
1710802124.1256325,-4.30949608484904
1710802124.1257455,-4.289882447984484
1710802124.1258583,-4.267466598086886
1710802124.1259713,-4.245051013098823
1710802124.1260843,-4.220884376102023
1710802124.1261973,-4.196367263793945
1710802124.12631,-4.172200361887614
1710802124.1264231,-4.145931932661268
1710802124.1265361,-4.118262661827935
1710802124.1266491,-4.0881416532728405
1710802124.126762,-4.055218696594238
1710802124.126875,-4.01949405670166
1710802124.126988,-3.9816676245795355
1710802124.127101,-3.939988613128662
1710802124.1272137,-3.8983096016777887
1710802124.1273267,-3.855929904513889
1710802124.1274397,-3.8135504722595215
1710802124.1275527,-3.770820564693875
1710802124.1276655,-3.726339605119493
1710802124.1277785,-3.680808014339871
1710802124.1278915,-3.632124000125461
1710802124.1280046,-3.5816889339023166
1710802124.1281173,-3.527401023440891
1710802124.1282303,-3.471011850568983
1710802124.1283433,-3.4125208854675293
1710802124.1284564,-3.3533297644721136
1710802124.1285691,-3.2923873265584307
1710802124.1286821,-3.232145309448242
1710802124.1287951,-3.170502185821533
1710802124.1289082,-3.1092095375061035
1710802124.129021,-3.04581536187066
1710802124.129134,-2.9796192381117077
1710802124.129247,-2.910621166229248
1710802124.12936,-2.839521567026774
1710802124.1294727,-2.7649195988972983
1710802124.1295857,-2.6892669995625815
1710802124.1296988,-2.6122132937113443
1710802124.1298118,-2.53480937745836
1710802124.1299245,-2.4563545650906033
1710802124.1300375,-2.3771995968288846
1710802124.1301506,-2.2966432571411133
1710802124.1302636,-2.2153867615593805
1710802124.1303763,-2.132028606202867
1710802124.1304893,-2.047269609239366
1710802124.1306024,-1.960759295357598
1710802124.1307154,-1.872848007414076
1710802124.1308281,-1.782835324605306
1710802124.1309412,-1.6914216677347818
1710802124.1310542,-1.6003582212660048
1710802124.1311672,-1.5085942215389676
1710802124.13128,-1.4154292477501762
1710802124.131393,-1.321563853157891
1710802124.131506,-1.2273482481638591
1710802124.131619,-1.1313813262515597
1710802124.1317317,-1.0354144705666435
1710802124.1318448,-0.9376963641908433
1710802124.1319578,-0.8396280474132961
1710802124.1320708,-0.741559730635749
1710802124.1321836,-0.6417401631673177
1710802124.1322966,-0.542270839214325
1710802124.1324096,-0.44210102823045516
1710802124.1325226,-0.34193125036027694
1710802124.1326354,-0.2403604653146532
1710802124.1327484,-0.1394901672999064
1710802124.1328614,-0.03861988170279397
1710802124.1329744,0.06261290361483891
1710802124.1330872,0.16350292497211033
1710802124.1332002,0.2633420129617055
1710802124.1333132,0.3628307912084791
1710802124.1334262,0.4640711347262064
1710802124.133539,0.5646108256445991
1710802124.133652,0.6655008925331963
1710802124.133765,0.7663908931944106
1710802124.133878,0.8679815133412678
1710802124.1339908,0.9688715802298652
1710802124.1341038,1.0680099990632799
1710802124.1342168,1.1674988269805908
1710802124.1343298,1.264185110727946
1710802124.1344426,1.360521051618788
1710802124.1345556,1.4544048574235704
1710802124.1346686,1.5479383203718398
1710802124.1347816,1.641471783320109
1710802124.1348944,1.7346549034118652
1710802124.1350074,1.8281883663601346
1710802124.1351204,1.9196199046240912
1710802124.1352334,2.011051575342814
1710802124.1353462,2.1000309785207114
1710802124.1354592,2.1862077713012695
1710802124.1355722,2.2706331147087946
1710802124.1356852,2.351905769772
1710802124.135798,2.4310763676961265
1710802124.135911,2.5081451733907065
1710802124.136024,2.58451329337226
1710802124.136137,2.6601807276407876
1710802124.1362498,2.734447055392795
1710802124.1363628,2.80731201171875
1710802124.1364758,2.879476547241211
1710802124.1365888,2.949188550313314
1710802124.1367016,3.0157481299506292
1710802124.1368146,3.0791544914245605
1710802124.1369276,3.1404593255784774
1710802124.1370406,3.199311892191569
1710802124.1371534,3.2550115055508084
1710802124.1372664,3.3107111189100475
1710802124.1373794,3.365710311465793
1710802124.1374924,3.4186074468824597
1710802124.1376052,3.4704536861843533
1710802124.1377182,3.5215995046827526
1710802124.1378312,3.569592105017768
1710802124.1379442,3.615833388434516
1710802124.138057,3.658571508195665
1710802124.13817,3.6992078357272677
1710802124.138283,3.7359907892015243
1710802124.138396,3.770671685536702
1710802124.1385088,3.80395147535536
1710802124.1386218,3.8351292080349393
1710802124.1387348,3.8659567303127713
1710802124.1388478,3.8943319850497775
1710802124.1389606,3.9227072397867837
1710802124.1390736,3.9479298061794705
1710802124.1391866,3.9721014764573837
1710802124.1392996,3.9938208791944714
1710802124.1394124,4.011686642964681
1710802124.1395254,4.02675019370185
1710802124.1396384,4.040412373012966
1710802124.1397514,4.050921599070231
1710802124.1398642,4.060029718610975
1710802124.1399772,4.068086942036946
1710802124.1400902,4.0743925836351185
1710802124.1402032,4.080348014831543
1710802124.140316,4.085252285003662
1710802124.140429,4.088405238257514
1710802124.140542,4.0905070304870605
1710802124.140655,4.089456134372287
1710802124.1407678,4.085952970716688
1710802124.1408808,4.079997539520264
1710802124.1409938,4.071940581003825
1710802124.1411068,4.062481986151801
1710802124.1412196,4.051972760094537
1710802124.1413326,4.040762583414714
1710802124.1414456,4.029902882046169
1710802124.1415586,4.018692970275879
1710802124.1416714,4.0060816870795355
1710802124.1417844,3.992419507768419
1710802124.1418974,3.976655536227756
1710802124.1420105,3.958088821834988
1710802124.1421232,3.9363694190979004
1710802124.1422362,3.9128984345330133
1710802124.1423492,3.8869754473368325
1710802124.1424623,3.8603517744276257
1710802124.142575,3.83162604437934
1710802124.142688,3.80395147535536
1710802124.142801,3.7755759557088213
1710802124.142914,3.7468504905700684
1710802124.1430268,3.7160229682922363
1710802124.1431398,3.6834438641866045
1710802124.1432528,3.646660910712348
1710802124.1433659,3.608126640319824
1710802124.1434786,3.5667896270751953
1710802124.1435916,3.522650400797526
1710802124.1437047,3.477810223897298
1710802124.1438177,3.4329703119066024
1710802124.1439304,3.3867290284898544
1710802124.1440434,3.341188430786133
1710802124.1441565,3.2949471473693848
1710802124.1442695,3.2483556535508895
1710802124.1443822,3.199311892191569
1710802124.1444952,3.1478158632914224
1710802124.1446083,3.0945682525634766
1710802124.1447213,3.038868639204237
1710802124.144834,2.980716758304172
1710802124.144947,2.921513981289334
1710802124.14506,2.8626614146762424
1710802124.1451728,2.802407741546631
1710802124.1452858,2.742504278818766
1710802124.1453989,2.6815499199761286
1710802124.1455119,2.6198948754204645
1710802124.1456246,2.5557875633239746
1710802124.1457376,2.4892282485961914
1710802124.1458507,2.419866191016303
1710802124.1459637,2.3473517100016275
1710802124.1460764,2.27308538224962
1710802124.1461895,2.1981185012393527
1710802124.1463025,2.121750248803033
1710802124.1464155,2.045382128821479
1710802124.1465282,1.9679631127251518
1710802124.1466413,1.8905439641740587
1710802124.1467543,1.811023023393419
1710802124.1468673,1.730801396899753
1710802124.14698,1.6481276353200276
1710802124.147093,1.5644029776255288
1710802124.147206,1.4789267381032307
1710802124.147319,1.3909982310401068
1710802124.1474319,1.3041207525465224
1710802124.1475449,1.2154916922251384
1710802124.1476579,1.1265122890472412
1710802124.147771,1.0361315806706746
1710802124.1478837,0.9461012813780043
1710802124.1479967,0.8553702963723077
1710802124.1481097,0.7625374529096816
1710802124.1482227,0.6704052289326986
1710802124.1483355,0.5751202503840128
1710802124.1484485,0.4812364445792304
1710802124.1485615,0.3852507803175184
1710802124.1486745,0.2896154589123196
1710802124.1487873,0.19257886542214286
1710802124.1489003,0.09624290797445509
1710802124.1490133,-0.0011437657910088699
1710802124.1491263,-0.09886186156007978
1710802124.149239,-0.19728044668833414
1710802124.149352,-0.29499851995044285
1710802124.149465,-0.39201613929536605
1710802124.149578,-0.4886835151248508
1710802124.1496909,-0.585701134469774
1710802124.1498039,-0.6823684771855673
1710802124.149917,-0.7786856094996134
1710802124.15003,-0.8750026755862765
1710802124.1501427,-0.9716700845294528
1710802124.1502557,-1.069037914276123
1710802124.1503687,-1.1660554673936632
1710802124.1504817,-1.2630731529659696
1710802124.1505945,-1.3593902852800157
1710802124.1507075,-1.4550068643358018
1710802124.1508205,-1.549572812186347
1710802124.1509335,-1.6434382067786322
1710802124.1510463,-1.7352020740509033
1710802124.1511593,-1.8266158633761935
1710802124.1512723,-1.9173290994432237
1710802124.1513853,-2.0080422030554876
1710802124.151498,-2.098755439122518
1710802124.151611,-2.188417911529541
1710802124.151724,-2.277379830678304
1710802124.151837,-2.364590697818332
1710802124.15195,-2.449700037638346
1710802124.152063,-2.5330580605400934
1710802124.152176,-2.613614135318332
1710802124.152289,-2.6920689476860895
1710802124.1524017,-2.7684222327338324
1710802124.1525147,-2.8437246216668024
1710802124.1526277,-2.9179763793945312
1710802124.1527407,-2.99222813712226
1710802124.1528535,-3.0647285779317217
1710802124.1529665,-3.135477966732449
1710802124.1530795,-3.2051764594184027
1710802124.1531925,-3.2717227935791016
1710802124.1533053,-3.3365180757310653
1710802124.1534183,-3.398511144849989
1710802124.1535313,-3.457702530754937
1710802124.1536443,-3.515492810143365
1710802124.153757,-3.570481141408284
1710802124.15387,-3.6244185765584307
1710802124.153983,-3.6773053805033364
1710802124.1540961,-3.729141553243001
1710802124.154209,-3.7792264090643988
1710802124.154322,-3.8279104232788086
1710802124.154435,-3.874843120574951
1710802124.154548,-3.9186236593458386
1710802124.1546607,-3.959952460394965
1710802124.1547737,-3.998479313320584
1710802124.1548867,-4.0349046389261884
1710802124.1549997,-4.068528016408284
1710802124.1551125,-4.100750552283393
1710802124.1552255,-4.131221771240234
1710802124.1553385,-4.160992569393581
1710802124.1554515,-4.188661840226915
1710802124.1555643,-4.215280479855007
1710802124.1556773,-4.240147802564833
1710802124.1557903,-4.261512491438124
1710802124.1559033,-4.2804257074991865
1710802124.156016,-4.29793808195326
1710802124.1561291,-4.31054671605428
1710802124.1562421,-4.32210471895006
1710802124.1563551,-4.330510563320583
1710802124.156468,-4.338215986887614
1710802124.156581,-4.34381988313463
1710802124.156694,-4.349423779381646
1710802124.156807,-4.352926148308648
1710802124.1569197,-4.356778992546929
1710802124.1570327,-4.357479413350423
1710802124.1571457,-4.356428782145183
1710802124.1572587,-4.352575937906901
1710802124.1573715,-4.34522098965115
1710802124.1574845,-4.335764249165853
1710802124.1575975,-4.324906667073567
1710802124.1577106,-4.310896926456027
1710802124.1578233,-4.296186765034993
1710802124.1579363,-4.281826814015706
1710802124.1580493,-4.265715546078152
1710802124.1581624,-4.248903857337104
1710802124.1582751,-4.231391482883029
1710802124.1583881,-4.210727214813232
1710802124.1585011,-4.187611209021674
1710802124.1586142,-4.161342779795329
1710802124.158727,-4.132622877756755
1710802124.15884,-4.101801183488634
1710802124.158953,-4.06922870212131
1710802124.159066,-4.035955270131429
1710802124.1591787,-4.00268210305108
1710802124.1592917,-3.969058725568983
1710802124.1594048,-3.934734927283393
1710802124.1595178,-3.8990100224812823
1710802124.1596305,-3.861884011162652
1710802124.1597435,-3.8212558958265515
1710802124.1598566,-3.778525988260905
1710802124.1599696,-3.731593290964762
1710802124.1600823,-3.6829092767503524
1710802124.1601954,-3.631773789723714
1710802124.1603084,-3.5795874065823026
1710802124.1604214,-3.527401023440891
1710802124.1605341,-3.473113112979465
1710802124.1606472,-3.4198760986328125
1710802124.1607602,-3.363837136162652
1710802124.1608732,-3.306747277577718
1710802124.160986,-3.2472056812710233
1710802124.161099,-3.1845121913486056
1710802124.161212,-3.1190164883931475
1710802124.161325,-3.0517694685194225
1710802124.1614377,-2.9824211862352157
1710802124.1615508,-2.912722693549262
1710802124.1616638,-2.842323515150282
1710802124.1617768,-2.7719246016608343
1710802124.1618896,-2.7001245816548667
1710802124.1620026,-2.6283245616488986
1710802124.1621156,-2.5547732247246637
1710802124.1622286,-2.4787704149881997
1710802124.1623414,-2.4006658130221896
1710802124.1624544,-2.320810159047445
1710802124.1625674,-2.239203453063965
1710802124.1626804,-2.155845297707452
1710802124.1627932,-2.071786721547445
1710802124.1629062,-1.9866773817274306
1710802124.1630192,-1.9008676211039224
1710802124.1631322,-1.8147075176239014
1710802124.163245,-1.7267962296803792
1710802124.163358,-1.6374841001298692
1710802124.163471,-1.546420521206326
1710802124.163584,-1.4543064435323079
1710802124.1636968,-1.3597404956817627
1710802124.1638098,-1.2637735737694633
1710802124.1639228,-1.1671062310536702
1710802124.1640358,-1.069738401307
1710802124.1641486,-0.9709695974985758
1710802124.1642616,-0.8711500300301446
1710802124.1643746,-0.7713304625617133
1710802124.1644876,-0.6704601976606581
1710802124.1646004,-0.5692396561304728
1710802124.1647134,-0.46801911460028756
1710802124.1648264,-0.3660980860392253
1710802124.1649394,-0.26382681396272445
1710802124.1650522,-0.16155554188622367
1710802124.1651652,-0.05963452574279573
1710802124.1652782,0.042294772962729134
1710802124.1653912,0.14458604984813267
1710802124.165504,0.24757794207996792
1710802124.165617,0.35021954112582737
1710802124.16573,0.45391205284330577
1710802124.165843,0.556553668446011
1710802124.1659558,0.6584946314493815
1710802124.1660688,0.7590343554814656
1710802124.1661818,0.8595740132861667
1710802124.1662948,0.9590628412034776
1710802124.1664076,1.0578509834077623
1710802124.1665206,1.1559384398990207
1710802124.1666336,1.2550769911872015
1710802124.1667466,1.35351472430759
1710802124.1668594,1.4516023794809978
1710802124.1669724,1.5510911411709256
1710802124.1670854,1.6467263963487413
1710802124.1671984,1.741661098268297
1710802124.1673112,1.834143665101793
1710802124.1674242,1.9252249929640028
1710802124.1675372,2.0128030247158475
1710802124.1676502,2.099680635664198
1710802124.167763,2.1855072180430093
1710802124.167876,2.270983590020074
1710802124.167989,2.3557591438293457
1710802124.168102,2.4401844872368708
1710802124.1682148,2.522858248816596
1710802124.1683278,2.604130638970269
1710802124.1684408,2.6822503407796225
1710802124.1685538,2.757918039957682
1710802124.1686666,2.830782996283637
1710802124.1687796,2.9018963707817926
1710802124.1688926,2.9705577426486545
1710802124.1690056,3.0360661612616644
1710802124.1691184,3.1012243694729276
1710802124.1692314,3.165331416659885
1710802124.1693444,3.2283878326416016
1710802124.1694574,3.288641505771213
1710802124.1695702,3.3478442827860513
1710802124.1696832,3.4031936857435436
1710802124.1697962,3.4574921925862627
1710802124.1699092,3.50723663965861
1710802124.170022,3.554528819190131
1710802124.170135,3.59901852077908
1710802124.170248,3.6403552691141763
1710802124.170361,3.6813420719570584
1710802124.1704738,3.7205770280626083
1710802124.1705868,3.7598119841681585
1710802124.1706998,3.796594672732883
1710802124.1708128,3.8323267300923662
1710802124.1709256,3.8659567303127713
1710802124.1710386,3.8974849383036294
1710802124.1711516,3.926560878753662
1710802124.1712646,3.9524838659498425
1710802124.1713774,3.976655536227756
1710802124.1714904,3.9980244636535645
1710802124.1716034,4.019393655988905
1710802124.1717165,4.0369092093573675
1710802124.1718292,4.055125448438856
1710802124.1719422,4.071940581003825
1710802124.1720552,4.087704552544488
1710802124.1721683,4.101016521453857
1710802124.172281,4.1132773293389215
1710802124.172394,4.123086134592692
1710802124.172507,4.129041300879584
1710802124.17262,4.132894939846462
1710802124.1727328,4.132544464535183
1710802124.1728458,4.131143358018663
1710802124.1729589,4.127289983961317
1710802124.1730719,4.123436344994439
1710802124.1731846,4.11853207482232
1710802124.1732976,4.112226433224148
1710802124.1734107,4.106271002027723
1710802124.1735237,4.098214043511285
1710802124.1736364,4.088054762946235
1710802124.1737494,4.075793955061171
1710802124.1738625,4.061431090037028
1710802124.1739755,4.042514165242513
1710802124.1740882,4.022896819644504
1710802124.1742013,4.001177416907416
1710802124.1743143,3.9787573284573026
1710802124.1744273,3.955286343892415
1710802124.17454,3.9314651489257812
1710802124.174653,3.9086948500739203
1710802124.174766,3.8834722836812334
1710802124.174879,3.857549296485053
1710802124.1749918,3.828122880723741
1710802124.1751049,3.796594672732883
1710802124.1752179,3.7622642517089844
1710802124.1753309,3.7254812982347274
1710802124.1754436,3.6865965525309243
1710802124.1755567,3.647361596425374
1710802124.1756697,3.607776429918077
1710802124.1757827,3.568190998501248
1710802124.1758955,3.527554670969645
1710802124.1760085,3.487969504462348
1710802124.1761215,3.4448809093899198
1710802124.1762345,3.400391207800971
1710802124.1763473,3.3537997139824762
1710802124.1764603,3.302654160393609
1710802124.1765733,3.249406549665663
1710802124.1766863,3.1951080428229437
1710802124.176799,3.138707743750678
1710802124.176912,3.0823074446784124
1710802124.177025,3.026607831319173
1710802124.177138,2.9698570569356284
1710802124.1772509,2.911705176035563
1710802124.1773639,2.8528526094224715
1710802124.177477,2.7911975648668075
1710802124.17759,2.726740042368571
1710802124.1777027,2.660881413353814
1710802124.1778157,2.590818934970432
1710802124.1779287,2.519355085160997
1710802124.1780417,2.4478912353515625
1710802124.1781545,2.3750262790256076
1710802124.1782675,2.3025115331014
1710802124.1783805,2.2285956806606717
1710802124.1784935,2.1546796957651773
1710802124.1786063,2.0807637108696833
1710802124.1787193,2.002994351916843
1710802124.1788323,1.9252249929640028
1710802124.1789453,1.8439524703555636
1710802124.179058,1.7626799477471244
1710802124.179171,1.6793055004543729
1710802124.179284,1.5952304999033609
1710802124.179397,1.5101044707828097
1710802124.1795099,1.425679127375285
1710802124.179623,1.3398525449964735
1710802124.179736,1.252975066502889
1710802124.179849,1.1657472451527913
1710802124.1799617,1.0764175653457642
1710802124.1800747,0.9856865803400675
1710802124.1801877,0.8939046992195977
1710802124.1803007,0.8000208934148152
1710802124.1804135,0.7061371538374159
1710802124.1805265,0.6115527285469903
1710802124.1806395,0.5166180266274346
1710802124.1807525,0.4192311233944363
1710802124.1808653,0.32219452990425956
1710802124.1809783,0.22480762667126125
1710802124.1810913,0.12672010395261976
1710802124.1812043,0.02793195553951793
1710802124.181317,-0.07084233065446217
1710802124.18143,-0.16996140281359354
1710802124.181543,-0.2694307267665863
1710802124.1816561,-0.36890003416273326
1710802124.181769,-0.466968384053972
1710802124.181882,-0.5667879184087118
1710802124.181995,-0.665906998846266
1710802124.182108,-0.7657265663146973
1710802124.1822207,-0.8655461337831285
1710802124.1823337,-0.9639647271898057
1710802124.1824467,-1.06273353099823
1710802124.1825597,-1.1604515711466472
1710802124.1826725,-1.2560682826571994
1710802124.1827855,-1.3513346513112385
1710802124.1828985,-1.4452000459035237
1710802124.1830115,-1.5376644664340549
1710802124.1831243,-1.630829440222846
1710802124.1832373,-1.7232938607533772
1710802124.1833503,-1.8164587020874023
1710802124.1834633,-1.9078724914126926
1710802124.183576,-1.9985857274797227
1710802124.183689,-2.08894862069024
1710802124.1838021,-2.176509698232015
1710802124.1839151,-2.26266966925727
1710802124.184028,-2.34707858827379
1710802124.184141,-2.43008640077379
1710802124.184254,-2.510992685953776
1710802124.184367,-2.5918992360432944
1710802124.1844797,-2.6717548900180392
1710802124.1845927,-2.751610279083252
1710802124.1847057,-2.829714881049262
1710802124.1848187,-2.906768586900499
1710802124.1849315,-2.982070975833469
1710802124.1850445,-3.0545714166429305
1710802124.1851575,-3.1249705950419107
1710802124.1852705,-3.1915169292026095
1710802124.1853833,-3.2570126321580672
1710802124.1854963,-3.3197063869900174
1710802124.1856093,-3.380999035305447
1710802124.1857224,-3.440890842013889
1710802124.1858351,-3.4997317526075573
1710802124.1859481,-3.557522031995985
1710802124.1860611,-3.6132107840643988
1710802124.186174,-3.6674986945258246
1710802124.186287,-3.718634181552463
1710802124.1864,-3.768018616570367
1710802124.186513,-3.8135504722595215
1710802124.1866257,-3.858031431833903
1710802124.1867387,-3.8986598120795355
1710802124.1868517,-3.937536875406901
1710802124.1869648,-3.9750128322177463
1710802124.1870775,-4.011087947421603
1710802124.1871905,-4.045762221018474
1710802124.1873035,-4.077984756893581
1710802124.1874166,-4.109156396653917
1710802124.1875293,-4.138576984405518
1710802124.1876423,-4.1655455695258246
1710802124.1877553,-4.189012050628662
1710802124.1878684,-4.210026794009738
1710802124.1879811,-4.229640430874294
1710802124.1880941,-4.245751698811849
1710802124.1882071,-4.260111649831136
1710802124.1883202,-4.273771180046929
1710802124.188433,-4.286730024549696
1710802124.188546,-4.298288292355007
1710802124.188659,-4.308795399136013
1710802124.188772,-4.318952560424805
1710802124.1888847,-4.324906667073567
1710802124.1889977,-4.330510563320583
1710802124.1891108,-4.332261880238851
1710802124.1892238,-4.33121124903361
1710802124.1893365,-4.328409300910102
1710802124.1894495,-4.3235058254665795
1710802124.1895626,-4.316851033104791
1710802124.1896756,-4.308795399136013
1710802124.1897883,-4.301090240478516
1710802124.1899014,-4.291633499993218
1710802124.1900144,-4.282177024417453
1710802124.1901274,-4.269918335808648
1710802124.1902401,-4.254857963985867
1710802124.1903532,-4.237345854441325
1710802124.1904662,-4.216331111060248
1710802124.1905792,-4.192864629957411
1710802124.190692,-4.166596465640597
1710802124.190805,-4.139277405209011
1710802124.190918,-4.111608134375678
1710802124.191031,-4.083238442738851
1710802124.1911438,-4.054518275790744
1710802124.1912568,-4.024747477637397
1710802124.1913698,-3.9939260482788086
1710802124.1914828,-3.960302670796712
1710802124.1915956,-3.9245777659946017
1710802124.1917086,-3.885350492265489
1710802124.1918216,-3.843321270412869
1710802124.1919346,-3.800241152445475
1710802124.1920474,-3.7550597720675998
1710802124.1921604,-3.710228337181939
1710802124.1922734,-3.6639963255988226
1710802124.1923864,-3.6181142595079208
1710802124.1924992,-3.571881983015272
1710802124.1926122,-3.5235484441121416
1710802124.1927252,-3.473113112979465
1710802124.1928382,-3.4198760986328125
1710802124.192951,-3.3645375569661455
1710802124.193064,-3.306397067175971
1710802124.193177,-3.245454629262288
1710802124.19329,-3.183811505635579
1710802124.1934028,-3.1207675404018826
1710802124.1935158,-3.0573733647664385
1710802124.1936288,-2.993979189130995
1710802124.1937418,-2.9295343822903104
1710802124.1938546,-2.8640386793348522
1710802124.1939676,-2.796091503567166
1710802124.1940806,-2.725342114766439
1710802124.1941936,-2.653191884358724
1710802124.1943064,-2.578239705827501
1710802124.1944194,-2.501536210378011
1710802124.1945324,-2.4234316084120007
1710802124.1946454,-2.344626850552029
1710802124.1947582,-2.264771196577284
1710802124.1948712,-2.184214989344279
1710802124.1949842,-2.10365891456604
1710802124.1950972,-2.021001312467787
1710802124.19521,-1.936592525906033
1710802124.195323,-1.8521836068895128
1710802124.195436,-1.7639221085442436
1710802124.195549,-1.6756606101989746
1710802124.1956618,-1.5845971637301974
1710802124.1957748,-1.4935337172614203
1710802124.1958878,-1.401419507132636
1710802124.1960008,-1.3086048762003581
1710802124.1961136,-1.2150896920098198
1710802124.1962266,-1.1212242974175346
1710802124.1963396,-1.0263081391652424
1710802124.1964526,-0.9292905198203193
1710802124.1965654,-0.832973387506273
1710802124.1966784,-0.7359558343887329
1710802124.1967914,-0.6389382150438097
1710802124.1969044,-0.5394688910908169
1710802124.1970172,-0.44105029768413967
1710802124.1971302,-0.34193125036027694
1710802124.1972432,-0.2421116828918457
1710802124.1973562,-0.14159162839253744
1710802124.197469,-0.040371099279986486
1710802124.197582,0.06016071471903059
1710802124.197695,0.16105074021551344
1710802124.197808,0.2615904476907518
1710802124.1979208,0.3610792424943712
1710802124.1980338,0.4616189334127638
1710802124.1981468,0.5611077282163832
1710802124.1982598,0.6602461470497979
1710802124.1983726,0.7593846321105957
1710802124.1984856,0.8588733938005235
1710802124.1985986,0.9583622217178345
1710802124.1987116,1.0582012600368924
1710802124.1988244,1.15698946846856
1710802124.1989374,1.2557775444454617
1710802124.1990504,1.3517632749345567
1710802124.1991634,1.4473985301123724
1710802124.1992762,1.5398810969458685
1710802124.1993892,1.6316629780663383
1710802124.1995022,1.722393963072035
1710802124.1996152,1.8120739195081923
1710802124.199728,1.9014036655426025
1710802124.199841,1.9896825154622395
1710802124.199954,2.07796123292711
1710802124.200067,2.164838711420695
1710802124.2001798,2.24996460808648
1710802124.2002928,2.3326383696662054
1710802124.2004058,2.4128601286146374
1710802124.2005188,2.4906293551127114
1710802124.2006316,2.5662970542907715
1710802124.2007446,2.6405631171332464
1710802124.2008576,2.713428338368734
1710802124.2009706,2.7862932946946883
1710802124.2010834,2.857406669192844
1710802124.2011964,2.9285203086005316
1710802124.2013094,2.998582786983914
1710802124.2014225,3.0665434731377497
1710802124.2015352,3.1320518917507596
1710802124.2016482,3.1944073571099176
1710802124.2017612,3.253960609436035
1710802124.2018743,3.3100106981065536
1710802124.201987,3.36465941535102
1710802124.2021,3.4175565507676864
1710802124.202213,3.469052579667833
1710802124.202326,3.5198479228549533
1710802124.2024388,3.5685412089029946
1710802124.2025518,3.616534074147542
1710802124.2026649,3.66137425104777
1710802124.2027779,3.7055134773254395
1710802124.2028906,3.745449119144016
1710802124.2030036,3.7825822830200195
1710802124.2031167,3.816212283240424
1710802124.2032297,3.8491415977478027
1710802124.2033424,3.878217538197835
1710802124.2034554,3.9062425825330944
1710802124.2035685,3.9332167307535806
1710802124.2036815,3.9591397179497614
1710802124.2037942,3.9833113882276745
1710802124.2039073,4.005731476677789
1710802124.2040203,4.027450879414876
1710802124.2041333,4.046017328898112
1710802124.204246,4.063182671864827
1710802124.204359,4.076844851175944
1710802124.204472,4.087704552544488
1710802124.204585,4.096462461683485
1710802124.2046978,4.103118313683404
1710802124.2048109,4.109423955281575
1710802124.2049239,4.113627804650201
1710802124.2050369,4.117481178707546
1710802124.2051497,4.120984342363146
1710802124.2052627,4.122035238477919
1710802124.2053757,4.122035238477919
1710802124.2054887,4.119582970937093
1710802124.2056015,4.114678700764974
1710802124.2057145,4.106971687740749
1710802124.2058275,4.096812672085232
1710802124.2059405,4.083851178487142
1710802124.2060533,4.070188999176025
1710802124.2061663,4.056526819864909
1710802124.2062793,4.041813479529487
1710802124.2063923,4.026399718390571
1710802124.206505,4.010985957251655
1710802124.206618,3.9945212999979653
1710802124.206731,3.9745534790886774
1710802124.206844,3.9524838659498425
1710802124.2069569,3.926911089155409
1710802124.2070699,3.8985358344184027
1710802124.207183,3.8680585225423174
1710802124.207296,3.8358298937479653
1710802124.2074087,3.8029003143310547
1710802124.2075217,3.768920103708903
1710802124.2076347,3.7359907892015243
1710802124.2077477,3.7016601032680936
1710802124.2078605,3.6666287316216364
1710802124.2079735,3.6291453573438854
1710802124.2080865,3.5902606116400824
1710802124.2081995,3.5475224918789334
1710802124.2083123,3.5023321045769586
1710802124.2084253,3.4553904003567166
1710802124.2085383,3.407397535112169
1710802124.2086513,3.3587039841545954
1710802124.208764,3.308959537082248
1710802124.208877,3.2595655653211804
1710802124.20899,3.2108720143636065
1710802124.209103,3.1593762503729925
1710802124.2092159,3.1089311175876193
1710802124.209329,3.053581714630127
1710802124.209442,2.9975318908691406
1710802124.209555,2.9372779528299966
1710802124.2096677,2.876323593987359
1710802124.2097807,2.812916967603895
1710802124.2098937,2.749160130818685
1710802124.2100067,2.6854032940334744
1710802124.2101195,2.6202450858222113
1710802124.2102325,2.5547366672092013
1710802124.2103455,2.487826877170139
1710802124.2104585,2.419866191016303
1710802124.2105713,2.3491032918294272
1710802124.2106843,2.275537649790446
1710802124.2107973,2.1984687116410995
1710802124.2109103,2.1199987994299994
1710802124.211023,2.0401275157928467
1710802124.211136,1.9585046503278944
1710802124.211249,1.875830888748169
1710802124.2113621,1.7938576804267035
1710802124.211475,1.7097826798756917
1710802124.211588,1.6264082325829399
1710802124.211701,1.5405816502041287
1710802124.211814,1.4537041717105441
1710802124.2119267,1.3650751113891602
1710802124.2120397,1.2753950224982367
1710802124.2121527,1.1843138270907931
1710802124.2122657,1.0925318797429402
1710802124.2123785,0.9996991025076972
1710802124.2124915,0.9072165356742011
1710802124.2126045,0.8136830727259318
1710802124.2127175,0.7190987136628892
1710802124.2128303,0.6252149078581068
1710802124.2129433,0.5288789669672648
1710802124.2130563,0.4328933027055528
1710802124.2131693,0.33480577998691136
1710802124.213282,0.23671825726826984
1710802124.213395,0.13828042480680677
1710802124.2135081,0.03949227018488778
1710802124.2136211,-0.06033501277367274
1710802124.213734,-0.16050481133990818
1710802124.213847,-0.26172535287009346
1710802124.21396,-0.36294589440027875
1710802124.214073,-0.46451667944590247
1710802124.2141857,-0.5667879184087118
1710802124.2142987,-0.666957762506273
1710802124.2144117,-0.7678280274073283
1710802124.2145247,-0.8672973182466295
1710802124.2146375,-0.9667666753133137
1710802124.2147505,-1.065535479121738
1710802124.2148635,-1.1636038621266682
1710802124.2149765,-1.2623725997077093
1710802124.2150893,-1.3604410489400227
1710802124.2152023,-1.4595599969228108
1710802124.2153153,-1.5576284461551242
1710802124.2154284,-1.6546459992726643
1710802124.2155411,-1.7509631315867105
1710802124.2156541,-1.8451787365807426
1710802124.2157671,-1.937993499967787
1710802124.2158802,-2.029407156838311
1710802124.215993,-2.119770050048828
1710802124.216106,-2.208732101652357
1710802124.216219,-2.296293046739366
1710802124.216332,-2.3838541242811413
1710802124.2164447,-2.4714152018229165
1710802124.2165577,-2.5561743312411838
1710802124.2166708,-2.6402327749464245
1710802124.2167838,-2.7207888497246637
1710802124.2168965,-2.8002942932976618
1710802124.2170095,-2.876297367943658
1710802124.2171226,-2.94984843995836
1710802124.2172356,-3.0216484599643283
1710802124.2173483,-3.0913472175598145
1710802124.2174613,-3.160345289442274
1710802124.2175744,-3.2279422548082137
1710802124.2176874,-3.294839064280192
1710802124.2178001,-3.3606847127278643
1710802124.2179132,-3.4247795740763345
1710802124.2180262,-3.487122853597005
1710802124.2181392,-3.548065291510688
1710802124.218252,-3.604804939693875
1710802124.218365,-3.6594430605570474
1710802124.218478,-3.711629443698459
1710802124.218591,-3.7617142995198565
1710802124.2187037,-3.8107485241360135
1710802124.2188168,-3.857681221432156
1710802124.2189298,-3.9039134979248047
1710802124.2190428,-3.9487446679009333
1710802124.2191556,-3.9914743105570474
1710802124.2192686,-4.03210269080268
1710802124.2193816,-4.069578912523058
1710802124.2194946,-4.105654027726915
1710802124.2196074,-4.137526088290744
1710802124.2197204,-4.166946676042345
1710802124.2198334,-4.1939155260721845
1710802124.2199464,-4.218432638380262
1710802124.2200592,-4.241198433770074
1710802124.2201722,-4.26221317715115
1710802124.2202852,-4.282877445220947
1710802124.2203982,-4.301790661282009
1710802124.220511,-4.318952560424805
1710802124.220624,-4.334013197157118
1710802124.220737,-4.347672727372911
1710802124.22085,-4.356428782145183
1710802124.2209628,-4.3641342057122126
1710802124.2210758,-4.3676365746392145
1710802124.2211888,-4.3697381019592285
1710802124.2213018,-4.369387626647949
1710802124.2214146,-4.368687205844455
1710802124.2215276,-4.366585678524441
1710802124.2216406,-4.3634335199991865
1710802124.2217536,-4.3599311510721845
1710802124.2218664,-4.354327254825168
1710802124.2219794,-4.3469720416598845
1710802124.2220924,-4.337165355682373
1710802124.2222054,-4.3235058254665795
1710802124.2223182,-4.307744767930773
1710802124.2224312,-4.289531972673204
1710802124.2225442,-4.269217915005154
1710802124.2226572,-4.248203171624078
1710802124.22277,-4.226137797037761
1710802124.222883,-4.2030217912462025
1710802124.222996,-4.1809564166598845
1710802124.223109,-4.156439304351807
1710802124.2232218,-4.130871560838488
1710802124.2233348,-4.102151393890381
1710802124.2234478,-4.070629543728298
1710802124.2235608,-4.036305745442708
1710802124.2236736,-3.998479313320584
1710802124.2237866,-3.959252039591471
1710802124.2238996,-3.9193240801493325
1710802124.2240126,-3.877995279100206
1710802124.2241254,-3.8359660572475858
1710802124.2242384,-3.794987466600206
1710802124.2243514,-3.7519073486328125
1710802124.2244644,-3.707776599460178
1710802124.2245772,-3.6611943774753146
1710802124.2246902,-3.6107590463426376
1710802124.2248032,-3.5578722423977323
1710802124.2249162,-3.5039345423380532
1710802124.225029,-3.444393210940891
1710802124.225142,-3.38695314195421
1710802124.225255,-3.3281122313605414
1710802124.225368,-3.2696212662590876
1710802124.2254808,-3.209729724460178
1710802124.2255938,-3.149487707349989
1710802124.2257068,-3.087494373321533
1710802124.2258198,-3.0237499872843423
1710802124.2259326,-2.9575538635253906
1710802124.2260456,-2.8885557916429305
1710802124.2261586,-2.817806667751736
1710802124.2262716,-2.746006382836236
1710802124.2263844,-2.672105100419786
1710802124.2264974,-2.5982035530938044
1710802124.2266104,-2.524652216169569
1710802124.2267234,-2.449700037638346
1710802124.2268362,-2.3733467525906033
1710802124.2269492,-2.2959428363376193
1710802124.2270622,-2.2167877356211343
1710802124.2271752,-2.1355311075846353
1710802124.227288,-2.0518227418263755
1710802124.227401,-1.9663631916046143
1710802124.227514,-1.879502667321099
1710802124.2276268,-1.790890958574083
1710802124.2277398,-1.7019289069705539
1710802124.2278528,-1.6122664345635307
1710802124.2279658,-1.5215531984965005
1710802124.2280786,-1.4301395416259766
1710802124.2281916,-1.3369745678371854
1710802124.2283046,-1.2431091732449002
1710802124.2284176,-1.147842804590861
1710802124.2285304,-1.052226225535075
1710802124.2286434,-0.9548583295610216
1710802124.2287564,-0.8574904998143513
1710802124.2288694,-0.7583714193767971
1710802124.2289822,-0.6599528259701198
1710802124.2290952,-0.5604835351308187
1710802124.2292082,-0.4610142111778259
1710802124.2293212,-0.35874297221501666
1710802124.229434,-0.25857316123114693
1710802124.229547,-0.15735261970096165
1710802124.22966,-0.05753306051095326
1710802124.229773,0.04369602021243837
1710802124.2298858,0.14458604984813267
1710802124.2299988,0.24337419205241734
1710802124.2301118,0.3432132800420125
1710802124.2302248,0.4430523845884535
1710802124.2303376,0.5446430378490024
1710802124.2304506,0.644832452138265
1710802124.2305636,0.745021833313836
1710802124.2306767,0.8445105950037638
1710802124.2307894,0.9439993566936916
1710802124.2309024,1.0417366027832031
1710802124.2310154,1.138072543674045
1710802124.2311285,1.2330072455936008
1710802124.2312412,1.3268910513983831
1710802124.2313542,1.4200741714901395
1710802124.2314672,1.5132572915818956
1710802124.2315803,1.606790754530165
1710802124.231693,1.699623664220174
1710802124.231806,1.7921060985989041
1710802124.231919,1.88388811217414
1710802124.232032,1.9735680686102972
1710802124.2321448,2.060445547103882
1710802124.2322578,2.145921919080946
1710802124.2323709,2.2275447845458984
1710802124.2324839,2.3084669642978244
1710802124.2325966,2.387637562221951
1710802124.2327096,2.465407053629557
1710802124.2328227,2.5428260697258844
1710802124.2329357,2.6198948754204645
1710802124.2330484,2.6948616239759655
1710802124.2331614,2.7687777413262262
1710802124.2332745,2.8402413262261286
1710802124.2333875,2.909252908494737
1710802124.2335002,2.9761626985337997
1710802124.2336133,3.038868639204237
1710802124.2337263,3.1001734733581543
1710802124.2338393,3.1583253542582193
1710802124.233952,3.215776549445258
1710802124.234065,3.2714761628044977
1710802124.234178,3.32682556576199
1710802124.234291,3.381124072604709
1710802124.2344038,3.4329703119066024
1710802124.2345169,3.4823642836676703
1710802124.2346299,3.530707624223497
1710802124.2347429,3.5741461647881403
1710802124.2348557,3.6161838637457953
1710802124.2349687,3.6557690302530923
1710802124.2350817,3.69220150841607
1710802124.2351947,3.7279335657755532
1710802124.2353075,3.7629646725124783
1710802124.2354205,3.7962444623311358
1710802124.2355335,3.8288235664367676
1710802124.2356465,3.860701984829373
1710802124.2357593,3.889777925279405
1710802124.2358723,3.918853865729438
1710802124.2359853,3.943375746409098
1710802124.2360983,3.966146045260959
1710802124.236211,3.9864640765719943
1710802124.236324,4.002928998735216
1710802124.236437,4.019043180677626
1710802124.23655,4.032705359988742
1710802124.2366629,4.045316643185085
1710802124.2367759,4.056526819864909
1710802124.236889,4.068437417348226
1710802124.237002,4.076144165462917
1710802124.2371147,4.084551599290636
1710802124.2372277,4.089456134372287
1710802124.2373407,4.091908401913113
1710802124.2374537,4.090857240888807
1710802124.2375665,4.088054762946235
1710802124.2376795,4.082099596659343
1710802124.2377925,4.074743058946398
1710802124.2379055,4.0659851498074
1710802124.2380183,4.056526819864909
1710802124.2381313,4.046367539299859
1710802124.2382443,4.035507837931315
1710802124.2383573,4.024297926161024
1710802124.23847,4.011686642964681
1710802124.238583,3.997323777940538
1710802124.238696,3.9787573284573026
1710802124.238809,3.9591397179497614
1710802124.2389219,3.9370701048109265
1710802124.239035,3.9139495955573187
1710802124.239148,3.888727029164632
1710802124.239261,3.8635044627719455
1710802124.2393737,3.8382818963792587
1710802124.2394867,3.812709119584825
1710802124.2395997,3.786085446675618
1710802124.2397127,3.7591112984551325
1710802124.2398255,3.7289844618903265
1710802124.2399385,3.6957046720716686
1710802124.2400515,3.6592721939086914
1710802124.2401645,3.6221390300326877
1710802124.2402773,3.580802281697591
1710802124.2403903,3.539465268452962
1710802124.2405033,3.496727148691813
1710802124.2406163,3.45468971464369
1710802124.240729,3.411951594882541
1710802124.240842,3.368862999810113
1710802124.240955,3.324023087819417
1710802124.2410681,3.277431594000922
1710802124.241181,3.2283878326416016
1710802124.241294,3.1761911180284286
1710802124.241407,3.1229437722100153
1710802124.24152,3.065492312113444
1710802124.2416327,3.008041116926405
1710802124.2417457,2.94988923602634
1710802124.2418587,2.891387144724528
1710802124.2419717,2.832184102800157
1710802124.2420845,2.773331801096598
1710802124.2421975,2.7127276526557074
1710802124.2423105,2.6503719223870172
1710802124.2424235,2.5852139790852866
1710802124.2425363,2.5165526072184243
1710802124.2426493,2.4471908145480685
1710802124.2427623,2.3750262790256076
1710802124.2428753,2.3021613226996527
1710802124.242988,2.227894994947645
1710802124.2431011,2.152928113937378
1710802124.2432141,2.0786617861853705
1710802124.2433271,2.003694905175103
1710802124.24344,1.9269764423370361
1710802124.243553,1.8488567405276828
1710802124.243666,1.7686352464887831
1710802124.243779,1.6863116953108046
1710802124.2438917,1.6029373804728189
1710802124.2440047,1.519212590323554
1710802124.2441177,1.4319847689734564
1710802124.2442307,1.3458079761928983
1710802124.2443435,1.2589303652445476
1710802124.2444565,1.1706516477796767
1710802124.2445695,1.0813219017452664
1710802124.2446826,0.9919922219382392
1710802124.2447953,0.9002102745903863
1710802124.2449083,0.8073774973551432
1710802124.2450213,0.7131433486938477
1710802124.2451344,0.617858370145162
1710802124.2452471,0.5218727058834499
1710802124.2453601,0.42448580265045166
1710802124.2454731,0.32709889941745335
1710802124.2455862,0.22796044747034708
1710802124.245699,0.12952260673046112
1710802124.245812,0.02968351874086592
1710802124.245925,-0.06979160010814667
1710802124.246038,-0.16961115929815504
1710802124.2461507,-0.2690804832511478
1710802124.2462637,-0.36749906010097927
1710802124.2463768,-0.4666181405385335
1710802124.2464898,-0.5653869443469577
1710802124.2466025,-0.6634552611245049
1710802124.2467155,-0.7618738545311822
1710802124.2468286,-0.8609929349687364
1710802124.2469416,-0.9580105543136597
1710802124.2470543,-1.0574798451529608
1710802124.2471673,-1.1551980177561443
1710802124.2472804,-1.2525657812754314
1710802124.2473934,-1.3488829135894775
1710802124.2475061,-1.4448498355017767
1710802124.2476192,-1.5376644664340549
1710802124.2477322,-1.630829440222846
1710802124.2478452,-1.7236440711551242
1710802124.247958,-1.8147075176239014
1710802124.248071,-1.9064715173509386
1710802124.248184,-1.9978851742214627
1710802124.248297,-2.0892988310919867
1710802124.2484097,-2.17966185675727
1710802124.2485228,-2.26897398630778
1710802124.2486358,-2.355834643046061
1710802124.2487488,-2.4412941932678223
1710802124.2488616,-2.5250024265713162
1710802124.2489746,-2.606959607866075
1710802124.2490876,-2.6854141553243003
1710802124.2492006,-2.7649195988972983
1710802124.2493134,-2.842323515150282
1710802124.2494264,-2.919727431403266
1710802124.2495394,-2.996430926852756
1710802124.2496524,-3.070682684580485
1710802124.2497652,-3.1442340215047198
1710802124.2498782,-3.2142827245924206
1710802124.2499912,-3.2825803756713867
1710802124.2501042,-3.3466749721103244
1710802124.250217,-3.4090185165405273
1710802124.25033,-3.468910323248969
1710802124.250443,-3.527401023440891
1710802124.250556,-3.5837901963127985
1710802124.2506688,-3.639829423692491
1710802124.2507818,-3.6930664380391436
1710802124.2508948,-3.7456030315823026
1710802124.2510078,-3.796738783518473
1710802124.2511206,-3.8443719016181097
1710802124.2512336,-3.8899034923977323
1710802124.2513466,-3.9336840311686196
1710802124.2514596,-3.9739622010125055
1710802124.2515724,-4.01178863313463
1710802124.2516854,-4.047863748338488
1710802124.2517984,-4.083238442738851
1710802124.2519114,-4.1165116098192005
1710802124.2520242,-4.149084356096056
1710802124.2521372,-4.180255995856391
1710802124.2522502,-4.210026794009738
1710802124.2523632,-4.237345854441325
1710802124.252476,-4.262563387552897
1710802124.252589,-4.284278551737468
1710802124.252702,-4.303892188602023
1710802124.252815,-4.318952560424805
1710802124.2529278,-4.332612090640597
1710802124.2530408,-4.343119462331136
1710802124.2531538,-4.352225727505154
1710802124.2532668,-4.3599311510721845
1710802124.2533796,-4.3676365746392145
1710802124.2534926,-4.372540050082736
1710802124.2536056,-4.377793735928005
1710802124.2537186,-4.380245208740234
1710802124.2538314,-4.381296104855007
1710802124.2539444,-4.378844367133246
1710802124.2540574,-4.373940891689724
1710802124.2541704,-4.365184836917453
1710802124.2542832,-4.355377886030409
1710802124.2543962,-4.34381988313463
1710802124.2545092,-4.330860773722331
1710802124.2546222,-4.31720150841607
1710802124.254735,-4.303892188602023
1710802124.254848,-4.288481341467963
1710802124.254961,-4.272370073530409
1710802124.255074,-4.252406226264106
1710802124.2551868,-4.230340851677789
1710802124.2552998,-4.204422897762722
1710802124.2554128,-4.17640315161811
1710802124.2555258,-4.1455817222595215
1710802124.2556386,-4.113359451293945
1710802124.2557516,-4.079385598500569
1710802124.2558646,-4.04611243142022
1710802124.2559776,-4.012489053938124
1710802124.2560904,-3.9785154660542803
1710802124.2562034,-3.943140771653917
1710802124.2563164,-3.906014760335286
1710802124.2564294,-3.8657368554009333
1710802124.2565422,-3.82370736863878
1710802124.2566552,-3.777825567457411
1710802124.2567682,-3.7305426597595215
1710802124.2568812,-3.6818586455451117
1710802124.256994,-3.631773789723714
1710802124.257107,-3.58098824818929
1710802124.25722,-3.5309033923678927
1710802124.257333,-3.479067219628228
1710802124.2574458,-3.426530626085069
1710802124.2575588,-3.370841874016656
1710802124.2576718,-3.313401805029975
1710802124.2577848,-3.252459367116292
1710802124.2578976,-3.1887149810791016
1710802124.2580106,-3.1221686469184027
1710802124.2581236,-3.0545714166429305
1710802124.2582366,-2.984872923956977
1710802124.2583494,-2.9158748520745172
1710802124.2584624,-2.846176359388563
1710802124.2585754,-2.7750767601860895
1710802124.2586884,-2.7025763193766275
1710802124.2588012,-2.6290249824523926
1710802124.2589142,-2.5537225935194225
1710802124.2590272,-2.4759682019551597
1710802124.2591403,-2.3957623375786676
1710802124.259253,-2.313805421193441
1710802124.259366,-2.2300969229804144
1710802124.259479,-2.1460384792751737
1710802124.259592,-2.0619799031151667
1710802124.2597048,-1.9758197996351454
1710802124.2598178,-1.8893094857533772
1710802124.2599308,-1.8020987510681152
1710802124.2600439,-1.713837252722846
1710802124.2601566,-1.6231240166558158
1710802124.2602696,-1.531360149383545
1710802124.2603827,-1.4378449651930068
1710802124.2604957,-1.3429288069407146
1710802124.2606084,-1.2469618850284152
1710802124.2607214,-1.150995095570882
1710802124.2608345,-1.0529267125659518
1710802124.2609475,-0.9555588165918986
1710802124.2610602,-0.8560895257525973
1710802124.2611732,-0.7573207219441731
1710802124.2612863,-0.6568006674448649
1710802124.2613993,-0.5555801259146796
1710802124.261512,-0.45435958438449436
1710802124.261625,-0.3524385558234321
1710802124.261738,-0.25016730030377704
1710802124.261851,-0.14684529768096075
1710802124.2619638,-0.04457402974367142
1710802124.2620769,0.059109777212142944
1710802124.2621899,0.16280230548646715
1710802124.2623029,0.2675457629892561
1710802124.2624156,0.3719389107492235
1710802124.2625287,0.47598176532321507
1710802124.2626417,0.579323967297872
1710802124.2627547,0.6816152731577555
1710802124.2628675,0.7825052738189697
1710802124.2629805,0.8833952744801838
1710802124.2630935,0.9821834166844685
1710802124.2632065,1.0795703199174669
1710802124.2633193,1.1783585283491347
1710802124.2634323,1.2764460510677762
1710802124.2635453,1.3734825452168782
1710802124.2636583,1.4708695146772597
1710802124.263771,1.5661545594533284
1710802124.263884,1.6600383652581108
1710802124.263997,1.7518202463785806
1710802124.26411,1.8415002028147378
1710802124.2642229,1.9290783670213487
1710802124.2643359,2.015955845514933
1710802124.264449,2.1017824278937445
1710802124.264562,2.1862077713012695
1710802124.2646747,2.2713338004218206
1710802124.2647877,2.3554086685180664
1710802124.2649007,2.4391335911220975
1710802124.2650137,2.5200557708740234
1710802124.2651265,2.59922636879815
1710802124.2652395,2.675944699181451
1710802124.2653525,2.749510341220432
1710802124.2654655,2.8209741910298667
1710802124.2655783,2.890686459011502
1710802124.2656913,2.9586471451653376
1710802124.2658043,3.0255566702948675
1710802124.2659173,3.09246646033393
1710802124.26603,3.1569239828321667
1710802124.266143,3.2206808196173773
1710802124.266256,3.2826863394843206
1710802124.266369,3.342589537302653
1710802124.2664819,3.3975887298583984
1710802124.266595,3.4511865509880915
1710802124.266708,3.5016316837734647
1710802124.266821,3.5485733879937067
1710802124.2669337,3.5941139856974282
1710802124.2670467,3.6372025807698565
1710802124.2671597,3.6795904901292587
1710802124.2672727,3.7209272384643555
1710802124.2673855,3.7601621945699053
1710802124.2674985,3.7979960441589355
1710802124.2676115,3.8337278366088867
1710802124.2677245,3.8666574160257974
1710802124.2678373,3.896433777279324
1710802124.2679503,3.923758135901557
1710802124.2680633,3.9486304918924966
1710802124.2681763,3.9710505803426104
1710802124.268289,3.9906679259406195
1710802124.268402,4.010285536448161
1710802124.268515,4.02815130021837
1710802124.2686281,4.045667118496365
1710802124.268741,4.061080879635281
1710802124.268854,4.0743925836351185
1710802124.268967,4.086653656429714
1710802124.2690797,4.096462461683485
1710802124.2691927,4.103468524085151
1710802124.2693057,4.106971687740749
1710802124.2694187,4.108723269568549
1710802124.2695315,4.108373059166802
1710802124.2696445,4.107322163052029
1710802124.2697575,4.103118313683404
1710802124.2698705,4.099965360429552
1710802124.2699833,4.096462461683485
1710802124.2700963,4.091207716200087
1710802124.2702093,4.084902074601915
1710802124.2703223,4.076494640774197
1710802124.270435,4.066335360209147
1710802124.270548,4.053373866611056
1710802124.270661,4.0369092093573675
1710802124.2707741,4.017642074161105
1710802124.270887,3.9983749389648438
1710802124.271,3.9787573284573026
1710802124.271113,3.957738611433241
1710802124.271226,3.9367198944091797
1710802124.2713387,3.915000491672092
1710802124.2714517,3.8939817746480303
1710802124.2715647,3.8691094186570907
1710802124.2716777,3.842485745747884
1710802124.2717905,3.812709119584825
1710802124.2719035,3.7801300154791937
1710802124.2720165,3.7447484334309893
1710802124.2721295,3.7079657448662653
1710802124.2722423,3.6697816848754883
1710802124.2723553,3.631947835286458
1710802124.2724683,3.593063089582655
1710802124.2725813,3.5555797153049045
1710802124.272694,3.516344759199354
1710802124.2728071,3.475708431667752
1710802124.2729201,3.4326201015048556
1710802124.2730331,3.3870792388916016
1710802124.273146,3.339436848958333
1710802124.273259,3.289342191484239
1710802124.273372,3.237495952182346
1710802124.273485,3.184949027167426
1710802124.2735977,3.1320518917507596
1710802124.2737107,3.0798551771375866
1710802124.2738237,3.026607831319173
1710802124.2739367,2.973360220591227
1710802124.2740495,2.9173101319207086
1710802124.2741625,2.8598589367336698
1710802124.2742755,2.7982038921780057
1710802124.2743886,2.734447055392795
1710802124.2745013,2.668588161468506
1710802124.2746143,2.6009779506259494
1710802124.2747273,2.5316161579555936
1710802124.2748404,2.461203204260932
1710802124.2749531,2.3907902505662704
1710802124.2750661,2.3207277721828885
1710802124.2751791,2.2485635015699597
1710802124.2752922,2.1753480699327254
1710802124.275405,2.100381188922458
1710802124.275518,2.022611829969618
1710802124.275631,1.9437914424472384
1710802124.275744,1.8625189198387992
1710802124.2758567,1.7798451582590737
1710802124.2759697,1.6968211862776015
1710802124.2760828,1.6120455000135634
1710802124.2761958,1.5283207098642984
1710802124.2763085,1.4431948131985135
1710802124.2764215,1.3573682308197021
1710802124.2765346,1.2708409627278645
1710802124.2766476,1.1825622452629936
1710802124.2767603,1.0942834615707397
1710802124.2768734,1.003202199935913
1710802124.2769864,0.9121209383010864
1710802124.2770994,0.8203390571806166
1710802124.2772121,0.7278564903471205
1710802124.2773252,0.633622407913208
1710802124.2774382,0.5397386352221171
1710802124.2775512,0.4448039333025614
1710802124.277664,0.34951892164018417
1710802124.277777,0.2538835671212938
1710802124.27789,0.157547609673606
1710802124.278003,0.060861338343885206
1710802124.2781157,-0.036518416470951505
1710802124.2782288,-0.13318577574359045
1710802124.2783418,-0.23195460438728333
1710802124.2784548,-0.3296726942062378
1710802124.2785676,-0.42844153112835354
1710802124.2786806,-0.5268600914213393
1710802124.2787936,-0.6259791718588935
1710802124.2789066,-0.7243977652655708
1710802124.2790194,-0.823867056104872
1710802124.2791324,-0.9215851624806721
1710802124.2792454,-1.0193032688564725
1710802124.2793584,-1.1159706115722656
1710802124.2794712,-1.2112369802263048
1710802124.2795842,-1.306153138478597
1710802124.2796972,-1.400368743472629
1710802124.2798102,-1.4942342705196805
1710802124.279923,-1.5877493222554524
1710802124.280036,-1.6819650597042508
1710802124.280149,-1.7747796906365287
1710802124.280262,-1.8675944540235732
1710802124.2803748,-1.95795734723409
1710802124.2804878,-2.0483203728993735
1710802124.2806008,-2.1355311075846353
1710802124.2807138,-2.2213408682081432
1710802124.2808266,-2.3060999976264105
1710802124.2809396,-2.3884073893229165
1710802124.2810526,-2.4707147810194225
1710802124.2811656,-2.5523214870029025
1710802124.2812784,-2.6332280370924206
1710802124.2813914,-2.7120327949523926
1710802124.2815044,-2.7908378177218967
1710802124.2816174,-2.8675413131713867
1710802124.2817302,-2.9414425955878363
1710802124.2818432,-3.0135930909050836
1710802124.2819562,-3.082240687476264
1710802124.2820692,-3.148787286546495
1710802124.282182,-3.2135823037889266
1710802124.282295,-3.2776769002278643
1710802124.282408,-3.3403706550598145
1710802124.282521,-3.40236398908827
1710802124.2826338,-3.4636566374037
1710802124.2827468,-3.5231979688008623
1710802124.2828598,-3.5806380377875433
1710802124.2829728,-3.63597657945421
1710802124.2830856,-3.6895640691121416
1710802124.2831986,-3.7396489249335394
1710802124.2833116,-3.7869318326314287
1710802124.2834246,-3.832463688320584
1710802124.2835374,-3.8765944374932184
1710802124.2836504,-3.9179232385423446
1710802124.2837634,-3.958201143476698
1710802124.2838764,-3.9974284172058105
1710802124.2839892,-4.035254849327935
1710802124.2841022,-4.070979754130046
1710802124.2842152,-4.104252921210395
1710802124.2843282,-4.135775036282009
1710802124.284441,-4.162743621402316
1710802124.284554,-4.187961419423421
1710802124.284667,-4.210026794009738
1710802124.28478,-4.229990641276042
1710802124.2848928,-4.248203171624078
1710802124.2850058,-4.264664649963379
1710802124.2851188,-4.280075497097439
1710802124.2852318,-4.294085237714979
1710802124.2853446,-4.307044347127278
1710802124.2854576,-4.31825213962131
1710802124.2855706,-4.327708615197076
1710802124.2856836,-4.333662721845839
1710802124.2857964,-4.33751556608412
1710802124.2859094,-4.338566197289361
1710802124.2860224,-4.337165355682373
1710802124.2861354,-4.333312511444092
1710802124.2862482,-4.329109721713595
1710802124.2863612,-4.324206246270074
1710802124.2864742,-4.31825213962131
1710802124.2865872,-4.311947822570801
1710802124.2867,-4.303191502888997
1710802124.286813,-4.294435448116726
1710802124.286926,-4.282177024417453
1710802124.287039,-4.266766177283393
1710802124.2871518,-4.248203171624078
1710802124.2872648,-4.22753890355428
1710802124.2873778,-4.204072422451443
1710802124.2874908,-4.179555575052897
1710802124.2876036,-4.155038462744819
1710802124.2877166,-4.128770033518474
1710802124.2878296,-4.103202290005154
1710802124.2879426,-4.075533019171821
1710802124.2880554,-4.047163327534993
1710802124.2881684,-4.016341633266872
1710802124.2882814,-3.9823680453830295
1710802124.2883945,-3.946292930179172
1710802124.2885072,-3.9074158668518066
1710802124.2886202,-3.86608706580268
1710802124.2887332,-3.823006947835286
1710802124.2888463,-3.780627515580919
1710802124.288959,-3.736496766408284
1710802124.289072,-3.6930664380391436
1710802124.289185,-3.6489356888665094
1710802124.289298,-3.603404098086887
1710802124.2894108,-3.5550702942742243
1710802124.2895238,-3.5039345423380532
1710802124.2896369,-3.450347317589654
1710802124.2897499,-3.3932574590047198
1710802124.2898626,-3.3337161276075573
1710802124.2899756,-3.273474110497369
1710802124.2900887,-3.2128818829854326
1710802124.2902017,-3.151589234670003
1710802124.2903144,-3.0892456902398004
1710802124.2904274,-3.0276028315226235
1710802124.2905405,-2.96280754937066
1710802124.2906535,-2.8973118464152017
1710802124.2907662,-2.827963564130995
1710802124.2908792,-2.7572144402398004
1710802124.2909923,-2.6854141553243003
1710802124.2911053,-2.6111626625061035
1710802124.291218,-2.5344591670566134
1710802124.291331,-2.4577556716071234
1710802124.291444,-2.3800015449523926
1710802124.291557,-2.3029478391011557
1710802124.2916698,-2.2244930267333984
1710802124.2917829,-2.1432365311516657
1710802124.2918959,-2.0609291394551597
1710802124.2920089,-1.9761700100368924
1710802124.2921216,-1.8903602494133842
1710802124.2922347,-1.8010479874081082
1710802124.2923477,-1.711385515001085
1710802124.2924607,-1.6199718581305609
1710802124.2925735,-1.5285580688052707
1710802124.2926865,-1.4353932274712455
1710802124.2927995,-1.3408272796207004
1710802124.2929125,-1.2473120954301622
1710802124.2930253,-1.152045726776123
1710802124.2931383,-1.056429147720337
1710802124.2932513,-0.9590612517462836
1710802124.2933643,-0.8616934219996134
1710802124.293477,-0.7632748285929362
1710802124.29359,-0.6645060247845119
1710802124.293703,-0.5653869443469577
1710802124.293816,-0.465567409992218
1710802124.2939289,-0.3660980860392253
1710802124.2940419,-0.26347657044728595
1710802124.294155,-0.1626062724325392
1710802124.294268,-0.061035499804549746
1710802124.2943807,0.040543207691775426
1710802124.2944937,0.14143322904904684
1710802124.2946067,0.24302388230959573
1710802124.2947197,0.3432132800420125
1710802124.2948325,0.4437530040740967
1710802124.2949455,0.5449933475918239
1710802124.2950585,0.6455330716239082
1710802124.2951715,0.7460727294286092
1710802124.2952843,0.8480136924319797
1710802124.2953973,0.9482031398349338
1710802124.2955103,1.0494434833526611
1710802124.2956233,1.1478813489278157
1710802124.295736,1.2466694249047172
1710802124.295849,1.3437060515085857
1710802124.295962,1.4393414391411674
1710802124.296075,1.5325245592329237
1710802124.2961879,1.6253573364681668
1710802124.296301,1.718540456559923
1710802124.296414,1.8096217844221327
1710802124.296527,1.9024545616573758
1710802124.2966397,1.9938862323760986
1710802124.2967527,2.084266874525282
1710802124.2968657,2.172545591990153
1710802124.2969787,2.2590727276272244
1710802124.2970915,2.3427976502312555
1710802124.2972045,2.4237198299831815
1710802124.2973175,2.502539952596029
1710802124.2974305,2.579959233601888
1710802124.2975433,2.6559768782721624
1710802124.2976563,2.730943891737196
1710802124.2977693,2.8052102194892035
1710802124.2978823,2.8787758615281844
1710802124.297995,2.9502394464280868
1710802124.298108,3.0199517144097223
1710802124.298221,3.0858106083340116
1710802124.2983341,3.149917655520969
1710802124.298447,3.2112224896748858
1710802124.29856,3.2686736848619247
1710802124.298673,3.3254244592454696
1710802124.298786,3.37937249077691
1710802124.2988987,3.4322696261935763
1710802124.2990117,3.484466340806749
1710802124.2991247,3.5352616839938693
1710802124.2992377,3.58430544535319
1710802124.2993505,3.631947835286458
1710802124.2994635,3.67608732647366
1710802124.2995765,3.718124760521783
1710802124.2996895,3.7573597166273327
1710802124.2998023,3.7930917739868164
1710802124.2999153,3.827422195010715
1710802124.3000283,3.8593006134033203
1710802124.3001413,3.8901281356811523
1710802124.300254,3.9202552371554904
1710802124.300367,3.9486304918924966
1710802124.3004801,3.9759548505147295
1710802124.3005931,4.00187783771091
1710802124.300706,4.025699297587077
1710802124.300819,4.047068225012885
1710802124.300932,4.0659851498074
1710802124.301045,4.081398910946316
1710802124.3011577,4.0936599837409124
1710802124.3012707,4.103118313683404
1710802124.3013837,4.111175537109375
1710802124.3014967,4.117481178707546
1710802124.3016095,4.121684763166639
1710802124.3017225,4.125187926822238
1710802124.3018355,4.128340880076091
1710802124.3019485,4.129391776190864
1710802124.3020613,4.1286910904778376
1710802124.3021743,4.126589298248291
1710802124.3022873,4.120283656650119
1710802124.3024004,4.1125766436258955
1710802124.3025131,4.102417627970378
1710802124.3026261,4.0905070304870605
1710802124.3027391,4.076844851175944
1710802124.3028522,4.063182671864827
1710802124.302965,4.049870702955458
1710802124.303078,4.034456941816542
1710802124.303191,4.020444552103679
1710802124.303304,4.003979894849989
1710802124.3034167,3.985413180457221
1710802124.3035297,3.964744938744439
1710802124.3036427,3.9412739541795516
1710802124.3037558,3.9146500163608127
1710802124.3038685,3.8862747616238065
1710802124.3039815,3.8564981354607477
1710802124.3040946,3.826021088494195
1710802124.3042076,3.795894251929389
1710802124.3043203,3.764366043938531
1710802124.3044333,3.7331883112589517
1710802124.3045464,3.7013096279568143
1710802124.3046594,3.6659283108181424
1710802124.3047721,3.6284446716308594
1710802124.3048851,3.587808609008789
1710802124.3049982,3.5443698035346136
1710802124.3051112,3.4981285201178656
1710802124.305224,3.4508363405863443
1710802124.305337,3.4021427896287704
1710802124.30545,3.354149924384223
1710802124.305563,3.304055266910129
1710802124.3056757,3.255361715952555
1710802124.3057888,3.2059677441914873
1710802124.3059018,3.153070608774821
1710802124.3060148,3.0987721019321017
1710802124.3061275,3.0406202210320368
1710802124.3062406,2.981066968705919
1710802124.3063536,2.919061713748508
1710802124.3064666,2.856005562676324
1710802124.3065794,2.7911975648668075
1710802124.3066924,2.7274407280815973
1710802124.3068054,2.66298320558336
1710802124.3069184,2.5978249973720975
1710802124.3070312,2.5319663683573403
1710802124.3071442,2.464355892605252
1710802124.3072572,2.3939432038201227
1710802124.3073702,2.321078247494168
1710802124.307483,2.2464617093404136
1710802124.307596,2.169392771191067
1710802124.307709,2.0902221732669406
1710802124.307822,2.011401785744561
1710802124.3079348,1.9315305021074083
1710802124.3080478,1.849907769097222
1710802124.3081608,1.76898545689053
1710802124.3082738,1.6866620381673176
1710802124.3083866,1.6025870376163058
1710802124.3084996,1.5174611409505208
1710802124.3086126,1.42988297674391
1710802124.3087256,1.3416041268242729
1710802124.3088384,1.2508731418185763
1710802124.3089514,1.1601422892676458
1710802124.3090644,1.068360341919793
1710802124.3091774,0.9755274984571669
1710802124.3092902,0.8826946549945407
1710802124.3094032,0.7888109154171413
1710802124.3095162,0.6945768329832289
1710802124.3096292,0.5996421310636733
1710802124.309742,0.5040067765447829
1710802124.309855,0.40626956356896293
1710802124.309968,0.30783169799380833
1710802124.310081,0.21079512106047735
1710802124.3101938,0.1120069788561927
1710802124.3103068,0.01321882630387942
1710802124.3104198,-0.08625307016902499
1710802124.3105326,-0.18642288115289476
1710802124.3106456,-0.28624243206448025
1710802124.3107586,-0.38676248656378853
1710802124.3108716,-0.4855313234859043
1710802124.3109844,-0.585701134469774
1710802124.3110974,-0.6837694512473212
1710802124.3112104,-0.7818377680248684
1710802124.3113234,-0.8792056639989216
1710802124.3114362,-0.9762232171164619
1710802124.3115492,-1.0735911130905151
1710802124.3116622,-1.1702583895789251
1710802124.3117752,-1.2672760751512315
1710802124.311888,-1.364643971125285
1710802124.312001,-1.462011734644572
1710802124.312114,-1.5576284461551242
1710802124.312227,-1.6525444719526503
1710802124.3123398,-1.7467602094014485
1710802124.3124528,-1.8388744195302327
1710802124.3125658,-1.9295875231424966
1710802124.3126788,-2.01995054880778
1710802124.3127916,-2.109262810813056
1710802124.3129046,-2.197874519560072
1710802124.3130176,-2.286486360761854
1710802124.3131306,-2.3747478591071234
1710802124.3132434,-2.4616082509358725
1710802124.3133564,-2.5467175907558866
1710802124.3134694,-2.6290249824523926
1710802124.3135824,-2.710982163747152
1710802124.3136952,-2.7894367112053766
1710802124.3138082,-2.8654397858513727
1710802124.3139212,-2.9396915435791016
1710802124.3140342,-3.0118417739868164
1710802124.314147,-3.083641793992784
1710802124.31426,-3.153340286678738
1710802124.314373,-3.2230390442742243
1710802124.314486,-3.290636009640164
1710802124.3145988,-3.356481922997369
1710802124.3147118,-3.4198760986328125
1710802124.3148248,-3.481518957349989
1710802124.3149378,-3.5393092367384167
1710802124.3150506,-3.5949979888068304
1710802124.3151636,-3.6475348472595215
1710802124.3152766,-3.6990205446879068
1710802124.3153896,-3.7480547693040633
1710802124.3155024,-3.7956878874037
1710802124.3156154,-3.8426205846998425
1710802124.3157284,-3.888152440388997
1710802124.3158414,-3.9315827687581377
1710802124.3159542,-3.9732617802090116
1710802124.3160672,-4.012489053938124
1710802124.3161802,-4.048914379543728
1710802124.3162932,-4.0825377570258246
1710802124.316406,-4.113359451293945
1710802124.316519,-4.141729142930773
1710802124.316632,-4.167997307247585
1710802124.316745,-4.19321510526869
1710802124.3168578,-4.216681321461995
1710802124.3169708,-4.239447116851807
1710802124.3170838,-4.260111649831136
1710802124.3171968,-4.279375076293945
1710802124.3173096,-4.295836554633246
1710802124.3174226,-4.31054671605428
1710802124.3175356,-4.32210471895006
1710802124.3176486,-4.33121124903361
1710802124.3177614,-4.33751556608412
1710802124.3178744,-4.341017935011122
1710802124.3179874,-4.343119462331136
1710802124.3181005,-4.344170093536377
1710802124.3182132,-4.34381988313463
1710802124.3183262,-4.343119462331136
1710802124.3184392,-4.341718355814616
1710802124.3185523,-4.338215986887614
1710802124.318665,-4.333312511444092
1710802124.318778,-4.324906667073567
1710802124.318891,-4.3143995602925616
1710802124.319004,-4.299689133961995
1710802124.3191168,-4.283577866024441
1710802124.3192298,-4.265365335676405
1710802124.3193429,-4.246101909213595
1710802124.3194559,-4.226137797037761
1710802124.3195686,-4.20582373936971
1710802124.3196816,-4.184808995988634
1710802124.3197947,-4.162393411000569
1710802124.3199077,-4.138576984405518
1710802124.3200204,-4.111958344777425
1710802124.3201334,-4.083238442738851
1710802124.3202465,-4.05136611726549
1710802124.3203595,-4.01669184366862
1710802124.3204722,-3.980616728464762
1710802124.3205853,-3.943841192457411
1710802124.3206983,-3.9063649707370334
1710802124.3208113,-3.868889013926188
1710802124.320924,-3.8310625818040633
1710802124.321037,-3.791835308074951
1710802124.32115,-3.7519073486328125
1710802124.321263,-3.708127074771457
1710802124.3213758,-3.6622450086805554
1710802124.3214889,-3.612860573662652
1710802124.3216019,-3.561374611324734
1710802124.3217149,-3.5074371761745877
1710802124.3218277,-3.451748424106174
1710802124.3219407,-3.396409617529975
1710802124.3220537,-3.3400204446580672
1710802124.3221667,-3.2839814821879068
1710802124.3222795,-3.2258409923977323
1710802124.3223925,-3.1662993960910373
1710802124.3225055,-3.1046565373738604
1710802124.3226185,-3.0391608344184027
1710802124.3227313,-2.972964710659451
1710802124.3228443,-2.903616428375244
1710802124.3229573,-2.8328670395745172
1710802124.3230703,-2.7600163883633084
1710802124.323183,-2.687865893046061
1710802124.323296,-2.6143148210313583
1710802124.323409,-2.5407634841071234
1710802124.323522,-2.4658113055759006
1710802124.3236349,-2.3898082309299045
1710802124.3237479,-2.3127545250786676
1710802124.323861,-2.2328988711039224
1710802124.323974,-2.1509418222639294
1710802124.3240867,-2.0672334565056696
1710802124.3241997,-1.9821242491404214
1710802124.3243127,-1.8959641456604004
1710802124.3244257,-1.8101543850368924
1710802124.3245385,-1.7225933074951172
1710802124.3246515,-1.634682019551595
1710802124.3247645,-1.546420521206326
1710802124.3248775,-1.4564078383975558
1710802124.3249903,-1.3653443919287787
1710802124.3251033,-1.2725297609965007
1710802124.3252163,-1.1786643664042156
1710802124.3253293,-1.0844486289554172
1710802124.325442,-0.988481773270501
1710802124.325555,-0.8914641539255778
1710802124.325668,-0.7944466008080376
1710802124.325781,-0.6963782178031074
1710802124.3258939,-0.5976094139946831
1710802124.326007,-0.4988405770725674
1710802124.32612,-0.3986707660886976
1710802124.326233,-0.29885123173395794
1710802124.3263457,-0.19763069020377264
1710802124.3264587,-0.09851161804464129
1710802124.3265717,0.001658511141108142
1710802124.3266847,0.10149759550889333
1710802124.3267975,0.20238762100537616
1710802124.3269105,0.30257701873779297
1710802124.3270235,0.4027664330270555
1710802124.3271365,0.5040067765447829
1710802124.3272493,0.6052470869488186
1710802124.3273623,0.7054365343517727
1710802124.3274753,0.8052755726708306
1710802124.3275883,0.9040637148751153
1710802124.327701,1.0014506181081135
1710802124.327814,1.0967356628841824
1710802124.327927,1.1916703648037381
1710802124.3280401,1.2862547238667805
1710802124.328153,1.380138529671563
1710802124.328266,1.4733216497633193
1710802124.328379,1.5672054555681016
1710802124.328492,1.6596880224015977
1710802124.3286047,1.7511195606655545
1710802124.3287177,1.8407996495564778
1710802124.3288307,1.9294287098778617
1710802124.3289437,2.0142043961419
1710802124.3290565,2.098979949951172
1710802124.3291695,2.180252472559611
1710802124.3292825,2.2629263665941024
1710802124.3293955,2.3434980710347495
1710802124.3295083,2.4240700403849282
1710802124.3296213,2.503941324022081
1710802124.3297343,2.583462397257487
1710802124.3298473,2.661231623755561
1710802124.32996,2.737599743737115
1710802124.330073,2.810815175374349
1710802124.3301861,2.880877653757731
1710802124.3302991,2.94848812950982
1710802124.330412,3.0143467585245767
1710802124.330525,3.0784540706210666
1710802124.330638,3.1401091151767306
1710802124.330751,3.200712998708089
1710802124.3308637,3.2599157757229276
1710802124.3309767,3.318418131934272
1710802124.3310897,3.3741177452935114
1710802124.3312027,3.4287664625379772
1710802124.3313155,3.4795618057250977
1710802124.3314285,3.5282553566826715
1710802124.3315415,3.57274505827162
1710802124.3316545,3.615833388434516
1710802124.3317673,3.6550686094495983
1710802124.3318803,3.6932526694403753
1710802124.3319933,3.730736043718126
1710802124.3321064,3.7671685218811035
1710802124.3322191,3.801499207814534
1710802124.3323321,3.8337278366088867
1710802124.3324451,3.8659567303127713
1710802124.3325582,3.8946821954515243
1710802124.332671,3.9220068189832897
1710802124.332784,3.9468789100646973
1710802124.332897,3.9675474166870117
1710802124.33301,3.987865447998047
1710802124.3331227,4.005381001366509
1710802124.3332357,4.022196133931478
1710802124.3333488,4.03831058078342
1710802124.3334618,4.0523229704962835
1710802124.3335745,4.0659851498074
1710802124.3336875,4.079647329118517
1710802124.3338006,4.090857240888807
1710802124.3339136,4.098914464314778
1710802124.3340263,4.104869895511203
1710802124.3341393,4.108022583855523
1710802124.3342524,4.107672373453776
1710802124.3343654,4.10557058122423
1710802124.3344781,4.101366731855604
1710802124.3345912,4.096462461683485
1710802124.3347042,4.090156820085314
1710802124.3348172,4.082099596659343
1710802124.33493,4.0750932693481445
1710802124.335043,4.065634939405653
1710802124.335156,4.055826134151882
1710802124.335269,4.041813479529487
1710802124.3353817,4.026049507988824
1710802124.3354948,4.007483058505588
1710802124.3356078,3.9868145518832736
1710802124.3357208,3.96439446343316
1710802124.3358335,3.9412739541795516
1710802124.3359466,3.9178029696146646
1710802124.3360596,3.893631299336751
1710802124.3361726,3.870160314771864
1710802124.3362854,3.845288223690457
1710802124.3363984,3.819364971584744
1710802124.3365114,3.7906395064459906
1710802124.3366244,3.7591112984551325
1710802124.3367372,3.7254812982347274
1710802124.3368502,3.6883481343587237
1710802124.3369632,3.649113178253174
1710802124.3370762,3.608476850721571
1710802124.337189,3.5685412089029946
1710802124.337302,3.5279051462809243
1710802124.337415,3.4869183434380426
1710802124.337528,3.445231384701199
1710802124.3376408,3.402843475341797
1710802124.3377538,3.3569524023267956
1710802124.3378668,3.308959537082248
1710802124.3379798,3.2595655653211804
1710802124.3380926,3.20736911561754
1710802124.3382056,3.1523699230617948
1710802124.3383186,3.0970205201043024
1710802124.3384316,3.0406202210320368
1710802124.3385444,2.984570132361518
1710802124.3386574,2.9274691475762262
1710802124.3387704,2.8700179523891873
1710802124.3388834,2.810464964972602
1710802124.3389962,2.749510341220432
1710802124.3391092,2.684352397918701
1710802124.3392222,2.6174426078796387
1710802124.3393352,2.5477303398980036
1710802124.339448,2.475916279686822
1710802124.339561,2.4023506376478405
1710802124.339674,2.328434785207113
1710802124.339787,2.253818247053358
1710802124.3398998,2.1788512335883246
1710802124.3400128,2.1021327707502575
1710802124.3401258,2.025764650768704
1710802124.3402388,1.9476449489593506
1710802124.3403516,1.8663724263509114
1710802124.3404646,1.7850999037424722
1710802124.3405776,1.7017254564497206
1710802124.3406906,1.6158988740709093
1710802124.3408034,1.5307729774051242
1710802124.3409164,1.4442457093132866
1710802124.3410294,1.357017887963189
1710802124.3411424,1.2694397237565782
1710802124.3412552,1.1822119024064806
1710802124.3413682,1.0928822225994534
1710802124.3414812,1.0018009609646268
1710802124.3415942,0.9107196993298
1710802124.341707,0.8182371324963039
1710802124.34182,0.7240030500623915
1710802124.341933,0.629418690999349
1710802124.342046,0.5330827169948154
1710802124.3421588,0.4367467429902818
1710802124.3422718,0.3404107689857483
1710802124.3423848,0.24267357256677416
1710802124.3424978,0.14493635959095424
1710802124.3426106,0.0461482091082467
1710802124.3427236,-0.05262964301639133
1710802124.3428366,-0.15174870689709982
1710802124.3429496,-0.2512180308500926
1710802124.3430624,-0.35103758176167804
1710802124.3431754,-0.4505069057146708
1710802124.3432884,-0.549625986152225
1710802124.3434014,-0.6497957971360948
1710802124.3435142,-0.749965575006273
1710802124.3436272,-0.8508358399073283
1710802124.3437402,-0.9510056840048896
1710802124.3438532,-1.0515257385041978
1710802124.343966,-1.151345305972629
1710802124.344079,-1.2504643864101834
1710802124.344192,-1.3478321499294705
1710802124.344305,-1.4441492822435167
1710802124.3444178,-1.5397659937540689
1710802124.3445308,-1.633981598748101
1710802124.3446438,-1.7278469933403862
1710802124.3447568,-1.8227631515926785
1710802124.3448696,-1.9155777825249565
1710802124.3449826,-2.008742756313748
1710802124.3450956,-2.100856966442532
1710802124.3452086,-2.191570202509562
1710802124.3453214,-2.2805322541130915
1710802124.3454344,-2.36739264594184
1710802124.3455474,-2.452501985761854
1710802124.3456604,-2.5358600086636014
1710802124.3457732,-2.61641608344184
1710802124.3458862,-2.6969724231296115
1710802124.3459992,-2.7764778667026095
1710802124.3461123,-2.8563332557678223
1710802124.346225,-2.9337374369303384
1710802124.346338,-3.010440667470296
1710802124.346451,-3.084342214796278
1710802124.346564,-3.156842920515272
1710802124.3466768,-3.2258409923977323
1710802124.3467898,-3.293437957763672
1710802124.3469028,-3.3578827646043563
1710802124.3470159,-3.4202263090345593
1710802124.3471286,-3.481168746948242
1710802124.3472416,-3.541060553656684
1710802124.3473547,-3.5992010434468584
1710802124.3474677,-3.6566411124335394
1710802124.3475804,-3.711979654100206
1710802124.3476934,-3.7662675645616317
1710802124.3478065,-3.818103472391764
1710802124.3479195,-3.866787486606174
1710802124.3480322,-3.9137201839023166
1710802124.3481452,-3.9564500914679632
1710802124.3482583,-3.9963777860005694
1710802124.3483713,-4.0335037973192005
1710802124.348484,-4.069929122924805
1710802124.348597,-4.104252921210395
1710802124.34871,-4.136475457085504
1710802124.348823,-4.167296886444092
1710802124.3489358,-4.196717474195692
1710802124.3490489,-4.223335848914252
1710802124.3491619,-4.247852961222331
1710802124.3492749,-4.269568125406901
1710802124.3493876,-4.288481341467963
1710802124.3495007,-4.304592609405518
1710802124.3496137,-4.318602350023058
1710802124.3497267,-4.33121124903361
1710802124.3498394,-4.3413681454128685
1710802124.3499525,-4.350824885898166
1710802124.3500655,-4.3599311510721845
1710802124.3501785,-4.36693615383572
1710802124.3502913,-4.373940891689724
1710802124.3504043,-4.378143946329753
1710802124.3505173,-4.381646315256755
1710802124.3506303,-4.381646315256755
1710802124.350743,-4.377443260616726
1710802124.350856,-4.3697381019592285
1710802124.350969,-4.361682467990451
1710802124.351082,-4.352575937906901
1710802124.3511949,-4.3413681454128685
1710802124.3513079,-4.32981014251709
1710802124.3514209,-4.3179019292195635
1710802124.351534,-4.303892188602023
1710802124.3516467,-4.28883155186971
1710802124.3517597,-4.270969231923421
1710802124.3518727,-4.249604278140597
1710802124.3519855,-4.226137797037761
1710802124.3520985,-4.199169211917453
1710802124.3522115,-4.170098834567599
1710802124.3523245,-4.138226774003771
1710802124.3524373,-4.10740507973565
1710802124.3525503,-4.074832598368327
1710802124.3526633,-4.043310483296712
1710802124.3527763,-4.009687105814616
1710802124.352889,-3.975363042619493
1710802124.353002,-3.9385875066121416
1710802124.353115,-3.8997104432847762
1710802124.353228,-3.857681221432156
1710802124.3533409,-3.8128500514560275
1710802124.3534539,-3.765917354159885
1710802124.353567,-3.718283971150716
1710802124.35368,-3.6688995361328125
1710802124.3537927,-3.6195151011149087
1710802124.3539057,-3.5694302452935114
1710802124.3540187,-3.5193453894721136
1710802124.3541317,-3.467509216732449
1710802124.3542445,-3.4132215711805554
1710802124.3543575,-3.3571823438008623
1710802124.3544705,-3.2972905370924206
1710802124.3545835,-3.235647678375244
1710802124.3546963,-3.1708526611328125
1710802124.3548093,-3.104306062062581
1710802124.3549223,-3.0367090966966415
1710802124.3550353,-2.9680612352159286
1710802124.355148,-2.900464004940457
1710802124.355261,-2.8314659330579968
1710802124.355374,-2.7607168091668024
1710802124.355487,-2.6882161034478083
1710802124.3555999,-2.6143148210313583
1710802124.355713,-2.5372611151801214
1710802124.355826,-2.4581058820088706
1710802124.355939,-2.376498911115858
1710802124.3560517,-2.2941917843288846
1710802124.3561647,-2.2108336289723716
1710802124.3562777,-2.1271252632141113
1710802124.3563907,-2.0420159233940973
1710802124.3565035,-1.9572569264305961
1710802124.3566165,-1.8703964021470811
1710802124.3567295,-1.782134771347046
1710802124.3568425,-1.6924722989400227
1710802124.3569553,-1.6021094057295058
1710802124.3570683,-1.5099951956007216
1710802124.3571813,-1.4157795906066895
1710802124.3572943,-1.3212136427561443
1710802124.357407,-1.2269980377621121
1710802124.35752,-1.1306809054480658
1710802124.357633,-1.0347139835357666
1710802124.3577461,-0.9369958771599664
1710802124.357859,-0.8403285344441731
1710802124.357972,-0.741909941037496
1710802124.358085,-0.6438416242599487
1710802124.358198,-0.5450727873378329
1710802124.3583107,-0.44525325298309326
1710802124.3584237,-0.3457839290301005
1710802124.3585367,-0.24526387453079224
1710802124.3586497,-0.14474383658832973
1710802124.3587625,-0.04387354271279441
1710802124.3588755,0.05805883970525529
1710802124.3589885,0.15964948468738133
1710802124.3591015,0.2615904476907518
1710802124.3592143,0.3638817204369439
1710802124.3593273,0.46477175421184963
1710802124.3594403,0.5660120646158854
1710802124.3595533,0.6655008925331963
1710802124.359666,0.764639311366611
1710802124.3597791,0.8634274535708957
1710802124.3598921,0.9622156620025635
1710802124.3600051,1.0617044236924913
1710802124.360118,1.160842842525906
1710802124.360231,1.2592807081010606
1710802124.360344,1.3584191269344754
1710802124.360457,1.45615643925137
1710802124.3605697,1.5521420372856987
1710802124.3606827,1.6460258430904813
1710802124.3607957,1.737807724210951
1710802124.3609087,1.8285387092166476
1710802124.3610215,1.9164670838250053
1710802124.3611345,2.0043955908881292
1710802124.3612475,2.0905725161234536
1710802124.3613605,2.176749308904012
1710802124.3614733,2.261875205569797
1710802124.3615863,2.345600128173828
1710802124.3616993,2.4282738897535534
1710802124.3618124,2.5081451733907065
1710802124.3619251,2.5852139790852866
1710802124.3620381,2.6591298315260143
1710802124.3621511,2.731294102138943
1710802124.3622642,2.8010063701205783
1710802124.362377,2.86966774198744
1710802124.36249,2.9372779528299966
1710802124.362603,3.004187742869059
1710802124.362716,3.0700463718838162
1710802124.3628287,3.135204580095079
1710802124.3629417,3.1972098350524902
1710802124.3630548,3.257813983493381
1710802124.3631678,3.31526517868042
1710802124.3632805,3.3699141608344183
1710802124.3633935,3.4214099248250323
1710802124.3635066,3.470103475782606
1710802124.3636196,3.5177458657158747
1710802124.3637323,3.5625860426161022
1710802124.3638453,3.6067252688937717
1710802124.3639584,3.6487629678514266
1710802124.3640714,3.691501087612576
1710802124.3641841,3.730385833316379
1710802124.3642972,3.7678692075941296
1710802124.3644102,3.8029003143310547
1710802124.3645232,3.834428522321913
1710802124.364636,3.8638546731736922
1710802124.364749,3.8908288213941784
1710802124.364862,3.9146500163608127
1710802124.364975,3.9381210009256997
1710802124.3650877,3.9591397179497614
1710802124.3652008,3.980508910285102
1710802124.3653138,4.000826941596137
1710802124.3654268,4.018692970275879
1710802124.3655396,4.0369092093573675
1710802124.3656526,4.051272074381511
1710802124.3657656,4.06458404329088
1710802124.3658786,4.073692162831624
1710802124.3659914,4.081398910946316
1710802124.3661044,4.085252285003662
1710802124.3662174,4.087354342142741
1710802124.3663304,4.087704552544488
1710802124.3664432,4.087704552544488
1710802124.3665562,4.085602760314941
1710802124.3666692,4.083851178487142
1710802124.3667822,4.08069822523329
1710802124.366895,4.075443479749891
1710802124.367008,4.069488313462999
1710802124.367121,4.060730404324001
1710802124.367234,4.048469596438937
1710802124.3673468,4.035507837931315
1710802124.3674598,4.020094341701931
1710802124.3675728,4.003279209136963
1710802124.3676858,3.986113866170247
1710802124.3677986,3.9689485232035318
1710802124.3679116,3.951432969835069
1710802124.3680246,3.933566941155328
1710802124.3681376,3.9142998059590655
1710802124.3682504,3.892580403221978
1710802124.3683634,3.86945989396837
1710802124.3684764,3.842135535346137
1710802124.3685894,3.8123589091830783
1710802124.3687022,3.7801300154791937
1710802124.3688152,3.7457993295457626
1710802124.3689282,3.7104180124070907
1710802124.3690412,3.6746859550476074
1710802124.369154,3.639304372999403
1710802124.369267,3.602871894836426
1710802124.36938,3.565738730960422
1710802124.369493,3.5279051462809243
1710802124.3696058,3.4865681330362954
1710802124.3697188,3.442779117160373
1710802124.3698318,3.396187623341878
1710802124.3699448,3.346793386671278
1710802124.3700576,3.2963485187954373
1710802124.3701706,3.2452027002970376
1710802124.3702836,3.1937069363064237
1710802124.3703966,3.1408095359802246
1710802124.3705094,3.090014192793104
1710802124.3706224,3.0367668469746905
1710802124.3707354,2.983169025844998
1710802124.3708484,2.9260680410597057
1710802124.3709612,2.8665147887335882
1710802124.3710742,2.8055604298909507
1710802124.3711872,2.7428544892205133
1710802124.3713002,2.67769628100925
1710802124.371413,2.61078675587972
1710802124.371526,2.5442271762424045
1710802124.371639,2.4783685472276473
1710802124.371752,2.4107580714755588
1710802124.3718648,2.3441987567477756
1710802124.3719778,2.273435592651367
1710802124.3720908,2.2019718752966986
1710802124.3722038,2.1280558904012046
1710802124.3723166,2.0516877704196506
1710802124.3724296,1.972867382897271
1710802124.3725426,1.8929962317148843
1710802124.3726556,1.8120739195081923
1710802124.3727684,1.730451186498006
1710802124.3728814,1.646376053492228
1710802124.3729944,1.5637022919125028
1710802124.3731074,1.4792769485049777
1710802124.3732202,1.3941510518391926
1710802124.3733332,1.3076237837473552
1710802124.3734462,1.2196954091389973
1710802124.3735592,1.1286140812767875
1710802124.373672,1.0385837819841173
1710802124.373785,0.9468019008636475
1710802124.373898,0.8546696768866645
1710802124.374011,0.7621871100531684
1710802124.3741238,0.668653647104899
1710802124.3742368,0.5754705270131429
1710802124.3743498,0.4808861348364088
1710802124.3744628,0.38595143291685313
1710802124.3745756,0.29031607839796275
1710802124.3746886,0.19468074043591815
1710802124.3748016,0.0979944732454088
1710802124.3749146,0.001658511141108142
1710802124.3750274,-0.09570966164271036
1710802124.3751404,-0.19272726443078783
1710802124.3752534,-0.2900951107343038
1710802124.3753664,-0.3881634606255425
1710802124.3754792,-0.48693229754765827
1710802124.3755922,-0.585000647438897
1710802124.3757052,-0.6837694512473212
1710802124.3758183,-0.7821880446539985
1710802124.375931,-0.8795558744006686
1710802124.376044,-0.9762232171164619
1710802124.376157,-1.0725403494305081
1710802124.37627,-1.1678067843119304
1710802124.3763828,-1.2634233633677165
1710802124.3764958,-1.3590399424235027
1710802124.3766088,-1.4550068643358018
1710802124.3767219,-1.550973786248101
1710802124.3768346,-1.6462401549021402
1710802124.3769476,-1.7411563131544325
1710802124.3770607,-1.8353719181484647
1710802124.3771737,-1.9274861282772489
1710802124.3772864,-2.017849153942532
1710802124.3773994,-2.107161283493042
1710802124.3775125,-2.19437215063307
1710802124.3776255,-2.2805322541130915
1710802124.3777382,-2.3663420147365994
1710802124.3778512,-2.45180156495836
1710802124.3779643,-2.536210219065348
1710802124.3780773,-2.6188678211636014
1710802124.37819,-2.7001245816548667
1710802124.378303,-2.7799802356296115
1710802124.378416,-2.8570339414808483
1710802124.378529,-2.9316359096103244
1710802124.3786418,-3.003435929616292
1710802124.3787549,-3.072434001498752
1710802124.3788679,-3.140381442175971
1710802124.3789809,-3.20692777633667
1710802124.3790936,-3.2724232143825955
1710802124.3792067,-3.3372184965345593
1710802124.3793197,-3.399562040964762
1710802124.3794327,-3.4619053204854326
1710802124.3795455,-3.521096706390381
1710802124.3796585,-3.5788869857788086
1710802124.3797715,-3.6338753170437283
1710802124.3798845,-3.686411910586887
1710802124.3799973,-3.735095659891764
1710802124.3801103,-3.78307925330268
1710802124.3802233,-3.8293115297953286
1710802124.3803363,-3.87379248936971
1710802124.380449,-3.9168723424275713
1710802124.380562,-3.9589018291897244
1710802124.380675,-3.9998801549275713
1710802124.380788,-4.03840700785319
1710802124.3809009,-4.074482123057048
1710802124.3810139,-4.108455975850423
1710802124.3811269,-4.139277405209011
1710802124.38124,-4.166596465640597
1710802124.3813527,-4.19181399875217
1710802124.3814657,-4.215280479855007
1710802124.3815787,-4.236645168728298
1710802124.3816917,-4.255908595191108
1710802124.3818045,-4.274471600850423
1710802124.3819175,-4.291283289591472
1710802124.3820305,-4.307044347127278
1710802124.3821435,-4.321054087744819
1710802124.3822563,-4.333312511444092
1710802124.3823693,-4.3420688311258955
1710802124.3824823,-4.349423779381646
1710802124.3825953,-4.352575937906901
1710802124.382708,-4.354327254825168
1710802124.382821,-4.353977044423421
1710802124.382934,-4.352225727505154
1710802124.383047,-4.35012420018514
1710802124.3831599,-4.347322252061632
1710802124.383273,-4.3434696727328825
1710802124.383386,-4.338215986887614
1710802124.383499,-4.330510563320583
1710802124.3836117,-4.3214042981465655
1710802124.3837247,-4.307744767930773
1710802124.3838377,-4.291983710394965
1710802124.3839507,-4.273070759243435
1710802124.3840635,-4.252756436665853
1710802124.3841765,-4.2306910620795355
1710802124.3842895,-4.2072248458862305
1710802124.3844025,-4.18410857518514
1710802124.3845153,-4.160292148590088
1710802124.3846283,-4.136125246683757
1710802124.3847413,-4.109156396653917
1710802124.3848543,-4.08078670501709
1710802124.384967,-4.048564169141981
1710802124.38508,-4.014240370856391
1710802124.385193,-3.9764139387342663
1710802124.3853061,-3.937186665005154
1710802124.385419,-3.8958578639560275
1710802124.385532,-3.854178852505154
1710802124.385645,-3.812149365743001
1710802124.385758,-3.7697699334886337
1710802124.3858707,-3.727040025922987
1710802124.3859837,-3.6825590663486056
1710802124.3860967,-3.635276158650716
1710802124.3862097,-3.5848410924275713
1710802124.3863225,-3.5312536027696395
1710802124.3864355,-3.475214640299479
1710802124.3865485,-3.4170741505093045
1710802124.3866615,-3.3582332399156356
1710802124.3867743,-3.297991222805447
1710802124.3868873,-3.237048784891764
1710802124.3870003,-3.1764565573798285
1710802124.3871133,-3.1155141194661455
1710802124.387226,-3.052119943830702
1710802124.387339,-2.986974451276991
1710802124.3874521,-2.919027010599772
1710802124.3875651,-2.8493285179138184
1710802124.387678,-2.7757771809895835
1710802124.387791,-2.7018756336636014
1710802124.387904,-2.6262230343288846
1710802124.388017,-2.5498697492811413
1710802124.3881297,-2.4731662538316512
1710802124.3882427,-2.3954121271769204
1710802124.3883557,-2.3176580005221896
1710802124.3884687,-2.237802346547445
1710802124.3885815,-2.1568959289126926
1710802124.3886945,-2.073537906010946
1710802124.3888075,-1.9884285661909316
1710802124.3889205,-1.9012178315056694
1710802124.3890333,-1.8133065435621474
1710802124.3891463,-1.7239942815568712
1710802124.3892593,-1.633631388346354
1710802124.3893723,-1.5415171782175698
1710802124.3894851,-1.4497531784905326
1710802124.3895981,-1.3569385475582547
1710802124.3897111,-1.2620223893059623
1710802124.3898242,-1.1657052569919162
1710802124.389937,-1.069738401307
1710802124.39005,-0.9716700845294528
1710802124.390163,-0.8725510040918986
1710802124.390276,-0.7723812262217203
1710802124.3903887,-0.6715108950932821
1710802124.3905017,-0.5709908405939738
1710802124.3906147,-0.46801911460028756
1710802124.3907278,-0.3660980860392253
1710802124.3908405,-0.26277608341640896
1710802124.3909535,-0.15980432430903116
1710802124.3910666,-0.056132082309987806
1710802124.3911796,0.0461482091082467
1710802124.3912923,0.14843949013286167
1710802124.3914053,0.25073076287905377
1710802124.3915184,0.3523213995827569
1710802124.3916314,0.45391205284330577
1710802124.3917441,0.5551523963610331
1710802124.3918571,0.6563927067650689
1710802124.3919702,0.7586840126249526
1710802124.3920832,0.8609753184848361
1710802124.392196,0.9625659386316935
1710802124.392309,1.0613540808359783
1710802124.392422,1.1615435282389324
1710802124.392535,1.2589303652445476
1710802124.3926477,1.3552663061353896
1710802124.3927608,1.4502010080549452
1710802124.3928738,1.545135842429267
1710802124.3929865,1.6393698586357963
1710802124.3930995,1.733604007297092
1710802124.3932126,1.826436784532335
1710802124.3933256,1.9192695617675781
1710802124.3934383,2.0121024714575872
1710802124.3935513,2.1010818746354842
1710802124.3936644,2.1897109349568686
1710802124.3937774,2.2744864887661405
1710802124.3938901,2.3571602503458657
1710802124.3940032,2.438082695007324
1710802124.3941162,2.5169028176201715
1710802124.3942292,2.595372994740804
1710802124.394342,2.672792010837131
1710802124.394455,2.749160130818685
1710802124.394568,2.8241271442837186
1710802124.394681,2.8990938928392196
1710802124.3947937,2.9709079530504012
1710802124.3949068,3.0395693249172635
1710802124.3950198,3.1061286396450467
1710802124.3951328,3.1691850556267633
1710802124.3952456,3.2290885183546276
1710802124.3953586,3.286189238230387
1710802124.3954716,3.342589537302653
1710802124.3955846,3.396888044145372
1710802124.3956974,3.449785444471571
1710802124.3958104,3.500930998060438
1710802124.3959234,3.5506754451327853
1710802124.3960364,3.5979676246643066
1710802124.3961492,3.643157747056749
1710802124.3962622,3.6851954460144043
1710802124.3963752,3.724430402119954
1710802124.3964882,3.7605126698811846
1710802124.396601,3.7955437766181097
1710802124.396714,3.8277726703219943
1710802124.396827,3.858950403001573
1710802124.39694,3.889777925279405
1710802124.3970528,3.919554551442464
1710802124.3971658,3.9475795957777233
1710802124.3972788,3.973152372572157
1710802124.3973918,3.999776045481364
1710802124.3975046,4.021145237816705
1710802124.3976176,4.04146326912774
1710802124.3977306,4.057927926381429
1710802124.3978436,4.071940581003825
1710802124.3979564,4.084201388888888
1710802124.3980694,4.094710879855685
1710802124.3981824,4.1045194201999236
1710802124.3982954,4.1125766436258955
1710802124.3984082,4.11993318133884
1710802124.3985212,4.125888612535265
1710802124.3986342,4.130792882707384
1710802124.3987472,4.13324515024821
1710802124.39886,4.133945835961236
1710802124.398973,4.130792882707384
1710802124.399086,4.125187926822238
1710802124.399199,4.116079807281494
1710802124.3993118,4.10557058122423
1710802124.3994248,4.092959298027886
1710802124.3995378,4.079997539520264
1710802124.3996508,4.0659851498074
1710802124.3997636,4.0516222847832575
1710802124.3998766,4.0369092093573675
1710802124.3999896,4.019393655988905
1710802124.4001026,4.001177416907416
1710802124.4002154,3.9794580141703286
1710802124.4003284,3.957037925720215
1710802124.4004414,3.9307644632127547
1710802124.4005544,3.903089894188775
1710802124.4006672,3.874364164140489
1710802124.4007802,3.845288223690457
1710802124.4008932,3.8169129689534502
1710802124.4010062,3.7871363427903915
1710802124.401119,3.758060402340359
1710802124.401232,3.727232880062527
1710802124.401345,3.6943035655551486
1710802124.401458,3.657871087392171
1710802124.4015708,3.6186358663770886
1710802124.4016838,3.5765984323289657
1710802124.4017968,3.5324592060512967
1710802124.4019098,3.4858674473232694
1710802124.4020226,3.439275953504774
1710802124.4021356,3.3916332986619735
1710802124.4022486,3.3439909087287054
1710802124.4023616,3.2963485187954373
1710802124.4024744,3.2473047574361162
1710802124.4025874,3.1975603103637695
1710802124.4027004,3.1439624892340765
1710802124.4028134,3.087562190161811
1710802124.4029262,3.0297605196634927
1710802124.4030392,2.969156371222602
1710802124.4031522,2.907501326666938
1710802124.4032652,2.845496071709527
1710802124.403378,2.7824399206373425
1710802124.403491,2.720434400770399
1710802124.403604,2.6563273535834417
1710802124.403717,2.592570516798231
1710802124.4038298,2.527061833275689
1710802124.4039428,2.457700040605333
1710802124.4040558,2.3869368765089245
1710802124.4041688,2.3140719201829696
1710802124.4042816,2.237703800201416
1710802124.4043946,2.161685890621609
1710802124.4045076,2.0828656355539956
1710802124.4046206,2.0050961441463895
1710802124.4047334,1.9266262319352891
1710802124.4048464,1.8471052911546495
1710802124.4049594,1.7675842179192436
1710802124.4050725,1.6870123810238309
1710802124.4051852,1.6046889623006184
1710802124.4052982,1.518862379921807
1710802124.4054112,1.434086693657769
1710802124.4055243,1.3465085294511583
1710802124.405637,1.2592807081010606
1710802124.40575,1.1699509620666504
1710802124.405863,1.0792200432883368
1710802124.405976,0.9895400206247965
1710802124.4060888,0.8977581395043267
1710802124.4062018,0.8056259155273438
1710802124.4063148,0.7120924525790744
1710802124.4064279,0.6185589896308051
1710802124.4065406,0.5225733253690932
1710802124.4066536,0.4262373844782511
1710802124.4067667,0.3285001715024312
1710802124.4068797,0.23041263222694397
1710802124.4069924,0.13232510950830248
1710802124.4071054,0.032836331261528864
1710802124.4072185,-0.06663940432998869
1710802124.4073315,-0.16610872414377
1710802124.4074442,-0.265578031539917
1710802124.4075572,-0.3664483295546638
1710802124.4076703,-0.4659176535076565
1710802124.4077833,-0.5650367339452108
1710802124.407896,-0.6631050507227579
1710802124.408009,-0.7615236441294352
1710802124.408122,-0.8592417505052354
1710802124.408235,-0.9569597906536526
1710802124.4083478,-1.053627199596829
1710802124.4084609,-1.151345305972629
1710802124.4085739,-1.2494136227501762
1710802124.4086869,-1.3464311758677165
1710802124.4087996,-1.4420478873782687
1710802124.4089127,-1.5376644664340549
1710802124.4090257,-1.630829440222846
1710802124.4091387,-1.7236440711551242
1710802124.4092515,-1.8143573072221544
1710802124.4093645,-1.9033192263709173
1710802124.4094775,-1.9929816987779405
1710802124.4095905,-2.0815935399797225
1710802124.4097033,-2.1705554591284857
1710802124.4098163,-2.258817089928521
1710802124.4099293,-2.346377902560764
1710802124.4100423,-2.431837452782525
1710802124.410155,-2.516246371799045
1710802124.410268,-2.5982035530938044
1710802124.410381,-2.6777089966668024
1710802124.410494,-2.755112912919786
1710802124.4106069,-2.830765512254503
1710802124.4107199,-2.905367480383979
1710802124.410833,-2.977167500389947
1710802124.410946,-3.050018416510688
1710802124.4110587,-3.1207675404018826
1710802124.4111717,-3.1901160875956216
1710802124.4112847,-3.257713052961561
1710802124.4113977,-3.3232087559170194
1710802124.4115105,-3.385902510748969
1710802124.4116235,-3.4461442629496255
1710802124.4117365,-3.5039345423380532
1710802124.4118495,-3.557522031995985
1710802124.4119623,-3.6111092567443848
1710802124.4120753,-3.6622450086805554
1710802124.4121883,-3.713380495707194
1710802124.4123013,-3.7617142995198565
1710802124.412414,-3.8100481033325195
1710802124.412527,-3.855929904513889
1710802124.41264,-3.90041086408827
1710802124.412753,-3.941739665137397
1710802124.4128659,-3.9799163076612682
1710802124.412979,-4.016341633266872
1710802124.413092,-4.050665696461995
1710802124.413205,-4.08078670501709
1710802124.4133177,-4.110557503170437
1710802124.4134307,-4.1378762986924915
1710802124.4135437,-4.164494938320583
1710802124.4136567,-4.190062681833903
1710802124.4137695,-4.2124785317315
1710802124.4138825,-4.23524432712131
1710802124.4139955,-4.25450775358412
1710802124.4141085,-4.272370073530409
1710802124.4142213,-4.286730024549696
1710802124.4143343,-4.298288292355007
1710802124.4144473,-4.307744767930773
1710802124.4145603,-4.315099981096056
1710802124.414673,-4.321054087744819
1710802124.414786,-4.324906667073567
1710802124.414899,-4.329109721713595
1710802124.4150121,-4.331911669837104
1710802124.415125,-4.334013197157118
1710802124.415238,-4.334363407558865
1710802124.415351,-4.331561459435357
1710802124.415464,-4.326657983991835
1710802124.4155767,-4.318602350023058
1710802124.4156897,-4.307744767930773
1710802124.4158027,-4.294785658518474
1710802124.4159157,-4.279725286695692
1710802124.4160285,-4.262563387552897
1710802124.4161415,-4.246452119615343
1710802124.4162545,-4.2285895347595215
1710802124.4163675,-4.210377004411486
1710802124.4164803,-4.190763367546929
1710802124.4165933,-4.169048203362359
1710802124.4167063,-4.14453109105428
1710802124.4168193,-4.117562241024441
1710802124.416932,-4.087091022067599
1710802124.417045,-4.054518275790744
1710802124.4171581,-4.019844267103407
1710802124.4172711,-3.9844695727030435
1710802124.417384,-3.94909487830268
1710802124.417497,-3.912669552697076
1710802124.41761,-3.876944647894965
1710802124.417723,-3.8387680053710938
1710802124.4178357,-3.800941573248969
1710802124.4179487,-3.7589123513963485
1710802124.4180617,-3.714781602223714
1710802124.4181747,-3.6681991153293185
1710802124.4182875,-3.618464469909668
1710802124.4184005,-3.5680294036865234
1710802124.4185135,-3.5165434413486056
1710802124.4186265,-3.464357058207194
1710802124.4187393,-3.4111200438605414
1710802124.4188523,-3.3582332399156356
1710802124.4189653,-3.303595119052463
1710802124.4190784,-3.2479063669840493
1710802124.4191911,-3.1894154018825955
1710802124.4193041,-3.127422332763672
1710802124.4194171,-3.063327736324734
1710802124.4195302,-2.995730506049262
1710802124.419643,-2.927783065372043
1710802124.419756,-2.8577343622843423
1710802124.419869,-2.7869849734836154
1710802124.419982,-2.7151849534776473
1710802124.4200947,-2.6437351438734265
1710802124.4202077,-2.5708844926622176
1710802124.4203207,-2.496982945336236
1710802124.4204338,-2.4206296602884927
1710802124.4205465,-2.342525323232015
1710802124.4206595,-2.262319458855523
1710802124.4207726,-2.180362277560764
1710802124.4208856,-2.097004254659017
1710802124.4209983,-2.0129456784990096
1710802124.4211113,-1.9281865490807426
1710802124.4212244,-1.8423767884572346
1710802124.4213374,-1.7565670278337266
1710802124.4214501,-1.6693562931484647
1710802124.4215631,-1.5803942415449355
1710802124.4216762,-1.4907317691379123
1710802124.4217892,-1.399668322669135
1710802124.421902,-1.306503348880344
1710802124.422015,-1.2122877438863118
1710802124.422128,-1.1180721388922796
1710802124.422241,-1.0231559806399875
1710802124.4223537,-0.9268388483259413
1710802124.4224668,-0.8305217160118951
1710802124.4225798,-0.7331538862652248
1710802124.4226928,-0.6364864773220485
1710802124.4228055,-0.5380679170290629
1710802124.4229186,-0.4392990801069471
1710802124.4230316,-0.34053027629852295
1710802124.4231446,-0.24106095234553018
1710802124.4232574,-0.14089114136166042
1710802124.4233704,-0.04142183396551344
1710802124.4234834,0.05875946333010991
1710802124.4235964,0.1599997944302029
1710802124.4237092,0.2615904476907518
1710802124.4238222,0.3635314106941223
1710802124.4239352,0.46652330292595756
1710802124.4240482,0.5688146087858412
1710802124.424161,0.6707555717892116
1710802124.424274,0.771995915306939
1710802124.424387,0.8714846769968668
1710802124.4245,0.9702728192011515
1710802124.4246128,1.0680099990632799
1710802124.4247258,1.164696349038018
1710802124.4248388,1.2613826327853732
1710802124.4249518,1.3580689165327284
1710802124.4250646,1.4544048574235704
1710802124.4251776,1.549689902199639
1710802124.4252906,1.6439239184061685
1710802124.4254036,1.7360561423831515
1710802124.4255164,1.8271374702453613
1710802124.4256294,1.915065844853719
1710802124.4257424,2.0012427700890436
1710802124.4258554,2.085317770640055
1710802124.4259682,2.16904256078932
1710802124.4260812,2.2517161899142795
1710802124.4261942,2.333339055379232
1710802124.4263072,2.4156626065572104
1710802124.42642,2.495533890194363
1710802124.426533,2.5747044881184897
1710802124.426646,2.6514228185017905
1710802124.426759,2.7256891462537975
1710802124.4268718,2.797503206464979
1710802124.4269848,2.8668652640448675
1710802124.4270978,2.9341252644856772
1710802124.4272108,2.999983893500434
1710802124.4273236,3.065142101711697
1710802124.4274366,3.1285487280951605
1710802124.4275496,3.191955354478624
1710802124.4276626,3.253960609436035
1710802124.4277754,3.3142142825656467
1710802124.4278884,3.3723661634657116
1710802124.4280014,3.427014880710178
1710802124.4281144,3.480612701839871
1710802124.4282272,3.5282553566826715
1710802124.4283402,3.5751973258124456
1710802124.4284532,3.6196870274013944
1710802124.4285662,3.662074671851264
1710802124.428679,3.702710999382867
1710802124.428792,3.7433473269144693
1710802124.428905,3.780480490790473
1710802124.429018,3.8176136546664767
1710802124.4291308,3.8519440756903753
1710802124.4292438,3.8838224940829806
1710802124.4293568,3.9135991202460394
1710802124.4294698,3.939171897040473
1710802124.4295826,3.9633435673183866
1710802124.4296956,3.984012073940701
1710802124.4298086,4.004330105251736
1710802124.4299216,4.022196133931478
1710802124.4300344,4.040412373012966
1710802124.4301474,4.05617634455363
1710802124.4302604,4.071940581003825
1710802124.4303734,4.085252285003662
1710802124.4304862,4.097513357798259
1710802124.4305992,4.107322163052029
1710802124.4307122,4.114328225453694
1710802124.4308252,4.118882285224067
1710802124.430938,4.120283656650119
1710802124.431051,4.119582970937093
1710802124.431164,4.117130703396267
1710802124.431277,4.114678700764974
1710802124.4313898,4.110474851396349
1710802124.4315028,4.1052201059129505
1710802124.4316158,4.099965360429552
1710802124.4317288,4.093309508429633
1710802124.4318416,4.084551599290636
1710802124.4319546,4.072641001807319
1710802124.4320676,4.058278401692708
1710802124.4321806,4.042514165242513
1710802124.4322934,4.023597240447998
1710802124.4324064,4.002578523423937
1710802124.4325194,3.9808591206868487
1710802124.4326324,3.9594901932610407
1710802124.4327452,3.9367198944091797
1710802124.4328582,3.9153507020738387
1710802124.4329712,3.8918797175089517
1710802124.4330842,3.8666574160257974
1710802124.433197,3.839683267805311
1710802124.43331,3.808155059814453
1710802124.433423,3.7741748491923013
1710802124.433536,3.737742371029324
1710802124.4336488,3.699558311038547
1710802124.4337618,3.6596226692199707
1710802124.4338748,3.6186358663770886
1710802124.4339879,3.577299118041992
1710802124.4341006,3.5377136866251626
1710802124.4342136,3.4963769382900662
1710802124.4343266,3.4543395042419434
1710802124.4344394,3.4094993273417153
1710802124.4345524,3.362207147810194
1710802124.4346654,3.3128131760491266
1710802124.4347785,3.2606164614359536
1710802124.4348912,3.207719326019287
1710802124.4350042,3.1527201334635415
1710802124.4351172,3.0980714162190752
1710802124.4352303,3.043072488572862
1710802124.435343,2.988073296017117
1710802124.435456,2.9316729969448514
1710802124.435569,2.8742218017578125
1710802124.435682,2.814668549431695
1710802124.4357948,2.7516123983595104
1710802124.4359078,2.6868044005499945
1710802124.4360209,2.6188439793056912
1710802124.4361339,2.549481921725803
1710802124.4362466,2.478018071916368
1710802124.4363596,2.406904697418213
1710802124.4364727,2.3343899514940047
1710802124.4365857,2.261875205569797
1710802124.4366984,2.188309695985582
1710802124.4368114,2.1129924721188016
1710802124.4369245,2.037324905395508
1710802124.4370375,1.9578039646148682
1710802124.4371502,1.8768817848629422
1710802124.4372633,1.7928067843119302
1710802124.4373763,1.7090821266174316
1710802124.4374893,1.6232555442386203
1710802124.437602,1.5367282761467826
1710802124.437715,1.449150111940172
1710802124.437828,1.3615719477335613
1710802124.437941,1.272242334153917
1710802124.4380538,1.1832629309760199
1710802124.4381669,1.0925318797429402
1710802124.4382799,1.0003997219933403
1710802124.4383929,0.9065159161885579
1710802124.4385056,0.8126321766111586
1710802124.4386187,0.718047751320733
1710802124.4387317,0.622062087059021
1710802124.4388447,0.5257261461681789
1710802124.4389575,0.42833924293518066
1710802124.4390705,0.3313026494450039
1710802124.4391835,0.23251450724071926
1710802124.4392965,0.13512760400772095
1710802124.4394093,0.03563883403937022
1710802124.4395223,-0.06348720855183071
1710802124.4396353,-0.16330677602026197
1710802124.4397483,-0.26277608341640896
1710802124.439861,-0.36294589440027875
1710802124.439974,-0.4631156722704569
1710802124.440087,-0.5639859702852037
1710802124.4402,-0.664856301413642
1710802124.4403129,-0.7650260792838203
1710802124.4404259,-0.8672973182466295
1710802124.440539,-0.9681676493750678
1710802124.440652,-1.069037914276123
1710802124.4407647,-1.1681569947136772
1710802124.4408777,-1.2665755218929715
1710802124.4409907,-1.364643971125285
1710802124.4411037,-1.460260550181071
1710802124.4412165,-1.5565776824951172
1710802124.4413295,-1.6511434978908963
1710802124.4414425,-1.7467602094014485
1710802124.4415555,-1.8413260247972276
1710802124.4416683,-1.9362421830495198
1710802124.4417813,-2.029407156838311
1710802124.4418943,-2.121871577368842
1710802124.4420073,-2.2122346030341253
1710802124.44212,-2.3001458909776473
1710802124.442233,-2.3863058620029025
1710802124.442346,-2.4710649914211698
1710802124.442459,-2.553372383117676
1710802124.4425719,-2.6342786682976618
1710802124.442685,-2.714484532674154
1710802124.442798,-2.7953908178541393
1710802124.442911,-2.8727947341071234
1710802124.4430237,-2.94984843995836
1710802124.4431367,-3.0244504080878363
1710802124.4432497,-3.0969511138068304
1710802124.4433627,-3.1669998168945312
1710802124.4434755,-3.234246836768256
1710802124.4435885,-3.299041854010688
1710802124.4437015,-3.3624360296461315
1710802124.4438145,-3.423728677961561
1710802124.4439273,-3.484320905473497
1710802124.4440403,-3.543512291378445
1710802124.4441533,-3.602002991570367
1710802124.4442663,-3.6590928501553006
1710802124.444379,-3.714431391821967
1710802124.444492,-3.7676684061686196
1710802124.444605,-3.8177532619900174
1710802124.4447181,-3.8650361696879068
1710802124.444831,-3.9095173941718206
1710802124.444944,-3.9515466160244412
1710802124.445057,-3.9907738897535534
1710802124.44517,-4.028950532277425
1710802124.4452827,-4.065375857883029
1710802124.4453957,-4.099699921078152
1710802124.4455087,-4.134023719363742
1710802124.4456217,-4.164845148722331
1710802124.4457345,-4.194966157277425
1710802124.4458475,-4.221584796905518
1710802124.4459605,-4.245751698811849
1710802124.4460735,-4.267466598086886
1710802124.4461863,-4.284978972540961
1710802124.4462993,-4.301440450880262
1710802124.4464123,-4.3143995602925616
1710802124.4465253,-4.327008194393581
1710802124.446638,-4.337165355682373
1710802124.446751,-4.347322252061632
1710802124.4468641,-4.356078571743435
1710802124.4469771,-4.3641342057122126
1710802124.44709,-4.369387626647949
1710802124.447203,-4.37183936436971
1710802124.447316,-4.372540050082736
1710802124.447429,-4.369387626647949
1710802124.4475417,-4.363783730400933
1710802124.4476547,-4.357129202948676
1710802124.4477677,-4.347672727372911
1710802124.4478807,-4.338215986887614
1710802124.4479935,-4.328409300910102
1710802124.4481065,-4.317551718817817
1710802124.4482195,-4.305643240610759
1710802124.4483325,-4.293034606509738
1710802124.4484453,-4.276573128170437
1710802124.4485583,-4.257659912109375
1710802124.4486713,-4.235944747924805
1710802124.4487844,-4.211077425214979
1710802124.4488971,-4.18410857518514
1710802124.4490101,-4.155738883548312
1710802124.4491231,-4.125968085394965
1710802124.4492362,-4.0958470768398705
1710802124.449349,-4.065375857883029
1710802124.449462,-4.034554428524441
1710802124.449575,-4.001981682247585
1710802124.449688,-3.9673076735602484
1710802124.4498007,-3.929131031036377
1710802124.4499137,-3.888152440388997
1710802124.4500268,-3.8450723224216037
1710802124.4501398,-3.798489835527208
1710802124.4502525,-3.7512069278293185
1710802124.4503655,-3.702873388926188
1710802124.4504786,-3.6545395851135254
1710802124.4505916,-3.604804939693875
1710802124.4507043,-3.555420504675971
1710802124.4508173,-3.5049854384528265
1710802124.4509304,-3.4506975279914007
1710802124.4510434,-3.396059407128228
1710802124.4511561,-3.3372184965345593
1710802124.4512691,-3.2769764794243708
1710802124.4513822,-3.2142827245924206
1710802124.4514952,-3.150888548956977
1710802124.451608,-3.086443742116292
1710802124.451721,-3.021298249562581
1710802124.451834,-2.9561530219184027
1710802124.451947,-2.8903071085611978
1710802124.4520597,-2.823760774400499
1710802124.4521728,-2.755112912919786
1710802124.4522858,-2.685063944922553
1710802124.4523988,-2.610812187194824
1710802124.4525115,-2.535509798261854
1710802124.4526246,-2.4577556716071234
1710802124.4527376,-2.3779000176323786
1710802124.4528506,-2.2983945740593805
1710802124.4529634,-2.2167877356211343
1710802124.4530764,-2.1365818712446423
1710802124.4531894,-2.0518227418263755
1710802124.4533024,-1.9688149293263753
1710802124.4534152,-1.8830051687028673
1710802124.4535282,-1.796144644419352
1710802124.4536412,-1.707182592815823
1710802124.4537542,-1.616119146347046
1710802124.453867,-1.5243551466200087
1710802124.45398,-1.4311903052859836
1710802124.454093,-1.3366243574354384
1710802124.454206,-1.2417081991831462
1710802124.4543188,-1.1464418305291069
1710802124.4544318,-1.0497744878133137
1710802124.4545448,-0.9524066580666436
1710802124.4546578,-0.8543383412890964
1710802124.4547706,-0.7548689842224121
1710802124.4548836,-0.6564503908157349
1710802124.4549966,-0.5566308233473036
1710802124.4551096,-0.45646104547712535
1710802124.4552224,-0.3566414780086941
1710802124.4553354,-0.2561214400662316
1710802124.4554484,-0.1549009150928921
1710802124.4555614,-0.05438086473279529
1710802124.4556742,0.047199146615134344
1710802124.4557872,0.14843949013286167
1710802124.4559002,0.25003014339341056
1710802124.4560132,0.3498692313830058
1710802124.456126,0.4511095749007331
1710802124.456239,0.5491970976193746
1710802124.456352,0.6479852067099677
1710802124.456465,0.745372109942966
1710802124.4565778,0.8431093560324775
1710802124.4566908,0.941547155380249
1710802124.4568038,1.0392844014697604
1710802124.4569168,1.1373718579610188
1710802124.4570296,1.2351091702779133
1710802124.4571426,1.3317954540252686
1710802124.4572556,1.4267301559448242
1710802124.4573686,1.5202636188930936
1710802124.4574814,1.6120455000135634
1710802124.4575944,1.702426142162747
1710802124.4577074,1.7921060985989041
1710802124.4578204,1.8800346056620278
1710802124.4579332,1.9683133231268988
1710802124.4580462,2.0555412769317627
1710802124.4581592,2.1424187554253473
1710802124.4582722,2.227894994947645
1710802124.458385,2.3123203383551703
1710802124.458498,2.3935929934183755
1710802124.458611,2.472413116031223
1710802124.458724,2.548781236012777
1710802124.4588368,2.622697353363037
1710802124.4589498,2.6945114135742188
1710802124.4590628,2.764573891957601
1710802124.4591758,2.834286159939236
1710802124.4592886,2.9025970564948187
1710802124.4594016,2.9709079530504012
1710802124.4595146,3.0367668469746905
1710802124.4596276,3.1008738941616483
1710802124.4597404,3.1625289387173123
1710802124.4598534,3.22208219104343
1710802124.4599664,3.277781804402669
1710802124.4600794,3.331379625532362
1710802124.4601922,3.3828756544325085
1710802124.4603052,3.431919415791829
1710802124.4604182,3.479912281036377
1710802124.4605312,3.526853985256619
1710802124.460644,3.5720443725585938
1710802124.460757,3.616534074147542
1710802124.46087,3.658221297793918
1710802124.460983,3.6985071500142412
1710802124.4610958,3.7370416853162975
1710802124.4612088,3.7720727920532227
1710802124.4613218,3.8043016857571073
1710802124.4614348,3.834428522321913
1710802124.4615476,3.862803777058919
1710802124.4616606,3.8894277148776584
1710802124.4617736,3.915000491672092
1710802124.4618866,3.9405732684665256
1710802124.4619994,3.96439446343316
1710802124.4621124,3.9864640765719943
1710802124.4622254,4.007833268907335
1710802124.4623384,4.026049507988824
1710802124.4624512,4.042514165242513
1710802124.4625642,4.055125448438856
1710802124.4626772,4.065284464094374
1710802124.4627903,4.072290791405572
1710802124.462903,4.077195061577691
1710802124.463016,4.079997539520264
1710802124.463129,4.083150492774116
1710802124.463242,4.084201388888888
1710802124.4633548,4.084902074601915
1710802124.4634678,4.084902074601915
1710802124.4635808,4.083150492774116
1710802124.4636939,4.078596433003743
1710802124.4638066,4.072290791405572
1710802124.4639196,4.063532882266574
1710802124.4640326,4.0516222847832575
1710802124.4641457,4.03831058078342
1710802124.4642584,4.022896819644504
1710802124.4643714,4.007833268907335
1710802124.4644845,3.9917188220553927
1710802124.4645975,3.9752541648017035
1710802124.4647102,3.9584392971462674
1710802124.4648232,3.9402230580647783
1710802124.4649363,3.920605447557237
1710802124.4650493,3.8988860448201494
1710802124.465162,3.873313268025716
1710802124.465275,3.845288223690457
1710802124.465388,3.8158620728386774
1710802124.465501,3.784684075249566
1710802124.4656138,3.7528056568569608
1710802124.4657269,3.7209272384643555
1710802124.4658399,3.687997923956977
1710802124.4659529,3.6561195055643716
1710802124.4660656,3.6221390300326877
1710802124.4661787,3.5874581336975098
1710802124.4662917,3.5496242841084795
1710802124.4664047,3.50863774617513
1710802124.4665174,3.465549416012234
1710802124.4666305,3.418957922193739
1710802124.4667435,3.3709650569491916
1710802124.4668565,3.3222715059916177
1710802124.4669693,3.2725270589192705
1710802124.4670823,3.223133087158203
1710802124.4671953,3.173388640085856
1710802124.4673083,3.122593296898736
1710802124.467421,3.0700463718838162
1710802124.467534,3.015047444237603
1710802124.467647,2.957245773739285
1710802124.46776,2.8969921006096735
1710802124.4678729,2.834986845652262
1710802124.4679859,2.771580219268799
1710802124.4680989,2.707122696770562
1710802124.468212,2.641964488559299
1710802124.4683247,2.576806280348036
1710802124.4684377,2.510947651333279
1710802124.4685507,2.4447385470072427
1710802124.4686637,2.377128071255154
1710802124.4687765,2.306715382470025
1710802124.4688895,2.2349013222588434
1710802124.4690025,2.1599343087938094
1710802124.4691155,2.083566188812256
1710802124.4692283,2.0050961441463895
1710802124.4693413,1.9266262319352891
1710802124.4694543,1.8464046054416232
1710802124.4695673,1.7668836646609836
1710802124.46968,1.6863116953108046
1710802124.469793,1.6046889623006184
1710802124.469906,1.5209641721513536
1710802124.470019,1.4365388287438285
1710802124.4701319,1.3503620359632704
1710802124.470245,1.2624335289001465
1710802124.470358,1.172403229607476
1710802124.470471,1.0809716251161363
1710802124.4705837,0.9891896777682834
1710802124.4706967,0.8967071771621704
1710802124.4708097,0.803173714213901
1710802124.4709227,0.7085892889234755
1710802124.4710355,0.614004929860433
1710802124.4711485,0.5183695753415426
1710802124.4712615,0.4216832915941874
1710802124.4713745,0.3246467312177022
1710802124.4714873,0.22690950168503654
1710802124.4716003,0.12882197896639505
1710802124.4717133,0.031084768060180876
1710802124.4718263,-0.06839062604639265
1710802124.471939,-0.166809211174647
1710802124.472052,-0.266278518570794
1710802124.472165,-0.3657478425237867
1710802124.472278,-0.4659176535076565
1710802124.472391,-0.5643362469143337
1710802124.472504,-0.6641557481553819
1710802124.472617,-0.7636251052220662
1710802124.47273,-0.8602924479378594
1710802124.4728427,-0.9573100672827827
1710802124.4729557,-1.053627199596829
1710802124.4730687,-1.149594121509128
1710802124.4731817,-1.2469618850284152
1710802124.4732945,-1.3422282536824544
1710802124.4734075,-1.4388955963982475
1710802124.4735205,-1.534162097507053
1710802124.4736335,-1.630128886964586
1710802124.4737463,-1.7243446244133842
1710802124.4738593,-1.8168090449439154
1710802124.4739723,-1.9082227018144395
1710802124.4740853,-1.9985857274797227
1710802124.474198,-2.0868472258249917
1710802124.474311,-2.174057960510254
1710802124.4744241,-2.261268827650282
1710802124.4745371,-2.349179850684272
1710802124.47465,-2.4363907178243003
1710802124.474763,-2.521850268046061
1710802124.474876,-2.6052082909478083
1710802124.474989,-2.687865893046061
1710802124.4751017,-2.7677215470208063
1710802124.4752147,-2.845475938585069
1710802124.4753277,-2.9207783275180392
1710802124.4754407,-2.993979189130995
1710802124.4755535,-3.0647285779317217
1710802124.4756665,-3.134777545928955
1710802124.4757795,-3.2044760386149087
1710802124.4758923,-3.272773689693875
1710802124.4760053,-3.3389698134528265
1710802124.4761183,-3.403064409891764
1710802124.4762313,-3.466108375125461
1710802124.476344,-3.526700602637397
1710802124.476457,-3.5844908820258246
1710802124.4765701,-3.638428317175971
1710802124.4766831,-3.6909649107191296
1710802124.476796,-3.7414002418518066
1710802124.476909,-3.790083991156684
1710802124.477022,-3.8373668988545733
1710802124.477135,-3.884299596150716
1710802124.4772477,-3.929131031036377
1710802124.4773607,-3.972561094495985
1710802124.4774737,-4.014240370856391
1710802124.4775867,-4.053467644585504
1710802124.4776995,-4.089892970191108
1710802124.4778125,-4.1242170333862305
1710802124.4779255,-4.154688252343072
1710802124.4780385,-4.182707733578152
1710802124.4781513,-4.208975897894965
1710802124.4782643,-4.2341934310065374
1710802124.4783773,-4.256959491305881
1710802124.4784904,-4.278674655490451
1710802124.4786031,-4.298638502756755
1710802124.4787161,-4.3179019292195635
1710802124.4788291,-4.334713617960612
1710802124.4789422,-4.349423779381646
1710802124.479055,-4.360631571875678
1710802124.479168,-4.3697381019592285
1710802124.479281,-4.3753419982062445
1710802124.479394,-4.377443260616726
1710802124.4795067,-4.378844367133246
1710802124.4796197,-4.379194577534993
1710802124.4797328,-4.377793735928005
1710802124.4798458,-4.375692208607991
1710802124.4799585,-4.372540050082736
1710802124.4800715,-4.3676365746392145
1710802124.4801846,-4.361332257588704
1710802124.4802976,-4.351175096299913
1710802124.4804103,-4.338916407691108
1710802124.4805233,-4.3235058254665795
1710802124.4806364,-4.305643240610759
1710802124.4807494,-4.284978972540961
1710802124.4808621,-4.264314439561632
1710802124.4809752,-4.241548644171821
1710802124.4810882,-4.21983347998725
1710802124.4812012,-4.196367263793945
1710802124.481314,-4.172550572289361
1710802124.481427,-4.146982828776042
1710802124.48154,-4.1200139787462025
1710802124.481653,-4.088842338985867
1710802124.4817657,-4.054518275790744
1710802124.4818788,-4.018443160586886
1710802124.4819918,-3.9799163076612682
1710802124.4821048,-3.941039244333903
1710802124.4822176,-3.90041086408827
1710802124.4823306,-3.861183590359158
1710802124.4824436,-3.819504578908284
1710802124.4825566,-3.7792264090643988
1710802124.4826694,-3.7354458702935114
1710802124.4827824,-3.689914279513889
1710802124.4828954,-3.6415804757012262
1710802124.4830084,-3.5907951990763345
1710802124.4831212,-3.536857499016656
1710802124.4832342,-3.480118115743001
1710802124.4833472,-3.4233784675598145
1710802124.4834602,-3.3645375569661455
1710802124.483573,-3.306397067175971
1710802124.483686,-3.246855470869276
1710802124.483799,-3.1873141394721136
1710802124.483912,-3.1256710158454046
1710802124.4840248,-3.062276840209961
1710802124.4841378,-2.9953802956475153
1710802124.4842508,-2.925681802961561
1710802124.4843638,-2.8538817829555936
1710802124.4844766,-2.7799802356296115
1710802124.4845896,-2.7053782675001354
1710802124.4847026,-2.6290249824523926
1710802124.4848156,-2.5526716974046493
1710802124.4849284,-2.4756179915534124
1710802124.4850414,-2.3978638648986816
1710802124.4851544,-2.3183584213256836
1710802124.4852674,-2.237802346547445
1710802124.4853802,-2.154794534047445
1710802124.4854932,-2.0696851942274304
1710802124.4856062,-1.9831748803456624
1710802124.4857192,-1.8942129611968994
1710802124.485832,-1.8049006991916232
1710802124.485945,-1.714187463124593
1710802124.486058,-1.6234742270575628
1710802124.486171,-1.5310098065270317
1710802124.4862838,-1.4388955963982475
1710802124.4863968,-1.3457307550642226
1710802124.4865098,-1.2508145968119304
1710802124.4866228,-1.154147254096137
1710802124.4867356,-1.0571296347512138
1710802124.4868486,-0.9583607647154067
1710802124.4869616,-0.8588914738761054
1710802124.4870746,-0.7590719064076741
1710802124.4871874,-0.658902128537496
1710802124.4873004,-0.5576815870073106
1710802124.4874134,-0.45541031493080986
1710802124.4875264,-0.3534892863697476
1710802124.4876392,-0.24946681327290005
1710802124.4877522,-0.14684529768096075
1710802124.4878652,-0.04492427325910992
1710802124.4879782,0.05805883970525529
1710802124.488091,0.16105074021551344
1710802124.488204,0.26264139347606236
1710802124.488317,0.36493264966540867
1710802124.48843,0.46757426526811385
1710802124.4885428,0.5705661243862575
1710802124.4886558,0.6739083925882975
1710802124.4887688,0.776199632220798
1710802124.4888818,0.879892177051968
1710802124.4889946,0.9807821777131822
1710802124.4891076,1.0816722446017795
1710802124.4892206,1.180110110176934
1710802124.4893336,1.2771466043260362
1710802124.4894464,1.372431649102105
1710802124.4895594,1.4666657977634006
1710802124.4896724,1.56089981396993
1710802124.4897854,1.6544332769181993
1710802124.4898982,1.7479667398664687
1710802124.4900112,1.8400989638434515
1710802124.4901242,1.9322311878204346
1710802124.4902372,2.0205099052853055
1710802124.49035,2.108438412348429
1710802124.490463,2.1928637557559543
1710802124.490576,2.275537649790446
1710802124.490689,2.3561093542310925
1710802124.4908018,2.4356304274664984
1710802124.4909148,2.5137501292758517
1710802124.4910278,2.592220041486952
1710802124.4911408,2.6699895328945584
1710802124.4912536,2.746707863277859
1710802124.4913666,2.8220250871446395
1710802124.4914796,2.8941896226671004
1710802124.4915926,2.9649527867635093
1710802124.4917054,3.0322127872043185
1710802124.4918184,3.096670309702555
1710802124.4919314,3.157624668545193
1710802124.4920444,3.2178783416748047
1710802124.4921572,3.275680012173123
1710802124.4922702,3.3334814177619085
1710802124.4923832,3.38918129603068
1710802124.4924963,3.4434798028733993
1710802124.492609,3.4970776240030923
1710802124.492722,3.5478729671902127
1710802124.492835,3.595515357123481
1710802124.492948,3.6403552691141763
1710802124.4930608,3.6834438641866045
1710802124.4931738,3.722678820292155
1710802124.4932868,3.7601621945699053
1710802124.4933999,3.7937921947903104
1710802124.4935126,3.827071984608968
1710802124.4936256,3.858950403001573
1710802124.4937387,3.888026343451606
1710802124.4938517,3.9178029696146646
1710802124.4939644,3.9444266425238714
1710802124.4940774,3.9696492089165583
1710802124.4941905,3.992419507768419
1710802124.4943035,4.012387328677707
1710802124.4944162,4.02850177552965
1710802124.4945292,4.043565061357286
1710802124.4946423,4.05617634455363
1710802124.4947553,4.067386521233453
1710802124.494868,4.076844851175944
1710802124.494981,4.086653656429714
1710802124.495094,4.094710879855685
1710802124.495207,4.10206741756863
1710802124.4953198,4.108373059166802
1710802124.4954329,4.112226433224148
1710802124.4955459,4.1132773293389215
1710802124.4956589,4.1125766436258955
1710802124.4957716,4.108022583855523
1710802124.4958847,4.101016521453857
1710802124.4959977,4.091557926601833
1710802124.4961107,4.0824498070610895
1710802124.4962234,4.071239895290798
1710802124.4963365,4.060029718610975
1710802124.4964495,4.048119121127658
1710802124.4965625,4.034807417127821
1710802124.4966753,4.020444552103679
1710802124.4967883,4.003979894849989
1710802124.4969013,3.9843622843424478
1710802124.4970143,3.9633435673183866
1710802124.497127,3.938471476236979
1710802124.49724,3.91184753841824
1710802124.497353,3.8838224940829806
1710802124.497466,3.8561479250590005
1710802124.4975789,3.8277726703219943
1710802124.4976919,3.799397415584988
1710802124.4978049,3.7710218959384494
1710802124.497918,3.7412452697753906
1710802124.4980307,3.709016640981038
1710802124.4981437,3.673635058932834
1710802124.4982567,3.6365018950568304
1710802124.4983697,3.595515357123481
1710802124.4984825,3.554178343878852
1710802124.4985955,3.5103893280029297
1710802124.4987085,3.465899626413981
1710802124.4988215,3.4217604001363116
1710802124.4989343,3.37762090894911
1710802124.4990473,3.3331312073601618
1710802124.4991603,3.28759060965644
1710802124.4992733,3.239947954813639
1710802124.499386,3.1902037726508246
1710802124.499499,3.137656847635905
1710802124.499612,3.0819572342766657
1710802124.499725,3.0248562494913735
1710802124.4998379,2.9649527867635093
1710802124.499951,2.9057497448391385
1710802124.500064,2.8458465470208063
1710802124.500177,2.7862932946946883
1710802124.5002897,2.7249884605407715
1710802124.5004027,2.6636838912963867
1710802124.5005157,2.599576579199897
1710802124.5006287,2.5330172644721136
1710802124.5007415,2.4633049964904785
1710802124.5008545,2.391841411590576
1710802124.5009675,2.318275769551595
1710802124.5010805,2.243308756086561
1710802124.5011933,2.166239950391981
1710802124.5013063,2.0898718304104276
1710802124.5014193,2.0138540532853866
1710802124.5015323,1.9357343514760335
1710802124.501645,1.85761464966668
1710802124.501758,1.7777433660295274
1710802124.501871,1.695770157708062
1710802124.5019841,1.6120455000135634
1710802124.502097,1.5279704994625516
1710802124.50221,1.440742678112454
1710802124.502323,1.3538650671641033
1710802124.502436,1.2662869029574924
1710802124.5025487,1.1773074997795951
1710802124.5026617,1.0890287823147244
1710802124.5027747,0.9993487596511841
1710802124.5028877,0.9093184603585137
1710802124.5030005,0.8178868558671739
1710802124.5031135,0.725754631890191
1710802124.5032265,0.6318708260854086
1710802124.5033395,0.5379870865080092
1710802124.5034523,0.4430523845884535
1710802124.5035653,0.3481176495552063
1710802124.5036783,0.2514313823646969
1710802124.5037913,0.15544573465983072
1710802124.503904,0.05735821194118924
1710802124.504017,-0.03967061224910948
1710802124.5041301,-0.1384394367535909
1710802124.5042431,-0.23650777008798388
1710802124.504356,-0.33597707748413086
1710802124.504469,-0.4336951838599311
1710802124.504582,-0.5317635337511698
1710802124.504695,-0.6298318836424086
1710802124.5048077,-0.7271997133890787
1710802124.5049207,-0.824567543135749
1710802124.5050337,-0.9226359261406792
1710802124.5051467,-1.0207042429182265
1710802124.5052595,-1.1184223492940266
1710802124.5053725,-1.21579024526808
1710802124.5054855,-1.3124575879838731
1710802124.5055985,-1.4080741670396593
1710802124.5057113,-1.5019395616319444
1710802124.5058243,-1.5947543250189886
1710802124.5059373,-1.6861679818895128
1710802124.5060503,-1.776881217956543
1710802124.5061631,-1.866893900765313
1710802124.5062761,-1.9558559523688421
1710802124.5063891,-2.045518424775865
1710802124.5065022,-2.1337799231211343
1710802124.506615,-2.2213408682081432
1710802124.506728,-2.307851049635145
1710802124.506841,-2.3929603894551597
1710802124.506954,-2.4749175707499185
1710802124.5070667,-2.5551234351264105
1710802124.5071797,-2.6328775617811413
1710802124.5072927,-2.7099312676323786
1710802124.5074058,-2.7859343422783747
1710802124.5075185,-2.8601861000061035
1710802124.5076315,-2.9337374369303384
1710802124.5077446,-3.007288508945041
1710802124.5078576,-3.078037897745768
1710802124.5079703,-3.1484368112352157
1710802124.5080833,-3.2163842519124346
1710802124.5081964,-3.2822301652696395
1710802124.5083094,-3.3452741305033364
1710802124.5084221,-3.4055161476135254
1710802124.5085351,-3.464357058207194
1710802124.5086482,-3.5207464959886337
1710802124.5087612,-3.5771356688605414
1710802124.508874,-3.6310733689202204
1710802124.508987,-3.6853610144721136
1710802124.5091,-3.736496766408284
1710802124.509213,-3.787282043033176
1710802124.5093257,-3.8349154260423446
1710802124.5094388,-3.880797227223714
1710802124.5095518,-3.9228264490763345
1710802124.5096648,-3.9624041981167264
1710802124.5097775,-3.999179734124078
1710802124.5098906,-4.034554428524441
1710802124.5100036,-4.0667769643995495
1710802124.5101166,-4.097248183356391
1710802124.5102293,-4.126668506198459
1710802124.5103424,-4.155038462744819
1710802124.5104554,-4.181656837463379
1710802124.5105684,-4.206173949771457
1710802124.5106812,-4.2292902204725475
1710802124.5107942,-4.249254067738851
1710802124.5109072,-4.26711638768514
1710802124.5110202,-4.281476603613959
1710802124.511133,-4.293384816911486
1710802124.511246,-4.302491082085504
1710802124.511359,-4.310896926456027
1710802124.511472,-4.31825213962131
1710802124.5115848,-4.324206246270074
1710802124.5116978,-4.329109721713595
1710802124.5118108,-4.333312511444092
1710802124.5119238,-4.335764249165853
1710802124.5120366,-4.335414038764106
1710802124.5121496,-4.333312511444092
1710802124.5122626,-4.328058825598823
1710802124.5123756,-4.319652981228298
1710802124.5124884,-4.3101965056525335
1710802124.5126014,-4.298288292355007
1710802124.5127144,-4.285329182942708
1710802124.5128274,-4.271669652726915
1710802124.5129402,-4.258010122511122
1710802124.5130532,-4.243299961090088
1710802124.5131662,-4.228239324357775
1710802124.5132792,-4.209326108296712
1710802124.513392,-4.188311629825168
1710802124.513505,-4.163444307115343
1710802124.513618,-4.135775036282009
1710802124.513731,-4.106354448530409
1710802124.5138438,-4.074832598368327
1710802124.5139568,-4.041909641689724
1710802124.5140698,-4.009687105814616
1710802124.5141828,-3.9750128322177463
1710802124.5142956,-3.942440350850423
1710802124.5144086,-3.9067154460483127
1710802124.5145216,-3.869589434729682
1710802124.5146346,-3.8300119505988226
1710802124.5147474,-3.788332939147949
1710802124.5148604,-3.743501504262288
1710802124.5149734,-3.695868386162652
1710802124.5150864,-3.646834161546495
1710802124.5151992,-3.597800201839871
1710802124.5153122,-3.548065291510688
1710802124.5154252,-3.4969298044840493
1710802124.5155382,-3.4454438421461315
1710802124.515651,-3.393607669406467
1710802124.515764,-3.3396702342563205
1710802124.515877,-3.2825803756713867
1710802124.51599,-3.223389254675971
1710802124.5161028,-3.161045710245768
1710802124.5162158,-3.097301324208577
1710802124.5163288,-3.0304047796461315
1710802124.5164418,-2.9631577597724066
1710802124.5165546,-2.894860108693441
1710802124.5166676,-2.826912932925754
1710802124.5167806,-2.758265071445041
1710802124.5168936,-2.687865893046061
1710802124.5170064,-2.6167665587531195
1710802124.5171194,-2.5428650114271374
1710802124.5172324,-2.4668619367811413
1710802124.5173452,-2.3884073893229165
1710802124.5174582,-2.3082015249464245
1710802124.5175712,-2.2255439228481717
1710802124.5176842,-2.1421857674916587
1710802124.517797,-2.0577769809299045
1710802124.51791,-1.9726676411098905
1710802124.518023,-1.8868577480316162
1710802124.518136,-1.799647013346354
1710802124.5182488,-1.711385515001085
1710802124.5183618,-1.6203220685323079
1710802124.5184748,-1.5285580688052707
1710802124.5185878,-1.4360936482747395
1710802124.5187006,-1.3411776224772136
1710802124.5188136,-1.2455609109666612
1710802124.5189266,-1.149243778652615
1710802124.5190396,-1.053627199596829
1710802124.5191524,-0.9562593036227756
1710802124.5192654,-0.8585412634743584
1710802124.5193784,-0.7604728804694282
1710802124.5194914,-0.6620542870627509
1710802124.5196042,-0.5622347858217027
1710802124.5197172,-0.4638161924150255
1710802124.5198302,-0.36364638143115574
1710802124.5199432,-0.26312632693184745
1710802124.520056,-0.16330677602026197
1710802124.520169,-0.0624364780055152
1710802124.520282,0.03774070905314551
1710802124.520395,0.13968166377809313
1710802124.5205078,0.24127231703864202
1710802124.5206208,0.3439138995276557
1710802124.5207338,0.4455045527882046
1710802124.5208468,0.5474455157915751
1710802124.5209596,0.6483355495664809
1710802124.5210726,0.7481746541129218
1710802124.5211856,0.8473130729463365
1710802124.5212986,0.9461012813780043
1710802124.5214114,1.0445390807257757
1710802124.5215244,1.1433272891574435
1710802124.5216374,1.2428160508473713
1710802124.5217505,1.3416041268242729
1710802124.5218632,1.4400419923994277
1710802124.5219762,1.537779172261556
1710802124.5220892,1.633764902750651
1710802124.5222023,1.7283492618136935
1710802124.522315,1.8201311429341633
1710802124.522428,1.9105117850833468
1710802124.522541,1.9984402921464708
1710802124.522654,2.0867190096113415
1710802124.5227668,2.172545591990153
1710802124.5228798,2.2587225172254772
1710802124.5229928,2.3441987567477756
1710802124.5231059,2.4289743105570474
1710802124.5232186,2.510597176022
1710802124.5233316,2.5904684596591525
1710802124.5234447,2.6675372653537326
1710802124.5235577,2.741453382703993
1710802124.5236704,2.8136176533169217
1710802124.5237834,2.8829794459872775
1710802124.5238965,2.9509401321411133
1710802124.5240095,3.017849922180176
1710802124.5241222,3.0840590265062118
1710802124.5242352,3.1488667594061956
1710802124.5243483,3.2126235961914062
1710802124.5244613,3.2735782199435763
1710802124.524574,3.3341821034749346
1710802124.524687,3.3902321921454535
1710802124.5248,3.4441802236768932
1710802124.524913,3.4956762525770397
1710802124.5250258,3.5436691178215876
1710802124.5251389,3.5895599259270563
1710802124.5252519,3.634400102827284
1710802124.5253649,3.678189118703206
1710802124.5254776,3.7209272384643555
1710802124.5255907,3.761913776397705
1710802124.5257037,3.801499207814534
1710802124.5258167,3.837931685977512
1710802124.5259295,3.873313268025716
1710802124.5260425,3.904491000705295
1710802124.5261555,3.933917416466607
1710802124.5262685,3.9591397179497614
1710802124.5263813,3.9829611778259277
1710802124.5264943,4.003979894849989
1710802124.5266073,4.024648401472303
1710802124.5267203,4.043214850955539
1710802124.526833,4.061781300438775
1710802124.526946,4.078246222601996
1710802124.527059,4.092959298027886
1710802124.527172,4.106271002027723
1710802124.5272849,4.116079807281494
1710802124.5273979,4.125187926822238
1710802124.527511,4.129391776190864
1710802124.527624,4.131143358018663
1710802124.5277367,4.13149356842041
1710802124.5278497,4.13009246190389
1710802124.5279627,4.127289983961317
1710802124.5280757,4.123436344994439
1710802124.5281885,4.120283656650119
1710802124.5283015,4.114678700764974
1710802124.5284145,4.109423955281575
1710802124.5285275,4.100666046142578
1710802124.5286403,4.090857240888807
1710802124.5287533,4.07754553688897
1710802124.5288663,4.06283246146308
1710802124.5289793,4.044616222381592
1710802124.529092,4.024648401472303
1710802124.529205,4.004680580563015
1710802124.529318,3.984012073940701
1710802124.529431,3.9633435673183866
1710802124.5295439,3.942324850294325
1710802124.529657,3.920605447557237
1710802124.52977,3.8967842525906033
1710802124.529883,3.8705107900831432
1710802124.5299957,3.8410843743218317
1710802124.5301087,3.8092059559292264
1710802124.5302217,3.7745250595940485
1710802124.5303347,3.738092581431071
1710802124.5304475,3.7006092071533203
1710802124.5305605,3.66277535756429
1710802124.5306735,3.6245912975735135
1710802124.5307865,3.5864072375827365
1710802124.5308993,3.546821806165907
1710802124.5310123,3.50723663965861
1710802124.5311253,3.4641480445861816
1710802124.5312383,3.4179067611694336
1710802124.531351,3.3692134751213922
1710802124.531464,3.3170167605082193
1710802124.531577,3.2637694146898055
1710802124.5316901,3.2087702221340604
1710802124.531803,3.153070608774821
1710802124.531916,3.0984218915303545
1710802124.532029,3.042021592458089
1710802124.532142,2.985621028476291
1710802124.5322547,2.9278196228875055
1710802124.5323677,2.8675656848483615
1710802124.5324807,2.8052102194892035
1710802124.5325937,2.7397018008761935
1710802124.5327065,2.672091325124105
1710802124.5328195,2.603079742855496
1710802124.5329325,2.533367474873861
1710802124.5330455,2.4622541003757052
1710802124.5331583,2.391490936279297
1710802124.5332713,2.3196768760681152
1710802124.5333843,2.2475126054551864
1710802124.5334973,2.1735966205596924
1710802124.53361,2.0979290538363986
1710802124.533723,2.0205099052853055
1710802124.5338361,1.9413393073611789
1710802124.5339491,1.8593662314944797
1710802124.534062,1.7759917842017279
1710802124.534175,1.6908657550811768
1710802124.534288,1.6060902012719047
1710802124.534401,1.5195629331800673
1710802124.5345137,1.434086693657769
1710802124.5346267,1.3458079761928983
1710802124.5347397,1.2582298119862874
1710802124.5348527,1.168549723095364
1710802124.5349655,1.0767678419748943
1710802124.5350785,0.983584721883138
1710802124.5351915,0.8904015355639987
1710802124.5353045,0.795466833644443
1710802124.5354173,0.6998315122392442
1710802124.5355303,0.6034955713484023
1710802124.5356433,0.5054080155160692
1710802124.5357563,0.40837142202589244
1710802124.5358691,0.3099335895644294
1710802124.5359821,0.21289699607425266
1710802124.5360951,0.11375853584872352
1710802124.5362082,0.014970389505227406
1710802124.536321,-0.08380136556095547
1710802124.536434,-0.18186969889534843
1710802124.536547,-0.2806385358174642
1710802124.53666,-0.3801078597704569
1710802124.5367727,-0.47922690709431964
1710802124.5368857,-0.5779957109027438
1710802124.5369987,-0.6771147913402981
1710802124.5371118,-0.7762338717778523
1710802124.5372245,-0.8753529522154067
1710802124.5373375,-0.9741217560238308
1710802124.5374506,-1.0725403494305081
1710802124.5375636,-1.1699081791771782
1710802124.5376763,-1.2662253114912245
1710802124.5377893,-1.3621922334035237
1710802124.5379024,-1.4574586020575628
1710802124.5380154,-1.553075181113349
1710802124.5381281,-1.6476411289638944
1710802124.5382411,-1.7436080508761935
1710802124.5383542,-1.8378236558702257
1710802124.5384672,-1.9320392608642578
1710802124.53858,-2.0245036813947888
1710802124.538693,-2.115216917461819
1710802124.538806,-2.203828626208835
1710802124.538919,-2.2910393608940973
1710802124.5390317,-2.3761487007141113
1710802124.5391448,-2.4602074093288846
1710802124.5392578,-2.5428650114271374
1710802124.5393708,-2.6251724031236434
1710802124.5394835,-2.7074795299106174
1710802124.5395966,-2.7880358695983887
1710802124.5397096,-2.8664904170566134
1710802124.5398226,-2.9428437021043563
1710802124.5399354,-3.0181460910373263
1710802124.5400484,-3.0892456902398004
1710802124.5401614,-3.158593972524007
1710802124.5402744,-3.2251403066847057
1710802124.5403872,-3.2895853784349227
1710802124.5405002,-3.3519286579555936
1710802124.5406132,-3.4132215711805554
1710802124.5407262,-3.473813798692491
1710802124.540839,-3.53265470928616
1710802124.540952,-3.5897445678710938
1710802124.541065,-3.6454333199395075
1710802124.541178,-3.698320123884413
1710802124.5412908,-3.7487551901075573
1710802124.5414038,-3.7970889939202204
1710802124.5415168,-3.8415699534946017
1710802124.5416298,-3.8850002818637424
1710802124.5417426,-3.9259788725111218
1710802124.5418556,-3.965556356641981
1710802124.5419686,-4.004083209567599
1710802124.5420816,-4.041208955976698
1710802124.5421944,-4.076933860778809
1710802124.5423074,-4.1109077135721845
1710802124.5424204,-4.142779774136013
1710802124.5425334,-4.172200361887614
1710802124.5426462,-4.199169211917453
1710802124.5427592,-4.221935007307264
1710802124.5428722,-4.242949750688341
1710802124.5429852,-4.26081207063463
1710802124.543098,-4.277273548973931
1710802124.543211,-4.292333920796712
1710802124.543324,-4.304942819807264
1710802124.543437,-4.316851033104791
1710802124.5435498,-4.327708615197076
1710802124.5436628,-4.33751556608412
1710802124.5437758,-4.344170093536377
1710802124.5438888,-4.348723358578152
1710802124.5440016,-4.350824885898166
1710802124.5441146,-4.349773989783393
1710802124.5442276,-4.345571200052897
1710802124.5443406,-4.339617093404134
1710802124.5444534,-4.331911669837104
1710802124.5445664,-4.3235058254665795
1710802124.5446794,-4.313348664177789
1710802124.5447924,-4.303892188602023
1710802124.5449052,-4.292684396107991
1710802124.5450182,-4.2804257074991865
1710802124.5451312,-4.265015125274658
1710802124.5452442,-4.247852961222331
1710802124.545357,-4.226838482750787
1710802124.54547,-4.203372001647949
1710802124.545583,-4.178154468536377
1710802124.545696,-4.1518863042195635
1710802124.5458088,-4.125267664591472
1710802124.5459218,-4.098649024963379
1710802124.5460348,-4.071329964531793
1710802124.5461478,-4.043660693698459
1710802124.5462606,-4.015291002061632
1710802124.5463736,-3.98341867658827
1710802124.5464866,-3.949795299106174
1710802124.5465996,-3.912669552697076
1710802124.5467124,-3.873091803656684
1710802124.5468254,-3.8310625818040633
1710802124.5469384,-3.787982728746202
1710802124.5470514,-3.7438517146640353
1710802124.5471642,-3.699370755089654
1710802124.5472772,-3.6538391643100314
1710802124.5473902,-3.6086575190226235
1710802124.5475032,-3.561374611324734
1710802124.547616,-3.5112897555033364
1710802124.547729,-3.4591033723619247
1710802124.547842,-3.404115041097005
1710802124.547955,-3.3456243409050836
1710802124.5480678,-3.2850321133931475
1710802124.5481808,-3.222688568962945
1710802124.5482938,-3.1599950790405273
1710802124.5484068,-3.0955500072903104
1710802124.5485196,-3.0318056212531195
1710802124.5486326,-2.967360814412435
1710802124.5487456,-2.901865111456977
1710802124.5488586,-2.833567460378011
1710802124.5489714,-2.763868967692057
1710802124.5490844,-2.6910183164808483
1710802124.5491974,-2.6160658730400934
1710802124.5493104,-2.5400630633036294
1710802124.5494232,-2.4619584613376193
1710802124.5495362,-2.3835039138793945
1710802124.5496492,-2.3046988911098905
1710802124.5497622,-2.2251934475368924
1710802124.549875,-2.1453379260169134
1710802124.549988,-2.0644315083821616
1710802124.550101,-1.9814236958821614
1710802124.550214,-1.8966646989186604
1710802124.5503268,-1.8115553590986464
1710802124.5504398,-1.7239942815568712
1710802124.5505528,-1.634331809149848
1710802124.5506659,-1.544669336742825
1710802124.5507786,-1.4539561006757948
1710802124.5508916,-1.3621922334035237
1710802124.5510046,-1.2693774700164795
1710802124.5511177,-1.1762126286824544
1710802124.5512304,-1.0812964704301622
1710802124.5513434,-0.98638031217787
1710802124.5514565,-0.8900631798638238
1710802124.5515695,-0.7930456267462836
1710802124.5516822,-0.6946270333396064
1710802124.5517952,-0.5962084399329292
1710802124.5519083,-0.49743960301081336
1710802124.5520213,-0.3983205225732591
1710802124.552134,-0.2978005011876424
1710802124.552247,-0.19763069020377264
1710802124.55236,-0.09641014867358737
1710802124.552473,0.004461011849343777
1710802124.5525858,0.10500072605080074
1710802124.5526989,0.2051901320616404
1710802124.5528119,0.3053795297940572
1710802124.5529249,0.40486829148398507
1710802124.5530376,0.5036564668019613
1710802124.5531507,0.6020942661497328
1710802124.5532637,0.7005321317248874
1710802124.5533767,0.7989699310726589
1710802124.5534894,0.8977581395043267
1710802124.5536025,0.9968965583377414
1710802124.5537155,1.0942834615707397
1710802124.5538285,1.1909698115454779
1710802124.5539412,1.28730575243632
1710802124.5540543,1.3815397686428494
1710802124.5541673,1.4747228887346056
1710802124.5542803,1.5658042165968153
1710802124.554393,1.6554843054877386
1710802124.554506,1.7444635762108696
1710802124.554619,1.834143665101793
1710802124.554732,1.9234734111362033
1710802124.5548449,2.0121024714575872
1710802124.5549579,2.098979949951172
1710802124.5550709,2.1851568751864963
1710802124.555184,2.2695822185940213
1710802124.5552967,2.3505043983459473
1710802124.5554097,2.4282738897535534
1710802124.5555227,2.5063935915629068
1710802124.5556357,2.5820610258314343
1710802124.5557485,2.6559768782721624
1710802124.5558615,2.7295425203111434
1710802124.5559745,2.8013568454318576
1710802124.5560875,2.8742218017578125
1710802124.5562003,2.9446344905429416
1710802124.5563133,3.01399654812283
1710802124.5564263,3.0791544914245605
1710802124.5565393,3.142561117808024
1710802124.556652,3.2031652662489147
1710802124.556765,3.260266251034207
1710802124.556878,3.314564757876926
1710802124.556991,3.3678121036953397
1710802124.5571039,3.419308132595486
1710802124.557217,3.4704536861843533
1710802124.55733,3.519497447543674
1710802124.557443,3.5667896270751953
1710802124.5575557,3.6130309104919434
1710802124.5576687,3.6561195055643716
1710802124.5577817,3.6974562538994684
1710802124.5578947,3.735640313890245
1710802124.5580075,3.7710218959384494
1710802124.5581205,3.8036010000440807
1710802124.5582335,3.8337278366088867
1710802124.5583463,3.8635044627719455
1710802124.5584593,3.8901281356811523
1710802124.5585723,3.9178029696146646
1710802124.5586853,3.942675060696072
1710802124.558798,3.9671969413757324
1710802124.558911,3.98891634411282
1710802124.559024,4.009584850735134
1710802124.559137,4.027450879414876
1710802124.5592499,4.042514165242513
1710802124.559363,4.055125448438856
1710802124.559476,4.0659851498074
1710802124.559589,4.074042373233371
1710802124.5597017,4.082099596659343
1710802124.5598147,4.088054762946235
1710802124.5599277,4.094010194142659
1710802124.5600407,4.099264939626058
1710802124.5601535,4.102417627970378
1710802124.5602665,4.104869895511203
1710802124.5603795,4.104169209798177
1710802124.5604925,4.101366731855604
1710802124.5606053,4.095061090257433
1710802124.5607183,4.085952970716688
1710802124.5608313,4.074743058946398
1710802124.5609443,4.06283246146308
1710802124.561057,4.049170282151964
1710802124.56117,4.034807417127821
1710802124.561283,4.020094341701931
1710802124.5613961,4.004680580563015
1710802124.561509,3.98891634411282
1710802124.561622,3.9703498946295843
1710802124.561735,3.949331177605523
1710802124.561848,3.9258601930406356
1710802124.5619607,3.899586730533176
1710802124.5620737,3.8712114757961698
1710802124.5621867,3.842135535346137
1710802124.5622997,3.8109575377570257
1710802124.5624125,3.7808307011922198
1710802124.5625255,3.749652968512641
1710802124.5626385,3.718825446234809
1710802124.5627515,3.6869470278422036
1710802124.5628643,3.6526163419087725
1710802124.5629773,3.6161838637457953
1710802124.5630903,3.576948907640245
1710802124.5632033,3.53491120868259
1710802124.563316,3.4907719824049206
1710802124.563429,3.445231384701199
1710802124.5635421,3.3986396259731717
1710802124.5636551,3.3523983425564237
1710802124.563768,3.3051061630249023
1710802124.563881,3.258514669206407
1710802124.563994,3.210171593560113
1710802124.564107,3.1600769360860186
1710802124.5642197,3.107880221472846
1710802124.5643327,3.0511297119988336
1710802124.5644457,2.9933280415005155
1710802124.5645587,2.931322786543104
1710802124.5646715,2.868616845872667
1710802124.5647845,2.8045095337761774
1710802124.5648975,2.7400520112779403
1710802124.5650105,2.6745435926649304
1710802124.5651233,2.609735859764947
1710802124.5652363,2.542475594414605
1710802124.5653493,2.4752155939737954
1710802124.5654624,2.4041022194756403
1710802124.5655751,2.331587473551432
1710802124.5656881,2.256620724995931
1710802124.5658011,2.1788512335883246
1710802124.5659142,2.100381188922458
1710802124.566027,2.0208602481418185
1710802124.56614,1.9409889645046658
1710802124.566253,1.861117680867513
1710802124.566366,1.7805458439721
1710802124.5664787,1.6989229785071478
1710802124.5665917,1.6162492169274223
1710802124.5667048,1.5321742163764105
1710802124.5668178,1.4473985301123724
1710802124.5669305,1.3601707087622747
1710802124.5670435,1.271891991297404
1710802124.5671566,1.1822119024064806
1710802124.5672696,1.0925318797429402
1710802124.5673823,1.0014506181081135
1710802124.5674953,0.9103693564732869
1710802124.5676084,0.8175365130106608
1710802124.5677214,0.7243533929189047
1710802124.5678341,0.6308199299706353
1710802124.5679471,0.5348342657089233
1710802124.5680602,0.4384983248180813
1710802124.5681732,0.3414617313279046
1710802124.568286,0.24337419205241734
1710802124.568399,0.14563697907659742
1710802124.568512,0.04544758548339208
1710802124.568625,-0.05368037356270684
1710802124.5687377,-0.1538501845465766
1710802124.5688508,-0.2543702224890391
1710802124.5689638,-0.3562912344932556
1710802124.5690768,-0.45646104547712535
1710802124.5691895,-0.5573313103781806
1710802124.5693026,-0.6582016415066189
1710802124.5694156,-0.7576709323459201
1710802124.5695286,-0.8564398023817275
1710802124.5696414,-0.9552086061901516
1710802124.5697544,-1.053977409998576
1710802124.5698674,-1.152045726776123
1710802124.5699804,-1.2504643864101834
1710802124.5700932,-1.3495834668477376
1710802124.5702062,-1.4483522044287787
1710802124.5703192,-1.544669336742825
1710802124.5704322,-1.6416870223151312
1710802124.570545,-1.7359026273091633
1710802124.570658,-1.8294178114997015
1710802124.570771,-1.9201310475667317
1710802124.570884,-2.0118949148390026
1710802124.5709968,-2.101207176844279
1710802124.5711098,-2.1901692284478083
1710802124.5712228,-2.279481357998318
1710802124.5713358,-2.368093066745334
1710802124.5714486,-2.455303933885362
1710802124.5715616,-2.541814115312364
1710802124.5716746,-2.6258728239271374
1710802124.5717876,-2.7081802156236434
1710802124.5719004,-2.787335183885362
1710802124.5720134,-2.8650895754496255
1710802124.5721264,-2.9396915435791016
1710802124.5722394,-3.012892405192057
1710802124.5723522,-3.086443742116292
1710802124.5724652,-3.158593972524007
1710802124.5725782,-3.2286429405212402
1710802124.5726912,-3.298691643608941
1710802124.572804,-3.366288873884413
1710802124.572917,-3.432484997643365
1710802124.57303,-3.495178487565782
1710802124.573143,-3.556120925479465
1710802124.5732558,-3.6135609944661455
1710802124.5733688,-3.6688995361328125
1710802124.5734818,-3.721786340077718
1710802124.5735948,-3.772221671210395
1710802124.5737076,-3.8212558958265515
1710802124.5738206,-3.8699396451314287
1710802124.5739336,-3.9158217112223306
1710802124.5740466,-3.960652881198459
1710802124.5741594,-4.003032578362359
1710802124.5742724,-4.043310483296712
1710802124.5743854,-4.080086019304064
1710802124.5744984,-4.113359451293945
1710802124.5746112,-4.1441808806525335
1710802124.5747242,-4.1732509930928545
1710802124.5748372,-4.198819001515706
1710802124.5749502,-4.224036534627278
1710802124.575063,-4.247852961222331
1710802124.575176,-4.268867704603407
1710802124.575289,-4.290933079189724
1710802124.575402,-4.30949608484904
1710802124.5755148,-4.327358404795329
1710802124.5756278,-4.342769251929389
1710802124.5757408,-4.355728096432156
1710802124.5758538,-4.365184836917453
1710802124.5759666,-4.37183936436971
1710802124.5760796,-4.376392629411486
1710802124.5761926,-4.379194577534993
1710802124.5763056,-4.381646315256755
1710802124.5764184,-4.381646315256755
1710802124.5765314,-4.381296104855007
1710802124.5766444,-4.379894998338488
1710802124.5767574,-4.377443260616726
1710802124.5768702,-4.3732404708862305
1710802124.5769832,-4.364834626515706
1710802124.5770962,-4.354677465226915
1710802124.5772092,-4.340317514207628
1710802124.577322,-4.324556456671821
1710802124.577435,-4.3059934510125055
1710802124.577548,-4.286379814147949
1710802124.577661,-4.266065756479899
1710802124.5777738,-4.245751698811849
1710802124.5778868,-4.224036534627278
1710802124.5779998,-4.2016209496392145
1710802124.5781128,-4.176753626929389
1710802124.5782256,-4.150134987301296
1710802124.5783386,-4.119313557942708
1710802124.5784516,-4.086390601264106
1710802124.5785646,-4.050315486060248
1710802124.5786774,-4.012138843536377
1710802124.5787904,-3.9736119906107583
1710802124.5789034,-3.9336840311686196
1710802124.5790164,-3.8934061262342663
1710802124.5791292,-3.853828377193875
1710802124.5792422,-3.8135504722595215
1710802124.5793552,-3.770120143890381
1710802124.5794683,-3.7249387635125055
1710802124.579581,-3.6769551701015897
1710802124.579694,-3.626520103878445
1710802124.579807,-3.5732830895317926
1710802124.57992,-3.5186449686686196
1710802124.5800328,-3.4619053204854326
1710802124.5801458,-3.405165937211778
1710802124.5802588,-3.3470254474216037
1710802124.5803719,-3.28993558883667
1710802124.5804846,-3.231094413333469
1710802124.5805976,-3.170151975419786
1710802124.5807106,-3.1081589063008623
1710802124.5808237,-3.0426632033454046
1710802124.5809364,-2.9740153418646917
1710802124.5810494,-2.903616428375244
1710802124.5811625,-2.83111572265625
1710802124.5812755,-2.756163544125027
1710802124.5813882,-2.682261996799045
1710802124.5815012,-2.6066093974643283
1710802124.5816143,-2.530606322818332
1710802124.5817273,-2.453902827368842
1710802124.58184,-2.376498911115858
1710802124.581953,-2.2966432571411133
1710802124.582066,-2.2146862083011203
1710802124.582179,-2.1313281853993735
1710802124.5822918,-2.045168081919352
1710802124.5824049,-1.95795734723409
1710802124.5825179,-1.8696958488888211
1710802124.5826309,-1.780733797285292
1710802124.5827436,-1.6907211144765217
1710802124.5828567,-1.6000078784094915
1710802124.5829697,-1.5089444319407144
1710802124.5830827,-1.4164800114101834
1710802124.5831954,-1.3222644064161513
1710802124.5833085,-1.2280486689673529
1710802124.5834215,-1.1320818795098198
1710802124.5835345,-1.0354144705666435
1710802124.5836473,-0.9380466408199734
1710802124.5837603,-0.8403285344441731
1710802124.5838733,-0.741559730635749
1710802124.5839863,-0.6434914138582017
1710802124.584099,-0.5443723003069559
1710802124.584212,-0.44455276595221627
1710802124.584325,-0.3450834419992235
1710802124.584438,-0.24386290046903822
1710802124.5845509,-0.1436931060420142
1710802124.5846639,-0.043523299197355904
1710802124.5847769,0.05665758831633462
1710802124.58489,0.157547609673606
1710802124.5850027,0.2577370074060228
1710802124.5851157,0.35932766066657174
1710802124.5852287,0.4612686236699422
1710802124.5853417,0.5632095866733127
1710802124.5854545,0.6658511691623263
1710802124.5855675,0.7674418555365669
1710802124.5856805,0.8686821990542941
1710802124.5857935,0.9681709607442219
1710802124.5859063,1.0669591029485066
1710802124.5860193,1.164696349038018
1710802124.5861323,1.2610322899288602
1710802124.5862453,1.3556166489919026
1710802124.586358,1.4509016937679715
1710802124.586471,1.5461867385440402
1710802124.586584,1.6411214404635959
1710802124.586697,1.7353554566701253
1710802124.5868099,1.8285387092166476
1710802124.586923,1.9196199046240912
1710802124.587036,2.0092999935150146
1710802124.587149,2.095827129152086
1710802124.5872617,2.179551919301351
1710802124.5873747,2.2622256808810763
1710802124.5874877,2.3427976502312555
1710802124.5876007,2.423369354671902
1710802124.5877135,2.5011388460795083
1710802124.5878265,2.580309444003635
1710802124.5879395,2.6570280392964682
1710802124.5880525,2.7323452631632485
1710802124.5881653,2.8052102194892035
1710802124.5882783,2.8756229082743325
1710802124.5883913,2.942532698313395
1710802124.5885043,3.007690906524658
1710802124.588617,3.069696161482069
1710802124.58873,3.1292494138081866
1710802124.588843,3.1884521908230252
1710802124.588956,3.246954282124837
1710802124.589069,3.3033545811971026
1710802124.589182,3.360806041293674
1710802124.589295,3.414403862423367
1710802124.589408,3.4669505225287542
1710802124.5895207,3.5166949696011014
1710802124.5896337,3.5632867283291287
1710802124.5897467,3.6074259546067977
1710802124.5898597,3.6480622821384006
1710802124.5899725,3.6869470278422036
1710802124.5900855,3.723729716406928
1710802124.5901985,3.7594617737664118
1710802124.5903115,3.793441984388563
1710802124.5904243,3.8256706131829157
1710802124.5905373,3.857549296485053
1710802124.5906503,3.8869754473368325
1710802124.5907633,3.9135991202460394
1710802124.590876,3.938471476236979
1710802124.590989,3.9608912997775607
1710802124.5911021,3.9791075388590493
1710802124.5912151,3.995572461022271
1710802124.591328,4.010635746849908
1710802124.591441,4.023247030046251
1710802124.591554,4.035507837931315
1710802124.591667,4.046367539299859
1710802124.5917797,4.055475658840603
1710802124.5918927,4.064934253692627
1710802124.5920057,4.072641001807319
1710802124.5921187,4.078246222601996
1710802124.5922315,4.080348014831543
1710802124.5923445,4.081048700544569
1710802124.5924575,4.079647329118517
1710802124.5925705,4.0750932693481445
1710802124.5926833,4.070539209577772
1710802124.5927963,4.063182671864827
1710802124.5929093,4.056526819864909
1710802124.5930223,4.049170282151964
1710802124.593135,4.04146326912774
1710802124.5932481,4.032004939185248
1710802124.5933611,4.022546344333224
1710802124.5934741,4.009584850735134
1710802124.593587,3.9945212999979653
1710802124.5937,3.9763050609164767
1710802124.593813,3.9559870296054416
1710802124.593926,3.9332167307535806
1710802124.5940387,3.9093955357869463
1710802124.5941517,3.8845231797960067
1710802124.5942647,3.8600012991163464
1710802124.5943778,3.834428522321913
1710802124.5944905,3.8085055351257324
1710802124.5946035,3.7808307011922198
1710802124.5947165,3.751054075029161
1710802124.5948296,3.7184749709235296
1710802124.5949423,3.6837940745883517
1710802124.5950553,3.6445591184828015
1710802124.5951684,3.602871894836426
1710802124.5952814,3.561885356903076
1710802124.5953941,3.5177458657158747
1710802124.5955071,3.4760586420694985
1710802124.5956202,3.4322696261935763
1710802124.5957332,3.3898819817437067
1710802124.595846,3.3464431762695312
1710802124.595959,3.2995012071397567
1710802124.596072,3.2511581314934626
1710802124.596185,3.199662102593316
1710802124.5962977,3.14641449186537
1710802124.5964108,3.0921162499321833
1710802124.5965238,3.034314579433865
1710802124.5966368,2.976512908935547
1710802124.5967495,2.9201126098632812
1710802124.5968626,2.8626614146762424
1710802124.5969756,2.804859744177924
1710802124.5970886,2.7453067567613387
1710802124.5972013,2.684352397918701
1710802124.5973144,2.6202450858222113
1710802124.5974274,2.5540359814961753
1710802124.5975404,2.4857250849405923
1710802124.5976532,2.414961920844184
1710802124.5977662,2.3427976502312555
1710802124.5978792,2.2706331147087946
1710802124.5979922,2.1963669194115534
1710802124.598105,2.123501830630832
1710802124.598218,2.049235635333591
1710802124.598331,1.9735680686102972
1710802124.598444,1.8964992629157171
1710802124.5985568,1.8166279792785645
1710802124.5986698,1.7360561423831515
1710802124.5987828,1.653032037946913
1710802124.5988958,1.5693073802524142
1710802124.5990086,1.4831304550170898
1710802124.5991216,1.3969535297817655
1710802124.5992346,1.3097257084316678
1710802124.5993476,1.2224978870815701
1710802124.5994604,1.133518483903673
1710802124.5995734,1.0452397002114189
1710802124.5996864,0.9545087814331055
1710802124.5997992,0.8634274535708957
1710802124.5999122,0.7709449529647827
1710802124.6000252,0.6781121095021566
1710802124.6001382,0.5842283699247572
1710802124.600251,0.4896439446343316
1710802124.600364,0.3947092427147759
1710802124.600477,0.29872357845306396
1710802124.60059,0.20308825704786512
1710802124.6007028,0.10640197330050997
1710802124.6008158,0.009365388088756137
1710802124.6009288,-0.08695356547832489
1710802124.6010418,-0.18432142006026372
1710802124.6011546,-0.2820395098792182
1710802124.6012676,-0.37835660907957286
1710802124.6013806,-0.4743234978781806
1710802124.6014936,-0.5706406301922268
1710802124.6016064,-0.668708946969774
1710802124.6017194,-0.7657265663146973
1710802124.6018324,-0.8641451597213745
1710802124.6019454,-0.9615129894680446
1710802124.6020582,-1.0606320699055989
1710802124.6021712,-1.1579999658796523
1710802124.6022842,-1.2550175189971924
1710802124.6023972,-1.3509844409094915
1710802124.60251,-1.4469512303670247
1710802124.602623,-1.5415171782175698
1710802124.602736,-1.634682019551595
1710802124.602849,-1.7288977570003934
1710802124.6029618,-1.8220625983344183
1710802124.6030748,-1.9152275721232095
1710802124.6031878,-2.0080422030554876
1710802124.6033008,-2.100156413184272
1710802124.6034136,-2.190519438849555
1710802124.6035266,-2.279131147596571
1710802124.6036396,-2.365291118621826
1710802124.6037526,-2.449700037638346
1710802124.6038654,-2.5316572189331055
1710802124.6039784,-2.6122132937113443
1710802124.6040914,-2.6910183164808483
1710802124.6042044,-2.7691226535373263
1710802124.6043172,-2.8465265697903104
1710802124.6044302,-2.9232300652398004
1710802124.6045432,-2.9981822437710233
1710802124.6046562,-3.071733580695258
1710802124.604769,-3.142482704586453
1710802124.604882,-3.2107803556654186
1710802124.604995,-3.276276058620877
1710802124.605108,-3.3400204446580672
1710802124.6052208,-3.400262461768256
1710802124.6053338,-3.4598037931654186
1710802124.6054468,-3.5172438621520996
1710802124.6055598,-3.573983510335286
1710802124.6056726,-3.629322052001953
1710802124.6057856,-3.683609962463379
1710802124.6058986,-3.7357963456047907
1710802124.6060116,-3.785881201426188
1710802124.6061244,-3.8342147403293185
1710802124.6062374,-3.879046175214979
1710802124.6063504,-3.9217758178710938
1710802124.6064634,-3.9617037773132324
1710802124.6065762,-3.999179734124078
1710802124.6066892,-4.035605059729682
1710802124.6068022,-4.0702793333265515
1710802124.6069152,-4.103552500406901
1710802124.607028,-4.135775036282009
1710802124.607141,-4.166246255238851
1710802124.607254,-4.194966157277425
1710802124.607367,-4.220533900790744
1710802124.6074798,-4.244700802697076
1710802124.6075928,-4.264664649963379
1710802124.6077058,-4.281826814015706
1710802124.6078188,-4.296887185838488
1710802124.6079316,-4.308795399136013
1710802124.6080446,-4.319652981228298
1710802124.6081576,-4.328409300910102
1710802124.6082706,-4.336815145280626
1710802124.6083834,-4.34381988313463
1710802124.6084964,-4.35012420018514
1710802124.6086094,-4.354677465226915
1710802124.6087224,-4.356428782145183
1710802124.6088352,-4.355728096432156
1710802124.6089482,-4.352926148308648
1710802124.6090612,-4.346621831258138
1710802124.6091743,-4.339617093404134
1710802124.609287,-4.32981014251709
1710802124.6094,-4.320703877343072
1710802124.609513,-4.309145874447292
1710802124.609626,-4.298288292355007
1710802124.6097388,-4.286730024549696
1710802124.6098518,-4.272370073530409
1710802124.6099648,-4.2562588055928545
1710802124.6100779,-4.237345854441325
1710802124.6101906,-4.214579794141981
1710802124.6103036,-4.189712471432156
1710802124.6104167,-4.162043200598823
1710802124.6105297,-4.132973088158502
1710802124.6106424,-4.103202290005154
1710802124.6107554,-4.0723808606465655
1710802124.6108685,-4.041909641689724
1710802124.6109815,-4.0107377370198565
1710802124.6110942,-3.9792158868577743
1710802124.6112072,-3.943841192457411
1710802124.6113203,-3.9070656564500594
1710802124.6114333,-3.866437276204427
1710802124.611546,-3.823006947835286
1710802124.611659,-3.777825567457411
1710802124.611772,-3.729841974046495
1710802124.611885,-3.680808014339871
1710802124.6119978,-3.631423579321967
1710802124.6121109,-3.5816889339023166
1710802124.6122239,-3.5305531819661455
1710802124.6123369,-3.478016588422987
1710802124.6124496,-3.4244293636745877
1710802124.6125627,-3.3676897154914007
1710802124.6126757,-3.307797908782959
1710802124.6127887,-3.246155050065782
1710802124.6129014,-3.1806593471103244
1710802124.6130145,-3.1144632233513727
1710802124.6131275,-3.04721646838718
1710802124.6132405,-2.9796192381117077
1710802124.6133533,-2.911321587032742
1710802124.6134663,-2.842673990461561
1710802124.6135793,-2.7726250224643283
1710802124.6136923,-2.7018756336636014
1710802124.613805,-2.6283245616488986
1710802124.613918,-2.5530219078063965
1710802124.614031,-2.4742171499464245
1710802124.614144,-2.3943614959716797
1710802124.6142569,-2.3127545250786676
1710802124.6143699,-2.2311478190951877
1710802124.6144829,-2.1481398741404214
1710802124.614596,-2.0644315083821616
1710802124.6147087,-1.9793223010169134
1710802124.6148217,-1.8942129611968994
1710802124.6149347,-1.8073524369133842
1710802124.6150477,-1.718390385309855
1710802124.6151605,-1.626976728439331
1710802124.6152735,-1.535563071568807
1710802124.6153865,-1.4409971237182617
1710802124.6154995,-1.3474819395277235
1710802124.6156123,-1.2504643864101834
1710802124.6157253,-1.1551980177561443
1710802124.6158383,-1.056429147720337
1710802124.6159513,-0.9604622920354207
1710802124.616064,-0.8602924479378594
1710802124.616177,-0.7604728804694282
1710802124.61629,-0.661003589630127
1710802124.616403,-0.5608338117599487
1710802124.6165159,-0.4599634806315104
1710802124.616629,-0.3580424520704481
1710802124.616742,-0.2557711965507931
1710802124.616855,-0.1545506715774536
1710802124.6169677,-0.05262964301639133
1710802124.6170807,0.05105258689986335
1710802124.6171937,0.15439480543136597
1710802124.6173067,0.2573866976632012
1710802124.6174195,0.3607288996378581
1710802124.6175325,0.4630202054977417
1710802124.6176455,0.5653114451302422
1710802124.6177585,0.6658511691623263
1710802124.6178713,0.7660405503378974
1710802124.6179843,0.8665802743699815
1710802124.6180973,0.9653684165742662
1710802124.6182103,1.064156625005934
1710802124.618323,1.164346006181505
1710802124.618436,1.2638347678714328
1710802124.618549,1.3626229763031006
1710802124.618662,1.461060709423489
1710802124.618775,1.557046439912584
1710802124.618888,1.6519811418321397
1710802124.619001,1.7444635762108696
1710802124.619114,1.8362455897861056
1710802124.6192267,1.9252249929640028
1710802124.6193397,2.014554606543647
1710802124.6194527,2.1031836668650308
1710802124.6195657,2.191462516784668
1710802124.6196785,2.2793910238477917
1710802124.6197915,2.3666188451978893
1710802124.6199045,2.4513943990071616
1710802124.6200175,2.53371795018514
1710802124.6201303,2.613589233822293
1710802124.6202433,2.6903075642055936
1710802124.6203563,2.764573891957601
1710802124.6204693,2.8363879521687827
1710802124.620582,2.906100220150418
1710802124.620695,2.9754620128207736
1710802124.6208081,3.0434226989746094
1710802124.6209211,3.1096318033006454
1710802124.621034,3.1751402219136553
1710802124.621147,3.238196637895372
1710802124.62126,3.2981001006232367
1710802124.621373,3.3562519815233016
1710802124.6214857,3.410200013054742
1710802124.6215987,3.4616960419548883
1710802124.6217117,3.5100391176011825
1710802124.6218247,3.5562804010179305
1710802124.6219375,3.601120313008626
1710802124.6220505,3.6445591184828015
1710802124.6221635,3.6865965525309243
1710802124.6222765,3.7286342514885797
1710802124.6223893,3.768219417995877
1710802124.6225023,3.8050023714701333
1710802124.6226153,3.8400334782070584
1710802124.6227283,3.8715616861979165
1710802124.6228411,3.9013383123609753
1710802124.6229541,3.9283121956719294
1710802124.6230671,3.9528340763515897
1710802124.6231802,3.9759548505147295
1710802124.623293,3.9983749389648438
1710802124.623406,4.019043180677626
1710802124.623519,4.039011001586914
1710802124.623632,4.057927926381429
1710802124.6237447,4.075443479749891
1710802124.6238577,4.0905070304870605
1710802124.6239707,4.102417627970378
1710802124.6240838,4.1125766436258955
1710802124.6241965,4.119232760535346
1710802124.6243095,4.123086134592692
1710802124.6244226,4.125187926822238
1710802124.6245356,4.125888612535265
1710802124.6246483,4.124487241109212
1710802124.6247613,4.122735924190945
1710802124.6248744,4.120283656650119
1710802124.6249874,4.11678049299452
1710802124.6251001,4.111525747511122
1710802124.6252131,4.10557058122423
1710802124.6253262,4.095761775970459
1710802124.6254392,4.083500703175862
1710802124.625552,4.068437417348226
1710802124.625665,4.0516222847832575
1710802124.625778,4.032355149586995
1710802124.625891,4.012737539079454
1710802124.6260037,3.992769718170166
1710802124.6261168,3.972451686859131
1710802124.6262298,3.951432969835069
1710802124.6263428,3.9300637774997287
1710802124.6264555,3.9065930578443737
1710802124.6265686,3.881020016140408
1710802124.6266816,3.8529952367146807
1710802124.6267946,3.8214670287238226
1710802124.6269073,3.7888879246181912
1710802124.6270204,3.7528056568569608
1710802124.6271334,3.7167233890957303
1710802124.6272464,3.680641386244032
1710802124.6273592,3.6442089080810547
1710802124.6274722,3.607776429918077
1710802124.6275852,3.569942580329047
1710802124.6276982,3.531057834625244
1710802124.627811,3.4904215070936413
1710802124.627924,3.445931805504693
1710802124.628037,3.3982894155714245
1710802124.62815,3.3488951789008246
1710802124.6282628,3.2970489395989313
1710802124.6283758,3.2441518041822643
1710802124.6284888,3.191254668765598
1710802124.6286018,3.1373063723246255
1710802124.6287146,3.0840590265062118
1710802124.6288276,3.0290598339504666
1710802124.6289406,2.9737104309929743
1710802124.6290536,2.915208339691162
1710802124.6291664,2.854253980848524
1710802124.6292794,2.7901466687520347
1710802124.6293924,2.7246382501390243
1710802124.6295054,2.6559768782721624
1710802124.6296182,2.5873157713148327
1710802124.6297312,2.517253292931451
1710802124.6298442,2.4478912353515625
1710802124.6299572,2.37642765045166
1710802124.63007,2.3063649071587458
1710802124.630183,2.23385042614407
1710802124.630296,2.160284651650323
1710802124.630409,2.084266874525282
1710802124.6305218,2.0057968298594155
1710802124.6306348,1.9259255462222629
1710802124.6307478,1.845003366470337
1710802124.6308608,1.7626799477471244
1710802124.6309736,1.680356396569146
1710802124.6310866,1.5973322921329074
1710802124.6311996,1.5136076344384086
1710802124.6313126,1.4291822910308838
1710802124.6314254,1.3437060515085857
1710802124.6315384,1.256478230158488
1710802124.6316514,1.168549723095364
1710802124.6317644,1.0778188043170505
1710802124.6318772,0.9870878193113539
1710802124.6319902,0.8942549758487277
1710802124.6321032,0.8010718557569716
1710802124.6322162,0.7068377733230591
1710802124.632329,0.6119030714035034
1710802124.632442,0.5166180266274346
1710802124.632555,0.4202820526229011
1710802124.632668,0.32429642147488064
1710802124.6327808,0.2258585724565718
1710802124.6328938,0.12882197896639505
1710802124.6330068,0.030033830553293228
1710802124.6331198,-0.06839062604639265
1710802124.6332326,-0.166809211174647
1710802124.6333456,-0.2659282750553555
1710802124.6334586,-0.36539759900834823
1710802124.6335716,-0.4652171664767795
1710802124.6336844,-0.5639859702852037
1710802124.6337974,-0.6641557481553819
1710802124.6339104,-0.7629246181911892
1710802124.6340234,-0.8613432115978664
1710802124.6341362,-0.9590612517462836
1710802124.6342492,-1.0560788710912068
1710802124.6343622,-1.151345305972629
1710802124.6344752,-1.2455609109666612
1710802124.634588,-1.3394263055589464
1710802124.634701,-1.4339922534094915
1710802124.634814,-1.5275074376000297
1710802124.634927,-1.6210226217905679
1710802124.6350398,-1.7152382267846
1710802124.6351528,-1.8080528577168782
1710802124.6352658,-1.8991163041856554
1710802124.6353788,-1.9898295402526855
1710802124.6354916,-2.0780910385979547
1710802124.6356046,-2.1646013524797225
1710802124.6357176,-2.2504112455579968
1710802124.6358306,-2.335170110066732
1710802124.6359434,-2.418878608279758
1710802124.6360564,-2.502586841583252
1710802124.6361694,-2.5852444436815047
1710802124.6362824,-2.667551835378011
1710802124.6363952,-2.747407489352756
1710802124.6365082,-2.82621251212226
1710802124.6366212,-2.903266217973497
1710802124.6367342,-2.9768172899881997
1710802124.636847,-3.0482670995924206
1710802124.63696,-3.1148134337531195
1710802124.637073,-3.1824106640285916
1710802124.637186,-3.2479063669840493
1710802124.6372988,-3.312351173824734
1710802124.6374118,-3.374694718254937
1710802124.6375248,-3.4366877873738604
1710802124.6376379,-3.4969298044840493
1710802124.6377506,-3.5543698734707303
1710802124.6378636,-3.610408835940891
1710802124.6379766,-3.6639963255988226
1710802124.6380897,-3.715131812625461
1710802124.6382024,-3.7627649307250977
1710802124.6383154,-3.8079465760125055
1710802124.6384284,-3.851376904381646
1710802124.6385415,-3.8934061262342663
1710802124.6386542,-3.9350851376851397
1710802124.6387672,-3.974662621815999
1710802124.6388803,-4.012138843536377
1710802124.6389933,-4.04751353793674
1710802124.639106,-4.081837336222331
1710802124.639219,-4.112308555179172
1710802124.639332,-4.140328036414252
1710802124.639445,-4.1655455695258246
1710802124.6395578,-4.188311629825168
1710802124.6396708,-4.208625687493218
1710802124.6397839,-4.22753890355428
1710802124.6398969,-4.245051013098823
1710802124.6400096,-4.2618627018398705
1710802124.6401227,-4.277623759375678
1710802124.6402357,-4.291633499993218
1710802124.6403487,-4.304942819807264
1710802124.6404614,-4.3158004018995495
1710802124.6405745,-4.324206246270074
1710802124.6406875,-4.330160352918837
1710802124.6408005,-4.332612090640597
1710802124.6409132,-4.332962301042345
1710802124.6410263,-4.331911669837104
1710802124.6411393,-4.329109721713595
1710802124.641252,-4.324906667073567
1710802124.641365,-4.319652981228298
1710802124.641478,-4.3136988745795355
1710802124.641591,-4.306694136725532
1710802124.6417038,-4.297587606641981
1710802124.6418169,-4.285679393344455
1710802124.6419299,-4.271319442325168
1710802124.6420429,-4.252756436665853
1710802124.6421556,-4.232442378997803
1710802124.6422687,-4.208625687493218
1710802124.6423817,-4.18550968170166
1710802124.6424947,-4.159591462877062
1710802124.6426075,-4.134724140167236
1710802124.6427205,-4.10880618625217
1710802124.6428335,-4.082187546624078
1710802124.6429465,-4.0548684861924915
1710802124.6430593,-4.02439726723565
1710802124.6431723,-3.9925252066718206
1710802124.6432853,-3.957150512271457
1710802124.6433983,-3.9196742905510797
1710802124.643511,-3.879746596018473
1710802124.643624,-3.8387680053710938
1710802124.643737,-3.796738783518473
1710802124.64385,-3.7550597720675998
1710802124.6439629,-3.7126800749037
1710802124.6440759,-3.6692497465345593
1710802124.644189,-3.625819683074951
1710802124.644302,-3.578186300065782
1710802124.6444147,-3.529502550760905
1710802124.6445277,-3.4769659572177463
1710802124.6446407,-3.4212769402398004
1710802124.6447537,-3.3641873465643988
1710802124.6448665,-3.304995960659451
1710802124.6449795,-3.2458048396640353
1710802124.6450925,-3.1855628225538464
1710802124.6452055,-3.1256710158454046
1710802124.6453183,-3.063677946726481
1710802124.6454313,-3.0016846126980252
1710802124.6455443,-2.9372398058573403
1710802124.6456573,-2.8699927859836154
1710802124.64577,-2.801345189412435
1710802124.645883,-2.728844483693441
1710802124.645996,-2.655643622080485
1710802124.646109,-2.58069117863973
1710802124.6462219,-2.5057390001085067
1710802124.646335,-2.428335083855523
1710802124.646448,-2.351631588406033
1710802124.646561,-2.2738774617513022
1710802124.6466737,-2.19437215063307
1710802124.6467867,-2.113815943400065
1710802124.6468997,-2.029757367240058
1710802124.6470127,-1.945698791080051
1710802124.6471255,-1.858838266796536
1710802124.6472385,-1.7698763476477728
1710802124.6473515,-1.6809142960442436
1710802124.6474645,-1.5909016132354736
1710802124.6475773,-1.4994878239101834
1710802124.6476903,-1.4077239566379123
1710802124.6478033,-1.315259536107381
1710802124.6479163,-1.221744351916843
1710802124.648029,-1.1275286144680448
1710802124.648142,-1.0329627990722656
1710802124.648255,-0.9359451797273424
1710802124.6483681,-0.8389275603824191
1710802124.648481,-0.7412094540066189
1710802124.648594,-0.6431411372290717
1710802124.648707,-0.5450727873378329
1710802124.64882,-0.44490300946765476
1710802124.6489327,-0.34543368551466197
1710802124.6490457,-0.24421314398447672
1710802124.6491587,-0.14334286252657572
1710802124.6492717,-0.042822808027267456
1710802124.6493845,0.05840914944807688
1710802124.6494975,0.15964948468738133
1710802124.6496105,0.2612401379479302
1710802124.6497235,0.3617798619800144
1710802124.6498363,0.462319552898407
1710802124.6499493,0.5625089671876695
1710802124.6500623,0.6633989678488837
1710802124.6501753,0.7649896542231241
1710802124.650288,0.8658796548843384
1710802124.650401,0.9667697217729356
1710802124.6505141,1.0666087600919936
1710802124.6506271,1.164346006181505
1710802124.65074,1.2613826327853732
1710802124.650853,1.357017887963189
1710802124.650966,1.4505513509114583
1710802124.651079,1.5426835748884413
1710802124.6511917,1.6351661417219374
1710802124.6513047,1.726597679985894
1710802124.6514177,1.8166279792785645
1710802124.6515307,1.9084099928538003
1710802124.6516435,1.9980899492899575
1710802124.6517565,2.085668113496568
1710802124.6518695,2.1707940101623535
1710802124.6519825,2.2548691431681314
1710802124.6520953,2.335440847608778
1710802124.6522083,2.414961920844184
1710802124.6523213,2.492030726538764
1710802124.6524343,2.568398846520318
1710802124.6525471,2.6440662807888455
1710802124.6526601,2.719383504655626
1710802124.6527731,2.7940000428093805
1710802124.6528862,2.8668652640448675
1710802124.652999,2.937978638543023
1710802124.653112,3.0069902208116317
1710802124.653225,3.0724986394246416
1710802124.653338,3.1362554762098522
1710802124.6534507,3.196859624650743
1710802124.6535637,3.254310819837782
1710802124.6536767,3.3117622799343533
1710802124.6537898,3.3678121036953397
1710802124.6539025,3.4217604001363116
1710802124.6540155,3.4750077459547253
1710802124.6541286,3.5272044605678983
1710802124.6542416,3.577299118041992
1710802124.6543543,3.6242410871717663
1710802124.6544673,3.6683803134494357
1710802124.6545804,3.7100675370958114
1710802124.6546934,3.748952282799615
1710802124.6548061,3.784333864847819
1710802124.6549191,3.8183140754699707
1710802124.6550322,3.849842283460829
1710802124.6551452,3.880669805738661
1710802124.655258,3.910796642303467
1710802124.655371,3.938471476236979
1710802124.655484,3.965095149146186
1710802124.655597,3.989617029825846
1710802124.6557097,4.01203711827596
1710802124.6558228,4.032004939185248
1710802124.6559358,4.049170282151964
1710802124.6560488,4.063532882266574
1710802124.6561615,4.074743058946398
1710802124.6562746,4.085952970716688
1710802124.6563876,4.094710879855685
1710802124.6565006,4.103468524085151
1710802124.6566133,4.110474851396349
1710802124.6567264,4.117831389109294
1710802124.6568394,4.123086134592692
1710802124.6569524,4.125888612535265
1710802124.6570652,4.126939508650038
1710802124.6571782,4.124487241109212
1710802124.6572912,4.120984342363146
1710802124.6574042,4.113978015051948
1710802124.657517,4.104869895511203
1710802124.65763,4.094010194142659
1710802124.657743,4.083150492774116
1710802124.657856,4.071940581003825
1710802124.6579688,4.059329297807482
1710802124.6580818,4.046718014611138
1710802124.6581948,4.032355149586995
1710802124.6583078,4.016240702735053
1710802124.6584206,3.995922671424018
1710802124.6585336,3.973502582973904
1710802124.6586466,3.9486304918924966
1710802124.6587596,3.920605447557237
1710802124.6588724,3.8911792967054577
1710802124.6589854,3.8603517744276257
1710802124.6590984,3.829874462551541
1710802124.6592114,3.799397415584988
1710802124.6593242,3.7675187322828503
1710802124.6594372,3.735290103488498
1710802124.6595502,3.700959417555067
1710802124.6596632,3.6634760432773166
1710802124.659776,3.6245912975735135
1710802124.659889,3.581853177812364
1710802124.660002,3.537363476223416
1710802124.660115,3.491822878519694
1710802124.6602278,3.445581595102946
1710802124.6603408,3.399690522087945
1710802124.6604538,3.352748817867703
1710802124.6605668,3.3058068487379284
1710802124.6606796,3.258514669206407
1710802124.6607926,3.2094709078470864
1710802124.6609056,3.1583253542582193
1710802124.6610186,3.1040268474155
1710802124.6611314,3.0479767587449813
1710802124.6612444,2.988773981730143
1710802124.6613574,2.9285203086005316
1710802124.6614704,2.8675656848483615
1710802124.6615832,2.8055604298909507
1710802124.6616962,2.744255860646566
1710802124.6618092,2.6811994446648493
1710802124.6619222,2.618493503994412
1710802124.662035,2.5519341892666287
1710802124.662148,2.4836232927110458
1710802124.662261,2.412509653303358
1710802124.662374,2.3385938008626304
1710802124.6624868,2.2632765769958496
1710802124.6625998,2.1855072180430093
1710802124.6627128,2.106336487664117
1710802124.6628258,2.0275162325965033
1710802124.6629386,1.9476449489593506
1710802124.6630516,1.8667227692074246
1710802124.6631646,1.7854502465989854
1710802124.6632776,1.70277648501926
1710802124.6633904,1.6187014844682481
1710802124.6635034,1.5325245592329237
1710802124.6636164,1.4445960521697998
1710802124.6637294,1.3556166489919026
1710802124.6638422,1.2662869029574924
1710802124.6639552,1.1755560504065619
1710802124.6640682,1.083774103058709
1710802124.6641812,0.9923424985673692
1710802124.664294,0.8995096551047431
1710802124.664407,0.8063265350129869
1710802124.66452,0.7120924525790744
1710802124.664633,0.6164571311738756
1710802124.6647458,0.520121157169342
1710802124.6648588,0.4230845636791653
1710802124.6649718,0.3246467312177022
1710802124.6650848,0.22690950168503654
1710802124.6651976,0.12707042197386423
1710802124.6653106,0.026881018032630283
1710802124.6654236,-0.07259355651007758
1710802124.6655366,-0.17381409804026285
1710802124.6656494,-0.2746843794981639
1710802124.6657624,-0.3755546609560648
1710802124.6658754,-0.4767752024862501
1710802124.6659884,-0.5769450134701198
1710802124.6661012,-0.6767645809385512
1710802124.6662142,-0.7762338717778523
1710802124.6663272,-0.8750026755862765
1710802124.6664402,-0.9734212689929538
1710802124.666553,-1.073240836461385
1710802124.666666,-1.1720097064971924
1710802124.666779,-1.2718292077382405
1710802124.666892,-1.3709482881757948
1710802124.6670048,-1.469717158211602
1710802124.6671178,-1.566734711329142
1710802124.6672308,-1.6630518436431885
1710802124.6673439,-1.7576177914937336
1710802124.6674566,-1.8507826328277588
1710802124.6675696,-1.942546632554796
1710802124.6676826,-2.033610079023573
1710802124.6677957,-2.12467352549235
1710802124.6679084,-2.2139857874976263
1710802124.6680214,-2.3032980495029025
1710802124.6681345,-2.3908591270446777
1710802124.6682475,-2.4770190980699325
1710802124.6683602,-2.5614277521769204
1710802124.6684732,-2.6430347230699325
1710802124.6685863,-2.7221899562411838
1710802124.6686993,-2.798893451690674
1710802124.668812,-2.8731452094184027
1710802124.668925,-2.9463460710313583
1710802124.669038,-3.0188465118408203
1710802124.669151,-3.089946111043294
1710802124.6692638,-3.161045710245768
1710802124.6693769,-3.229693571726481
1710802124.6694899,-3.297991222805447
1710802124.6696029,-3.3641873465643988
1710802124.6697156,-3.4272313117980957
1710802124.6698287,-3.4885239601135254
1710802124.6699417,-3.547014660305447
1710802124.6700547,-3.6023532019721136
1710802124.6701674,-3.6566411124335394
1710802124.6702805,-3.709177705976698
1710802124.6703935,-3.7592625617980957
1710802124.6705065,-3.8100481033325195
1710802124.6706192,-3.858731852637397
1710802124.6707323,-3.9053143395317926
1710802124.6708453,-3.949795299106174
1710802124.6709583,-3.992174996270074
1710802124.671071,-4.0314022699991865
1710802124.671184,-4.067827595604791
1710802124.671297,-4.100750552283393
1710802124.67141,-4.131922192043728
1710802124.6715229,-4.160992569393581
1710802124.6716359,-4.187611209021674
1710802124.6717489,-4.21352916293674
1710802124.671862,-4.237696064843072
1710802124.6719747,-4.26081207063463
1710802124.6720877,-4.281476603613959
1710802124.6722007,-4.301090240478516
1710802124.6723137,-4.317551718817817
1710802124.6724265,-4.330860773722331
1710802124.6725395,-4.3420688311258955
1710802124.6726525,-4.349773989783393
1710802124.6727655,-4.355728096432156
1710802124.6728783,-4.3599311510721845
1710802124.6729913,-4.362382888793945
1710802124.6731043,-4.365184836917453
1710802124.6732173,-4.3655350473192005
1710802124.67333,-4.365885257720947
1710802124.673443,-4.3641342057122126
1710802124.673556,-4.360981782277425
1710802124.673669,-4.354677465226915
1710802124.6737819,-4.345921410454644
1710802124.673895,-4.333312511444092
1710802124.674008,-4.318602350023058
1710802124.674121,-4.301790661282009
1710802124.6742337,-4.284278551737468
1710802124.6743467,-4.266065756479899
1710802124.6744597,-4.24680233001709
1710802124.6745727,-4.22753890355428
1710802124.6746855,-4.206524160173204
1710802124.6747985,-4.183057943979899
1710802124.6749115,-4.158190621270074
1710802124.6750245,-4.12912024392022
1710802124.6751373,-4.097248183356391
1710802124.6752503,-4.063624805874294
1710802124.6753633,-4.026849004957411
1710802124.6754763,-3.989022572835286
1710802124.675589,-3.9515466160244412
1710802124.675702,-3.9130197630988226
1710802124.675815,-3.875543541378445
1710802124.675928,-3.8359660572475858
1710802124.676041,-3.794987466600206
1710802124.676154,-3.7515571382310653
1710802124.676267,-3.7046244409349227
1710802124.67638,-3.6566411124335394
1710802124.6764927,-3.604804939693875
1710802124.6766057,-3.550867239634196
1710802124.6767187,-3.4969298044840493
1710802124.6768317,-3.439489735497369
1710802124.6769445,-3.384501404232449
1710802124.6770575,-3.3274115456475153
1710802124.6771705,-3.2706721623738604
1710802124.6772835,-3.212531672583686
1710802124.6773963,-3.152289655473497
1710802124.6775093,-3.0892456902398004
1710802124.6776223,-3.0226993560791016
1710802124.6777353,-2.9547519154018826
1710802124.677848,-2.8861040539211698
1710802124.677961,-2.815705140431722
1710802124.6780741,-2.743905120425754
1710802124.6781871,-2.67280552122328
1710802124.6783,-2.6003050804138184
1710802124.678413,-2.528154585096571
1710802124.678526,-2.4535526169670954
1710802124.678639,-2.3761487007141113
1710802124.6787517,-2.2976941532558866
1710802124.6788647,-2.2178384992811413
1710802124.6789777,-2.1337799231211343
1710802124.6790907,-2.0493710041046143
1710802124.6792035,-1.9635612434811063
1710802124.6793165,-1.877401272455851
1710802124.6794295,-1.789489984512329
1710802124.6795425,-1.7005279329087999
1710802124.6796553,-1.611566013760037
1710802124.6797683,-1.5201522244347465
1710802124.6798813,-1.4287385675642226
1710802124.6799943,-1.3345229625701904
1710802124.680107,-1.2410077783796523
1710802124.6802201,-1.1450408564673529
1710802124.6803331,-1.0487237903806899
1710802124.6804461,-0.9510056840048896
1710802124.680559,-0.8532875776290894
1710802124.680672,-0.7548689842224121
1710802124.680785,-0.6557499037848579
1710802124.680898,-0.5555801259146796
1710802124.6810107,-0.45576055844624835
1710802124.6811237,-0.3559409909778171
1710802124.6812367,-0.2550707095199161
1710802124.6813498,-0.1545506715774536
1710802124.6814625,-0.054731108248233795
1710802124.6815755,0.04544758548339208
1710802124.6816885,0.14598730537626478
1710802124.6818016,0.24652701285150316
1710802124.6819143,0.3470667203267415
1710802124.6820273,0.4472561346160041
1710802124.6821404,0.5491970976193746
1710802124.6822534,0.6493865119086372
1710802124.6823661,0.748875273598565
1710802124.6824791,0.8473130729463365
1710802124.6825922,0.945400595664978
1710802124.682705,1.0420868794123332
1710802124.682818,1.1370216475592718
1710802124.682931,1.2330072455936008
1710802124.683044,1.3275916046566434
1710802124.6831567,1.422176096174452
1710802124.6832697,1.5174611409505208
1710802124.6833827,1.6123958428700764
1710802124.6834958,1.7055789629618325
1710802124.6836085,1.7977111869388156
1710802124.6837215,1.8873911433749728
1710802124.6838346,1.9746189647250705
1710802124.6839476,2.0597449938456216
1710802124.6840603,2.1427690982818604
1710802124.6841733,2.2250925170050726
1710802124.6842864,2.3063649071587458
1710802124.6843994,2.3869368765089245
1710802124.6845121,2.4668081601460776
1710802124.6846251,2.54527833726671
1710802124.6847382,2.622346878051758
1710802124.6848512,2.6976641019185386
1710802124.684964,2.7701788478427463
1710802124.685077,2.8395409054226346
1710802124.68519,2.9064504305521646
1710802124.685303,2.9709079530504012
1710802124.6854157,3.033964369032118
1710802124.6855288,3.095619413587782
1710802124.6856418,3.1558730867173934
1710802124.6857548,3.215426074133979
1710802124.6858675,3.273227744632297
1710802124.6859806,3.3296280437045627
1710802124.6860936,3.3839265505472818
1710802124.6862066,3.435072104136149
1710802124.6863194,3.4841158654954696
1710802124.6864324,3.5296564631991916
1710802124.6865454,3.5741461647881403
1710802124.6866584,3.614432281917996
1710802124.6867712,3.6536672380235458
1710802124.6868842,3.6932526694403753
1710802124.6869972,3.731086254119873
1710802124.6871102,3.7678692075941296
1710802124.687223,3.803250789642334
1710802124.687336,3.8368807898627386
1710802124.687449,3.8684087329440646
1710802124.687562,3.8974849383036294
1710802124.6876748,3.9241086112128363
1710802124.6877878,3.9468789100646973
1710802124.6879008,3.968598312801785
1710802124.6880138,3.9875152375962997
1710802124.6881266,4.005381001366509
1710802124.6882396,4.0214954482184515
1710802124.6883526,4.037259419759114
1710802124.6884656,4.051972760094537
1710802124.6885784,4.06283246146308
1710802124.6886914,4.075793955061171
1710802124.6888044,4.083150492774116
1710802124.6889174,4.089456134372287
1710802124.6890302,4.09225861231486
1710802124.6891432,4.092608822716607
1710802124.6892562,4.0905070304870605
1710802124.6893692,4.085952970716688
1710802124.689482,4.080348014831543
1710802124.689595,4.074042373233371
1710802124.689708,4.067386521233453
1710802124.689821,4.0596795082092285
1710802124.6899338,4.0516222847832575
1710802124.6900468,4.041813479529487
1710802124.6901598,4.0295526716444225
1710802124.6902728,4.016240702735053
1710802124.6903856,3.9987251493665905
1710802124.6904986,3.980158699883355
1710802124.6906116,3.9594901932610407
1710802124.6907246,3.937770790523953
1710802124.6908374,3.916401598188612
1710802124.6909504,3.8939817746480303
1710802124.6910634,3.8719118965996637
1710802124.6911764,3.8491415977478027
1710802124.6912892,3.8253204027811685
1710802124.6914022,3.7976458337571883
1710802124.6915152,3.768219417995877
1710802124.6916282,3.7359907892015243
1710802124.691741,3.699908521440294
1710802124.691854,3.6624251471625433
1710802124.691967,3.623189926147461
1710802124.69208,3.5839549700419107
1710802124.6921928,3.5440193282233343
1710802124.6923058,3.504083686404758
1710802124.6924188,3.4637978341844344
1710802124.6925318,3.422811296251085
1710802124.6926446,3.3783215946621366
1710802124.6927576,3.3320803112453885
1710802124.6928706,3.2830365498860674
1710802124.6929836,3.231190310584174
1710802124.6930964,3.1779426998562283
1710802124.6932094,3.122593296898736
1710802124.6933224,3.067243893941243
1710802124.6934354,3.0125951766967773
1710802124.6935482,2.9558446672227645
1710802124.6936612,2.900144788953993
1710802124.6937742,2.843043804168701
1710802124.6938872,2.7834908167521157
1710802124.694,2.7211350864834256
1710802124.694113,2.656677563985189
1710802124.694226,2.5894175635443792
1710802124.694339,2.5200557708740234
1710802124.6944518,2.4503435028923883
1710802124.6945648,2.3792301283942328
1710802124.6946778,2.307416068183051
1710802124.6947908,2.2359522183736167
1710802124.6949036,2.1630871295928955
1710802124.6950166,2.0895214875539145
1710802124.6951296,2.014554606543647
1710802124.6952426,1.9367852475908067
1710802124.6953554,1.85761464966668
1710802124.6954684,1.7759917842017279
1710802124.6955814,1.6940185758802626
1710802124.6956944,1.6099435753292508
1710802124.6958072,1.5251680215199788
1710802124.6959202,1.4396916495429144
1710802124.6960332,1.3538650671641033
1710802124.6961462,1.2659366925557454
1710802124.696259,1.1783585283491347
1710802124.696372,1.0886785056855943
1710802124.696485,0.9982977973090278
1710802124.696598,0.9058152967029147
1710802124.6967108,0.8126321766111586
1710802124.6968238,0.7159458928638034
1710802124.6969368,0.6210111909442477
1710802124.6970499,0.5232739448547363
1710802124.6971626,0.42658769422107273
1710802124.6972756,0.3288504812452528
1710802124.6973886,0.23111325171258715
1710802124.6975017,0.13232510950830248
1710802124.6976144,0.032836331261528864
1710802124.6977274,-0.06628916081455019
1710802124.6978405,-0.1657584806283315
1710802124.6979535,-0.26382681396272445
1710802124.6980662,-0.36364638143115574
1710802124.6981792,-0.4620649417241414
1710802124.6982923,-0.5618845091925727
1710802124.6984053,-0.66030310259925
1710802124.698518,-0.7594221830368042
1710802124.698631,-0.8588914738761054
1710802124.698744,-0.9576602776845295
1710802124.698857,-1.0571296347512138
1710802124.6989698,-1.154497464497884
1710802124.6990829,-1.2511648072136772
1710802124.6991959,-1.3464311758677165
1710802124.6993089,-1.4406469133165147
1710802124.6994216,-1.5348625183105469
1710802124.6995347,-1.628027492099338
1710802124.6996477,-1.7215426762898762
1710802124.6997607,-1.8150577280256484
1710802124.6998734,-1.9078724914126926
1710802124.6999865,-2.0006871223449707
1710802124.7000995,-2.090699805153741
1710802124.7002125,-2.180712620417277
1710802124.7003253,-2.267923355102539
1710802124.7004383,-2.353733115726047
1710802124.7005513,-2.438142034742567
1710802124.7006643,-2.520449426439073
1710802124.700777,-2.602756553226047
1710802124.70089,-2.683663103315565
1710802124.701003,-2.764569388495551
1710802124.701116,-2.844074832068549
1710802124.7012289,-2.9225296444363065
1710802124.7013419,-2.999583085378011
1710802124.7014549,-3.073134422302246
1710802124.701568,-3.1449344423082137
1710802124.7016807,-3.2142827245924206
1710802124.7017937,-3.2801286379496255
1710802124.7019067,-3.3438730239868164
1710802124.7020197,-3.406566778818766
1710802124.7021325,-3.466808795928955
1710802124.7022455,-3.526700602637397
1710802124.7023585,-3.5851913028293185
1710802124.7024715,-3.6422811614142523
1710802124.7025843,-3.6969190173678927
1710802124.7026973,-3.7498060862223306
1710802124.7028103,-3.7998909420437283
1710802124.7029233,-3.846823639339871
1710802124.703036,-3.8920050197177463
1710802124.703149,-3.934734927283393
1710802124.703262,-3.9750128322177463
1710802124.703375,-4.013889895545112
1710802124.7034879,-4.05136611726549
1710802124.703601,-4.087441232469347
1710802124.703714,-4.122465716467963
1710802124.703827,-4.15608909395006
1710802124.7039397,-4.187611209021674
1710802124.7040527,-4.217031531863742
1710802124.7041657,-4.242599275377062
1710802124.7042787,-4.265715546078152
1710802124.7043915,-4.285679393344455
1710802124.7045045,-4.303191502888997
1710802124.7046175,-4.31825213962131
1710802124.7047305,-4.331911669837104
1710802124.7048433,-4.344520303938124
1710802124.7049563,-4.355728096432156
1710802124.7050693,-4.3655350473192005
1710802124.7051823,-4.3753419982062445
1710802124.705295,-4.381646315256755
1710802124.705408,-4.38619958029853
1710802124.705521,-4.387250211503771
1710802124.705634,-4.38584910498725
1710802124.705747,-4.38094589445326
1710802124.70586,-4.374641312493218
1710802124.705973,-4.366235468122694
1710802124.706086,-4.357129202948676
1710802124.7061987,-4.346271620856391
1710802124.7063117,-4.335414038764106
1710802124.7064247,-4.3235058254665795
1710802124.7065377,-4.3101965056525335
1710802124.7066505,-4.294435448116726
1710802124.7067635,-4.275522232055664
1710802124.7068765,-4.253456857469347
1710802124.7069895,-4.228239324357775
1710802124.7071023,-4.200570053524441
1710802124.7072153,-4.17149994108412
1710802124.7073283,-4.1420793533325195
1710802124.7074413,-4.112308555179172
1710802124.707554,-4.081837336222331
1710802124.707667,-4.051015906863742
1710802124.7077801,-4.018793370988634
1710802124.7078931,-3.9851699935065374
1710802124.708006,-3.9480442470974393
1710802124.708119,-3.9084664980570474
1710802124.708232,-3.86608706580268
1710802124.708345,-3.820905420515272
1710802124.7084577,-3.774323198530409
1710802124.7085707,-3.7277407116360135
1710802124.7086837,-3.6804575390285916
1710802124.7087967,-3.632124000125461
1710802124.7089095,-3.5837901963127985
1710802124.7090225,-3.5340555508931475
1710802124.7091355,-3.4822196430630155
1710802124.7092485,-3.4268808364868164
1710802124.7093613,-3.3690908220079208
1710802124.7094743,-3.308498594495985
1710802124.7095873,-3.245454629262288
1710802124.7097003,-3.180309136708577
1710802124.709813,-3.1144632233513727
1710802124.7099261,-3.04721646838718
1710802124.7100391,-2.980670134226481
1710802124.7101521,-2.9130729039510093
1710802124.710265,-2.844074832068549
1710802124.710378,-2.7733254432678223
1710802124.710491,-2.7011752128601074
1710802124.710604,-2.6255226135253906
1710802124.7107167,-2.548468907674154
1710802124.7108297,-2.4686132536994085
1710802124.7109427,-2.3880571789211698
1710802124.7110558,-2.3060999976264105
1710802124.7111685,-2.2241428163316512
1710802124.7112815,-2.1407847934299045
1710802124.7113945,-2.0577769809299045
1710802124.7115076,-1.9726676411098905
1710802124.7116203,-1.8872080908881292
1710802124.7117333,-1.799647013346354
1710802124.7118464,-1.709984540939331
1710802124.7119594,-1.6178703308105469
1710802124.7120721,-1.5254059102800157
1710802124.7121851,-1.4318907260894775
1710802124.7122982,-1.3366243574354384
1710802124.7124112,-1.2410077783796523
1710802124.712524,-1.1450408564673529
1710802124.712637,-1.0480233033498128
1710802124.71275,-0.9499549203448825
1710802124.712863,-0.8515363269382052
1710802124.7129757,-0.7524173127280341
1710802124.7130888,-0.6525977452596029
1710802124.7132018,-0.5513772037294176
1710802124.7133148,-0.45085714923010933
1710802124.7134275,-0.3485858771536085
1710802124.7135406,-0.24666484859254625
1710802124.7136536,-0.1436931060420142
1710802124.7137666,-0.040721346934636436
1710802124.7138793,0.0629632133576605
1710802124.7139924,0.16665574577119616
1710802124.7141054,0.2710488935311635
1710802124.7142184,0.3743911120626661
1710802124.7143312,0.4773830042945014
1710802124.7144442,0.579323967297872
1710802124.7145572,0.6809145874447292
1710802124.7146702,0.7811040348476833
1710802124.714783,0.8819940355088975
1710802124.714896,0.9821834166844685
1710802124.715009,1.0820225212309096
1710802124.715122,1.1832629309760199
1710802124.7152348,1.2813504536946614
1710802124.7153478,1.380138529671563
1710802124.7154608,1.476474470562405
1710802124.7155738,1.5710589620802138
1710802124.7156866,1.6631910536024306
1710802124.7157996,1.7542723814646402
1710802124.7159126,1.8432517846425374
1710802124.7160256,1.9315305021074083
1710802124.7161384,2.0194590091705322
1710802124.7162514,2.10668683052063
1710802124.7163644,2.1935644414689803
1710802124.7164774,2.2786903381347656
1710802124.7165902,2.361714310116238
1710802124.7167032,2.4447385470072427
1710802124.7168162,2.5235589345296225
1710802124.7169292,2.60062747531467
1710802124.717042,2.674193117353651
1710802124.717155,2.746357652876112
1710802124.717268,2.817821502685547
1710802124.717381,2.888234191470676
1710802124.7174938,2.9582966698540583
1710802124.7176068,3.026607831319173
1710802124.7177198,3.0942180421617294
1710802124.7178328,3.161127832200792
1710802124.7179456,3.22348329755995
1710802124.7180586,3.2830365498860674
1710802124.7181716,3.3408382203843856
1710802124.7182846,3.3951364623175726
1710802124.7183974,3.4462822808159723
1710802124.7185104,3.495326042175293
1710802124.7186234,3.541917535993788
1710802124.7187364,3.588158819410536
1710802124.7188492,3.6326485209994845
1710802124.7189622,3.6753866407606335
1710802124.7190752,3.7174240748087564
1710802124.7191882,3.7559586101108127
1710802124.719301,3.792741298675537
1710802124.719414,3.8256706131829157
1710802124.719527,3.8561479250590005
1710802124.71964,3.88417296939426
1710802124.7197528,3.9093955357869463
1710802124.7198658,3.9346178372701006
1710802124.7199788,3.957037925720215
1710802124.7200918,3.979808224572076
1710802124.7202046,4.00047673119439
1710802124.7203176,4.020444552103679
1710802124.7204306,4.039011001586914
1710802124.7205436,4.05617634455363
1710802124.7206564,4.069138103061252
1710802124.7207694,4.081048700544569
1710802124.7208824,4.089456134372287
1710802124.7209954,4.095061090257433
1710802124.7211082,4.098914464314778
1710802124.7212212,4.101716942257351
1710802124.7213342,4.102417627970378
1710802124.7214472,4.102768103281657
1710802124.72156,4.10206741756863
1710802124.721673,4.101716942257351
1710802124.721786,4.097513357798259
1710802124.721899,4.092959298027886
1710802124.7220118,4.085252285003662
1710802124.7221248,4.075443479749891
1710802124.7222378,4.061781300438775
1710802124.7223508,4.046718014611138
1710802124.7224636,4.0288519859313965
1710802124.7225766,4.011686642964681
1710802124.7226896,3.993470403883192
1710802124.7228026,3.9752541648017035
1710802124.7229154,3.9563372400071883
1710802124.7230284,3.9367198944091797
1710802124.7231414,3.915701177385118
1710802124.7232544,3.8904786109924316
1710802124.7233672,3.8642051484849715
1710802124.7234802,3.834078311920166
1710802124.7235932,3.8018494182162814
1710802124.723706,3.7678692075941296
1710802124.723819,3.733538521660699
1710802124.723932,3.6974562538994684
1710802124.724045,3.662074671851264
1710802124.7241578,3.6266930898030596
1710802124.7242708,3.5906110869513617
1710802124.7243838,3.552777237362332
1710802124.7244968,3.5135422812567816
1710802124.7246096,3.4708041614956326
1710802124.7247226,3.4252635637919107
1710802124.7248356,3.3786718050638833
1710802124.7249486,3.3296280437045627
1710802124.7250614,3.2798835966322155
1710802124.7251744,3.229438728756375
1710802124.7252874,3.180044756995307
1710802124.7254004,3.13030030992296
1710802124.7255132,3.0791544914245605
1710802124.7256262,3.026607831319173
1710802124.7257392,2.9719588491651745
1710802124.7258523,2.914157443576389
1710802124.725965,2.853553295135498
1710802124.726078,2.7908473544650607
1710802124.726191,2.726039621565077
1710802124.726304,2.6601807276407876
1710802124.7264168,2.5929207271999783
1710802124.7265298,2.526010937160916
1710802124.7266428,2.4591014120313854
1710802124.7267559,2.3907902505662704
1710802124.7268686,2.321078247494168
1710802124.7269816,2.248913711971707
1710802124.7270947,2.1746475166744657
1710802124.7272077,2.0979290538363986
1710802124.7273204,2.0198093520270453
1710802124.7274334,1.9388871722751193
1710802124.7275465,1.857964860068427
1710802124.7276595,1.7759917842017279
1710802124.7277722,1.6929676797654893
1710802124.7278852,1.6106442610422769
1710802124.7279983,1.526919470893012
1710802124.7281113,1.4421439170837402
1710802124.728224,1.3566675451066759
1710802124.728337,1.2694397237565782
1710802124.72845,1.1811610062917073
1710802124.728563,1.091480983628167
1710802124.7286758,1.0018009609646268
1710802124.7287889,0.9107196993298
1710802124.7289019,0.8199887143241035
1710802124.7290149,0.7278564903471205
1710802124.7291276,0.6350236468844943
1710802124.7292407,0.5414902170499166
1710802124.7293537,0.44830706384446883
1710802124.7294667,0.35267170932557845
1710802124.7295794,0.2577370074060228
1710802124.7296925,0.161401049958335
1710802124.7298055,0.06366384112172656
1710802124.7299185,-0.0326657315923108
1710802124.7300313,-0.13073407113552094
1710802124.7301443,-0.2291526562637753
1710802124.7302573,-0.32827172014448375
1710802124.7303703,-0.42774104409747654
1710802124.730483,-0.5272103680504693
1710802124.730596,-0.6263294484880235
1710802124.730709,-0.7250982522964478
1710802124.730822,-0.823867056104872
1710802124.7309349,-0.9208846754497951
1710802124.7310479,-1.0172018077638414
1710802124.7311609,-1.1135188738505046
1710802124.731274,-1.2077346112993028
1710802124.7313867,-1.303000979953342
1710802124.7314997,-1.398267348607381
1710802124.7316127,-1.4931835068596733
1710802124.7317257,-1.5873991118537054
1710802124.7318385,-1.6816148493025038
1710802124.7319515,-1.7744294802347818
1710802124.7320645,-1.865492926703559
1710802124.7321775,-1.9551553991105821
1710802124.7322903,-2.043416897455851
1710802124.7324033,-2.130277421739366
1710802124.7325163,-2.2164375252193875
1710802124.7326293,-2.3015467325846353
1710802124.732742,-2.3863058620029025
1710802124.732855,-2.4707147810194225
1710802124.732968,-2.553372383117676
1710802124.733081,-2.6353292995029025
1710802124.7331939,-2.7148347430759006
1710802124.733307,-2.7936397658454046
1710802124.73342,-2.8678915235731335
1710802124.733533,-2.9403919643825955
1710802124.7336457,-3.010440667470296
1710802124.7337587,-3.079088528951009
1710802124.7338717,-3.146685759226481
1710802124.7339847,-3.21323209338718
1710802124.7340975,-3.2787277963426376
1710802124.7342105,-3.343522813585069
1710802124.7343235,-3.4076176749335394
1710802124.7344365,-3.468910323248969
1710802124.7345493,-3.5288018650478787
1710802124.7346623,-3.5855415132310653
1710802124.7347753,-3.6401796340942383
1710802124.7348883,-3.691665596432156
1710802124.735001,-3.7417504522535534
1710802124.735114,-3.789033359951443
1710802124.735227,-3.8359660572475858
1710802124.73534,-3.880797227223714
1710802124.735453,-3.923527134789361
1710802124.735566,-3.965556356641981
1710802124.735679,-4.004783630371094
1710802124.735792,-4.042259852091472
1710802124.7359047,-4.076233439975314
1710802124.7360177,-4.108455975850423
1710802124.7361307,-4.136475457085504
1710802124.7362437,-4.162393411000569
1710802124.7363565,-4.185859892103407
1710802124.7364695,-4.2072248458862305
1710802124.7365825,-4.228239324357775
1710802124.7366955,-4.24680233001709
1710802124.7368083,-4.266065756479899
1710802124.7369213,-4.282877445220947
1710802124.7370343,-4.29793808195326
1710802124.7371473,-4.31054671605428
1710802124.73726,-4.320353666941325
1710802124.737373,-4.328409300910102
1710802124.7374861,-4.333312511444092
1710802124.7375991,-4.336464934878879
1710802124.737712,-4.33751556608412
1710802124.737825,-4.335414038764106
1710802124.737938,-4.335414038764106
1710802124.738051,-4.331911669837104
1710802124.7381637,-4.329109721713595
1710802124.7382767,-4.324906667073567
1710802124.7383897,-4.318952560424805
1710802124.7385027,-4.309846295250787
1710802124.7386155,-4.29793808195326
1710802124.7387285,-4.282877445220947
1710802124.7388415,-4.265365335676405
1710802124.7389545,-4.24680233001709
1710802124.7390673,-4.2250871658325195
1710802124.7391803,-4.203372001647949
1710802124.7392933,-4.181306627061632
1710802124.7394063,-4.158891042073567
1710802124.7395191,-4.136475457085504
1710802124.7396321,-4.1109077135721845
1710802124.7397451,-4.083938863542345
1710802124.7398582,-4.053467644585504
1710802124.739971,-4.020544687906901
1710802124.740084,-3.985520203908284
1710802124.740197,-3.947343561384413
1710802124.74031,-3.9084664980570474
1710802124.7404227,-3.868889013926188
1710802124.7405357,-3.8286108440823026
1710802124.7406487,-3.788332939147949
1710802124.7407618,-3.7473543485005694
1710802124.7408745,-3.705325126647949
1710802124.7409875,-3.6601434813605414
1710802124.7411005,-3.612860573662652
1710802124.7412136,-3.5627757178412542
1710802124.7413263,-3.5088380177815752
1710802124.7414393,-3.4534994761149087
1710802124.7415524,-3.397110303243001
1710802124.7416654,-3.338619338141547
1710802124.7417781,-3.2815297444661455
1710802124.7418911,-3.222688568962945
1710802124.7420042,-3.1641978687710233
1710802124.7421172,-3.1029052204555936
1710802124.74223,-3.0398612552218967
1710802124.742343,-2.9747157626681857
1710802124.742456,-2.905717690785726
1710802124.742569,-2.836369408501519
1710802124.7426817,-2.76211765077379
1710802124.7427948,-2.6882161034478083
1710802124.7429078,-2.613614135318332
1710802124.7430208,-2.5379615359836154
1710802124.7431335,-2.4616082509358725
1710802124.7432466,-2.3842043346828885
1710802124.7433596,-2.3064502080281577
1710802124.7434726,-2.2262443436516657
1710802124.7435853,-2.1446375052134194
1710802124.7436984,-2.059878375795152
1710802124.7438114,-1.9737184047698975
1710802124.7439244,-1.8851065635681152
1710802124.7440372,-1.796144644419352
1710802124.7441502,-1.706832382414076
1710802124.7442632,-1.615768935945299
1710802124.7443762,-1.5250556998782687
1710802124.744489,-1.4329414897494845
1710802124.744602,-1.3404770692189534
1710802124.744715,-1.2455609109666612
1710802124.744828,-1.150294542312622
1710802124.7449408,-1.0546778970294528
1710802124.7450538,-0.9576602776845295
1710802124.7451668,-0.8592417505052354
1710802124.7452798,-0.7608231570985582
1710802124.7453926,-0.6613538000318739
1710802124.7455056,-0.5625849962234497
1710802124.7456186,-0.4620649417241414
1710802124.7457316,-0.3611946768230862
1710802124.7458444,-0.2603243788083394
1710802124.7459574,-0.15875359376271567
1710802124.7460704,-0.057182816995514765
1710802124.7461834,0.043345710469616786
1710802124.7462962,0.14528666933377585
1710802124.7464092,0.24582639336585999
1710802124.7465222,0.34671641058391994
1710802124.7466352,0.4486573735872904
1710802124.746748,0.5495474073621962
1710802124.746861,0.6518386469946967
1710802124.746974,0.7534293333689371
1710802124.747087,0.8557205730014377
1710802124.7471998,0.9562602970335219
1710802124.7473128,1.056449744436476
1710802124.7474258,1.1541869905259874
1710802124.7475388,1.2515738275316026
1710802124.7476516,1.3475594255659316
1710802124.7477646,1.4424941274854872
1710802124.7478776,1.537078619003296
1710802124.7479906,1.6323636637793646
1710802124.7481034,1.7272983656989203
1710802124.7482164,1.8208318286471896
