Epoch Time,z
1714079195.2238004,4.628486986513491
1714079195.2239134,4.601629575093587
1714079195.2240262,4.578275150722927
1714079195.2241392,4.546747384247956
1714079195.224252,4.518722163306342
1714079195.224365,4.490697383880615
1714079195.2244778,4.459169175889756
1714079195.2245908,4.428808777420609
1714079195.2247036,4.397280569429751
1714079195.2248166,4.370423158009847
1714079195.2249296,4.341230569062409
1714079195.2250423,4.314373157642505
1714079195.2251554,4.281677581645824
1714079195.2252681,4.251316741660789
1714079195.2253811,4.212782559571442
1714079195.225494,4.174248377482096
1714079195.225607,4.131042957305908
1714079195.2257197,4.086670169123897
1714079195.2258327,4.042296939425998
1714079195.2259455,3.995588973716453
1714079195.2260585,3.950047934496844
1714079195.2261715,3.904507336793122
1714079195.2262843,3.8554637520401562
1714079195.2263973,3.8017489292003486
1714079195.22651,3.750369725403962
1714079195.226623,3.691984547509087
1714079195.2267358,3.6312637505707914
1714079195.2268488,3.5623689492543535
1714079195.2269616,3.4923063384162054
1714079195.2270746,3.418740740528813
1714079195.2271876,3.3428395235979997
1714079195.2273004,3.2681063369468406
1714079195.2274134,3.1910375312522605
1714079195.2275262,3.1104655177504927
1714079195.2276392,3.0275583267211914
1714079195.227752,2.9434833261701794
1714079195.227865,2.848898922955548
1714079195.2279778,2.754314519740917
1714079195.2280908,2.6503885233843767
1714079195.2282038,2.5476301157916033
1714079195.2283165,2.4366977038206876
1714079195.2284296,2.328100910893193
1714079195.2285423,2.212497702351323
1714079195.2286553,2.095726905045686
1714079195.228768,1.975452899932861
1714079195.2288811,1.8528434965345593
1714079195.228994,1.7267308853290697
1714079195.229107,1.5959474775526257
1714079195.22922,1.4593255740624886
1714079195.2293327,1.318032874001397
1714079195.2294457,1.1732369661331177
1714079195.2295585,1.0226025625511452
1714079195.2296715,0.8708004598264341
1714079195.2297843,0.7143275053412825
1714079195.2298973,0.557854550856131
1714079195.23001,0.3967107722052821
1714079195.230123,0.2379023918399104
1714079195.2302358,0.07792630543311437
1714079195.2303488,-0.08787112655463042
1714079195.2304618,-0.2524858271634137
1714079195.2305746,-0.420602990521325
1714079195.2306876,-0.5910551106488263
1714079195.2308004,-0.7650096659307126
1714079195.2309134,-0.941299177982189
1714079195.2310262,-1.1175886348441795
1714079195.2311392,-1.2927107237003468
1714079195.231252,-1.4678327021775421
1714079195.231365,-1.6382848774945293
1714079195.231478,-1.8075694640477498
1714079195.2315907,-1.9768540506009702
1714079195.2317038,-2.1449713795273393
1714079195.2318165,-2.3119208989319975
1714079195.2319295,-2.47653568232501
1714079195.2320423,-2.6423178337238453
1714079195.2321553,-2.8045976603472673
1714079195.232268,-2.9657098982069225
1714079195.232381,-3.1221522225273977
1714079195.232494,-3.273924633308693
1714079195.232607,-3.4221947193145748
1714079195.23272,-3.55995738947833
1714079195.2328327,-3.6988874276479082
1714079195.2329457,-3.824975313963713
1714079195.2330585,-3.9533981570491084
1714079195.2331715,-4.074815909067789
1714079195.2332842,-4.190396821057354
1714079195.2333972,-4.304809482009322
1714079195.23351,-4.415720480459708
1714079195.233623,-4.5196259463274915
1714079195.233736,-4.61769457216616
1714079195.2338488,-4.709925474943938
1714079195.2339618,-4.792816550643355
1714079195.2340746,-4.871037712803593
1714079195.2341876,-4.941086415891294
1714079195.2343004,-5.006465205439815
1714079195.2344134,-5.063671977431685
1714079195.2345262,-5.118543571896023
1714079195.2346392,-5.165242707287823
1714079195.2347522,-5.2107744746738005
1714079195.234865,-5.245798605459707
1714079195.234978,-5.2796558097556785
1714079195.2350907,-5.307675290990758
1714079195.2352037,-5.326354945147479
1714079195.2353165,-5.342699421776665
1714079195.2354295,-5.354374426382559
1714079195.2355423,-5.362546885455096
1714079195.2356553,-5.361379075933385
1714079195.2357683,-5.363714253460919
1714079195.235881,-5.356709162394205
1714079195.235994,-5.350871880849202
1714079195.2361069,-5.338029508237486
1714079195.23622,-5.331024858686659
1714079195.2363327,-5.3170151180691185
1714079195.2364457,-5.300670199924045
1714079195.2365584,-5.284325723294859
1714079195.2366714,-5.263310891610605
1714079195.2367845,-5.242296501442238
1714079195.2368972,-5.217779124224627
1714079195.2370102,-5.19092701099537
1714079195.237123,-5.160572793748643
1714079195.237236,-5.1313855029918525
1714079195.2373488,-5.097528740211769
1714079195.2374618,-5.0671740814491555
1714079195.2375746,-5.039154600214075
1714079195.2376876,-5.014637664512351
1714079195.2378004,-4.985450815271448
1714079195.2379134,-4.9527609789813
1714079195.2380264,-4.927076675273754
1714079195.2381392,-4.895554648505317
1714079195.2382522,-4.861697885725233
1714079195.238365,-4.824338577411792
1714079195.238478,-4.791648741121645
1714079195.2385907,-4.760127155869095
1714079195.2387037,-4.723935215561478
1714079195.2388165,-4.701753015871401
1714079195.2389295,-4.67256572511461
1714079195.2390425,-4.645714053401241
1714079195.2391553,-4.6258665897228095
1714079195.2392683,-4.59784710848773
1714079195.239381,-4.573330172786006
1714079195.239494,-4.5406407780117455
1714079195.2396069,-4.512621296776666
1714079195.2397199,-4.478764092480694
1714079195.2398326,-4.448409875233968
1714079195.2399457,-4.421557762004711
1714079195.2400587,-4.399375562314634
1714079195.2401714,-4.377193362624556
1714079195.2402844,-4.352676426922833
1714079195.2403972,-4.33166159523858
1714079195.2405102,-4.305977291531033
1714079195.240623,-4.284962459846779
1714079195.240736,-4.254608242600052
1714079195.2408488,-4.2219184063099044
1714079195.2409618,-4.191564189063178
1714079195.2410746,-4.1577069847672075
1714079195.2411876,-4.128520135526304
1714079195.2413006,-4.096998108757867
1714079195.2414134,-4.070145995528609
1714079195.2415264,-4.04329432381524
1714079195.2416391,-4.0141070330584485
1714079195.2417521,-3.983752815811722
1714079195.241865,-3.9463930659823947
1714079195.241978,-3.9066990216573076
1714079195.2420907,-3.8623346222771535
1714079195.2422037,-3.81913803241871
1714079195.2423167,-3.771271087505199
1714079195.2424295,-3.7222372161017523
1714079195.2425425,-3.6743702711882413
1714079195.2426553,-3.6265037677906173
1714079195.2427683,-3.5774694548712835
1714079195.242881,-3.5214304924011226
1714079195.242994,-3.4688938547063755
1714079195.2431068,-3.407017389933268
1714079195.2432199,-3.3416386003847474
1714079195.2433329,-3.269254719769513
1714079195.2434456,-3.1933685143788653
1714079195.2435586,-3.1139797634548607
1714079195.2436714,-3.0334236445250333
1714079195.2437844,-2.951700157589382
1714079195.2438972,-2.867641493126198
1714079195.2440102,-2.78241546065719
1714079195.244123,-2.6901845578794124
1714079195.244236,-2.599121023107458
1714079195.2443488,-2.49988525002091
1714079195.2444618,-2.3994818881705955
1714079195.2445748,-2.2932412447752775
1714079195.2446876,-2.1811630990770126
1714079195.2448006,-2.062080083069978
1714079195.2449133,-1.9429972878208865
1714079195.2450264,-1.8192442478956998
1714079195.2451391,-1.6943239503436618
1714079195.2452521,-1.5694035424126518
1714079195.245365,-1.4386457425576669
1714079195.245478,-1.3055529859330919
1714079195.245591,-1.1666228373845418
1714079195.2457037,-1.0288601672207867
1714079195.2458167,-0.8817576699786716
1714079195.2459295,-0.7323202159669664
1714079195.2460425,-0.5758778364570052
1714079195.2461553,-0.41826803375173494
1714079195.2462683,-0.25482081152774666
1714079195.246381,-0.0925410469924962
1714079195.246494,0.07208776142862107
1714079195.246607,0.2367346926971718
1714079195.2467198,0.39904617049075936
1714079195.2468328,0.567196199187526
1714079195.2469456,0.7318431580508197
1714079195.2470586,0.8999931591528433
1714079195.2471714,1.0693109697765772
1714079195.2472844,1.2444672761140045
1714079195.2473972,1.4184557729297214
1714079195.2475102,1.5947797784098872
1714079195.2476232,1.7699360847473142
1714079195.247736,1.9404214841348153
1714079195.247849,2.1085717059947826
1714079195.2479618,2.2720509105258517
1714079195.2480748,2.4331947167714434
1714079195.2481875,2.5920029039736145
1714079195.2483006,2.747308324884485
1714079195.2484133,2.900278126751935
1714079195.2485263,3.055583326904862
1714079195.248639,3.203882332201357
1714079195.248752,3.3545167357833297
1714079195.2488651,3.5004803427943476
1714079195.248978,3.645276140283655
1714079195.249091,3.777227136823866
1714079195.2492037,3.906842955836543
1714079195.2493167,4.027116740191424
1714079195.2494295,4.142720169491238
1714079195.2495425,4.2524845511825
1714079195.2496552,4.361081564867938
1714079195.2497683,4.463839972460711
1714079195.2498813,4.563094951488353
1714079195.249994,4.660014752988462
1714079195.250107,4.751096389911792
1714079195.2502198,4.836338979226571
1714079195.2503328,4.916910771970396
1714079195.2504456,4.985805794044777
1714079195.2505586,5.048861768510606
1714079195.2506714,5.106079578399658
1714079195.2507844,5.153955795146801
1714079195.2508974,5.202999379899766
1714079195.2510102,5.243869181032534
1714079195.2511232,5.2824038046377675
1714079195.251236,5.315099380634448
1714079195.251349,5.344292411097774
1714079195.2514617,5.372317190523501
1714079195.2515748,5.395671614894161
1714079195.2516875,5.409684004607024
1714079195.2518005,5.421360775276466
1714079195.2519133,5.426032013363308
1714079195.2520263,5.429535000412552
1714079195.2521393,5.424864203841597
1714079195.252252,5.424864203841597
1714079195.252365,5.417857788227222
1714079195.252478,5.408516195085313
1714079195.252591,5.395671614894161
1714079195.2527037,5.386329580236364
1714079195.2528167,5.37114938100179
1714079195.2529294,5.354801813761393
1714079195.2530425,5.336118185961688
1714079195.2531555,5.315099380634448
1714079195.2532682,5.292913207301387
1714079195.2533813,5.268390973409017
1714079195.253494,5.242701371510823
1714079195.253607,5.21701176961263
1714079195.2537198,5.190154799708614
1714079195.2538328,5.162129578766999
1714079195.2539456,5.135272167347095
1714079195.2540586,5.108415197443079
1714079195.2541716,5.082725595544885
1714079195.2542844,5.055868184124981
1714079195.2543974,5.031346391748499
1714079195.2545102,5.004488980328595
1714079195.2546232,4.978799378430401
1714079195.254736,4.947271170439543
1714079195.254849,4.915742962448685
1714079195.2549617,4.888885992544668
1714079195.2550747,4.8585255940755205
1714079195.2551877,4.830500373133907
1714079195.2553005,4.804810771235713
1714079195.2554135,4.777953359815809
1714079195.2555263,4.753431567439327
1714079195.2556393,4.725406788013599
1714079195.255752,4.70438798268636
1714079195.255865,4.675195393738923
1714079195.2559779,4.648337982319019
1714079195.2560909,4.617977583849871
1714079195.2562037,4.588784553386547
1714079195.2563167,4.554921167868155
1714079195.2564297,4.525728578920718
1714079195.2565424,4.497703357979103
1714079195.2566555,4.469678578553376
1714079195.2567682,4.442821167133472
1714079195.2568812,4.4171315652352785
1714079195.256994,4.38560335724442
1714079195.257107,4.358745945824517
1714079195.2572198,4.324882560306125
1714079195.2573328,4.288683555744312
1714079195.2574458,4.251316741660789
1714079195.2575586,4.2116147500497325
1714079195.2576716,4.174248377482096
1714079195.2577844,4.133378576349329
1714079195.2578974,4.0936761432223845
1714079195.2580101,4.052806342089617
1714079195.2581232,4.016607337527804
1714079195.258236,3.973402358867504
1714079195.258349,3.927861761163782
1714079195.258462,3.875314747845685
1714079195.2585747,3.8251033535710084
1714079195.2586877,3.767885543681957
1714079195.2588005,3.7083325562653715
1714079195.2589135,3.644108551519888
1714079195.2590263,3.584555343345359
1714079195.2591393,3.520331338599876
1714079195.259252,3.4561073338543924
1714079195.259365,3.389547930823432
1714079195.2594779,3.3183177312215166
1714079195.2595909,3.243584323812414
1714079195.2597039,3.1630125310685897
1714079195.2598166,3.082440517566822
1714079195.2599297,2.986688525588424
1714079195.2600424,2.896774918944747
1714079195.2601554,2.802190515730116
1714079195.2602682,2.6994321081373425
1714079195.2603812,2.5966739213025125
1714079195.260494,2.493915513709739
1714079195.260607,2.387653898309778
1714079195.26072,2.2755538975750955
1714079195.2608328,2.1622863080766463
1714079195.2609458,2.0431798917275885
1714079195.2610586,1.9217382978509971
1714079195.2611716,1.790954890074553
1714079195.2612844,1.660171482298109
1714079195.2613974,1.5212141805224948
1714079195.2615101,1.383424577889619
1714079195.2616231,1.2397963691640783
1714079195.2617362,1.0961682708175093
1714079195.261849,0.95137236294923
1714079195.261962,0.8019056585099962
1714079195.2620747,0.6524389540707624
1714079195.2621877,0.49596599958561083
1714079195.2623005,0.3394930451004593
1714079195.2624135,0.1771815397121288
1714079195.2625263,0.010199204984086531
1714079195.2626393,-0.15558498325171294
1714079195.2627523,-0.3260371033792142
1714079195.262865,-0.4976566742967676
1714079195.262978,-0.6716112295786539
1714079195.2630908,-0.8408958713213602
1714079195.2632039,-1.0160179049880416
1714079195.2633166,-1.184135013156467
1714079195.2634296,-1.3545871884734542
1714079195.2635424,-1.5250392534114696
1714079195.2636554,-1.6978263854980467
1714079195.2637682,-1.867111082430239
1714079195.2638812,-2.0398981041378446
1714079195.2639942,-2.2103501690758596
1714079195.264107,-2.381969822777642
1714079195.26422,-2.547751974176477
1714079195.2643328,-2.7135341255753125
1714079195.2644458,-2.871144038659555
1714079195.2645586,-3.02758636298003
1714079195.2646716,-3.1758562282279685
1714079195.2647843,-3.32412631423385
1714079195.2648973,-3.4653913091730186
1714079195.2650104,-3.605488936106364
1714079195.2651231,-3.7409168702584723
1714079195.2652361,-3.8740096268830473
1714079195.265349,-4.000097292440909
1714079195.265462,-4.123850221987124
1714079195.2655747,-4.239430692460801
1714079195.2656877,-4.348006513383653
1714079195.2658005,-4.448409875233968
1714079195.2659135,-4.544143323545103
1714079195.2660265,-4.632871680789523
1714079195.2661393,-4.714595388483118
1714079195.2662523,-4.792816550643355
1714079195.266365,-4.867535167270236
1714079195.266478,-4.936416502352114
1714079195.2665908,-5.000627923894811
1714079195.2667038,-5.059002063892505
1714079195.2668166,-5.112705848835132
1714079195.2669296,-5.161740161754467
1714079195.2670424,-5.20143464759544
1714079195.2671554,-5.239961323914704
1714079195.2672684,-5.269148173155608
1714079195.2673812,-5.294832918379042
1714079195.2674942,-5.313512572535762
1714079195.267607,-5.331024858686659
1714079195.26772,-5.342699421776665
1714079195.2678328,-5.350871880849202
1714079195.2679458,-5.355541794388382
1714079195.2680585,-5.355541794388382
1714079195.2681715,-5.353207058376736
1714079195.2682846,-5.346201967310022
1714079195.2683973,-5.340364685765019
1714079195.2685103,-5.326354945147479
1714079195.268623,-5.311177836524116
1714079195.2687361,-5.290163004839862
1714079195.268849,-5.269148173155608
1714079195.268962,-5.244631237453884
1714079195.2690747,-5.221281669757984
1714079195.2691877,-5.193262188522904
1714079195.2693007,-5.169912620827003
1714079195.2694135,-5.141893139591923
1714079195.2695265,-5.118543571896023
1714079195.2696393,-5.091691458666766
1714079195.2697523,-5.064839345437509
1714079195.269865,-5.033317318669072
1714079195.269978,-5.002962659906458
1714079195.2700908,-4.969105897126374
1714079195.2702038,-4.9340813248245805
1714079195.2703166,-4.89788982603285
1714079195.2704296,-4.866367799264413
1714079195.2705426,-4.832510594968443
1714079195.2706554,-4.805658481739185
1714079195.2707684,-4.775304264492458
1714079195.2708812,-4.749619519269024
1714079195.2709942,-4.723935215561478
1714079195.271107,-4.693580556798864
1714079195.27122,-4.6678958115754305
1714079195.2713327,-4.637541594328703
1714079195.2714458,-4.607186935566089
1714079195.2715588,-4.573330172786006
1714079195.2716715,-4.545310691550926
1714079195.2717845,-4.517291210315845
1714079195.2718973,-4.495109010625768
1714079195.2720103,-4.471759442929868
1714079195.272123,-4.450744611245614
1714079195.272236,-4.4285624115555375
1714079195.2723489,-4.404045475853814
1714079195.272462,-4.379528540152091
1714079195.272575,-4.350341249395299
1714079195.2726877,-4.321154400154396
1714079195.2728007,-4.286129827852602
1714079195.2729135,-4.258110346617522
1714079195.2730265,-4.227756129370795
1714079195.2731392,-4.203238752153184
1714079195.2732522,-4.179889184457284
1714079195.273365,-4.156539616761384
1714079195.273478,-4.129687503532127
1714079195.273591,-4.10283539030287
1714079195.2737038,-4.06664389151114
1714079195.2738168,-4.033954055220992
1714079195.2739296,-3.996594746907552
1714079195.2740426,-3.956900702582465
1714079195.2741554,-3.9148714807298446
1714079195.2742684,-3.876344362894694
1714079195.2743812,-3.8389850545812534
1714079195.2744942,-3.7992905687402794
1714079195.274607,-3.7607638924210156
1714079195.27472,-3.717567302562572
1714079195.274833,-3.670867946412828
1714079195.2749457,-3.6194986767239037
1714079195.2750587,-3.56462730301751
1714079195.2751715,-3.506253163019816
1714079195.2752845,-3.4443766982467086
1714079195.2753973,-3.375495363164831
1714079195.2755103,-3.3101165736163103
1714079195.275623,-3.242402606540256
1714079195.275736,-3.1746888602221452
1714079195.275849,-3.1034725683706776
1714079195.2759619,-3.02758636298003
1714079195.276075,-2.9505325688256154
1714079195.2761877,-2.865306536356608
1714079195.2763007,-2.778913135881777
1714079195.2764134,-2.683179687570642
1714079195.2765265,-2.5862788712536844
1714079195.2766392,-2.4835405526337797
1714079195.2767522,-2.376132320474695
1714079195.2768652,-2.2675567203097873
1714079195.276978,-2.158981120144879
1714079195.277091,-2.0457353856828475
1714079195.2772038,-1.9266523696758129
1714079195.2773168,-1.8099044208173398
1714079195.2774296,-1.6826490561167398
1714079195.2775426,-1.5553938017951117
1714079195.2776554,-1.4199660884009466
1714079195.2777684,-1.2845383750067816
1714079195.2778811,-1.1374358777646665
1714079195.2779942,-0.9926683372921413
1714079195.2781072,-0.8432308280909503
1714079195.27822,-0.6914584173096551
1714079195.278333,-0.5420209081084639
1714079195.2784457,-0.3879135405575787
1714079195.2785587,-0.23380614541195055
1714079195.2786715,-0.07502884362582807
1714079195.2787845,0.07909401147453873
1714079195.2788973,0.24257321600560788
1714079195.2790103,0.406052420536677
1714079195.2791233,0.5765379027084068
1714079195.279236,0.745855658142655
1714079195.279349,0.9186765110051189
1714079195.2794619,1.0926650630103216
1714079195.2795749,1.2596474753485785
1714079195.2796876,1.4336359721642953
1714079195.2798007,1.6006183845025521
1714079195.2799134,1.7664329873190985
1714079195.2800264,1.9310798909929063
1714079195.2801394,2.0968944938094527
1714079195.2802522,2.260373698340522
1714079195.2803652,2.4285236994425454
1714079195.280478,2.593170713495325
1714079195.280591,2.761320714597349
1714079195.2807038,2.917793724271986
1714079195.2808168,3.080105119281345
1714079195.2809296,3.2307395228633173
1714079195.2810426,3.3767031298743353
1714079195.2811556,3.5156605420289213
1714079195.2812684,3.65111474637632
1714079195.2813814,3.780730565388997
1714079195.2814941,3.9091781333640765
1714079195.2816072,4.03529096532751
1714079195.28172,4.156732559204102
1714079195.281833,4.275838975553159
1714079195.2819457,4.389106344293665
1714079195.2820587,4.493032561408149
1714079195.2821715,4.592287981951678
1714079195.2822845,4.6857043548866555
1714079195.2823975,4.765108779624656
1714079195.2825103,4.84451276284677
1714079195.2826233,4.914575594442861
1714079195.282736,4.983470175001356
1714079195.282849,5.0453587814613625
1714079195.2829618,5.108415197443079
1714079195.2830749,5.160961769245288
1714079195.2831876,5.212340973041675
1714079195.2833006,5.259049380267108
1714079195.2834136,5.2964161943506305
1714079195.2835264,5.329112211863199
1714079195.2836394,5.355969181767216
1714079195.2837522,5.379323606137876
1714079195.2838652,5.39450380537245
1714079195.283978,5.408516195085313
1714079195.284091,5.420193407270643
1714079195.2842038,5.4283671908908415
1714079195.2843168,5.4330379874617964
1714079195.2844298,5.435373606505217
1714079195.2845426,5.4330379874617964
1714079195.2846556,5.427199381369131
1714079195.2847683,5.422528584798177
1714079195.2848814,5.410851814128734
1714079195.2849941,5.396838982899983
1714079195.2851071,5.38165878366541
1714079195.28522,5.361807787859881
1714079195.285333,5.340788982532642
1714079195.2854457,5.315099380634448
1714079195.2855587,5.2964161943506305
1714079195.2856717,5.270726592452437
1714079195.2857845,5.247372609597665
1714079195.2858975,5.218179579134341
1714079195.2860103,5.193657786757857
1714079195.2861233,5.16563300733213
1714079195.286236,5.14227858296147
1714079195.286349,5.110750374970612
1714079195.2864618,5.083893405066596
1714079195.2865748,5.053532565081561
1714079195.2866879,5.025507785655834
1714079195.2868006,4.993979577664976
1714079195.2869136,4.965954798239248
1714079195.2870264,4.9367617677759235
1714079195.2871394,4.91107216587773
1714079195.2872522,4.884215195973714
1714079195.2873652,4.862028581124765
1714079195.287478,4.836338979226571
1714079195.287591,4.809481567806667
1714079195.287704,4.7814567883809405
1714079195.2878168,4.754599376961036
1714079195.2879298,4.725406788013599
1714079195.2880425,4.696213757550274
1714079195.2881556,4.663518181553593
1714079195.2882683,4.636660770133689
1714079195.2883813,4.609803358713785
1714079195.288494,4.5852815663373026
1714079195.2886071,4.56075977396082
1714079195.2887201,4.536237981584336
1714079195.288833,4.509380570164433
1714079195.288946,4.480187981216996
1714079195.2890587,4.450994950753671
1714079195.2891717,4.4171315652352785
1714079195.2892845,4.38560335724442
1714079195.2893975,4.349404352682608
1714079195.2895103,4.317876144691749
1714079195.2896233,4.284012759173358
1714079195.289736,4.2524845511825
1714079195.289849,4.218621165664107
1714079195.289962,4.187092957673249
1714079195.2900748,4.147390966062193
1714079195.2901878,4.108856342456959
1714079195.2903006,4.065651363796658
1714079195.2904136,4.017775147049515
1714079195.2905264,3.9675637527748386
1714079195.2906394,3.916184548978452
1714079195.2907522,3.8613023581328214
1714079195.2908652,3.811090963858145
1714079195.2909782,3.7550409634908037
1714079195.291091,3.7024939501727068
1714079195.291204,3.644108551519888
1714079195.2913167,3.584555343345359
1714079195.2914298,3.520331338599876
1714079195.2915425,3.451436537283438
1714079195.2916555,3.3767031298743353
1714079195.2917683,3.3008021337014655
1714079195.2918813,3.219062531435931
1714079195.2919943,3.138490517934163
1714079195.292107,3.0544155173831515
1714079195.29222,2.9668375297828953
1714079195.292333,2.8769239231392185
1714079195.292446,2.7846749182100647
1714079195.2925587,2.687755116709956
1714079195.2926717,2.5849967091171826
1714079195.2927845,2.482238301524409
1714079195.2928975,2.3713061103114375
1714079195.2930102,2.2557029017695673
1714079195.2931232,2.1307581000857883
1714079195.2932363,2.0128194932584407
1714079195.293349,1.8785330984327526
1714079195.293462,1.7535881863700018
1714079195.2935748,1.6204693803080805
1714079195.2936878,1.485015175960682
1714079195.2938006,1.3472255733278062
1714079195.2939136,1.2071005724094532
1714079195.2940264,1.058801567112958
1714079195.2941394,0.9093348626737241
1714079195.2942524,0.7540296073313112
1714079195.2943652,0.5952212545606824
1714079195.2944782,0.432909721577609
1714079195.294591,0.26826281790380124
1714079195.294704,0.10244818749251189
1714079195.2948167,-0.06335404598050647
1714079195.2949297,-0.23263866702715555
1714079195.2950425,-0.3960859168458868
1714079195.2951555,-0.5677054877634401
1714079195.2952685,-0.7358226511213514
1714079195.2953813,-0.9062747712488527
1714079195.2954943,-1.079061848145944
1714079195.295607,-1.2530163482383445
1714079195.29572,-1.4269709587097168
1714079195.2958329,-1.6032604155717072
1714079195.295946,-1.7748800692734894
1714079195.2960587,-1.9476672013600667
1714079195.2961717,-2.114616720764725
1714079195.2962847,-2.2827338289331505
1714079195.2963974,-2.4426786987869824
1714079195.2965105,-2.606125893416228
1714079195.2966232,-2.760233260967113
1714079195.2967362,-2.917843174051355
1714079195.296849,-3.0719505416022406
1714079195.296962,-3.2248905411473023
1714079195.2970748,-3.3766629519285978
1714079195.2971878,-3.522597860406946
1714079195.2973006,-3.663863076104058
1714079195.2974136,-3.8004583782619896
1714079195.2975266,-3.928881221347385
1714079195.2976394,-4.052634150893599
1714079195.2977524,-4.1682146213672775
1714079195.2978652,-4.2802925463075985
1714079195.2979782,-4.385365821697094
1714079195.298091,-4.488103919559054
1714079195.298204,-4.585004735876012
1714079195.2983167,-4.679570816181323
1714079195.2984297,-4.765964437414098
1714079195.2985427,-4.847688145107693
1714079195.2986555,-4.92474149774622
1714079195.2987685,-4.991288096816451
1714079195.2988813,-5.050829604819969
1714079195.2989943,-5.105701199284306
1714079195.299107,-5.155902880209463
1714079195.29922,-5.194429556528727
1714079195.2993329,-5.230621496836344
1714079195.2994459,-5.263310891610605
1714079195.2995589,-5.2960002863848645
1714079195.2996716,-5.315847750063296
1714079195.2997847,-5.334527404220015
1714079195.2998974,-5.349704512843379
1714079195.3000104,-5.359044339921739
1714079195.3001232,-5.366048989472565
1714079195.3002362,-5.363714253460919
1714079195.300349,-5.3648816214667425
1714079195.300462,-5.355541794388382
1714079195.3005748,-5.347369335315845
1714079195.3006878,-5.329857490680835
1714079195.3008008,-5.315847750063296
1714079195.3009136,-5.298335463912398
1714079195.3010266,-5.280823177761501
1714079195.3011394,-5.262143523604781
1714079195.3012524,-5.239961323914704
1714079195.3013651,-5.221281669757984
1714079195.3014781,-5.19559692453455
1714079195.301591,-5.17224735683865
1714079195.301704,-5.143060507597746
1714079195.301817,-5.113873658356843
1714079195.3019297,-5.080016454060872
1714079195.3020427,-5.0461596912807885
1714079195.3021555,-5.0134702965065285
1714079195.3022685,-4.979613092210557
1714079195.3023813,-4.951593610975477
1714079195.3024943,-4.92123939372875
1714079195.302607,-4.89321991249367
1714079195.30272,-4.862865253731056
1714079195.302833,-4.833678404490152
1714079195.3029459,-4.804491113733362
1714079195.3030589,-4.768299173425745
1714079195.3031716,-4.739112324184841
1714079195.3032846,-4.702920383877224
1714079195.3033974,-4.671398357108787
1714079195.3035104,-4.63987633034035
1714079195.3036232,-4.611856849105269
1714079195.3037362,-4.581502631858543
1714079195.303849,-4.5616551681801125
1714079195.303962,-4.539473410005923
1714079195.304075,-4.516123400794135
1714079195.3041878,-4.4927738330982345
1714079195.3043008,-4.463586983857331
1714079195.3044136,-4.4344001346164275
1714079195.3045266,-4.40287810784799
1714079195.3046393,-4.374858626612911
1714079195.3047523,-4.345671335856119
1714079195.3048651,-4.3223217681602195
1714079195.3049781,-4.298972200464319
1714079195.3050911,-4.275622632768418
1714079195.305204,-4.258110346617522
1714079195.305317,-4.232426042909975
1714079195.3054297,-4.207908665692364
1714079195.3055427,-4.175219270918104
1714079195.3056555,-4.146032421677201
1714079195.3057685,-4.111007849375406
1714079195.3058813,-4.0759837185895
1714079195.3059943,-4.042126514293529
1714079195.3061073,-4.0082697515134456
1714079195.30622,-3.9779150927508318
1714079195.306333,-3.944058329970748
1714079195.3064458,-3.9090337576689542
1714079195.3065588,-3.8740096268830473
1714079195.3066716,-3.83314777303625
1714079195.3067846,-3.79111855118363
1714079195.3068974,-3.739749060736762
1714079195.3070104,-3.691882557339138
1714079195.3071234,-3.637010962874801
1714079195.3072362,-3.5821393684104637
1714079195.3073492,-3.5261004059403027
1714079195.307462,-3.4688938547063755
1714079195.307575,-3.4140222602420383
1714079195.3076878,-3.3521457954689304
1714079195.3078008,-3.2891019626899998
1714079195.3079135,-3.2190530388443555
1714079195.3080266,-3.146669378987065
1714079195.3081393,-3.0707831735964173
1714079195.3082523,-2.985556920369466
1714079195.3083653,-2.9026658446700484
1714079195.308478,-2.8104349418922707
1714079195.3085911,-2.7205389958840827
1714079195.308704,-2.627140504342538
1714079195.308817,-2.531407276789347
1714079195.3089297,-2.4333388717086226
1714079195.3090427,-2.330600553088718
1714079195.3091555,-2.22669486646299
1714079195.3092685,-2.115784309528492
1714079195.3093815,-2.00253857506646
1714079195.3094943,-1.8799532342840122
1714079195.3096073,-1.7550328263530024
1714079195.30972,-1.6266100936465793
1714079195.309833,-1.4923498586372093
1714079195.3099458,-1.3592571020126343
1714079195.3100588,-1.2203269534640842
1714079195.3101716,-1.081396804915534
1714079195.3102846,-0.940131699597394
1714079195.3103976,-0.7941966807400738
1714079195.3105104,-0.6470941283084728
1714079195.3106234,-0.4976566742967676
1714079195.3107362,-0.33887936561195936
1714079195.3108492,-0.17776710015756111
1714079195.310962,-0.015487354593696417
1714079195.311075,0.15149195161130694
1714079195.3111877,0.31964199410544497
1714079195.3113008,0.48779205039695456
1714079195.3114135,0.6524389540707624
1714079195.3115265,0.8194213112195332
1714079195.3116395,0.9887390666537814
1714079195.3117523,1.151050572042112
1714079195.3118653,1.3192005731441356
1714079195.311978,1.4826797776752048
1714079195.312091,1.6555006857271546
1714079195.312204,1.8224829876864397
1714079195.312317,1.9894652896457248
1714079195.3124297,2.1587831002694586
1714079195.3125427,2.3257655126077155
1714079195.3126557,2.492747704188029
1714079195.3127685,2.6480529043409557
1714079195.3128815,2.803358325251826
1714079195.3129942,2.9516573305483216
1714079195.3131073,3.0964531280376293
1714079195.31322,3.243584323812414
1714079195.313333,3.383709324730767
1714079195.3134458,3.5273375334563077
1714079195.3135588,3.6651271360891835
1714079195.3136718,3.799413751672815
1714079195.3137846,3.9325325577347363
1714079195.3138976,4.057477138660572
1714079195.3140104,4.176583555009629
1714079195.3141234,4.284012759173358
1714079195.3142362,4.390274153815375
1714079195.3143492,4.48485877778795
1714079195.314462,4.581778579288058
1714079195.314575,4.670524155652081
1714079195.314688,4.756934996004458
1714079195.3148007,4.842177585319236
1714079195.3149137,4.914575594442861
1714079195.3150265,4.992811768143265
1714079195.3151395,5.057035993646692
1714079195.3152523,5.116588981063277
1714079195.3153653,5.16563300733213
1714079195.315478,5.211173605035852
1714079195.315591,5.252043406168619
1714079195.3157039,5.285906791687012
1714079195.3158169,5.3186028091995805
1714079195.31593,5.343124601576063
1714079195.3160427,5.367646393952546
1714079195.3161557,5.3874973897580745
1714079195.3162684,5.406180576041892
1714079195.3163815,5.417857788227222
1714079195.3164942,5.424864203841597
1714079195.3166072,5.427199381369131
1714079195.31672,5.424864203841597
1714079195.316833,5.422528584798177
1714079195.316946,5.409684004607024
1714079195.3170588,5.4015097794709375
1714079195.3171718,5.388665199279785
1714079195.3172846,5.372317190523501
1714079195.3173976,5.358304800810637
1714079195.3175104,5.340788982532642
1714079195.3176234,5.3232736057705345
1714079195.3177361,5.301086990921585
1714079195.3178492,5.2824038046377675
1714079195.3179622,5.259049380267108
1714079195.318075,5.234527587890625
1714079195.318188,5.207670176470721
1714079195.3183007,5.184316193615948
1714079195.3184137,5.155123604668511
1714079195.3185265,5.128266193248607
1714079195.3186395,5.097905794779459
1714079195.3187523,5.071048383359556
1714079195.3188653,5.043023603933828
1714079195.318978,5.014998382992214
1714079195.319091,4.992811768143265
1714079195.319204,4.965954798239248
1714079195.3193169,4.940265196341055
1714079195.3194299,4.908736988350197
1714079195.3195426,4.884215195973714
1714079195.3196557,4.8561899750321
1714079195.3197684,4.821158779991998
1714079195.3198814,4.79196619104456
1714079195.3199942,4.762773160581236
1714079195.3201072,4.733580571633798
1714079195.3202202,4.707890969735605
1714079195.320333,4.684536986880832
1714079195.320446,4.657679575460929
1714079195.3205588,4.633157783084445
1714079195.3206718,4.6039647526211205
1714079195.3207846,4.5806107697663485
1714079195.3208976,4.5490825617754895
1714079195.3210104,4.519889972828052
1714079195.3211234,4.4895295743589045
1714079195.3212364,4.456833556846336
1714079195.3213491,4.426473158377188
1714079195.3214622,4.397280569429751
1714079195.321575,4.371590967531557
1714079195.321688,4.343565746589943
1714079195.3218007,4.315540967164216
1714079195.3219137,4.284012759173358
1714079195.3220265,4.250149373654966
1714079195.3221395,4.212782559571442
1714079195.3222525,4.171912758438675
1714079195.3223653,4.132210766827618
1714079195.3224783,4.0890053466514305
1714079195.322591,4.046967735996953
1714079195.322704,4.004930566858362
1714079195.3228168,3.964060765725595
1714079195.3229299,3.918520168021873
1714079195.3230426,3.8694761417530197
1714079195.3231556,3.8227677345275874
1714079195.3232684,3.769053353203667
1714079195.3233814,3.710667733792905
1714079195.3234944,3.642940741998178
1714079195.3236072,3.5798845467744047
1714079195.3237202,3.50865434717249
1714079195.323833,3.439759545856052
1714079195.323946,3.3696969350179033
1714079195.3240588,3.2949635276088007
1714079195.3241718,3.2202301201996977
1714079195.3242846,3.140826136977584
1714079195.3243976,3.0590865347120495
1714079195.3245106,2.9680051185466625
1714079195.3246233,2.8745885248537415
1714079195.3247364,2.777668723353633
1714079195.3248491,2.6749103157608594
1714079195.3249621,2.5674811115971314
1714079195.325075,2.4600519074334035
1714079195.325188,2.347951906698721
1714079195.3253007,2.232348698156851
1714079195.3254137,2.1202486974221686
1714079195.3255267,1.9964714845021565
1714079195.3256395,1.875029890625565
1714079195.3257525,1.7465818811345983
1714079195.3258653,1.6134631854516488
1714079195.3259783,1.4733380741543238
1714079195.326091,1.3308776749504936
1714079195.326204,1.1837463687967371
1714079195.3263168,1.0366150626429804
1714079195.3264298,0.8836452607755307
1714079195.3265426,0.7283400054331178
1714079195.3266556,0.5742024492334437
1714079195.3267686,0.4153940964628149
1714079195.3268814,0.2565857160974432
1714079195.3269944,0.09310651846505977
1714079195.3271072,-0.07035892318796227
1714079195.3272202,-0.23847608654587354
1714079195.327333,-0.4077607006938369
1714079195.327446,-0.5817152835704662
1714079195.3275588,-0.7580047956219426
1714079195.3276718,-0.936629264443009
1714079195.3277848,-1.1117512429202043
1714079195.3278975,-1.2857058533915766
1714079195.3280106,-1.459660353483977
1714079195.3281233,-1.6301125288009644
1714079195.3282363,-1.8028995505085696
1714079195.328349,-1.9698491802922
1714079195.3284621,-2.1403012452302153
1714079195.328575,-2.3049160286232278
1714079195.328688,-2.4753680935612428
1714079195.328801,-2.638815508948432
1714079195.3289137,-2.8057650283530906
1714079195.3290267,-2.9633749414373325
1714079195.3291395,-3.1198172657578076
1714079195.3292525,-3.269254719769513
1714079195.3293653,-3.4140222602420383
1714079195.3294783,-3.556454843944973
1714079195.329591,-3.6907149685753713
1714079195.329704,-3.8226401364361795
1714079195.3298168,-3.9463930659823947
1714079195.3299298,-4.073648541061966
1714079195.3300428,-4.188061643529821
1714079195.3301556,-4.303642114003499
1714079195.3302686,-4.4133853029321735
1714079195.3303814,-4.516123400794135
1714079195.3304944,-4.6095221130936235
1714079195.3306072,-4.701753015871401
1714079195.3307202,-4.782308914043285
1714079195.330833,-4.857027972186053
1714079195.330946,-4.927076675273754
1714079195.331059,-4.991288096816451
1714079195.3311718,-5.051996972825791
1714079195.3312848,-5.1045338312784825
1714079195.3313975,-5.155902880209463
1714079195.3315105,-5.202602015601264
1714079195.3316233,-5.241128691920528
1714079195.3317363,-5.2796558097556785
1714079195.331849,-5.306507481469048
1714079195.331962,-5.331024858686659
1714079195.332075,-5.347369335315845
1714079195.332188,-5.361379075933385
1714079195.332301,-5.367216798994276
1714079195.3324137,-5.3707189030117455
1714079195.3325267,-5.371886712533456
1714079195.3326395,-5.368384167000099
1714079195.3327525,-5.362546885455096
1714079195.3328652,-5.350871880849202
1714079195.3329782,-5.341532053770842
1714079195.3330913,-5.324019767619945
1714079195.333204,-5.308842658996582
1714079195.333317,-5.288995636834038
1714079195.3334298,-5.267980805149785
1714079195.3335428,-5.239961323914704
1714079195.3336556,-5.21427657869127
1714079195.3337686,-5.185089729450366
1714079195.3338814,-5.154735070687753
1714079195.3339944,-5.124380853441026
1714079195.3341072,-5.092858826672589
1714079195.3342202,-5.066006713443332
1714079195.3343332,-5.036819864202428
1714079195.334446,-5.011135118978994
1714079195.334559,-4.980780901732268
1714079195.3346717,-4.9504262429696535
1714079195.3347847,-4.92123939372875
1714079195.3348975,-4.887382189432779
1714079195.3350105,-4.853525426652696
1714079195.3351233,-4.818500854350902
1714079195.3352363,-4.786978827582465
1714079195.3353493,-4.754289432808204
1714079195.335462,-4.726269951573125
1714079195.335575,-4.702920383877224
1714079195.3356879,-4.6737335346363205
1714079195.335801,-4.651551334946244
1714079195.3359137,-4.623531853711163
1714079195.3360267,-4.596679740481906
1714079195.3361394,-4.567492891241002
1714079195.3362525,-4.537138232478389
1714079195.3363655,-4.505616205709952
1714079195.3364782,-4.475261988463225
1714079195.3365912,-4.450744611245614
1714079195.336704,-4.423892498016357
1714079195.336817,-4.40287810784799
1714079195.3369298,-4.38419845369127
1714079195.3370428,-4.362016254001193
1714079195.3371556,-4.338666686305293
1714079195.3372686,-4.309479395548502
1714079195.3373814,-4.284962459846779
1714079195.3374944,-4.249937887544985
1714079195.3376074,-4.220751038304082
1714079195.3377202,-4.185726907518174
1714079195.3378332,-4.155372248755561
1714079195.337946,-4.128520135526304
1714079195.338059,-4.09816547676369
1714079195.3381717,-4.072481173056143
1714079195.3382847,-4.042126514293529
1714079195.3383975,-4.012939665052626
1714079195.3385105,-3.9767477247450085
1714079195.3386235,-3.9417231524432146
1714079195.3387363,-3.899693930590594
1714079195.3388493,-3.8564973407321506
1714079195.338962,-3.8121329413519964
1714079195.339075,-3.766601173966019
1714079195.3391879,-3.723404584107575
1714079195.3393009,-3.677872816721598
1714079195.3394136,-3.6311736813297975
1714079195.3395267,-3.5833069571742304
1714079195.3396397,-3.529602730715716
1714079195.3397524,-3.4758987250151456
1714079195.3398654,-3.409352346702858
1714079195.3399782,-3.3451409251601607
1714079195.3400912,-3.271589676539103
1714079195.340204,-3.1980384279180454
1714079195.340317,-3.120984633763631
1714079195.3404298,-3.0404285148338035
1714079195.3405428,-2.9622073526735657
1714079195.3406558,-2.876981320204558
1714079195.3407686,-2.795257833268907
1714079195.3408816,-2.7018593417273626
1714079195.3409944,-2.610795806955408
1714079195.3411074,-2.508057709093447
1714079195.3412201,-2.406486758479365
1714079195.3413332,-2.2967437903086343
1714079195.341446,-2.1811630990770126
1714079195.341559,-2.0609127150641546
1714079195.3416717,-1.9429972878208865
1714079195.3417847,-1.8169092911261098
1714079195.3418977,-1.6931564719588668
1714079195.3420105,-1.5647336288734717
1714079195.3421235,-1.4351433074032818
1714079195.3422363,-1.3032180291635018
1714079195.3423493,-1.1654553589997467
1714079195.342462,-1.0230227752968117
1714079195.342575,-0.8770877564394916
1714079195.3426878,-0.7264828240429914
1714079195.3428009,-0.5723754013026202
1714079195.3429139,-0.4147655985973499
1714079195.3430266,-0.2571557682973367
1714079195.3431396,-0.09721096743036199
1714079195.3432524,0.0615783863597446
1714079195.3433654,0.22388987795070364
1714079195.3434782,0.3826982445187039
1714079195.3435912,0.5485129025247362
1714079195.343704,0.7119921070558053
1714079195.343817,0.8778067098723517
1714079195.34393,1.0506275627348158
1714079195.3440428,1.2211130725012884
1714079195.3441558,1.3962693788387157
1714079195.3442686,1.5690901765116938
1714079195.3443816,1.7407433854209051
1714079195.3444943,1.9088934969019005
1714079195.3446074,2.0723727014329696
1714079195.3447201,2.2346840964423285
1714079195.3448331,2.3923249156386763
1714079195.344946,2.5534685011263245
1714079195.345059,2.7076061125154847
1714079195.345172,2.8664145204755993
1714079195.3452847,3.0217197206285262
1714079195.3453977,3.1735219337322094
1714079195.3455105,3.3253239260779486
1714079195.3456235,3.4701199443251998
1714079195.3457363,3.6102449452435526
1714079195.3458493,3.743363751305474
1714079195.345962,3.8694761417530197
1714079195.346075,3.989750367623788
1714079195.346188,4.106521164929425
1714079195.3463008,4.2209563431916415
1714079195.3464139,4.327218179349546
1714079195.3465266,4.434647383513274
1714079195.3466396,4.5350701720626265
1714079195.3467524,4.634325592606156
1714079195.3468654,4.724238978491889
1714079195.3469782,4.810649377328378
1714079195.3470912,4.884215195973714
1714079195.3472042,4.953109776532208
1714079195.347317,5.0185013700414585
1714079195.34743,5.073384002402976
1714079195.3475428,5.127098383726897
1714079195.3476558,5.176141968479863
1714079195.3477685,5.221683007699472
1714079195.3478816,5.262552808832239
1714079195.3479943,5.298751371878164
1714079195.3481073,5.334950376439977
1714079195.3482203,5.359472610332348
1714079195.3483331,5.38165878366541
1714079195.3484461,5.398006792421694
1714079195.348559,5.410851814128734
1714079195.348672,5.415522610699688
1714079195.3487847,5.422528584798177
1714079195.3488977,5.4236963943198875
1714079195.3490105,5.4190255977489326
1714079195.3491235,5.4143548011779785
1714079195.3492362,5.407348385563603
1714079195.3493493,5.400342411465115
1714079195.3494623,5.388665199279785
1714079195.349575,5.376987987094455
1714079195.349688,5.357136991288926
1714079195.3498008,5.339621173010932
1714079195.3499138,5.31743499967787
1714079195.3500266,5.297584003872341
1714079195.3501396,5.270726592452437
1714079195.3502524,5.242701371510823
1714079195.3503654,5.21701176961263
1714079195.3504784,5.188986990186903
1714079195.3505912,5.162129578766999
1714079195.3507042,5.135272167347095
1714079195.350817,5.1095825654489015
1714079195.35093,5.082725595544885
1714079195.3510427,5.057035993646692
1714079195.3511558,5.027842963183367
1714079195.3512685,5.003321170806885
1714079195.3513815,4.974128581859447
1714079195.3514946,4.943768183390299
1714079195.3516073,4.914575594442861
1714079195.3517203,4.886550373501247
1714079195.351833,4.8585255940755205
1714079195.351946,4.830500373133907
1714079195.352059,4.807146390279134
1714079195.352172,4.7814567883809405
1714079195.3522847,4.758102364010281
1714079195.3523977,4.734748381155509
1714079195.3525105,4.707890969735605
1714079195.3526235,4.678698380788167
1714079195.3527365,4.649505791840729
1714079195.3528492,4.619144951855694
1714079195.3529623,4.586449375859013
1714079195.353075,4.559591964439109
1714079195.353188,4.530399375491672
1714079195.3533008,4.505877583115189
1714079195.3534138,4.480187981216996
1714079195.3535266,4.455665747324625
1714079195.3536396,4.427640967898898
1714079195.3537526,4.39611275990804
1714079195.3538654,4.368087980482313
1714079195.3539784,4.333056343926324
1714079195.3540912,4.296857780880398
1714079195.3542042,4.260658776318585
1714079195.354317,4.223291962235062
1714079195.35443,4.18826076719496
1714079195.3545427,4.150893953111436
1714079195.3546557,4.114694948549624
1714079195.3547688,4.074992956938567
1714079195.3548815,4.037626142855044
1714079195.3549945,3.993253354673032
1714079195.3551073,3.9465449474475998
1714079195.3552203,3.895165743651213
1714079195.355333,3.8379479337621616
1714079195.355446,3.7830657429165306
1714079195.3555589,3.7235127554999456
1714079195.355672,3.6662949456108938
1714079195.3557847,3.606741737436365
1714079195.3558977,3.5425177326908814
1714079195.3560107,3.4794615374671087
1714079195.3561234,3.410566736150671
1714079195.3562365,3.3428395235979997
1714079195.3563492,3.264603129139653
1714079195.3564622,3.187534323445073
1714079195.356575,3.0987885263231063
1714079195.356688,3.013545716250384
1714079195.3568008,2.9201291225574635
1714079195.3569138,2.8255447193428322
1714079195.3570268,2.7309603161282006
1714079195.3571396,2.629369718057138
1714079195.3572526,2.527778899228131
1714079195.3573654,2.4203499158223467
1714079195.3574784,2.3117529021369085
1714079195.3575912,2.1949821048312717
1714079195.3577042,2.074708099718447
1714079195.357817,1.9497632980346677
1714079195.35793,1.8224829876864397
1714079195.358043,1.6858610841963024
1714079195.3581557,1.550406879848904
1714079195.3582687,1.4114495780732896
1714079195.3583815,1.267821369347749
1714079195.3584945,1.127696368429396
1714079195.3586073,0.978229663990162
1714079195.3587203,0.832266056979144
1714079195.358833,0.6792962551116943
1714079195.358946,0.5216556014838042
1714079195.359059,0.3663503461413913
1714079195.3591719,0.20403884075306078
1714079195.3592849,0.03822421379111431
1714079195.3593976,-0.12990041739410824
1714079195.3595107,-0.294515131800263
1714079195.3596234,-0.4696371378722014
1714079195.3597364,-0.6377543012301127
1714079195.3598492,-0.8035365078184339
1714079195.3599622,-0.9751560511412444
1714079195.360075,-1.1432732696886414
1714079195.360188,-1.3102228994722718
1714079195.360301,-1.4795075964044642
1714079195.3604138,-1.6499596613424794
1714079195.3605268,-1.82391416143488
1714079195.3606396,-1.9955337047576902
1714079195.3607526,-2.1683209472232394
1714079195.3608654,-2.337605423397488
1714079195.3609784,-2.5045551635600902
1714079195.3610911,-2.6656674014197455
1714079195.3612041,-2.8232773145039873
1714079195.3613172,-2.9808870068302857
1714079195.36143,-3.129157092836168
1714079195.361543,-3.27976213561164
1714079195.3616557,-3.425697044089988
1714079195.3617687,-3.5681296277929233
1714079195.3618815,-3.7093948434900352
1714079195.3619945,-3.845990145647967
1714079195.3621073,-3.9720778112058284
1714079195.3622203,-4.095830740752043
1714079195.3623333,-4.212578579231544
1714079195.362446,-4.3223217681602195
1714079195.362559,-4.427395043549714
1714079195.3626719,-4.525463227872495
1714079195.3627849,-4.616526762644449
1714079195.3628976,-4.701753015871401
1714079195.3630106,-4.784644091570819
1714079195.3631234,-4.86403262173688
1714079195.3632364,-4.936416502352114
1714079195.3633492,-5.001795291900635
1714079195.3634622,-5.064839345437509
1714079195.3635752,-5.117375762374312
1714079195.363688,-5.166410075293647
1714079195.363801,-5.20610456113462
1714079195.3639138,-5.242296501442238
1714079195.3640268,-5.271483350683141
1714079195.3641396,-5.298335463912398
1714079195.3642526,-5.318182486074941
1714079195.3643653,-5.335694772225839
1714079195.3644783,-5.347369335315845
1714079195.3645914,-5.354374426382559
1714079195.3647041,-5.361379075933385
1714079195.3648171,-5.362546885455096
1714079195.36493,-5.360211707927562
1714079195.365043,-5.354374426382559
1714079195.3651557,-5.346201967310022
1714079195.3652687,-5.328689681159125
1714079195.3653815,-5.315847750063296
1714079195.3654945,-5.293665550373218
1714079195.3656075,-5.274985896216498
1714079195.3657203,-5.251636328520598
1714079195.3658333,-5.225951583297164
1714079195.365946,-5.20143464759544
1714079195.366059,-5.17691727037783
1714079195.3661718,-5.151232966670284
1714079195.3662848,-5.126715589452672
1714079195.3663976,-5.099863917739302
1714079195.3665106,-5.070676626982512
1714079195.3666236,-5.037987232208252
1714079195.3667364,-5.006465205439815
1714079195.3668494,-4.970273265132198
1714079195.3669622,-4.93524913434629
1714079195.3670752,-4.90255973957203
1714079195.367188,-4.871037712803593
1714079195.367301,-4.841850422046802
1714079195.3674138,-4.814998308817545
1714079195.3675268,-4.786978827582465
1714079195.3676395,-4.760127155869095
1714079195.3677526,-4.733275042639838
1714079195.3678656,-4.699417838343868
1714079195.3679783,-4.671398357108787
1714079195.3680913,-4.634039048795347
1714079195.368204,-4.606019567560266
1714079195.3683171,-4.573330172786006
1714079195.36843,-4.548813237084283
1714079195.368543,-4.520793314333315
1714079195.3686557,-4.502113660176595
1714079195.3687687,-4.481099270008228
1714079195.3688817,-4.456581892790617
1714079195.3689945,-4.432064957088894
1714079195.3691075,-4.406380653381348
1714079195.3692203,-4.37836073063038
1714079195.3693333,-4.350341249395299
1714079195.369446,-4.319987032148573
1714079195.369559,-4.290799741391782
1714079195.3696718,-4.2639480696784124
1714079195.3697848,-4.239430692460801
1714079195.3698978,-4.219583670298258
1714079195.3700106,-4.1950667345965345
1714079195.3701236,-4.170549357378924
1714079195.3702364,-4.142529876143843
1714079195.3703494,-4.11334302690294
1714079195.3704622,-4.077151086595323
1714079195.3705752,-4.042126514293529
1714079195.370688,-4.003599837974265
1714079195.370801,-3.966240529660825
1714079195.3709137,-3.9277134118256742
1714079195.3710268,-3.8891867355064105
1714079195.3711398,-3.8553299727263273
1714079195.3712525,-3.81446811887953
1714079195.3713655,-3.7771088105660895
1714079195.3714783,-3.731577043180112
1714079195.3715913,-3.6813751414970115
1714079195.371704,-3.6288387245602074
1714079195.371817,-3.57163217332628
1714079195.37193,-3.5097557085531728
1714079195.372043,-3.4478792437800654
1714079195.372156,-3.383667822237368
1714079195.3722687,-3.31945640069467
1714079195.3723817,-3.2494074768490258
1714079195.3724945,-3.184028687300505
1714079195.3726075,-3.110477438679448
1714079195.3727202,-3.03692619005839
1714079195.3728333,-2.9563700711285623
1714079195.372946,-2.869976449895788
1714079195.373059,-2.781248092651367
1714079195.373172,-2.6866820123460555
1714079195.3732848,-2.5886138280232744
1714079195.3733978,-2.4858755094033698
1714079195.3735106,-2.383137190783465
1714079195.3736236,-2.2745615906185574
1714079195.3737364,-2.1694883152290627
1714079195.3738494,-2.057410169530798
1714079195.3739622,-1.9441646558267098
1714079195.3740752,-1.825081639819675
1714079195.3741882,-1.7001613422676367
1714079195.374301,-1.5717384991822418
1714079195.374414,-1.4339758290184867
1714079195.3745267,-1.2973806372395267
1714079195.3746397,-1.1502781399974116
1714079195.3747525,-1.0055105995248865
1714079195.3748655,-0.8549056119389004
1714079195.3749783,-0.7066356363119902
1714079195.3750913,-0.554863225530695
1714079195.375204,-0.4019233087698618
1714079195.375317,-0.24548095685464363
1714079195.37543,-0.0867036481698354
1714079195.3755429,0.07675859939169
1714079195.375656,0.23907009098264906
1714079195.3757687,0.4107232722971174
1714079195.3758817,0.5812086992793613
1714079195.3759944,0.7563650056167884
1714079195.3761075,0.9256827610510366
1714079195.3762202,1.0973359699602478
1714079195.3763332,1.2654859710622717
1714079195.3764462,1.4336359721642953
1714079195.376559,1.5971151766953644
1714079195.376672,1.7629298898908825
1714079195.3767848,1.928744492707429
1714079195.3768978,2.092223697238498
1714079195.3770106,2.2580383000550444
1714079195.3771236,2.423852902871591
1714079195.3772364,2.5884999169243703
1714079195.3773494,2.750811311933729
1714079195.3774624,2.908452131130077
1714079195.3775752,3.0625895217612937
1714079195.3776882,3.209720938294022
1714079195.377801,3.351013527976142
1714079195.377914,3.4923063384162054
1714079195.3780267,3.6254251444781267
1714079195.3781397,3.7620469375892918
1714079195.3782525,3.893997934129503
1714079195.3783655,4.02361375314218
1714079195.3784783,4.146223156540482
1714079195.3785913,4.270000369460494
1714079195.3787043,4.379764751151756
1714079195.378817,4.488361764837194
1714079195.37893,4.584113756815592
1714079195.3790429,4.677530571266456
1714079195.3791559,4.760437983053701
1714079195.3792686,4.836338979226571
1714079195.3793817,4.909904797871907
1714079195.3794944,4.983470175001356
1714079195.3796074,5.048861768510606
1714079195.3797204,5.110750374970612
1714079195.3798332,5.166800375337954
1714079195.3799462,5.214676592085096
1714079195.380059,5.261384999310528
1714079195.380172,5.298751371878164
1714079195.3802848,5.329112211863199
1714079195.3803978,5.352466194717972
1714079195.3805106,5.37114938100179
1714079195.3806236,5.393335995850739
1714079195.3807366,5.4050132080360695
1714079195.3808494,5.415522610699688
1714079195.3809624,5.424864203841597
1714079195.3810751,5.430702809934263
1714079195.3811882,5.4283671908908415
1714079195.381301,5.427199381369131
1714079195.381414,5.422528584798177
1714079195.3815267,5.413186991656268
1714079195.3816397,5.4015097794709375
1714079195.3817527,5.3874973897580745
1714079195.3818655,5.3688142034742565
1714079195.3819785,5.350130575674551
1714079195.3820913,5.331447389390733
1714079195.3822043,5.312764203106915
1714079195.382317,5.284738982165301
1714079195.38243,5.266055795881483
1714079195.3825428,5.243869181032534
1714079195.3826559,5.220515198177761
1714079195.3827686,5.194825596279568
1714079195.3828816,5.169135994381374
1714079195.3829947,5.14227858296147
1714079195.3831074,5.116588981063277
1714079195.3832204,5.085060773072419
1714079195.3833332,5.055868184124981
1714079195.3834462,5.024339976134123
1714079195.383559,4.996315196708396
1714079195.383672,4.9636191791958275
1714079195.3837848,4.939097386819345
1714079195.3838978,4.912239975399441
1714079195.3840108,4.887718183022958
1714079195.3841236,4.860860771603054
1714079195.3842366,4.835171169704861
1714079195.3843493,4.805978580757423
1714079195.3844624,4.777953359815809
1714079195.3845751,4.747592961346661
1714079195.3846881,4.719568181920934
1714079195.384801,4.688039973930076
1714079195.384914,4.661182562510172
1714079195.385027,4.634325592606156
1714079195.3851397,4.609803358713785
1714079195.3852527,4.5852815663373026
1714079195.3853655,4.559591964439109
1714079195.3854785,4.5350701720626265
1714079195.3855913,4.5082127606427225
1714079195.3857043,4.477852362173575
1714079195.385817,4.445156786176893
1714079195.38593,4.413628578186035
1714079195.3860428,4.380932560673466
1714079195.3861558,4.349404352682608
1714079195.3862689,4.3167087766859265
1714079195.3863816,4.287515746222602
1714079195.3864946,4.257155347753454
1714079195.3866074,4.226794949284306
1714079195.3867204,4.190595944722493
1714079195.3868332,4.15439694016068
1714079195.3869462,4.11119196150038
1714079195.387059,4.067986541324191
1714079195.387172,4.021278134098759
1714079195.387285,3.974570168389214
1714079195.3873978,3.9208553455494064
1714079195.3875108,3.8718117607964406
1714079195.3876235,3.820432557000054
1714079195.3877366,3.767885543681957
1714079195.3878493,3.7153385303638595
1714079195.3879623,3.656953352468985
1714079195.388075,3.5927293477235014
1714079195.3881881,3.526169944692541
1714079195.3883011,3.4561073338543924
1714079195.388414,3.3778709393960455
1714079195.388527,3.299634324179755
1714079195.3886397,3.219062531435931
1714079195.3887527,3.138490517934163
1714079195.3888655,3.0532479286193848
1714079195.3889785,2.965669720261185
1714079195.3890913,2.8769239231392185
1714079195.3892043,2.7858425069738315
1714079195.389317,2.685419718424479
1714079195.38943,2.58733210740266
1714079195.389543,2.4787353144751654
1714079195.3896558,2.3701383007897268
1714079195.3897688,2.25336750348409
1714079195.3898816,2.1354288966567427
1714079195.3899946,2.0128194932584407
1714079195.3901074,1.890210089860139
1714079195.3902204,1.7640975890336212
1714079195.3903332,1.6356495795426544
1714079195.3904462,1.502530883859705
1714079195.3905592,1.3635734717051187
1714079195.390672,1.2246161699295044
1714079195.390785,1.0786525629184864
1714079195.3908978,0.9291858584792525
1714079195.3910108,0.7750483574690642
1714079195.3911235,0.6162400046984354
1714079195.3912365,0.4574315967383208
1714079195.3913493,0.2951201189447332
1714079195.3914623,0.1304731876761825
1714079195.3915753,-0.029497117631965213
1714079195.391688,-0.19644678190902426
1714079195.391801,-0.3622289884973455
1714079195.391914,-0.5303461242605139
1714079195.392027,-0.6972958092336301
1714079195.3921397,-0.8712503645155164
1714079195.3922527,-1.0463723429927119
1714079195.3923655,-1.2214944318488792
1714079195.3924785,-1.3954489319412795
1714079195.3925915,-1.5705710207974468
1714079195.3927042,-1.7445255208898474
1714079195.3928173,-1.9173125425974527
1714079195.39293,-2.0830949147542315
1714079195.393043,-2.251212022922657
1714079195.3931558,-2.4099893040127225
1714079195.3932688,-2.5746040874057345
1714079195.3933816,-2.732213779732033
1714079195.3934946,-2.894493606355455
1714079195.3936074,-3.0486009739063404
1714079195.3937204,-3.2027083414572255
1714079195.3938334,-3.3521457954689304
1714079195.3939462,-3.4980809247052225
1714079195.3940592,-3.637010962874801
1714079195.394172,-3.771271087505199
1714079195.394285,-3.8985265625847707
1714079195.3943977,-4.019944314603452
1714079195.3945107,-4.135525226593018
1714079195.3946235,-4.249937887544985
1714079195.3947365,-4.357346340462013
1714079195.3948495,-4.462419615851508
1714079195.3949623,-4.563990345707646
1714079195.3950753,-4.656221248485424
1714079195.395188,-4.747284783257379
1714079195.395301,-4.826673313423439
1714079195.3954139,-4.90255973957203
1714079195.395527,-4.967938529120551
1714079195.3956397,-5.032149950663248
1714079195.3957527,-5.085853735605875
1714079195.3958657,-5.136055416531033
1714079195.3959785,-5.178085079899541
1714079195.3960915,-5.21894649223045
1714079195.3962042,-5.253971064532244
1714079195.3963172,-5.281990545767324
1714079195.39643,-5.307675290990758
1714079195.396543,-5.331024858686659
1714079195.3966558,-5.342699421776665
1714079195.3967688,-5.355541794388382
1714079195.3968816,-5.361379075933385
1714079195.3969946,-5.361379075933385
1714079195.3971076,-5.357876971915916
1714079195.3972204,-5.353207058376736
1714079195.3973334,-5.342699421776665
1714079195.3974462,-5.327522313153302
1714079195.3975592,-5.313512572535762
1714079195.397672,-5.294832918379042
1714079195.397785,-5.2796558097556785
1714079195.3978977,-5.257473610065601
1714079195.3980107,-5.239961323914704
1714079195.3981237,-5.215444388212981
1714079195.3982365,-5.19092701099537
1714079195.3983495,-5.1629075297602895
1714079195.3984623,-5.13488804852521
1714079195.3985753,-5.1045338312784825
1714079195.398688,-5.073011804510045
1714079195.398801,-5.042657145747432
1714079195.3989139,-5.012302486984818
1714079195.3990269,-4.9819482697380915
1714079195.39914,-4.955096156508834
1714079195.3992527,-4.928244043279577
1714079195.3993657,-4.90139193005032
1714079195.3994784,-4.874539816821063
1714079195.3995914,-4.843018231568513
1714079195.3997042,-4.813830940811722
1714079195.3998172,-4.777639000504105
1714079195.39993,-4.746117415251555
1714079195.400043,-4.712260210955584
1714079195.400156,-4.683073361714681
1714079195.4002688,-4.6550538804796
1714079195.4003818,-4.629369135256167
1714079195.4004946,-4.604852199554443
1714079195.4006076,-4.580334822336832
1714079195.4007204,-4.559320432168466
1714079195.4008334,-4.5301331414116754
1714079195.4009461,-4.504448837704128
1714079195.4010592,-4.472926810935691
1714079195.401172,-4.442572152173077
1714079195.401285,-4.414552670937997
1714079195.401398,-4.38419845369127
1714079195.4015107,-4.362016254001193
1714079195.4016237,-4.33749931829947
1714079195.4017365,-4.317651854621039
1714079195.4018495,-4.294302286925139
1714079195.4019623,-4.273287896756773
1714079195.4020753,-4.245267974005805
1714079195.402188,-4.217248492770724
1714079195.402301,-4.184559097996464
1714079195.402414,-4.150702335216381
1714079195.4025269,-4.115677762914586
1714079195.4026399,-4.081821000134503
1714079195.4027526,-4.049131605360243
1714079195.4028656,-4.018776946597629
1714079195.4029784,-3.9884227293509023
1714079195.4030914,-3.958068070588288
1714079195.4032042,-3.921876130280671
1714079195.4033172,-3.884516821967231
1714079195.4034302,-3.84248760011461
1714079195.403543,-3.7992905687402794
1714079195.403656,-3.7502566973368325
1714079195.4037688,-3.696552470878318
1714079195.4038818,-3.646350789953161
1714079195.4039946,-3.5949817410221803
1714079195.4041076,-3.542445103327433
1714079195.4042203,-3.4875735088630955
1714079195.4043334,-3.431534546392935
1714079195.4044461,-3.3696580816198276
1714079195.4045591,-3.3077816168467202
1714079195.4046721,-3.2365653249952526
1714079195.404785,-3.163014076374195
1714079195.404898,-3.0812903686806004
1714079195.4050107,-3.0019018385145397
1714079195.4051237,-2.9131732605121754
1714079195.4052365,-2.8279472280431674
1714079195.4053495,-2.736883693271213
1714079195.4054623,-2.646987747263025
1714079195.4055753,-2.5524218877156573
1714079195.4056883,-2.4566884394045228
1714079195.405801,-2.353950120784618
1714079195.405914,-2.248877066153067
1714079195.4060268,-2.137966288460625
1714079195.4061399,-2.018883493211534
1714079195.4062526,-1.8998004772044994
1714079195.4063656,-1.7748800692734894
1714079195.4064784,-1.6464572261880943
1714079195.4065914,-1.5156994263331094
1714079195.4067044,-1.3849416264781245
1714079195.4068172,-1.2471789563143694
1714079195.4069302,-1.1152536780745894
1714079195.407043,-0.9716536159868593
1714079195.407156,-0.8292210874734101
1714079195.4072688,-0.6821185350418091
1714079195.4073818,-0.5326810810301038
1714079195.4074945,-0.3750712507300906
1714079195.4076076,-0.2174614342274489
1714079195.4077206,-0.05284672327063701
1714079195.4078333,0.10828673149700517
1714079195.4079463,0.2764367670924575
1714079195.4080591,0.438748272480788
1714079195.4081721,0.6045629028920774
1714079195.408285,0.7680421074231465
1714079195.408398,0.9338567654291788
1714079195.4085107,1.0985036691029866
1714079195.4086237,1.2654859710622717
1714079195.4087365,1.4359714808287443
1714079195.4088495,1.6087922785017224
1714079195.4089625,1.7839485848391496
1714079195.4090753,1.952098696320145
1714079195.4091883,2.124919493993123
1714079195.409301,2.289566508045903
1714079195.409414,2.455381110862449
1714079195.4095268,2.6130217093008534
1714079195.4096398,2.7683269094537803
1714079195.4097526,2.9201291225574635
1714079195.4098656,3.0695957166177252
1714079195.4099786,3.219062531435931
1714079195.4100914,3.368529125496193
1714079195.4102044,3.516828130792688
1714079195.4103172,3.6592887507544622
1714079195.4104302,3.797078132629394
1714079195.410543,3.9301969386913154
1714079195.410656,4.051638974083795
1714079195.4107687,4.169577139395255
1714079195.4108818,4.280509772124113
1714079195.4109948,4.386771166766131
1714079195.4111075,4.48369096826624
1714079195.4112206,4.582946388809769
1714079195.4113333,4.674027584217212
1714079195.4114463,4.763940970102945
1714079195.411559,4.846848381890191
1714079195.411672,4.925084997106481
1714079195.411785,4.996315196708396
1714079195.411898,5.060538980695936
1714079195.4120107,5.116588981063277
1714079195.4121237,5.169135994381374
1714079195.4122367,5.214676592085096
1714079195.4123495,5.252043406168619
1714079195.4124625,5.289409778736255
1714079195.4125752,5.320937986727114
1714079195.4126883,5.352466194717972
1714079195.412801,5.375820177572744
1714079195.412914,5.399174601943404
1714079195.4130268,5.416689978705512
1714079195.4131398,5.4283671908908415
1714079195.4132528,5.434205796983506
1714079195.4133656,5.435373606505217
1714079195.4134786,5.435373606505217
1714079195.4135914,5.4283671908908415
1714079195.4137044,5.4236963943198875
1714079195.4138172,5.413186991656268
1714079195.4139302,5.402677588992648
1714079195.414043,5.38399440270883
1714079195.414156,5.37114938100179
1714079195.414269,5.350130575674551
1714079195.4143817,5.333783008434154
1714079195.4144948,5.312764203106915
1714079195.4146075,5.289409778736255
1714079195.4147205,5.266055795881483
1714079195.4148333,5.24036619398329
1714079195.4149463,5.212340973041675
1714079195.415059,5.186651371143482
1714079195.415172,5.159794401239465
1714079195.4152849,5.128266193248607
1714079195.415398,5.102576591350414
1714079195.415511,5.073384002402976
1714079195.4156237,5.048861768510606
1714079195.4157367,5.02200479860659
1714079195.4158494,4.99865037423593
1714079195.4159625,4.969457785288492
1714079195.4160752,4.942600373868589
1714079195.4161882,4.914575594442861
1714079195.416301,4.886550373501247
1714079195.416414,4.8585255940755205
1714079195.416527,4.828165195606372
1714079195.4166398,4.800139974664758
1714079195.4167528,4.770947385717321
1714079195.4168656,4.746425593340838
1714079195.4169786,4.719568181920934
1714079195.4170914,4.696213757550274
1714079195.4172044,4.671691965173792
1714079195.4173172,4.647170172797309
1714079195.4174302,4.620312761377405
1714079195.4175432,4.591120172429967
1714079195.417656,4.559591964439109
1714079195.417769,4.526896388442427
1714079195.4178817,4.497703357979103
1714079195.4179947,4.467342959509955
1714079195.4181075,4.4393181800842285
1714079195.4182205,4.411292959142614
1714079195.4183333,4.384435547722711
1714079195.4184463,4.356410768296983
1714079195.4185593,4.322547382778591
1714079195.418672,4.289851365266022
1714079195.418785,4.253652360704209
1714079195.4188979,4.213950369093153
1714079195.4190109,4.1754157454879195
1714079195.4191236,4.132210766827618
1714079195.4192367,4.0936761432223845
1714079195.4193494,4.050471164562084
1714079195.4194624,4.01193654095685
1714079195.4195752,3.9687315622965493
1714079195.4196882,3.9243583325986506
1714079195.4198012,3.876482557367395
1714079195.419914,3.8227677345275874
1714079195.420027,3.7655503661544234
1714079195.4201398,3.7024939501727068
1714079195.4202528,3.642940741998178
1714079195.4203656,3.5775491484889277
1714079195.4204786,3.50865434717249
1714079195.4205914,3.437423926812631
1714079195.4207044,3.3673615367324263
1714079195.4208174,3.2949635276088007
1714079195.4209301,3.2202301201996977
1714079195.4210432,3.139658327455874
1714079195.421156,3.0579187251903392
1714079195.421269,2.9680051185466625
1714079195.4213817,2.872253126568264
1714079195.4214947,2.7729979267826783
1714079195.4216075,2.667904120904428
1714079195.4217205,2.563977903789944
1714079195.4218335,2.455381110862449
1714079195.4219463,2.349119495462488
1714079195.4220593,2.232348698156851
1714079195.422172,2.1202486974221686
1714079195.422285,1.997639294023867
1714079195.4223979,1.8738620811038547
1714079195.4225109,1.7419110845636436
1714079195.4226236,1.6087922785017224
1714079195.4227366,1.469834976726108
1714079195.4228494,1.3273745775222778
1714079195.4229624,1.1790755722257826
1714079195.4230754,1.031944266072026
1714079195.4231882,0.8743036124441358
1714079195.4233012,0.7283400054331178
1714079195.423414,0.573034750090705
1714079195.423527,0.41772952234303506
1714079195.4236398,0.260088841120402
1714079195.4237528,0.09777734952944296
1714079195.4238656,-0.0656890027500965
1714079195.4239786,-0.23497362379674558
1714079195.4240916,-0.40309078715465685
1714079195.4242043,-0.5793803268008761
1714079195.4243174,-0.7486649133540966
1714079195.4244301,-0.9261219589798538
1714079195.4245431,-1.1000764590722543
1714079195.424656,-1.2705286343892415
1714079195.424769,-1.439813220942462
1714079195.4248817,-1.6090978074956823
1714079195.4249947,-1.7795499828126695
1714079195.4251077,-1.9511695261354798
1714079195.4252205,-2.122789179837262
1714079195.4253335,-2.2955762015448675
1714079195.4254463,-2.4625259417074696
1714079195.4255593,-2.632978006645485
1714079195.425672,-2.797592790038497
1714079195.425785,-2.9610399846677424
1714079195.4258978,-3.1139797634548607
1714079195.4260108,-3.265752174236156
1714079195.4261239,-3.411687303472448
1714079195.4262366,-3.554119887175383
1714079195.4263496,-3.6907149685753713
1714079195.4264624,-3.8203054004245334
1714079195.4265754,-3.9510629795215744
1714079195.4266882,-4.077151086595323
1714079195.4268012,-4.196234102602358
1714079195.426914,-4.309479395548502
1714079195.427027,-4.416887848465531
1714079195.4271398,-4.520793314333315
1714079195.4272528,-4.611856849105269
1714079195.4273658,-4.699417838343868
1714079195.4274786,-4.782308914043285
1714079195.4275916,-4.853525426652696
1714079195.4277043,-4.92590930726793
1714079195.4278173,-4.990120728810628
1714079195.42793,-5.051996972825791
1714079195.4280431,-5.106868567290129
1714079195.428156,-5.158237616221109
1714079195.428269,-5.203769383607087
1714079195.428382,-5.239961323914704
1714079195.4284947,-5.276153264222321
1714079195.4286077,-5.303005377451578
1714079195.4287205,-5.324019767619945
1714079195.4288335,-5.341532053770842
1714079195.4289463,-5.350871880849202
1714079195.4290593,-5.361379075933385
1714079195.429172,-5.363714253460919
1714079195.429285,-5.3648816214667425
1714079195.429398,-5.362546885455096
1714079195.4295108,-5.354374426382559
1714079195.4296238,-5.347369335315845
1714079195.4297366,-5.336862140231662
1714079195.4298496,-5.3228523996141215
1714079195.4299624,-5.307675290990758
1714079195.4300754,-5.286660459306504
1714079195.4301882,-5.2644782596164275
1714079195.4303012,-5.239961323914704
1714079195.430414,-5.213109210685447
1714079195.430527,-5.185089729450366
1714079195.43064,-5.153567702681929
1714079195.4307528,-5.129050766980206
1714079195.4308658,-5.099863917739302
1714079195.4309785,-5.074179172515869
1714079195.4310915,-5.047327059286611
1714079195.4312043,-5.018140210045709
1714079195.4313173,-4.991288096816451
1714079195.43143,-4.957431334036367
1714079195.431543,-4.92474149774622
1714079195.4316561,-4.890884734966137
1714079195.431769,-4.857027972186053
1714079195.431882,-4.823170767890082
1714079195.4319947,-4.791648741121645
1714079195.4321077,-4.761294523874918
1714079195.4322205,-4.735609778651485
1714079195.4323335,-4.711092842949761
1714079195.4324462,-4.6842407297205035
1714079195.4325593,-4.657388616491247
1714079195.4326723,-4.63053650326199
1714079195.432785,-4.601349654021086
1714079195.432898,-4.567492891241002
1714079195.4330108,-4.538305600484212
1714079195.4331238,-4.507951383237486
1714079195.4332366,-4.481099270008228
1714079195.4333496,-4.454247156778971
1714079195.4334624,-4.435567502622251
1714079195.4335754,-4.4133853029321735
1714079195.4336884,-4.391203103242097
1714079195.4338012,-4.367853535546197
1714079195.4339142,-4.338666686305293
1714079195.434027,-4.314149309087682
1714079195.43414,-4.2802925463075985
1714079195.4342527,-4.252273065072519
1714079195.4343657,-4.219583670298258
1714079195.4344785,-4.190396821057354
1714079195.4345915,-4.160042162294741
1714079195.4347043,-4.134357417071307
1714079195.4348173,-4.1098404813695835
1714079195.4349303,-4.081821000134503
1714079195.435043,-4.053801518899423
1714079195.435156,-4.017609578591806
1714079195.4352689,-3.982585006290012
1714079195.435382,-3.9417231524432146
1714079195.4354947,-3.8985265625847707
1714079195.4356077,-3.8529947951987937
1714079195.4357204,-3.80979820534035
1714079195.4358335,-3.766601173966019
1714079195.4359465,-3.7199020385742183
1714079195.4360592,-3.6767052279578314
1714079195.4361722,-3.6288387245602074
1714079195.436285,-3.5786370436350503
1714079195.436398,-3.5214304924011226
1714079195.4365108,-3.4642239411671953
1714079195.4366238,-3.401179887630321
1714079195.4367366,-3.3334661413122104
1714079195.4368496,-3.261082260696976
1714079195.4369626,-3.1898659688455084
1714079195.4370754,-3.115147352218628
1714079195.4371884,-3.0415961035975703
1714079195.4373012,-2.9633749414373325
1714079195.4374142,-2.883986190513328
1714079195.437527,-2.8010951148139105
1714079195.43764,-2.708864212036133
1714079195.4377527,-2.6189682660279447
1714079195.4378657,-2.517397536171807
1714079195.4379785,-2.414659217551902
1714079195.4380915,-2.307250985392818
1714079195.4382045,-2.195172839694553
1714079195.4383173,-2.0795923692208746
1714079195.4384303,-1.9628443099834298
1714079195.438543,-1.844928882740162
1714079195.438656,-1.720008474809152
1714079195.4387689,-1.597423023647732
1714079195.4388819,-1.4701676589471322
1714079195.4389946,-1.3347399455529672
1714079195.4391077,-1.1993123425377739
1714079195.4392207,-1.053377213301482
1714079195.4393334,-0.9074422496336477
1714079195.4394464,-0.7568373172371475
1714079195.4395592,-0.6003949377271863
1714079195.4396722,-0.44862252694589116
1714079195.439785,-0.288677712281545
1714079195.439898,-0.13106789577890324
1714079195.4400108,0.025379418016031934
1714079195.4401238,0.18769091478100527
1714079195.4402368,0.3488347210265972
1714079195.4403496,0.5123138979629234
1714079195.4404626,0.6781285559689557
1714079195.4405754,0.8474463114032038
1714079195.4406884,1.0190994651229293
1714079195.4408011,1.1895849748894018
1714079195.4409142,1.360070374276903
1714079195.441027,1.529388184900637
1714079195.44114,1.6975381860026606
1714079195.441253,1.8633528991981787
1714079195.4413657,2.020993497636583
1714079195.4414787,2.184472702167652
1714079195.4415915,2.3409457118422896
1714079195.4417045,2.4985863102806936
1714079195.4418173,2.657394718240808
1714079195.4419303,2.8185385244864003
1714079195.442043,2.977346932446515
1714079195.442156,3.130316734313965
1714079195.4422688,3.2832865361814143
1714079195.4423819,3.4292501431924323
1714079195.4424949,3.567039745825308
1714079195.4426076,3.698990742365519
1714079195.4427207,3.829774150141963
1714079195.4428334,3.953551363061975
1714079195.4429464,4.077328575981988
1714079195.4430592,4.190595944722493
1714079195.4431722,4.306199374022307
1714079195.443285,4.418299374756989
1714079195.443398,4.523392959877296
1714079195.443511,4.623816189942536
1714079195.4436238,4.712561766306559
1714079195.4437368,4.796636987615514
1714079195.4438496,4.871370174266674
1714079195.4439626,4.937929577297634
1714079195.4440753,5.002153802801061
1714079195.4441884,5.060538980695936
1714079195.4443011,5.116588981063277
1714079195.4444141,5.166800375337954
1714079195.4445271,5.213508782563386
1714079195.44464,5.255546393217863
1714079195.444753,5.29408057530721
1714079195.4448657,5.324440973776357
1714079195.4449787,5.347795398147017
1714079195.4450915,5.372317190523501
1714079195.4452045,5.386329580236364
1714079195.4453173,5.399174601943404
1714079195.4454303,5.406180576041892
1714079195.445543,5.408516195085313
1714079195.445656,5.413186991656268
1714079195.445769,5.412019182134557
1714079195.4458818,5.412019182134557
1714079195.4459949,5.4050132080360695
1714079195.4461076,5.396838982899983
1714079195.4462206,5.385162212230541
1714079195.4463334,5.37114938100179
1714079195.4464464,5.357136991288926
1714079195.4465592,5.337285995483398
1714079195.4466722,5.319770177205403
1714079195.4467852,5.295248384828921
1714079195.446898,5.2730622114958585
1714079195.447011,5.249707787125199
1714079195.4471238,5.225185994748716
1714079195.4472368,5.199496392850523
1714079195.4473495,5.172638981430619
1714079195.4474626,5.148117189054136
1714079195.4475753,5.124763206199363
1714079195.4476883,5.09907360430117
1714079195.4478014,5.071048383359556
1714079195.4479141,5.044190971939652
1714079195.4480271,5.0138305734705035
1714079195.44814,4.985805794044777
1714079195.448253,4.955445395575629
1714079195.4483657,4.923917187584771
1714079195.4484787,4.894724598637334
1714079195.4485915,4.866699377695719
1714079195.4487045,4.842177585319236
1714079195.4488173,4.816487983421043
1714079195.4489303,4.793133559050383
1714079195.4490433,4.765108779624656
1714079195.449156,4.740586987248173
1714079195.449269,4.711393956784849
1714079195.4493818,4.683369177359122
1714079195.4494948,4.656511765939218
1714079195.4496076,4.623816189942536
1714079195.4497206,4.599293956050166
1714079195.4498334,4.570101367102729
1714079195.4499464,4.545579574726245
1714079195.4500594,4.521057782349763
1714079195.4501722,4.497703357979103
1714079195.4502852,4.4708459465592
1714079195.450398,4.441653357611762
1714079195.450511,4.414795946191858
1714079195.4506238,4.377429573624222
1714079195.4507368,4.344733556111653
1714079195.4508495,4.30853455154984
1714079195.4509625,4.2711681789822045
1714079195.4510756,4.236136542426215
1714079195.4511883,4.198770169858579
1714079195.4513013,4.16724196186772
1714079195.451414,4.127539970256664
1714079195.451527,4.0890053466514305
1714079195.45164,4.049303355040373
1714079195.451753,4.002594947814941
1714079195.4518657,3.9558865405895087
1714079195.4519787,3.9021721592655885
1714079195.4520917,3.847289968419958
1714079195.4522045,3.7912395265367294
1714079195.4523175,3.7386929547345193
1714079195.4524302,3.6791397465599904
1714079195.4525433,3.6184189496216947
1714079195.452656,3.5600333302109326
1714079195.452769,3.4934741479379157
1714079195.4528818,3.4257469353852446
1714079195.4529948,3.353348926261619
1714079195.4531076,3.275112531803272
1714079195.4532206,3.1922051200160273
1714079195.4533336,3.1081301194650153
1714079195.4534464,3.022887530150237
1714079195.4535594,2.9283031269356052
1714079195.4536722,2.8372217107702182
1714079195.4537852,2.7438051170772972
1714079195.453898,2.6422145190062345
1714079195.454011,2.5476301157916033
1714079195.4541237,2.441368500391642
1714079195.4542367,2.333939296227914
1714079195.4543498,2.2160009101585105
1714079195.4544625,2.0992298920949297
1714079195.4545755,1.975452899932861
1714079195.4546883,1.8470048904418943
1714079195.4548013,1.7162214826654503
1714079195.454914,1.5819349774607905
1714079195.455027,1.5819349774607905
1714079195.4551399,-0.2536533055482087
1714079195.455253,-0.09721096743036199
1714079195.455366,0.06274609240116896
1714079195.4554787,0.22272217880796502
1714079195.4555917,0.3920399204448417
1714079195.4557045,0.5613577034738328
1714079195.4558175,0.7330108571935583
1714079195.4559302,0.9081671635309855
1714079195.4560432,1.082155770725674
1714079195.456156,1.2538088692559135
1714079195.456269,1.427797476450602
1714079195.4563818,1.5994506853598134
1714079195.4564948,1.7652652881763597
1714079195.4566078,1.9310798909929063
1714079195.4567206,2.0945590955239752
1714079195.4568336,2.260373698340522
1714079195.4569464,2.423852902871591
1714079195.4570594,2.5884999169243703
1714079195.4571722,2.7531467102192066
1714079195.4572852,2.9119551181793213
1714079195.457398,3.070763526139436
1714079195.457511,3.219062531435931
1714079195.457624,3.3661937272107156
1714079195.4577367,3.5028157410798246
1714079195.4578497,3.635934547141746
1714079195.4579625,3.7643825566327127
1714079195.4580755,3.893997934129503
1714079195.4581883,4.018942956571226
1714079195.4583013,4.136881563398573
1714079195.458414,4.25482017022592
1714079195.458527,4.3669201709606025
1714079195.45864,4.47318156560262
1714079195.4587529,4.575939973195394
1714079195.458866,4.665853359081127
1714079195.4589787,4.752263757917616
1714079195.4590917,4.830500373133907
1714079195.4592044,4.9040661917792425
1714079195.4593174,4.9729607723377365
1714079195.4594302,5.037184997841163
1714079195.4595432,5.097905794779459
1714079195.4596562,5.156290972674334
1714079195.459769,5.206502808464898
1714079195.459882,5.254378583696153
1714079195.4599948,5.292913207301387
1714079195.4601078,5.329112211863199
1714079195.4602206,5.358304800810637
1714079195.4603336,5.376987987094455
1714079195.4604464,5.398006792421694
1714079195.4605594,5.407348385563603
1714079195.4606721,5.420193407270643
1714079195.4607852,5.426032013363308
1714079195.4608982,5.429535000412552
1714079195.461011,5.429535000412552
1714079195.461124,5.427199381369131
1714079195.4612367,5.422528584798177
1714079195.4613497,5.409684004607024
1714079195.4614625,5.4015097794709375
1714079195.4615755,5.386329580236364
1714079195.4616883,5.3688142034742565
1714079195.4618013,5.351298385196261
1714079195.4619143,5.331447389390733
1714079195.462027,5.308093406535961
1714079195.46214,5.284738982165301
1714079195.4622529,5.261384999310528
1714079195.4623659,5.239198384461579
1714079195.4624786,5.215844401606807
1714079195.4625916,5.1913226092303235
1714079195.4627044,5.167968184859664
1714079195.4628174,5.14227858296147
1714079195.4629304,5.117756790584988
1714079195.4630432,5.090899379165084
1714079195.4631562,5.060538980695936
1714079195.463269,5.031346391748499
1714079195.463382,4.9998181837576405
1714079195.4634948,4.970625594810203
1714079195.4636078,4.940265196341055
1714079195.4637206,4.9134077849211515
1714079195.4638336,4.885382563979537
1714079195.4639463,4.863196390646475
1714079195.4640594,4.835171169704861
1714079195.4641724,4.810649377328378
1714079195.4642851,4.782624156386763
1714079195.4643981,4.752263757917616
1714079195.464511,4.7265741560194225
1714079195.464624,4.692710770501031
1714079195.4647367,4.6670211686028376
1714079195.4648497,4.636660770133689
1714079195.4649625,4.609803358713785
1714079195.4650755,4.5852815663373026
1714079195.4651885,4.5584241549173985
1714079195.4653013,4.536237981584336
1714079195.4654143,4.509380570164433
1714079195.465527,4.482523158744529
1714079195.46564,4.452162760275382
1714079195.4657528,4.4194671842787
1714079195.4658659,4.384435547722711
1714079195.4659786,4.348236543160898
1714079195.4660916,4.315540967164216
1714079195.4662046,4.279341962602403
1714079195.4663174,4.247813754611545
1714079195.4664304,4.213950369093153
1714079195.4665432,4.182422161102295
1714079195.4666562,4.143887537497061
1714079195.466769,4.107688974451135
1714079195.466882,4.064483554274947
1714079195.4669948,4.021278134098759
1714079195.4671078,3.9698993718182596
1714079195.4672208,3.922023155071117
1714079195.4673336,3.8706439512747304
1714079195.4674466,3.820432557000054
1714079195.4675593,3.769053353203667
1714079195.4676723,3.7141711623580367
1714079195.4677851,3.6592887507544622
1714079195.4678981,3.5997355425799333
1714079195.468011,3.537846936119927
1714079195.468124,3.4701199443251998
1714079195.4682367,3.3953865369160967
1714079195.4683497,3.3218209390287043
1714079195.4684627,3.24008133676317
1714079195.4685755,3.156006336212158
1714079195.4686885,3.0684281278539585
1714079195.4688013,2.984353127302947
1714079195.4689143,2.8909363128520824
1714079195.469027,2.799855117444639
1714079195.46914,2.706438523751718
1714079195.4692528,2.6060155144444215
1714079195.4693658,2.4997538990444608
1714079195.4694788,2.3923249156386763
1714079195.4695916,2.276721707096806
1714079195.4697046,2.1587831002694586
1714079195.4698174,2.037341285634924
1714079195.4699304,1.9100610856656675
1714079195.4700432,1.782780885696411
1714079195.4701562,1.654332986584416
1714079195.470269,1.5188787822370176
1714079195.470382,1.3845922770323575
1714079195.470495,1.2444672761140045
1714079195.4706078,1.103174465673941
1714079195.4707208,0.9548754603774459
1714079195.4708335,0.8030733576527348
1714079195.4709466,0.6477681023103219
1714079195.4710593,0.48779205039695456
1714079195.4711723,0.3266482441513626
1714079195.471285,0.1631690396202935
1714079195.471398,-0.0014775922021794097
1714079195.471511,-0.16725978089703453
1714079195.471624,-0.3318744953031893
1714079195.471737,-0.4976566742967676
1714079195.4718497,-0.6657738376546789
1714079195.4719627,-0.8362259577821801
1714079195.4720755,-1.0078455562944766
1714079195.4721885,-1.1794650996172868
1714079195.4723012,-1.3557546668582492
1714079195.4724143,-1.5273742101810595
1714079195.472527,-1.7048312558068168
1714079195.47264,-1.8799532342840122
1714079195.472753,-2.0492379312162043
1714079195.4728658,-2.213852493851273
1714079195.4729788,-2.3796348660080517
1714079195.4730916,-2.5419144718735303
1714079195.4732046,-2.6995243849577726
1714079195.4733174,-2.8583016660478378
1714079195.4734304,-3.0112416655929
1714079195.4735432,-3.1641814443800182
1714079195.4736562,-3.3182888119309033
1714079195.4737692,-3.4653913091730186
1714079195.473882,-3.6066565248701306
1714079195.473995,-3.743251606270119
1714079195.4741077,-3.872841817361337
1714079195.4742208,-3.997762556429262
1714079195.4743335,-4.116845572436297
1714079195.4744465,-4.228923497376618
1714079195.4745593,-4.335164140771936
1714079195.4746723,-4.436734870628074
1714079195.474785,-4.537138232478389
1714079195.474898,-4.629369135256167
1714079195.475011,-4.719265302022298
1714079195.475124,-4.797486464182535
1714079195.475237,-4.876874994348596
1714079195.4753497,-4.945756329430474
1714079195.4754627,-5.007632573445638
1714079195.4755754,-5.063671977431685
1714079195.4756885,-5.112705848835132
1714079195.4758012,-5.158237616221109
1714079195.4759142,-5.19676473405626
1714079195.4760273,-5.23295623284799
1714079195.47614,-5.263310891610605
1714079195.476253,-5.290163004839862
1714079195.4763658,-5.312345204529938
1714079195.4764788,-5.331024858686659
1714079195.4765916,-5.347369335315845
1714079195.4767046,-5.354374426382559
1714079195.4768174,-5.360211707927562
1714079195.4769304,-5.357876971915916
1714079195.4770434,-5.354374426382559
1714079195.4771562,-5.347369335315845
1714079195.4772692,-5.336862140231662
1714079195.477382,-5.3228523996141215
1714079195.477495,-5.305340113463225
1714079195.4776077,-5.288995636834038
1714079195.4777207,-5.270315982677318
1714079195.4778335,-5.250468518998887
1714079195.4779465,-5.227118951302987
1714079195.4780595,-5.204936751612911
1714079195.4781723,-5.1839223614445435
1714079195.4782853,-5.151232966670284
1714079195.478398,-5.123213485435203
1714079195.478511,-5.090523649145055
1714079195.4786239,-5.060169431898329
1714079195.4787369,-5.022810123584888
1714079195.4788496,-4.990120728810628
1714079195.4789627,-4.959766070048014
1714079195.4790754,-4.931746588812934
1714079195.4791884,-4.904894475583677
1714079195.4793015,-4.874539816821063
1714079195.4794142,-4.848855513113516
1714079195.4795272,-4.816166118339256
1714079195.47964,-4.786978827582465
1714079195.479753,-4.754289432808204
1714079195.4798658,-4.725102583567301
1714079195.4799788,-4.691245820787217
1714079195.4800916,-4.65972379401878
1714079195.4802046,-4.6317043127837
1714079195.4803176,-4.607186935566089
1714079195.4804304,-4.583837367870189
1714079195.4805434,-4.562822977701822
1714079195.4806561,-4.539473410005923
1714079195.4807692,-4.514956032788311
1714079195.480882,-4.488103919559054
1714079195.480995,-4.460084438323975
1714079195.4811077,-4.427395043549714
1714079195.4812207,-4.397040826302987
1714079195.4813337,-4.36902090355202
1714079195.4814465,-4.341001422316939
1714079195.4815595,-4.315317118609393
1714079195.4816723,-4.291967550913492
1714079195.4817853,-4.270952719229239
1714079195.481898,-4.246435783527516
1714079195.482011,-4.2219184063099044
1714079195.4821239,-4.192731557069001
1714079195.4822369,-4.161209530300564
1714079195.4823496,-4.128520135526304
1714079195.4824626,-4.09349556322451
1714079195.4825757,-4.059638800444426
1714079195.4826884,-4.023446860136809
1714079195.4828014,-3.9930926428900824
1714079195.4829142,-3.9604028065999346
1714079195.4830272,-3.928881221347385
1714079195.48314,-3.895024017051414
1714079195.483253,-3.8564973407321506
1714079195.4833658,-3.8156354868853533
1714079195.4834788,-3.7677689834877293
1714079195.4835918,-3.7210694065800416
1714079195.4837046,-3.665030444109881
1714079195.4838176,-3.6136613951789007
1714079195.4839303,-3.55762243270874
1714079195.4840434,-3.5050857950139926
1714079195.4841561,-3.4490466117858882
1714079195.4842691,-3.387170147012781
1714079195.484382,-3.3299635957788536
1714079195.484495,-3.261082260696976
1714079195.484608,-3.1922009256150985
1714079195.4847207,-3.115147352218628
1714079195.4848337,-3.0380935580642134
1714079195.4849465,-2.9528675255952055
1714079195.4850595,-2.8641391683507846
1714079195.4851723,-2.7719080448150635
1714079195.4852853,-2.680844730801052
1714079195.485398,-2.5839439144840943
1714079195.485511,-2.487042877409193
1714079195.485624,-2.386639736316822
1714079195.4857368,-2.281566460927327
1714079195.4858499,-2.1753258175320096
1714079195.4859626,-2.057410169530798
1714079195.4860756,-1.9371597855179397
1714079195.4861884,-1.8134068559717247
1714079195.4863014,-1.6838165345015348
1714079195.4864142,-1.5518913666407266
1714079195.4865272,-1.4164636532465615
1714079195.48664,-1.2810359398523965
1714079195.486753,-1.1409383129190516
1714079195.486866,-0.9985057292161164
1714079195.4869788,-0.8537381335541053
1714079195.4870918,-0.7066356363119902
1714079195.4872046,-0.5571981823002851
1714079195.4873176,-0.4019233087698618
1714079195.4874303,-0.24664843523943863
1714079195.4875433,-0.08203372773196961
1714079195.487656,0.08142943045607319
1714079195.4877691,0.2507471927890071
1714079195.4878821,0.41772952234303506
1714079195.487995,0.5870472501825403
1714079195.488108,0.7540296073313112
1714079195.4882207,0.9198442101478576
1714079195.4883337,1.0868265672966286
1714079195.4884465,1.2514734709704363
1714079195.4885595,1.4207912815941703
1714079195.4886723,1.588941282696194
1714079195.4887853,1.761762190748144
1714079195.4888983,1.9322477005146166
1714079195.489011,2.107403896473072
1714079195.489124,2.2743863088113287
1714079195.4892368,2.4425363099133524
1714079195.4893498,2.6060155144444215
1714079195.4894626,2.761320714597349
1714079195.4895756,2.9166259147502758
1714079195.4896884,3.0660927295684814
1714079195.4898014,3.215559323628743
1714079195.4899142,3.359187532354284
1714079195.4900272,3.507486537650779
1714079195.4901402,3.6499469368546094
1714079195.490253,3.790072158530906
1714079195.490366,3.9231909645928273
1714079195.4904788,4.053974151611328
1714079195.4905918,4.173080567960386
1714079195.4907045,4.287515746222602
1714079195.4908175,4.392609772858796
1714079195.4909303,4.493032561408149
1714079195.4910433,4.587617185380723
1714079195.4911563,4.675195393738923
1714079195.491269,4.762773160581236
1714079195.4913821,4.84451276284677
1714079195.491495,4.9227493780630605
1714079195.491608,4.992811768143265
1714079195.4917207,5.0593711711742255
1714079195.4918337,5.118924600106698
1714079195.4919465,5.171471171908908
1714079195.4920595,5.218179579134341
1714079195.4921725,5.256714202739574
1714079195.4922853,5.2917453977796765
1714079195.4923983,5.322105796248824
1714079195.492511,5.352466194717972
1714079195.492624,5.374652809566921
1714079195.4927368,5.399174601943404
1714079195.4928498,5.417857788227222
1714079195.4929626,5.4283671908908415
1714079195.4930756,5.438876593554461
1714079195.4931886,5.443547390125415
1714079195.4933014,5.443547390125415
1714079195.4934144,5.438876593554461
1714079195.4935272,5.434205796983506
1714079195.4936402,5.422528584798177
1714079195.493753,5.410851814128734
1714079195.493866,5.395671614894161
1714079195.4939787,5.376987987094455
1714079195.4940917,5.359472610332348
1714079195.4942045,5.3419567920543525
1714079195.4943175,5.319770177205403
1714079195.4944305,5.299919181399875
1714079195.4945433,5.276565198545103
1714079195.4946563,5.250875596646909
1714079195.494769,5.226353804270426
1714079195.494882,5.199496392850523
1714079195.4949949,5.171471171908908
1714079195.495108,5.139943405433937
1714079195.4952207,5.111918184492323
1714079195.4953337,5.081557786023175
1714079195.4954467,5.053532565081561
1714079195.4955595,5.026675595177545
1714079195.4956725,4.997482564714219
1714079195.4957852,4.9729607723377365
1714079195.4958982,4.946103360917832
1714079195.496011,4.9180785814921055
1714079195.496124,4.890053360550492
1714079195.4962368,4.85735778455381
1714079195.4963498,4.830500373133907
1714079195.4964628,4.801307784186469
1714079195.4965756,4.769779576195611
1714079195.4966886,4.745257783819127
1714079195.4968014,4.717232562877514
1714079195.4969144,4.693878580022741
1714079195.4970272,4.669356787646258
1714079195.4971402,4.6448345537538875
1714079195.497253,4.620312761377405
1714079195.497366,4.5946231594792115
1714079195.4974787,4.566598380053485
1714079195.4975917,4.5350701720626265
1714079195.4977047,4.504709773593478
1714079195.4978175,4.469678578553376
1714079195.4979305,4.441653357611762
1714079195.4980433,4.411292959142614
1714079195.4981563,4.38560335724442
1714079195.498269,4.355242958775273
1714079195.498382,4.323714750784415
1714079195.4984949,4.292186542793556
1714079195.4986079,4.258323157275164
1714079195.498721,4.2209563431916415
1714079195.4988337,4.1800865420588735
1714079195.4989467,4.136881563398573
1714079195.4990594,4.0890053466514305
1714079195.4991724,4.050471164562084
1714079195.4992852,4.004930566858362
1714079195.4993982,3.9593899691546404
1714079195.499511,3.9138489299350314
1714079195.499624,3.867140964225486
1714079195.499737,3.8157617604290994
1714079195.4998498,3.7667177341602462
1714079195.4999628,3.7059969372219506
1714079195.5000756,3.644108551519888
1714079195.5001886,3.5775491484889277
1714079195.5003014,3.5133251437434443
1714079195.5004144,3.4409271346198187
1714079195.5005271,3.3696969350179033
1714079195.5006402,3.3008021337014655
1714079195.500753,3.2237333280068854
1714079195.500866,3.1454969335485385
1714079195.500979,3.063757331283004
1714079195.5010917,2.977346932446515
1714079195.5012047,2.8850979275173607
1714079195.5013175,2.7905135243027295
1714079195.5014305,2.685419718424479
1714079195.5015433,2.5826613108317056
1714079195.5016563,2.4728967083825
1714079195.501769,2.360796707647818
1714079195.501882,2.244025910342181
1714079195.501995,2.128422701800311
1714079195.5021079,2.008148696687486
1714079195.5022209,1.884371483767474
1714079195.5023336,1.7570912837982176
1714079195.5024467,1.6239724777362963
1714079195.5025594,1.4873505742461592
1714079195.5026724,1.3437224758995903
1714079195.5027852,1.198926568031311
1714079195.5028982,1.0482921644493386
1714079195.5030112,0.8953223625818888
1714079195.503124,0.7376816537645128
1714079195.503237,0.5835441527543244
1714079195.5033498,0.4247357723889527
1714079195.5034628,0.2624242670006222
1714079195.5035756,0.10011276851097742
1714079195.5036886,-0.06452152436530148
1714079195.5038013,-0.23030371025756552
1714079195.5039144,-0.3995883520002718
1714079195.5040274,-0.5735428796874152
1714079195.5041401,-0.7498323917388916
1714079195.5042531,-0.9261219589798538
1714079195.504366,-1.1024114158418443
1714079195.504479,-1.2763660263132166
1714079195.5045917,-1.4468180912512318
1714079195.5047047,-1.6207727017226041
1714079195.5048175,-1.7888898098910295
1714079195.5049305,-1.9593419852080167
1714079195.5050433,-2.125124136606852
1714079195.5051563,-2.287403963230274
1714079195.5052693,-2.4566884394045228
1714079195.505382,-2.6189682660279447
1714079195.505495,-2.78475041742678
1714079195.5056078,-2.9411927417472556
1714079195.5057209,-3.0988026548314975
1714079195.5058336,-3.248240108843203
1714079195.5059466,-3.394175017321551
1714079195.5060594,-3.535440233018663
1714079195.5061724,-3.669700357649061
1714079195.5062854,-3.8004583782619896
1714079195.5063982,-3.9277134118256742
1714079195.5065112,-4.052634150893599
1714079195.506624,-4.1682146213672775
1714079195.506737,-4.287297637374312
1714079195.5068498,-4.395873016781277
1714079195.5069628,-4.500946292170772
1714079195.5070755,-4.600182286015263
1714079195.5071886,-4.690078011265507
1714079195.5073016,-4.775304264492458
1714079195.5074143,-4.851190249125162
1714079195.5075274,-4.922406761734574
1714079195.5076401,-4.986618183277271
1714079195.5077531,-5.044992323274966
1714079195.507866,-5.101031285745126
1714079195.507979,-5.151232966670284
1714079195.5080917,-5.194429556528727
1714079195.5082047,-5.234124042369701
1714079195.5083175,-5.266813437143961
1714079195.5084305,-5.294832918379042
1714079195.5085435,-5.318182486074941
1714079195.5086563,-5.336862140231662
1714079195.5087693,-5.347369335315845
1714079195.508882,-5.356709162394205
1714079195.508995,-5.357876971915916
1714079195.5091078,-5.361379075933385
1714079195.5092208,-5.356709162394205
1714079195.5093336,-5.348537144837556
1714079195.5094466,-5.3438672312983755
1714079195.5095596,-5.331024858686659
1714079195.5096724,-5.319349854080765
1714079195.5097854,-5.305340113463225
1714079195.5098982,-5.286660459306504
1714079195.5100112,-5.267980805149785
1714079195.510124,-5.243463869448061
1714079195.510237,-5.220114301752161
1714079195.5103498,-5.19092701099537
1714079195.5104628,-5.164074897766113
1714079195.5105758,-5.129050766980206
1714079195.5106885,-5.103366021756773
1714079195.5108016,-5.074179172515869
1714079195.5109143,-5.044992323274966
1714079195.5110273,-5.0193075780515315
1714079195.51114,-4.990120728810628
1714079195.511253,-4.962101247575547
1714079195.511366,-4.93057922080711
1714079195.511479,-4.89672201651114
1714079195.511592,-4.861697885725233
1714079195.5117047,-4.825505945417616
1714079195.5118177,-4.793983918649179
1714079195.5119305,-4.761294523874918
1714079195.5120435,-4.729772497106481
1714079195.5121562,-4.702920383877224
1714079195.5122693,-4.678403448175501
1714079195.512382,-4.651551334946244
1714079195.512495,-4.62703439924452
1714079195.5126078,-4.600182286015263
1714079195.5127208,-4.569827627252649
1714079195.5128338,-4.544143323545103
1714079195.5129466,-4.512621296776666
1714079195.5130596,-4.4822666380140515
1714079195.5131724,-4.454247156778971
1714079195.5132854,-4.426227675543891
1714079195.5133982,-4.405212843859637
1714079195.5135112,-4.38419845369127
1714079195.513624,-4.36435099001284
1714079195.513737,-4.3433365998444735
1714079195.51385,-4.316484486615216
1714079195.5139627,-4.290799741391782
1714079195.5140758,-4.259278156139232
1714079195.5141885,-4.226588319849085
1714079195.5143015,-4.199736648135715
1714079195.5144143,-4.165879443839744
1714079195.5145273,-4.13669259459884
1714079195.51464,-4.1098404813695835
1714079195.514753,-4.08065363212868
1714079195.514866,-4.054968886905246
1714079195.514979,-4.0246142281426325
1714079195.515092,-3.9930926428900824
1714079195.5152047,-3.9557328930607545
1714079195.5153177,-3.9137036712081343
1714079195.5154305,-3.8705070813496905
1714079195.5155435,-3.8261426819695363
1714079195.5156562,-3.779443546577736
1714079195.5157692,-3.7374143247251155
1714079195.515882,-3.687212643799958
1714079195.515995,-3.6428484651777477
1714079195.516108,-3.5938141522584135
1714079195.5162208,-3.5412775145636664
1714079195.5163338,-3.4840711840876826
1714079195.5164466,-3.423362087320398
1714079195.5165596,-3.3591506657777006
1714079195.5166724,-3.287934373926233
1714079195.5167854,-3.2132157572993525
1714079195.5168982,-3.138496919914528
1714079195.5170112,-3.0567732122209335
1714079195.5171242,-2.979719638824463
1714079195.517237,-2.899163519894635
1714079195.51735,-2.8139374874256275
1714079195.5174627,-2.7310464117262097
1714079195.5175757,-2.6399828769542553
1714079195.5176885,-2.547751974176477
1714079195.5178015,-2.4450136555565725
1714079195.5179143,-2.338773012161255
1714079195.5180273,-2.230197411996347
1714079195.5181403,-2.114616720764725
1714079195.518253,-2.0002036182968705
1714079195.518366,-1.8811208230477792
1714079195.5184789,-1.7562003047377974
1714079195.518592,-1.6336149639553492
1714079195.5187047,-1.5063595992547494
1714079195.5188177,-1.3756017993997645
1714079195.5189304,-1.2401740860055994
1714079195.5190434,-1.1000764590722543
1714079195.5191565,-0.952973961830139
1714079195.5192692,-0.805871464588024
1714079195.5193822,-0.6505966186523438
1714079195.519495,-0.4906518039879975
1714079195.519608,-0.33537693045757433
1714079195.5197208,-0.17076222984879105
1714079195.5198338,-0.01431987448422997
1714079195.5199466,0.1479888265883481
1714079195.5200596,0.3067971931563483
1714079195.5201724,0.4714440968301561
1714079195.5202854,0.632587903075748
1714079195.5203984,0.8007379593672576
1714079195.5205112,0.9642171638983267
1714079195.5206242,1.1393734702357539
1714079195.520737,1.3110265687659934
1714079195.52085,1.4826797776752048
1714079195.5209627,1.6531652874416773
1714079195.5210757,1.8236506868291782
1714079195.5211885,1.9859623025964805
1714079195.5213015,2.1494415071275497
1714079195.5214145,2.309417503851431
1714079195.5215273,2.464722704004358
1714079195.5216403,2.6223633024427624
1714079195.521753,2.7788363121174
1714079195.521866,2.93297392350656
1714079195.5219789,3.0894469331811973
1714079195.5220919,3.2412489255269366
1714079195.5222046,3.389547930823432
1714079195.5223176,3.5331761395489725
1714079195.5224307,3.6651271360891835
1714079195.5225434,3.7959107646235712
1714079195.5226564,3.9173523585001626
1714079195.5227692,4.037626142855044
1714079195.5228822,4.15439694016068
1714079195.522995,4.264161763367829
1714079195.523108,4.375093954580802
1714079195.5232208,4.479020171695285
1714079195.5233338,4.577107782717104
1714079195.5234466,4.675195393738923
1714079195.5235596,4.763940970102945
1714079195.5236726,4.84451276284677
1714079195.5237854,4.920414200535527
1714079195.5238984,4.984637984523067
1714079195.5240111,5.046526590983072
1714079195.5241241,5.103744400872125
1714079195.524237,5.153955795146801
1714079195.52435,5.204167189421477
1714079195.5244627,5.2462048000759545
1714079195.5245757,5.2870746012087215
1714079195.5246887,5.322105796248824
1714079195.5248015,5.348963207668728
1714079195.5249145,5.373485000045211
1714079195.5250273,5.393335995850739
1714079195.5251403,5.4050132080360695
1714079195.525253,5.415522610699688
1714079195.525366,5.4190255977489326
1714079195.5254788,5.417857788227222
1714079195.5255919,5.4190255977489326
1714079195.5257049,5.415522610699688
1714079195.5258176,5.409684004607024
1714079195.5259306,5.402677588992648
1714079195.5260434,5.389833008801495
1714079195.5261564,5.380490974143699
1714079195.5262692,5.36063997833817
1714079195.5263822,5.344292411097774
1714079195.526495,5.326776592819779
1714079195.526608,5.303422609965006
1714079195.526721,5.2824038046377675
1714079195.5268338,5.259049380267108
1714079195.5269468,5.22985679131967
1714079195.5270596,5.204167189421477
1714079195.5271726,5.180813206566705
1714079195.5272853,5.153955795146801
1714079195.5273983,5.131769180297852
1714079195.5275111,5.106079578399658
1714079195.5276241,5.079222166979754
1714079195.527737,5.053532565081561
1714079195.52785,5.025507785655834
1714079195.527963,4.99865037423593
1714079195.5280757,4.968289975766782
1714079195.5281887,4.939097386819345
1714079195.5283015,4.908736988350197
1714079195.5284145,4.878376589881049
1714079195.5285273,4.852686987982856
1714079195.5286403,4.824661767041241
1714079195.528753,4.798972165143048
1714079195.528866,4.7767859918099855
1714079195.528979,4.749928580390082
1714079195.5290918,4.723071168970178
1714079195.5292048,4.696213757550274
1714079195.5293176,4.663518181553593
1714079195.5294306,4.633157783084445
1714079195.5295434,4.598126588044343
1714079195.5296564,4.571269176624439
1714079195.5297692,4.5444117652045355
1714079195.5298822,4.515219176257098
1714079195.5299952,4.4895295743589045
1714079195.530108,4.465007781982422
1714079195.530221,4.436982561040807
1714079195.5303338,4.4077899720933695
1714079195.5304468,4.380932560673466
1714079195.5305595,4.348236543160898
1714079195.5306726,4.3167087766859265
1714079195.5307853,4.278174153080693
1714079195.5308983,4.243142958040591
1714079195.531011,4.208111763000488
1714079195.531124,4.173080567960386
1714079195.5312371,4.1392167409261065
1714079195.53135,4.101850368358471
1714079195.531463,4.063315744753237
1714079195.5315757,4.022445943620469
1714079195.5316887,3.9780731554384583
1714079195.5318015,3.9290295706854925
1714079195.5319145,3.874146938323974
1714079195.5320272,3.8169291284349227
1714079195.5321403,3.758543950540048
1714079195.5322533,3.698990742365519
1714079195.532366,3.6406053437127004
1714079195.532479,3.576381338967217
1714079195.5325918,3.5156605420289213
1714079195.5327048,3.451436537283438
1714079195.5328176,3.3755355411105685
1714079195.5329306,3.304305341508653
1714079195.5330434,3.224901137528596
1714079195.5331564,3.139658327455874
1714079195.5332694,3.0509125303339073
1714079195.5333822,2.9598311141685203
1714079195.5334952,2.867582109239366
1714079195.533608,2.771830117260968
1714079195.533721,2.670239519189905
1714079195.5338337,2.572151908168086
1714079195.5339468,2.4658905135260687
1714079195.5340595,2.35729349984063
1714079195.5341725,2.2463613086276584
1714079195.5342853,2.1237519052293563
1714079195.5343983,2.0034779001165317
1714079195.5345113,1.8738620811038547
1714079195.534624,1.7419110845636436
1714079195.534737,1.6076245793589838
1714079195.53485,1.4651641801551536
1714079195.534963,1.326206878379539
1714079195.5350757,1.1837463687967371
1714079195.5351887,1.0366150626429804
1714079195.5353014,0.891819209964187
1714079195.5354145,0.7376816537645128
1714079195.5355275,0.5835441527543244
1714079195.5356402,0.42590347153169134
1714079195.5357533,0.2612565678578836
1714079195.535866,0.09544193744659424
1714079195.535979,-0.07269388685623804
1714079195.5360918,-0.2431460000850536
1714079195.5362048,-0.41593307698214493
1714079195.5363176,-0.5898876322640313
1714079195.5364306,-0.7591722740067376
1714079195.5365436,-0.9331268292886239
1714079195.5366564,-1.1047463726114344
1714079195.5367694,-1.2751985479284216
1714079195.5368822,-1.4479855696360269
1714079195.5369952,-1.6231076584921942
1714079195.537108,-1.7982296369693895
1714079195.537221,-1.9710167690559668
1714079195.5373337,-2.1449713795273393
1714079195.5374467,-2.3189257692407677
1714079195.5375597,-2.4812055958641897
1714079195.5376725,-2.650490292796382
1714079195.5377855,-2.8092675738864474
1714079195.5378983,-2.9598723959039757
1714079195.5380113,-3.1139797634548607
1714079195.538124,-3.262249849460743
1714079195.538237,-3.407017389933268
1714079195.5383499,-3.55061756239997
1714079195.5384629,-3.6883800118057812
1714079195.5385756,-3.824975313963713
1714079195.5386887,-3.954565525054931
1714079195.5388017,-4.08065363212868
1714079195.5389144,-4.198568838614005
1714079195.5390275,-4.307144659536856
1714079195.5391402,-4.416887848465531
1714079195.5392532,-4.5137886647824885
1714079195.539366,-4.604852199554443
1714079195.539479,-4.693580556798864
1714079195.5395918,-4.7799741780316385
1714079195.5397048,-4.858195340191876
1714079195.5398178,-4.932913956818757
1714079195.5399306,-5.002962659906458
1714079195.5400436,-5.066006713443332
1714079195.5401564,-5.124380853441026
1714079195.5402694,-5.171079988832827
1714079195.5403821,-5.220114301752161
1714079195.5404952,-5.253971064532244
1714079195.540608,-5.286660459306504
1714079195.540721,-5.312345204529938
1714079195.540834,-5.338029508237486
1714079195.5409467,-5.349704512843379
1714079195.5410597,-5.366048989472565
1714079195.5411725,-5.375388816550926
1714079195.5412855,-5.377723994078459
1714079195.5413983,-5.382393907617639
1714079195.5415113,-5.380059171605993
1714079195.541624,-5.371886712533456
1714079195.541737,-5.3648816214667425
1714079195.5418499,-5.349704512843379
1714079195.5419629,-5.3333595946983055
1714079195.5420759,-5.312345204529938
1714079195.5421886,-5.288995636834038
1714079195.5423017,-5.266813437143961
1714079195.5424144,-5.242296501442238
1714079195.5425274,-5.215444388212981
1714079195.5426402,-5.18625709745619
1714079195.5427532,-5.161740161754467
1714079195.542866,-5.138390594058566
1714079195.542979,-5.108035935295953
1714079195.543092,-5.081183822066695
1714079195.5432048,-5.048494427292435
1714079195.5433178,-5.0134702965065285
1714079195.5434306,-4.980780901732268
1714079195.5435436,-4.9445889614246505
1714079195.5436563,-4.911899566650391
1714079195.5437694,-4.879209730360243
1714079195.5438821,-4.847688145107693
1714079195.5439951,-4.823170767890082
1714079195.5441082,-4.795151286655002
1714079195.544221,-4.768299173425745
1714079195.544334,-4.7426148697181985
1714079195.5444467,-4.713427578961407
1714079195.5445597,-4.681905993708858
1714079195.5446725,-4.650383966940421
1714079195.5447855,-4.61769457216616
1714079195.5448983,-4.592009826942726
1714079195.5450113,-4.5616551681801125
1714079195.5451243,-4.5348034964667425
1714079195.545237,-4.514956032788311
1714079195.54535,-4.4927738330982345
1714079195.5454628,-4.468256897396511
1714079195.5455759,-4.448409875233968
1714079195.5456886,-4.420390393998887
1714079195.5458016,-4.39353828076963
1714079195.5459144,-4.362016254001193
1714079195.5460274,-4.328159491221109
1714079195.5461402,-4.300139568470142
1714079195.5462532,-4.270952719229239
1714079195.5463662,-4.2429332379941584
1714079195.546479,-4.220751038304082
1714079195.546592,-4.193898925074825
1714079195.5467048,-4.171716725384747
1714079195.5468178,-4.143697244149667
1714079195.5469306,-4.114510394908764
1714079195.5470436,-4.081821000134503
1714079195.5471563,-4.044461691821063
1714079195.5472693,-4.007102383507623
1714079195.5473824,-3.970910443200005
1714079195.5474951,-3.9323833253648544
1714079195.5476081,-3.8973591945789474
1714079195.547721,-3.8599998862655074
1714079195.547834,-3.8203054004245334
1714079195.5479467,-3.784113460116916
1714079195.5480597,-3.7385816927309388
1714079195.5481725,-3.6907149685753713
1714079195.5482855,-3.6428484651777477
1714079195.5483985,-3.5833069571742304
1714079195.5485113,-3.5237654491707127
1714079195.5486243,-3.4642239411671953
1714079195.548737,-3.396509974091141
1714079195.54885,-3.3334661413122104
1714079195.5489628,-3.265752174236156
1714079195.5490758,-3.1968708391542786
1714079195.5491886,-3.1268221360665778
1714079195.5493016,-3.0486009739063404
1714079195.5494144,-2.9703798117461027
1714079195.5495274,-2.8874887360466848
1714079195.5496404,-2.795257833268907
1714079195.5497532,-2.7018593417273626
1714079195.5498662,-2.601455979877048
1714079195.549979,-2.498717882015087
1714079195.550092,-2.3924770178618253
1714079195.5502048,-2.2839014176969172
1714079195.5503178,-2.1764931855378324
1714079195.5504305,-2.062080083069978
1714079195.5505435,-1.9453322445904766
1714079195.5506566,-1.8274167069682368
1714079195.5507693,-1.7024962990372268
1714079195.5508823,-1.574073455951832
1714079195.550995,-1.4374782641728718
1714079195.5511081,-1.3008830723939118
1714079195.551221,-1.1607854454605666
1714079195.551334,-1.0125154698336565
1714079195.5514467,-0.8665804509763364
1714079195.5515597,-0.7159754633903503
1714079195.5516727,-0.5665380093786451
1714079195.5517855,-0.41826803375173494
1714079195.5518985,-0.2641606386061068
1714079195.5520113,-0.11005325035916434
1714079195.5521243,0.05223671733229248
1714079195.552237,0.21338050288182717
1714079195.55235,0.38153054537596526
1714079195.5524628,0.552015999952952
1714079195.5525758,0.7225014545299389
1714079195.5526888,0.8953223625818888
1714079195.5528016,1.0693109697765772
1714079195.5529146,1.2351255725931238
1714079195.5530274,1.4056109719806247
1714079195.5531404,1.57376108346162
1714079195.5532532,1.734904889707212
1714079195.5533662,1.9018870812875253
1714079195.553479,2.0641986970548274
1714079195.553592,2.2311811093930842
1714079195.5537047,2.396995712209631
1714079195.5538177,2.5616425055044667
1714079195.5539308,2.725121710035536
1714079195.5540435,2.8839301179956505
1714079195.5541565,3.0392353181485774
1714079195.5542693,3.187534323445073
1714079195.5543823,3.3288271338851363
1714079195.554495,3.4677845460397223
1714079195.554608,3.6009031313437
1714079195.5547209,3.7305187295984337
1714079195.554834,3.8613023581328214
1714079195.554947,3.9885825581020775
1714079195.5550597,4.113527139027913
1714079195.5551727,4.23146574585526
1714079195.5552855,4.34239837858412
1714079195.5553985,4.450994950753671
1714079195.5555112,4.546747384247956
1714079195.5556242,4.63899638917711
1714079195.555737,4.721903359448468
1714079195.55585,4.798972165143048
1714079195.555963,4.873705793310094
1714079195.5560758,4.943768183390299
1714079195.5561888,5.0091597768995495
1714079195.5563016,5.074551370408799
1714079195.5564146,5.131769180297852
1714079195.5565274,5.186651371143482
1714079195.5566404,5.2321924103630915
1714079195.5567532,5.2730622114958585
1714079195.5568662,5.3057577874925395
1714079195.556979,5.336118185961688
1714079195.557092,5.355969181767216
1714079195.557205,5.3781557966161655
1714079195.5573177,5.393335995850739
1714079195.5574307,5.4050132080360695
1714079195.5575435,5.417857788227222
1714079195.5576565,5.422528584798177
1714079195.5577693,5.426032013363308
1714079195.5578823,5.426032013363308
1714079195.557995,5.420193407270643
1714079195.558108,5.415522610699688
1714079195.558221,5.403845398514359
1714079195.5583339,5.386329580236364
1714079195.558447,5.372317190523501
1714079195.5585597,5.351298385196261
1714079195.5586727,5.330279579869023
1714079195.5587854,5.30692559701425
1714079195.5588984,5.2870746012087215
1714079195.5590112,5.263720176838062
1714079195.5591242,5.2368632069340455
1714079195.5592372,5.214676592085096
1714079195.55935,5.188986990186903
1714079195.559463,5.160961769245288
1714079195.5595758,5.137607786390516
1714079195.5596888,5.1095825654489015
1714079195.5598016,5.081557786023175
1714079195.5599146,5.051197387554027
1714079195.5600274,5.0231721666124125
1714079195.5601404,4.995147387186686
1714079195.5602531,4.965954798239248
1714079195.5603662,4.937929577297634
1714079195.5604792,4.909904797871907
1714079195.560592,4.890053360550492
1714079195.560705,4.860860771603054
1714079195.5608177,4.838674598269992
1714079195.5609307,4.809481567806667
1714079195.5610435,4.782624156386763
1714079195.5611565,4.752263757917616
1714079195.5612693,4.721903359448468
1714079195.5613823,4.692710770501031
1714079195.5614953,4.665853359081127
1714079195.561608,4.63899638917711
1714079195.561721,4.613306787278916
1714079195.5618339,4.588784553386547
1714079195.5619469,4.565430570531774
1714079195.5620596,4.542076587677002
1714079195.5621727,4.516386985778809
1714079195.5622854,4.48485877778795
1714079195.5623984,4.455665747324625
1714079195.5625114,4.422970171327944
1714079195.5626242,4.389106344293665
1714079195.5627372,4.358745945824517
1714079195.56285,4.326050369827835
1714079195.562963,4.295689971358687
1714079195.5630758,4.266496940895363
1714079195.5631888,4.233801364898682
1714079195.5633016,4.201105347386113
1714079195.5634146,4.162571165296766
1714079195.5635276,4.122869173685709
1714079195.5636404,4.078495943987811
1714079195.5637534,4.030620168756555
1714079195.5638661,3.981576142487702
1714079195.5639791,3.9325325577347363
1714079195.564092,3.883488531465883
1714079195.564205,3.8309419596636736
1714079195.5643177,3.7818979333948204
1714079195.5644307,3.7270157425491894
1714079195.5645435,3.674468949989036
1714079195.5646565,3.6160835513362177
1714079195.5647695,3.5518595465907343
1714079195.5648823,3.4817969357525858
1714079195.5649953,3.40939892662896
1714079195.565108,3.3311625321706133
1714079195.565221,3.2599323325686984
1714079195.5653338,3.177024920781453
1714079195.5654469,3.094117729752152
1714079195.5655596,3.013545716250384
1714079195.5656726,2.924799919128418
1714079195.5657856,2.833718723720974
1714079195.5658984,2.74146971879182
1714079195.5660114,2.63754372243528
1714079195.5661242,2.532449916557029
1714079195.5662372,2.423852902871591
1714079195.56635,2.3047467072804766
1714079195.566463,2.1879756892168962
1714079195.5665758,2.063030887533117
1714079195.5666888,1.9415892936565255
1714079195.5668018,1.8119735850228202
1714079195.5669146,1.6858610841963024
1714079195.5670276,1.5527422781343811
1714079195.5671403,1.4161203746442441
1714079195.5672534,1.2748276745831524
1714079195.5673661,1.133534864143089
1714079195.5674791,0.9829004605611165
1714079195.567592,0.8310983578364054
1714079195.567705,0.6757931024939925
1714079195.5678177,0.5181524488661023
1714079195.5679307,0.35934409609547363
1714079195.5680437,0.19469716482692292
1714079195.5681565,0.032385669786621024
1714079195.5682695,-0.13223537416369827
1714079195.5683823,-0.29918504533944307
1714079195.5684953,-0.4614647891786363
1714079195.568608,-0.6319169093061376
1714079195.568721,-0.7988665942792539
1714079195.5688338,-0.9704861376020643
1714079195.5689468,-1.1444407480734364
1714079195.5690598,-1.318395248165837
1714079195.5691726,-1.4946848154067993
1714079195.5692856,-1.6628019235752245
1714079195.5693984,-1.8332540988922117
1714079195.5695114,-2.0002036182968705
1714079195.5696242,-2.1648184016898826
1714079195.5697372,-2.3294331850828947
1714079195.56985,-2.489377834178783
1714079195.569963,-2.652825249565972
1714079195.570076,-2.8104349418922707
1714079195.5701888,-2.9703798117461027
1714079195.5703018,-3.125654547302811
1714079195.5704145,-3.2809295036174633
1714079195.5705276,-3.430366957629168
1714079195.5706403,-3.57396713009587
1714079195.5707533,-3.7105622114958585
1714079195.570866,-3.84248760011461
1714079195.570979,-3.9685752656724715
1714079195.5710921,-4.0888256496853295
1714079195.571205,-4.204406561674895
1714079195.571318,-4.315317118609393
1714079195.5714307,-4.419222584477177
1714079195.5715437,-4.525463227872495
1714079195.5716565,-4.618861940171983
1714079195.5717695,-4.712260210955584
1714079195.5718822,-4.793983918649179
1714079195.5719953,-4.872205080809416
1714079195.572108,-4.942253783897117
1714079195.572221,-5.006465205439815
1714079195.572334,-5.064839345437509
1714079195.5724468,-5.113873658356843
1714079195.5725598,-5.160572793748643
1714079195.5726726,-5.2002668380737305
1714079195.5727856,-5.239961323914704
1714079195.5728984,-5.267980805149785
1714079195.5730114,-5.2960002863848645
1714079195.5731242,-5.319349854080765
1714079195.5732372,-5.336862140231662
1714079195.5733502,-5.352039248855025
1714079195.573463,-5.357876971915916
1714079195.573576,-5.362546885455096
1714079195.5736887,-5.361379075933385
1714079195.5738018,-5.357876971915916
1714079195.5739145,-5.349704512843379
1714079195.5740275,-5.338029508237486
1714079195.5741403,-5.327522313153302
1714079195.5742533,-5.310010027002405
1714079195.5743663,-5.2960002863848645
1714079195.574479,-5.273818086694788
1714079195.574592,-5.259808346077247
1714079195.574705,-5.236458778381348
1714079195.574818,-5.215444388212981
1714079195.5749307,-5.19092701099537
1714079195.5750437,-5.158237616221109
1714079195.5751565,-5.13021813498603
1714079195.5752695,-5.098696108217593
1714079195.5753822,-5.064839345437509
1714079195.5754952,-5.029814773135715
1714079195.5756083,-5.000627923894811
1714079195.575721,-4.967938529120551
1714079195.575834,-4.941086415891294
1714079195.5759468,-4.91073175712868
1714079195.5760598,-4.882712275893599
1714079195.5761726,-4.852358058646873
1714079195.5762856,-4.819668663872613
1714079195.5763984,-4.789314005109999
1714079195.5765114,-4.751954696796558
1714079195.5766244,-4.718097492500587
1714079195.5767372,-4.687743275253861
1714079195.5768502,-4.657388616491247
1714079195.576963,-4.63520641680117
1714079195.577076,-4.6083547450878
1714079195.5771887,-4.587339913403546
1714079195.5773017,-4.565157713713469
1714079195.5774145,-4.5406407780117455
1714079195.5775275,-4.5137886647824885
1714079195.5776405,-4.485769183547408
1714079195.5777533,-4.453079788773148
1714079195.5778663,-4.425060307538067
1714079195.577979,-4.397040826302987
1714079195.578092,-4.36902090355202
1714079195.5782049,-4.348006513383653
1714079195.5783179,-4.324656945687753
1714079195.5784307,-4.305977291531033
1714079195.5785437,-4.281459914313422
1714079195.5786567,-4.258110346617522
1714079195.5787694,-4.228923497376618
1714079195.5788825,-4.199736648135715
1714079195.5789952,-4.1682146213672775
1714079195.5791082,-4.133190049065484
1714079195.579221,-4.100500654291223
1714079195.579334,-4.067811259516963
1714079195.5794468,-4.038623968760172
1714079195.5795598,-4.007102383507623
1714079195.5796726,-3.9767477247450085
1714079195.5797856,-3.9463930659823947
1714079195.5798986,-3.9066990216573076
1714079195.5800114,-3.8670045358163336
1714079195.5801244,-3.8203054004245334
1714079195.5802372,-3.7771088105660895
1714079195.5803502,-3.723404584107575
1714079195.580463,-3.670867946412828
1714079195.580576,-3.6194986767239037
1714079195.5806887,-3.563459714253743
1714079195.5808017,-3.516760578861943
1714079195.5809147,-3.4560514820946584
1714079195.5810275,-3.400012519624498
1714079195.5811405,-3.3358010980818005
1714079195.5812533,-3.266919762999923
1714079195.5813663,-3.1945358823846886
1714079195.581479,-3.1198172657578076
1714079195.581592,-3.0357586012946234
1714079195.5817049,-2.9540351143589723
1714079195.5818179,-2.865306536356608
1714079195.5819309,-2.776577958354243
1714079195.5820436,-2.6843470555764655
1714079195.5821567,-2.594451109568278
1714079195.5822694,-2.49521533648173
1714079195.5823824,-2.393644606625592
1714079195.5824952,-2.292073876769454
1714079195.5826082,-2.1799957310711893
1714079195.582721,-2.0655826286033347
1714079195.582834,-1.9429972878208865
1714079195.5829468,-1.8204117262804949
1714079195.5830598,-1.6908215151892767
1714079195.5831728,-1.5600637153342918
1714079195.5832856,-1.4269709587097168
1714079195.5833986,-1.2903757669307567
1714079195.5835114,-1.1537805751517967
1714079195.5836244,-1.0113479914488614
1714079195.5837371,-0.8654129725915414
1714079195.5838501,-0.7171429417751453
1714079195.583963,-0.5653705309938502
1714079195.584076,-0.4065932223090419
1714079195.584189,-0.24664843523943863
1714079195.5843017,-0.07853128567889885
1714079195.5844147,0.08493255547903202
1714079195.5845275,0.2519148919317457
1714079195.5846405,0.4200649206285123
1714079195.5847533,0.588214949325279
1714079195.5848663,0.7493587555708708
1714079195.584979,0.9175088118623803
1714079195.585092,1.082155770725674
1714079195.585205,1.249138072684959
1714079195.5853179,1.4172880737869826
1714079195.5854309,1.5912766809816712
1714079195.5855436,1.759426682083695
1714079195.5856566,1.9299120814711959
1714079195.5857694,2.1027330999021174
1714079195.5858824,2.2673798931969533
1714079195.5859952,2.4308590977280224
1714079195.5861082,2.58733210740266
1714079195.5862212,2.7438051170772972
1714079195.586334,2.896774918944747
1714079195.586447,3.049744720812197
1714079195.5865598,3.1968761373449253
1714079195.5866728,3.3463427314051875
1714079195.5867856,3.4934741479379157
1714079195.5868986,3.6371021359055127
1714079195.5870113,3.779562755867287
1714079195.5871243,3.9115137524074974
1714079195.5872371,4.037626142855044
1714079195.5873501,4.156732559204102
1714079195.5874631,4.270000369460494
1714079195.587576,4.375093954580802
1714079195.587689,4.476684552651864
1714079195.5878017,4.572436986146149
1714079195.5879147,4.668188978124547
1714079195.5880275,4.756934996004458
1714079195.5881405,4.843345394840947
1714079195.5882533,4.925084997106481
1714079195.5883663,4.99865037423593
1714079195.5884793,5.0640419677451805
1714079195.588592,5.120091968112521
1714079195.588705,5.172638981430619
1714079195.5888178,5.21934738865605
1714079195.5889308,5.259049380267108
1714079195.5890436,5.295248384828921
1714079195.5891566,5.326776592819779
1714079195.5892694,5.357136991288926
1714079195.5893824,5.379323606137876
1714079195.5894954,5.402677588992648
1714079195.5896082,5.416689978705512
1714079195.5897212,5.429535000412552
1714079195.589834,5.435373606505217
1714079195.589947,5.438876593554461
1714079195.5900598,5.434205796983506
1714079195.5901728,5.431870177940086
1714079195.5902855,5.4236963943198875
1714079195.5903986,5.413186991656268
1714079195.5905113,5.4015097794709375
1714079195.5906243,5.3874973897580745
1714079195.5907373,5.37114938100179
1714079195.59085,5.355969181767216
1714079195.5909631,5.339621173010932
1714079195.591076,5.316267190156159
1714079195.591189,5.298751371878164
1714079195.5913017,5.275397389023392
1714079195.5914147,5.250875596646909
1714079195.5915275,5.225185994748716
1714079195.5916405,5.198328583328812
1714079195.5917535,5.169135994381374
1714079195.5918663,5.139943405433937
1714079195.5919793,5.114253803535743
1714079195.592092,5.081557786023175
1714079195.592205,5.0547003746032715
1714079195.5923178,5.030178582226788
1714079195.5924308,5.002153802801061
1714079195.5925436,4.975296391381158
1714079195.5926566,4.948438979961254
1714079195.5927696,4.9180785814921055
1714079195.5928824,4.890053360550492
1714079195.5929954,4.8585255940755205
1714079195.5931082,4.824661767041241
1714079195.5932212,4.797804797137225
1714079195.593334,4.7686117666739
1714079195.593447,4.741754355253996
1714079195.5935597,4.71606519487169
1714079195.5936728,4.692710770501031
1714079195.5937855,4.6670211686028376
1714079195.5938985,4.643667185748065
1714079195.5940115,4.613306787278916
1714079195.5941243,4.591120172429967
1714079195.5942373,4.5584241549173985
1714079195.59435,4.530399375491672
1714079195.594463,4.500038977022524
1714079195.594576,4.4720137560809095
1714079195.594689,4.445156786176893
1714079195.5948017,4.4171315652352785
1714079195.5949147,4.391441963337085
1714079195.5950277,4.363417183911358
1714079195.5951405,4.335391962969744
1714079195.5952535,4.301528577451353
1714079195.5953662,4.266496940895363
1714079195.5954792,4.226794949284306
1714079195.595592,4.187092957673249
1714079195.595705,4.147390966062193
1714079195.5958178,4.104185545886004
1714079195.5959308,4.062147935231526
1714079195.5960438,4.018942956571226
1714079195.5961566,3.9780731554384583
1714079195.5962696,3.9301969386913154
1714079195.5963824,3.883488531465883
1714079195.5964954,3.829774150141963
1714079195.5966082,3.7737241497746217
1714079195.5967212,3.7153385303638595
1714079195.596834,3.6487793480908426
1714079195.596947,3.583387533823649
1714079195.59706,3.514492732507211
1714079195.5971727,3.445597931190773
1714079195.5972857,3.373200142825091
1714079195.5973985,3.304305341508653
1714079195.5975115,3.227236535814073
1714079195.5976243,3.147832331834016
1714079195.5977373,3.0660927295684814
1714079195.59785,2.9761791229248047
1714079195.597963,2.8827625292318837
1714079195.5980759,2.7835071086883545
1714079195.5981889,2.685419718424479
1714079195.598302,2.577990514260751
1714079195.5984147,2.474064517904211
1714079195.5985277,2.364299694697062
1714079195.5986404,2.251032105198613
1714079195.5987535,2.1389321044639305
1714079195.5988662,2.0198256881148726
1714079195.5989792,1.9007194925237583
1714079195.599092,1.7699360847473142
1714079195.599205,1.6403204864925807
1714079195.599318,1.502530883859705
1714079195.5994308,1.360070374276903
1714079195.5995438,1.214106767265885
1714079195.5996566,1.0693109697765772
1714079195.5997696,0.9175088118623803
1714079195.5998824,0.7680421074231465
1714079195.5999954,0.6139045512234723
1714079195.6001081,0.45626389759558217
1714079195.6002212,0.3021263689906509
1714079195.6003342,0.13981486360232034
1714079195.600447,-0.023659717084632978
1714079195.60056,-0.19411182513943423
1714079195.6006727,-0.3610615101125505
1714079195.6007857,-0.5350160377996939
1714079195.6008985,-0.7089705930815802
1714079195.6010115,-0.8817576699786716
1714079195.6011243,-1.0603821939892237
1714079195.6012373,-1.2284993021576491
1714079195.60135,-1.4047887590196397
1714079195.601463,-1.5717384991822418
1714079195.601576,-1.7433580425050523
1714079195.6016889,-1.9103076722886827
1714079195.6018019,-2.0795923692208746
1714079195.6019146,-2.2477094773893
1714079195.6020277,-2.416994174321492
1714079195.6021404,-2.5827763257203276
1714079195.6022534,-2.743888563579983
1714079195.6023662,-2.9026658446700484
1714079195.6024792,-3.059108389748467
1714079195.6025922,-3.2062108869905823
1714079195.602705,-3.3533133842326976
1714079195.602818,-3.4899084656326855
1714079195.6029308,-3.6288387245602074
1714079195.6030438,-3.7595965244151923
1714079195.6031566,-3.891521471518057
1714079195.6032696,-4.0141070330584485
1714079195.6033823,-4.137859962604664
1714079195.6034954,-4.254608242600052
1714079195.6036084,-4.36435099001284
1714079195.6037211,-4.469424265402335
1714079195.6038342,-4.567492891241002
1714079195.603947,-4.65855598449707
1714079195.60406,-4.741447060196488
1714079195.6041727,-4.822003399884259
1714079195.6042857,-4.890884734966137
1714079195.6043985,-4.962101247575547
1714079195.6045115,-5.020474946057354
1714079195.6046245,-5.082351631588406
1714079195.6047373,-5.133720680519386
1714079195.6048503,-5.18158718391701
1714079195.604963,-5.21894649223045
1714079195.605076,-5.257473610065601
1714079195.6051888,-5.286660459306504
1714079195.6053019,-5.308842658996582
1714079195.6054146,-5.328689681159125
1714079195.6055276,-5.339197317759195
1714079195.6056404,-5.349704512843379
1714079195.6057534,-5.354374426382559
1714079195.6058664,-5.359044339921739
1714079195.6059792,-5.354374426382559
1714079195.6060922,-5.352039248855025
1714079195.606205,-5.345034599304199
1714079195.606318,-5.3333595946983055
1714079195.6064308,-5.321685031608299
1714079195.6065438,-5.307675290990758
1714079195.6066566,-5.288995636834038
1714079195.6067696,-5.265646069138138
1714079195.6068826,-5.242296501442238
1714079195.6069953,-5.217779124224627
1714079195.6071084,-5.19092701099537
1714079195.6072211,-5.160572793748643
1714079195.6073341,-5.133720680519386
1714079195.607447,-5.1045338312784825
1714079195.60756,-5.080016454060872
1714079195.6076727,-5.049662236814146
1714079195.6077857,-5.022810123584888
1714079195.6078987,-4.994790642349808
1714079195.6080115,-4.964435983587194
1714079195.6081245,-4.931746588812934
1714079195.6082373,-4.89672201651114
1714079195.6083503,-4.86403262173688
1714079195.608463,-4.8278406814292625
1714079195.608576,-4.798653832188359
1714079195.6086888,-4.768299173425745
1714079195.6088018,-4.7426148697181985
1714079195.6089146,-4.716930124494764
1714079195.6090276,-4.693580556798864
1714079195.6091406,-4.666728443569607
1714079195.6092534,-4.63637422632288
1714079195.6093664,-4.6095221130936235
1714079195.6094792,-4.578000086325186
1714079195.6095922,-4.547645427562572
1714079195.609705,-4.516123400794135
1714079195.609818,-4.489271729080765
1714079195.6099308,-4.4612518063297975
1714079195.6100438,-4.439070048155608
1714079195.6101568,-4.418055216471354
1714079195.6102695,-4.395873016781277
1714079195.6103826,-4.3736908170912
1714079195.6104953,-4.348006513383653
1714079195.6106083,-4.321154400154396
1714079195.610721,-4.291967550913492
1714079195.6108341,-4.261612892150879
1714079195.610947,-4.227756129370795
1714079195.61106,-4.198568838614005
1714079195.611173,-4.170549357378924
1714079195.6112857,-4.142529876143843
1714079195.6113987,-4.119180308447944
1714079195.6115115,-4.091160827212863
1714079195.6116245,-4.064308713983606
1714079195.6117373,-4.031619319209346
1714079195.6118503,-3.996594746907552
1714079195.611963,-3.9592354385941113
1714079195.612076,-3.916038848735668
1714079195.612189,-3.876344362894694
1714079195.6123018,-3.8308125955087164
1714079195.6124148,-3.7922859191894527
1714079195.6125276,-3.747921519809299
1714079195.6126406,-3.7070596659625017
1714079195.6127534,-3.6615281193344678
1714079195.6128664,-3.6113264384093107
1714079195.6129792,-3.561124757484153
1714079195.6130922,-3.501583249480636
1714079195.613205,-3.4397067847075284
1714079195.613318,-3.3719930383894177
1714079195.613431,-3.3019441145437733
1714079195.6135437,-3.2295604546864825
1714079195.6136568,-3.156009206065425
1714079195.6137695,-3.0801230006747775
1714079195.6138825,-3.003069206520363
1714079195.6139953,-2.922513087590535
1714079195.6141083,-2.841956968660708
1714079195.614221,-2.7520610226525197
1714079195.614334,-2.6609974878805653
1714079195.614447,-2.5629290827998408
1714079195.61456,-2.4625259417074696
1714079195.614673,-2.3562852983121516
1714079195.6147857,-2.244207152613887
1714079195.6148987,-2.1321290069156222
1714079195.6150115,-2.015380947678177
1714079195.6151245,-1.9009678452103225
1714079195.6152372,-1.7795499828126695
1714079195.6153502,-1.6581320100360446
1714079195.6154633,-1.5285416885658545
1714079195.615576,-1.4036212806348447
1714079195.615689,-1.2635236537014995
1714079195.6158018,-1.1257610939167164
1714079195.6159148,-0.9798259646804244
1714079195.6160276,-0.8315560442430001
1714079195.6161406,-0.678616099887424
1714079195.6162534,-0.5268436891061288
1714079195.6163664,-0.3692338588061156
1714079195.6164792,-0.21279150689089738
1714079195.6165922,-0.057516643708502804
1714079195.6167052,0.10128048145108752
1714079195.616818,0.260088841120402
1714079195.616931,0.4235680732462141
1714079195.6170437,0.5905504028002421
1714079195.6171567,0.757532704759527
1714079195.6172695,0.9291858584792525
1714079195.6173825,1.1043421648166798
1714079195.6174953,1.2759953737258911
1714079195.6176083,1.452319379206057
1714079195.6177213,1.6228047785935578
1714079195.617834,1.790954890074553
1714079195.617947,1.9567694928910997
1714079195.6180599,2.116745489614981
1714079195.618173,2.2813925036677607
1714079195.6182857,2.441368500391642
1714079195.6183987,2.601344717873467
1714079195.6185114,2.762488524119059
1714079195.6186244,2.924799919128418
1714079195.6187375,3.080105119281345
1714079195.6188502,3.2330749211487944
1714079195.6189632,3.3790385281598123
1714079195.619076,3.5226667368853533
1714079195.619189,3.654617733425564
1714079195.6193018,3.7842335524382413
1714079195.6194148,3.906842955836543
1714079195.6195276,4.029452359234845
1714079195.6196406,4.146223156540482
1714079195.6197534,4.262993953846118
1714079195.6198664,4.372758777053267
1714079195.6199794,4.479020171695285
1714079195.6200922,4.581778579288058
1714079195.6202052,4.675195393738923
1714079195.620318,4.763940970102945
1714079195.620431,4.8410097757975254
1714079195.6205437,4.914575594442861
1714079195.6206567,4.979967187952112
1714079195.6207695,5.044190971939652
1714079195.6208825,5.102576591350414
1714079195.6209955,5.156290972674334
1714079195.6211083,5.208837985992432
1714079195.6212213,5.252043406168619
1714079195.621334,5.29408057530721
1714079195.621447,5.329112211863199
1714079195.6215599,5.36063997833817
1714079195.6216729,5.38165878366541
1714079195.6217856,5.402677588992648
1714079195.6218987,5.413186991656268
1714079195.6220117,5.422528584798177
1714079195.6221244,5.427199381369131
1714079195.6222374,5.431870177940086
1714079195.6223502,5.429535000412552
1714079195.6224632,5.427199381369131
1714079195.622576,5.4236963943198875
1714079195.622689,5.417857788227222
1714079195.6228018,5.403845398514359
1714079195.6229148,5.393335995850739
1714079195.6230278,5.375820177572744
1714079195.6231406,5.357136991288926
1714079195.6232536,5.338453805005108
1714079195.6233664,5.313932012628626
1714079195.6234794,5.2870746012087215
1714079195.6235921,5.262552808832239
1714079195.6237051,5.238030574939868
1714079195.623818,5.211173605035852
1714079195.623931,5.185484003137659
1714079195.6240437,5.160961769245288
1714079195.6241567,5.135272167347095
1714079195.6242697,5.1095825654489015
1714079195.6243825,5.080389976501465
1714079195.6244955,5.055868184124981
1714079195.6246083,5.025507785655834
1714079195.6247213,4.9998181837576405
1714079195.624834,4.968289975766782
1714079195.624947,4.939097386819345
1714079195.6250598,4.91107216587773
1714079195.6251729,4.881879576930293
1714079195.6252859,4.8585255940755205
1714079195.6253986,4.83400336018315
1714079195.6255116,4.810649377328378
1714079195.6256244,4.783791965908474
1714079195.6257374,4.756934996004458
1714079195.6258502,4.7265741560194225
1714079195.6259632,4.698549376593696
1714079195.626076,4.670524155652081
1714079195.626189,4.635492960611979
1714079195.626302,4.608635990707962
1714079195.6264148,4.581778579288058
1714079195.6265278,4.556088977389865
1714079195.6266406,4.531567185013382
1714079195.6267536,4.505877583115189
1714079195.6268663,4.479020171695285
1714079195.6269794,4.449827582747847
1714079195.6270921,4.420634552284523
1714079195.6272051,4.387938976287842
1714079195.627318,4.3529077812477395
1714079195.627431,4.31904395421346
1714079195.627544,4.282844949651647
1714079195.6276567,4.247813754611545
1714079195.6277697,4.2162855466206866
1714079195.6278825,4.1800865420588735
1714079195.6279955,4.145055347018771
1714079195.6281083,4.105353355407715
1714079195.6282213,4.067986541324191
1714079195.628334,4.0247815626638905
1714079195.628447,3.973402358867504
1714079195.62856,3.9231909645928273
1714079195.6286728,3.867140964225486
1714079195.6287858,3.811090963858145
1714079195.6288986,3.7573761410183373
1714079195.6290116,3.6978231536017523
1714079195.6291244,3.641772932476467
1714079195.6292374,3.5810521355381715
1714079195.6293502,3.520331338599876
1714079195.6294632,3.451436537283438
1714079195.6295762,3.380206337681523
1714079195.629689,3.3066407397941306
1714079195.629802,3.226068726292363
1714079195.6299148,3.139658327455874
1714079195.6300278,3.0544155173831515
1714079195.6301405,2.9621665124539973
1714079195.6302536,2.872253126568264
1714079195.6303663,2.7788363121174
1714079195.6304793,2.679581112331814
1714079195.6305923,2.579158103024518
1714079195.630705,2.4728967083825
1714079195.6308181,2.3619642964115846
1714079195.630931,2.2463613086276584
1714079195.631044,2.124919493993123
1714079195.6311567,2.0034779001165317
1714079195.6312697,1.8691912845329002
1714079195.6313825,1.7384079871354279
1714079195.6314955,1.6041214819307679
1714079195.6316082,1.4616610827269376
1714079195.6317213,1.3250390688578286
1714079195.6318343,1.1825786696539984
1714079195.631947,1.0389504609284577
1714079195.63206,0.891819209964187
1714079195.6321728,0.7376816537645128
1714079195.6322858,0.5847118518970631
1714079195.6323986,0.4235680732462141
1714079195.6325116,0.2612565678578836
1714079195.6326244,0.09427422450648414
1714079195.6327374,-0.07619632890930882
1714079195.6328504,-0.2419785217002586
1714079195.6329632,-0.41126313584822194
1714079195.6330762,-0.5782127932265952
1714079195.633189,-0.7498323917388916
1714079195.633302,-0.9191170334815978
1714079195.6334147,-1.0907366319938943
1714079195.6335278,-1.2635236537014995
1714079195.6336405,-1.4374782641728718
1714079195.6337535,-1.6114327642652722
1714079195.6338665,-1.7900572882758246
1714079195.6339793,-1.96517926675302
1714079195.6340923,-2.1391338772243924
1714079195.634205,-2.3107535309261746
1714079195.634318,-2.47420072555542
1714079195.634431,-2.638815508948432
1714079195.634544,-2.797592790038497
1714079195.6346567,-2.9540351143589723
1714079195.6347697,-3.106974893146091
1714079195.6348825,-3.258747303927386
1714079195.6349955,-3.409352346702858
1714079195.6351085,-3.554119887175383
1714079195.6352212,-3.694217514108728
1714079195.6353343,-3.8354825090478966
1714079195.635447,-3.9650727201391147
1714079195.63556,-4.086490913673683
1714079195.6356728,-4.207908665692364
1714079195.6357858,-4.316484486615216
1714079195.6358986,-4.422725130010534
1714079195.6360116,-4.520793314333315
1714079195.6361246,-4.611856849105269
1714079195.6362374,-4.7052555614047575
1714079195.6363504,-4.786978827582465
1714079195.6364632,-4.86870253527606
1714079195.6365762,-4.942253783897117
1714079195.636689,-5.007632573445638
1714079195.636802,-5.068341890970865
1714079195.6369147,-5.120878307907669
1714079195.6370277,-5.166410075293647
1714079195.6371408,-5.211941842679624
1714079195.6372535,-5.244631237453884
1714079195.6373665,-5.276153264222321
1714079195.6374793,-5.304172745457402
1714079195.6375923,-5.324019767619945
1714079195.637705,-5.3438672312983755
1714079195.637818,-5.356709162394205
1714079195.6379309,-5.3648816214667425
1714079195.6380439,-5.3707189030117455
1714079195.638157,-5.3707189030117455
1714079195.6382697,-5.3707189030117455
1714079195.6383827,-5.363714253460919
1714079195.6384954,-5.355541794388382
1714079195.6386085,-5.341532053770842
1714079195.6387212,-5.324019767619945
1714079195.6388342,-5.306507481469048
1714079195.638947,-5.284325723294859
1714079195.63906,-5.2644782596164275
1714079195.6391728,-5.239961323914704
1714079195.6392858,-5.21894649223045
1714079195.6393988,-5.19559692453455
1714079195.6395116,-5.169912620827003
1714079195.6396246,-5.145395243609393
1714079195.6397374,-5.117375762374312
1714079195.6398504,-5.085853735605875
1714079195.6399632,-5.053164340831615
1714079195.6400762,-5.016972400523998
1714079195.640189,-4.984283005749737
1714079195.640302,-4.949258874963831
1714079195.640415,-4.91540167066786
1714079195.6405277,-4.885047453421133
1714079195.6406407,-4.854692794658519
1714079195.6407535,-4.831343226962619
1714079195.6408665,-4.802156377721715
1714079195.6409793,-4.771801718959102
1714079195.6410923,-4.741447060196488
1714079195.641205,-4.712260210955584
1714079195.641318,-4.679570816181323
1714079195.641431,-4.6468814214070635
1714079195.6415439,-4.618861940171983
1714079195.6416569,-4.590842458936903
1714079195.6417696,-4.568660259246826
1714079195.6418827,-4.541808146017569
1714079195.6419954,-4.523128491860849
1714079195.6421084,-4.499778924164948
1714079195.6422212,-4.4764293564690485
1714079195.6423342,-4.451911979251437
1714079195.642447,-4.425060307538067
1714079195.64256,-4.390035735236274
1714079195.642673,-4.36551879953455
1714079195.6427858,-4.335164140771936
1714079195.6428988,-4.305977291531033
1714079195.6430116,-4.279125178301776
1714079195.6431246,-4.256942978611699
1714079195.6432374,-4.232426042909975
1714079195.6433504,-4.207908665692364
1714079195.6434631,-4.181056552463107
1714079195.6435761,-4.151869703222204
1714079195.6436892,-4.11801294044212
1714079195.643802,-4.0829883681403265
1714079195.643915,-4.046796427832709
1714079195.6440277,-4.007102383507623
1714079195.6441407,-3.969742633678295
1714079195.6442535,-3.9335511348865646
1714079195.6443665,-3.8973591945789474
1714079195.6444793,-3.8623346222771535
1714079195.6445923,-3.82380794595789
1714079195.6447053,-3.7806109145835594
1714079195.644818,-3.735079147197582
1714079195.644931,-3.686045055036191
1714079195.6450438,-3.6323410493356207
1714079195.6451569,-3.5763020868654603
1714079195.6452696,-3.516760578861943
1714079195.6453826,-3.4560514820946584
1714079195.6454954,-3.395342606085318
1714079195.6456084,-3.3322985525484436
1714079195.6457212,-3.268087131005746
1714079195.6458342,-3.2003733846876354
1714079195.6459472,-3.1303246815999346
1714079195.64606,-3.0544382554513434
1714079195.646173,-2.9727147685156927
1714079195.6462858,-2.890991060822098
1714079195.6463988,-2.7987601580443204
1714079195.6465116,-2.705361666502776
1714079195.6466246,-2.609628438949585
1714079195.6467373,-2.510392665863037
1714079195.6468503,-2.4099893040127225
1714079195.6469634,-2.3049160286232278
1714079195.6470761,-2.199842753233733
1714079195.6471891,-2.088932196299235
1714079195.647302,-1.97218413706179
1714079195.647415,-1.8554360778243453
1714079195.6475277,-1.730515780272307
1714079195.6476407,-1.599757980417322
1714079195.6477535,-1.4678327021775421
1714079195.6478665,-1.330070032013787
1714079195.6479795,-1.1899724050804419
1714079195.6480923,-1.047539821377507
1714079195.6482053,-0.9016048577096727
1714079195.648318,-0.7545023052780716
1714079195.648431,-0.6050648512663664
1714079195.6485438,-0.4556273972546612
1714079195.6486568,-0.30152000210903307
1714079195.6487696,-0.14391017180901985
1714079195.6488826,0.01603774898857982
1714079195.6489956,0.18418778975804645
1714079195.6491084,0.352337846049556
1714079195.6492214,0.5204879023410656
1714079195.6493342,0.6909733569180524
1714079195.6494472,0.859123358020076
1714079195.64956,1.0296088677865487
1714079195.649673,1.195423470603095
1714079195.6497858,1.3589026751341642
1714079195.6498988,1.5247172779507105
1714079195.6500115,1.684693385053564
1714079195.6501245,1.8528434965345593
1714079195.6502376,2.018658099351106
1714079195.6503503,2.1868081004531295
1714079195.6504633,2.354958101555153
1714079195.650576,2.5161019078007447
1714079195.6506891,2.678413523568047
1714079195.650802,2.8372217107702182
1714079195.650915,2.9890239238739014
1714079195.6510277,3.136155119648686
1714079195.6511407,3.27861573961046
1714079195.6512537,3.42107613881429
1714079195.6513665,3.558865741447166
1714079195.6514795,3.691984547509087
1714079195.6515923,3.8309419596636736
1714079195.6517053,3.9593899691546404
1714079195.651818,4.086670169123897
1714079195.651931,4.209279572522198
1714079195.6520438,4.320211763735171
1714079195.6521568,4.428808777420609
1714079195.6522698,4.524560769399007
1714079195.6523826,4.616809774328161
1714079195.6524956,4.700884554121229
1714079195.6526084,4.7814567883809405
1714079195.6527214,4.85735778455381
1714079195.6528342,4.9274201746340145
1714079195.6529472,4.99865037423593
1714079195.65306,5.061706790217647
1714079195.653173,5.118924600106698
1714079195.6532857,5.172638981430619
1714079195.6533988,5.214676592085096
1714079195.6535118,5.254378583696153
1714079195.6536245,5.2870746012087215
1714079195.6537375,5.313932012628626
1714079195.6538503,5.338453805005108
1714079195.6539633,5.36063997833817
1714079195.654076,5.379323606137876
1714079195.654189,5.395671614894161
1714079195.654302,5.4050132080360695
1714079195.654415,5.4143548011779785
1714079195.654528,5.417857788227222
1714079195.6546407,5.421360775276466
1714079195.6547537,5.416689978705512
1714079195.6548665,5.408516195085313
1714079195.6549795,5.399174601943404
1714079195.6550922,5.386329580236364
1714079195.6552052,5.369982012995967
1714079195.655318,5.354801813761393
1714079195.655431,5.336118185961688
1714079195.655544,5.315099380634448
1714079195.6556568,5.2964161943506305
1714079195.6557698,5.2730622114958585
1714079195.6558826,5.250875596646909
1714079195.6559956,5.22752117227625
1714079195.6561084,5.202999379899766
1714079195.6562214,5.179645397044994
1714079195.6563342,5.1504528080975565
1714079195.6564472,5.124763206199363
1714079195.6565602,5.094402366214328
1714079195.656673,5.062874599739357
1714079195.656786,5.0360171883194536
1714079195.6568987,5.005656789850305
1714079195.6570117,4.979967187952112
1714079195.6571245,4.953109776532208
1714079195.6572375,4.926252365112305
1714079195.6573503,4.902898382257532
1714079195.6574633,4.873705793310094
1714079195.657576,4.846848381890191
1714079195.657689,4.818823160948576
1714079195.657802,4.788462762479429
1714079195.6579149,4.760437983053701
1714079195.658028,4.728909775062843
1714079195.6581407,4.70205236364294
1714079195.6582537,4.677530571266456
1714079195.6583664,4.650673159846553
1714079195.6584795,4.62731917699178
1714079195.6585922,4.605132562142831
1714079195.6587052,4.579442960244638
1714079195.6588182,4.5537533583464445
1714079195.658931,4.524560769399007
1714079195.659044,4.496535548457393
1714079195.6591568,4.465007781982422
1714079195.6592698,4.431143954948142
1714079195.6593826,4.4031191755224155
1714079195.6594956,4.370423158009847
1714079195.6596084,4.338894950018989
1714079195.6597214,4.3120379801149715
1714079195.6598344,4.279341962602403
1714079195.6599472,4.245478577084011
1714079195.6600602,4.210446940528022
1714079195.660173,4.169577139395255
1714079195.660286,4.128707338262487
1714079195.6603987,4.081999372552942
1714079195.6605117,4.03529096532751
1714079195.6606245,3.9885825581020775
1714079195.6607375,3.9383711638274015
1714079195.6608503,3.893997934129503
1714079195.6609633,3.842618730333116
1714079195.6610763,3.790072158530906
1714079195.661189,3.7386929547345193
1714079195.661302,3.681475144845468
1714079195.6614149,3.620754347907172
1714079195.6615279,3.553027135354501
1714079195.6616406,3.4829647452742964
1714079195.6617537,3.4140699439578586
1714079195.6618664,3.3370011382632785
1714079195.6619794,3.2599323325686984
1714079195.6620924,3.1828635268741183
1714079195.6622052,3.1069625307012485
1714079195.6623182,3.0205521318647595
1714079195.662431,2.938812529599225
1714079195.662544,2.847731113433838
1714079195.6626568,2.754314519740917
1714079195.6627698,2.6503885233843767
1714079195.6628826,2.5476301157916033
1714079195.6629956,2.437865513342398
1714079195.6631086,2.324597703086005
1714079195.6632214,2.2066590962586576
1714079195.6633344,2.0898882989530208
1714079195.6634471,1.9696142938401964
1714079195.6635602,1.844669492156417
1714079195.663673,1.7185568809509275
1714079195.663786,1.5877735835534554
1714079195.6638987,1.452319379206057
1714079195.6640117,1.3133620774304424
1714079195.6641247,1.1650630721339472
1714079195.6642375,1.016764066837452
1714079195.6643505,0.8637942097805164
1714079195.6644633,0.7073212552953649
1714079195.6645763,0.5496806016674748
1714079195.664689,0.3885367954218829
1714079195.664802,0.22972842885388267
1714079195.6649148,0.06975234244708661
1714079195.6650279,-0.09604348904556698
1714079195.6651406,-0.26065820345172175
1714079195.6652536,-0.42994284519442805
1714079195.6653666,-0.5992274593423914
1714079195.6654794,-0.7708470578546877
1714079195.6655924,-0.947136569906164
1714079195.6657052,-1.1222585483833596
1714079195.6658182,-1.2997155940091167
1714079195.665931,-1.4736700941015173
1714079195.666044,-1.6487921829576844
1714079195.6661568,-1.8180767695109048
1714079195.6662698,-1.987361466443097
1714079195.6663828,-2.1578135313811124
1714079195.6664956,-2.3212607260103577
1714079195.6666086,-2.487042877409193
1714079195.6667213,-2.649322704032615
1714079195.6668344,-2.8104349418922707
1714079195.6669471,-2.971547179751926
1714079195.6670601,-3.1303246815999346
1714079195.667173,-3.2809295036174633
1714079195.667286,-3.430366957629168
1714079195.667399,-3.57163217332628
1714079195.6675117,-3.708227475484212
1714079195.6676247,-3.836650318569607
1714079195.6677375,-3.962737984127468
1714079195.6678505,-4.08532354566786
1714079195.6679633,-4.198568838614005
1714079195.6680763,-4.314149309087682
1714079195.668189,-4.425060307538067
1714079195.668302,-4.526631037394205
1714079195.6684148,-4.6258665897228095
1714079195.6685278,-4.714595388483118
1714079195.6686409,-4.798653832188359
1714079195.6687536,-4.876874994348596
1714079195.6688666,-4.945756329430474
1714079195.6689794,-5.012302486984818
1714079195.6690924,-5.0671740814491555
1714079195.6692052,-5.118543571896023
1714079195.6693182,-5.16874525282118
1714079195.669431,-5.20960666515209
1714079195.669544,-5.248133782987241
1714079195.669657,-5.2796558097556785
1714079195.6697698,-5.305340113463225
1714079195.6698828,-5.329857490680835
1714079195.6699955,-5.347369335315845
1714079195.6701086,-5.359044339921739
1714079195.6702213,-5.366048989472565
1714079195.6703343,-5.3648816214667425
1714079195.670447,-5.367216798994276
1714079195.6705601,-5.360211707927562
1714079195.6706731,-5.352039248855025
1714079195.670786,-5.3438672312983755
1714079195.670899,-5.331024858686659
1714079195.6710117,-5.3170151180691185
1714079195.6711247,-5.300670199924045
1714079195.6712375,-5.280823177761501
1714079195.6713505,-5.263310891610605
1714079195.6714633,-5.238793955908881
1714079195.6715763,-5.21894649223045
1714079195.6716893,-5.19092701099537
1714079195.671802,-5.160572793748643
1714079195.671915,-5.129050766980206
1714079195.6720278,-5.098696108217593
1714079195.6721408,-5.0671740814491555
1714079195.6722536,-5.0403224097357855
1714079195.6723666,-5.011135118978994
1714079195.6724794,-4.987785551283094
1714079195.6725924,-4.959766070048014
1714079195.6727052,-4.93057922080711
1714079195.6728182,-4.900224562044497
1714079195.6729312,-4.866367799264413
1714079195.673044,-4.832510594968443
1714079195.673157,-4.797486464182535
1714079195.6732697,-4.763629259886565
1714079195.6733828,-4.730939865112305
1714079195.6734955,-4.699417838343868
1714079195.6736085,-4.67256572511461
1714079195.6737213,-4.648048789412886
1714079195.6738343,-4.621196676183629
1714079195.6739473,-4.59784710848773
1714079195.67406,-4.569827627252649
1714079195.674173,-4.541808146017569
1714079195.674286,-4.5137886647824885
1714079195.674399,-4.481099270008228
1714079195.6745117,-4.451911979251437
1714079195.6746247,-4.422725130010534
1714079195.6747375,-4.39820819430881
1714079195.6748505,-4.376025994618733
1714079195.6749635,-4.353843794928657
1714079195.6750762,-4.3328294047602895
1714079195.6751893,-4.309479395548502
1714079195.675302,-4.284962459846779
1714079195.675415,-4.260445524145055
1714079195.6755278,-4.228923497376618
1714079195.6756408,-4.198568838614005
1714079195.6757536,-4.164712075833921
1714079195.6758666,-4.129687503532127
1714079195.6759794,-4.0993332862854
1714079195.6760924,-4.070145995528609
1714079195.6762054,-4.042126514293529
1714079195.6763182,-4.011772297046803
1714079195.6764312,-3.9802502702783653
1714079195.676544,-3.9463930659823947
1714079195.676657,-3.907866389663131
1714079195.6767697,-3.864669799804687
1714079195.6768827,-3.821472768430356
1714079195.6769955,-3.771271087505199
1714079195.6771085,-3.7245719521133984
1714079195.6772215,-3.6743702711882413
1714079195.6773343,-3.6241688110210277
1714079195.6774473,-3.5751344981016935
1714079195.67756,-3.5237654491707127
1714079195.677673,-3.4642239411671953
1714079195.6777859,-3.4081847579390914
1714079195.677899,-3.3439735571543374
1714079195.6780117,-3.271589676539103
1714079195.6781247,-3.1968708391542786
1714079195.6782377,-3.1174823089882175
1714079195.6783504,-3.03692619005839
1714079195.6784635,-2.9505325688256154
1714079195.6785762,-2.865306536356608
1714079195.6786892,-2.7800805038876
1714079195.678802,-2.6890169691156456
1714079195.678915,-2.5979536551016347
1714079195.6790278,-2.49988525002091
1714079195.6791408,-2.398314520164772
1714079195.6792536,-2.2932412447752775
1714079195.6793666,-2.1823306878407793
1714079195.6794796,-2.0655826286033347
1714079195.6795924,-1.9441646558267098
1714079195.6797054,-1.8215792046652899
1714079195.6798182,-1.6978263854980467
1714079195.6799312,-1.5670685856430617
1714079195.680044,-1.4374782641728718
1714079195.680157,-1.3043855075482969
1714079195.6802697,-1.1666228373845418
1714079195.6803827,-1.0288601672207867
1714079195.6804957,-0.8829251483634666
1714079195.6806085,-0.7311527375821714
1714079195.6807215,-0.5793803268008761
1714079195.6808343,-0.420602990521325
1714079195.6809473,-0.2571557682973367
1714079195.68106,-0.09487601066077196
1714079195.681173,0.07208776142862107
1714079195.6812859,0.23439926681695158
1714079195.6813989,0.3967107722052821
1714079195.6815119,0.5660285000447873
1714079195.6816247,0.7283400054331178
1714079195.6817377,0.8953223625818888
1714079195.6818504,1.0669754611121283
1714079195.6819634,1.2327901743076466
1714079195.6820762,1.4079464806450737
1714079195.6821892,1.583102676603529
1714079195.682302,1.7570912837982176
1714079195.682415,1.9275766831857186
1714079195.682528,2.0992298920949297
1714079195.6826408,2.261541507862232
1714079195.6827538,2.4273561106787787
1714079195.6828666,2.5814935013099953
1714079195.6829796,2.7379665109846325
1714079195.6830924,2.889768724088315
1714079195.6832054,3.043906114719532
1714079195.6833181,3.1968761373449253
1714079195.6834311,3.3428395235979997
1714079195.683544,3.4946417367016824
1714079195.683657,3.633599148856269
1714079195.68377,3.7713885307312007
1714079195.6838827,3.904507336793122
1714079195.6839957,4.028284549713135
1714079195.6841085,4.145055347018771
1714079195.6842215,4.253652360704209
1714079195.6843343,4.359913755346227
1714079195.6844473,4.460336985411467
1714079195.68456,4.563094951488353
1714079195.684673,4.655343956417507
1714079195.684786,4.747592961346661
1714079195.6848989,4.8316681826556165
1714079195.6850119,4.912239975399441
1714079195.6851246,4.984637984523067
1714079195.6852376,5.046526590983072
1714079195.6853504,5.1049117688779475
1714079195.6854634,5.153955795146801
1714079195.6855762,5.201831570378056
1714079195.6856892,5.241534003505
1714079195.6858022,5.280068185594346
1714079195.685915,5.312764203106915
1714079195.686028,5.343124601576063
1714079195.6861408,5.37114938100179
1714079195.6862538,5.39450380537245
1714079195.6863666,5.408516195085313
1714079195.6864796,5.420193407270643
1714079195.6865923,5.4283671908908415
1714079195.6867054,5.427199381369131
1714079195.6868181,5.429535000412552
1714079195.6869311,5.422528584798177
1714079195.6870441,5.417857788227222
1714079195.687157,5.406180576041892
1714079195.68727,5.396838982899983
1714079195.6873827,5.385162212230541
1714079195.6874957,5.3688142034742565
1714079195.6876085,5.354801813761393
1714079195.6877215,5.333783008434154
1714079195.6878343,5.315099380634448
1714079195.6879473,5.2917453977796765
1714079195.6880603,5.269558782930727
1714079195.688173,5.245036990554244
1714079195.688286,5.218179579134341
1714079195.6883988,5.194825596279568
1714079195.6885118,5.16563300733213
1714079195.6886246,5.138775595912227
1714079195.6887376,5.113085994014034
1714079195.6888504,5.08856420163755
1714079195.6889634,5.060538980695936
1714079195.6890764,5.0360171883194536
1714079195.6891892,5.01149539594297
1714079195.6893022,4.9823023654796454
1714079195.689415,4.957780573103163
1714079195.689528,4.923917187584771
1714079195.6896408,4.895891966643156
1714079195.6897538,4.865531568174009
1714079195.6898665,4.83400336018315
1714079195.6899796,4.808313758284957
1714079195.6900926,4.78028897885923
1714079195.6902053,4.755767186482747
1714079195.6903183,4.728909775062843
1714079195.690431,4.70322017316465
1714079195.6905441,4.6763627617447465
1714079195.690657,4.648337982319019
1714079195.69077,4.621480570899116
1714079195.6908827,4.588784553386547
1714079195.6909957,4.5584241549173985
1714079195.6911085,4.529231565969962
1714079195.6912215,4.4988711675008135
1714079195.6913345,4.467342959509955
1714079195.6914473,4.4439889766551826
1714079195.6915603,4.415963755713569
1714079195.691673,4.390274153815375
1714079195.691786,4.361081564867938
1714079195.6918988,4.327218179349546
1714079195.6920118,4.294522161836977
1714079195.6921246,4.257155347753454
1714079195.6922376,4.219788975185818
1714079195.6923506,4.182422161102295
1714079195.6924634,4.140384550447817
1714079195.6925764,4.101850368358471
1714079195.6926892,4.062147935231526
1714079195.6928022,4.025949372185601
1714079195.692915,3.981576142487702
1714079195.693028,3.937203354305691
1714079195.6931407,3.8904949470802586
1714079195.6932538,3.833277137191207
1714079195.6933668,3.778394946345576
1714079195.6934795,3.7176741494072805
1714079195.6935925,3.6557855429472745
1714079195.6937053,3.591561538201791
1714079195.6938183,3.526169944692541
1714079195.693931,3.460778130425347
1714079195.694044,3.391883329108909
1714079195.694157,3.320653129506994
1714079195.69427,3.245919722097891
1714079195.6943827,3.168851137161255
1714079195.6944957,3.082440517566822
1714079195.6946087,2.993694720444856
1714079195.6947215,2.900278126751935
1714079195.6948345,2.803358325251826
1714079195.6949472,2.705270714230007
1714079195.6950603,2.601344717873467
1714079195.695173,2.4997538990444608
1714079195.695286,2.3923249156386763
1714079195.6953988,2.28022469414605
1714079195.6955118,2.1681246934113676
1714079195.6956248,2.0501860865840205
1714079195.6957376,1.928744492707429
1714079195.6958506,1.7991287840737236
1714079195.6959634,1.6683454866762513
1714079195.6960764,1.5282203753789265
1714079195.6961892,1.3904307727460508
1714079195.6963022,1.2468026743994818
1714079195.696415,1.1008390673884638
1714079195.696528,0.9537077612347072
1714079195.696641,0.8030733576527348
1714079195.6967537,0.653606653213501
1714079195.6968668,0.49713369872834945
1714079195.6969795,0.3406607442431979
1714079195.6970925,0.1771815397121288
1714079195.6972053,0.013702330869381074
1714079195.6973183,-0.15558498325171294
1714079195.697431,-0.32837206014880427
1714079195.697544,-0.4988241526815626
1714079195.697657,-0.673946186348244
1714079195.6977699,-0.8455657848605402
1714079195.697883,-1.0183528617576316
1714079195.6979957,-1.187637448310852
1714079195.6981087,-1.3592571020126343
1714079195.6982214,-1.5273742101810595
1714079195.6983345,-1.7001613422676367
1714079195.6984472,-1.868278450436062
1714079195.6985602,-2.0398981041378446
1714079195.698673,-2.213852493851273
1714079195.698786,-2.380802234013875
1714079195.698899,-2.5489193421823004
1714079195.6990118,-2.7135341255753125
1714079195.6991248,-2.872311406665378
1714079195.6992376,-3.02525140621044
1714079195.6993506,-3.1781911849975586
1714079195.6994634,-3.32412631423385
1714079195.6995764,-3.4653913091730186
1714079195.6996891,-3.6043215681005405
1714079195.6998022,-3.7374143247251155
1714079195.6999152,-3.8716744493555137
1714079195.700028,-3.997762556429262
1714079195.700141,-4.1226828539813
1714079195.7002537,-4.238263324454978
1714079195.7003667,-4.348006513383653
1714079195.7004795,-4.449577243239791
1714079195.7005925,-4.544143323545103
1714079195.7007053,-4.63520641680117
1714079195.7008183,-4.718097492500587
1714079195.7009313,-4.796318654660825
1714079195.701044,-4.871037712803593
1714079195.701157,-4.93875123836376
1714079195.7012699,-5.001795291900635
1714079195.7013829,-5.061336799904152
1714079195.7014956,-5.120878307907669
1714079195.7016087,-5.1629075297602895
1714079195.7017214,-5.2107744746738005
1714079195.7018344,-5.244631237453884
1714079195.7019472,-5.274985896216498
1714079195.7020602,-5.299502831918222
1714079195.7021732,-5.319349854080765
1714079195.702286,-5.336862140231662
1714079195.702399,-5.345034599304199
1714079195.7025118,-5.356709162394205
1714079195.7026248,-5.357876971915916
1714079195.7027376,-5.360211707927562
1714079195.7028506,-5.355541794388382
1714079195.7029634,-5.352039248855025
1714079195.7030764,-5.342699421776665
1714079195.7031894,-5.331024858686659
1714079195.7033021,-5.312345204529938
1714079195.7034152,-5.297167654390688
1714079195.703528,-5.272650718688965
1714079195.703641,-5.251636328520598
1714079195.7037537,-5.225951583297164
1714079195.7038667,-5.197932102062084
1714079195.7039795,-5.169912620827003
1714079195.7040925,-5.14422787560357
1714079195.7042055,-5.118543571896023
1714079195.7043183,-5.091691458666766
1714079195.7044313,-5.066006713443332
1714079195.704544,-5.036819864202428
1714079195.704657,-5.002962659906458
1714079195.7047698,-4.9714410746539075
1714079195.7048829,-4.937583870357937
1714079195.7049956,-4.903727107577853
1714079195.7051086,-4.86870253527606
1714079195.7052214,-4.8383483180293325
1714079195.7053344,-4.805658481739185
1714079195.7054474,-4.7799741780316385
1714079195.7055602,-4.751954696796558
1714079195.7056732,-4.728605129100658
1714079195.705786,-4.700585647865577
1714079195.705899,-4.67256572511461
1714079195.7060118,-4.642211507867883
1714079195.7061248,-4.6095221130936235
1714079195.7062376,-4.581502631858543
1714079195.7063506,-4.548813237084283
1714079195.7064636,-4.520793314333315
1714079195.7065763,-4.496276378631592
1714079195.7066894,-4.471759442929868
1714079195.7068021,-4.450744611245614
1714079195.7069151,-4.430897589083071
1714079195.707028,-4.4075480213871705
1714079195.707141,-4.38419845369127
1714079195.7072537,-4.35617897245619
1714079195.7073667,-4.324656945687753
1714079195.7074797,-4.294302286925139
1714079195.7075925,-4.2639480696784124
1714079195.7077055,-4.235928146927445
1714079195.7078183,-4.205573929680718
1714079195.7079313,-4.182224361984818
1714079195.708044,-4.156539616761384
1714079195.708157,-4.13202268105966
1714079195.7082698,-4.1040031998245805
1714079195.7083828,-4.077151086595323
1714079195.7084959,-4.037456600754349
1714079195.7086086,-4.003599837974265
1714079195.7087216,-3.961570616121645
1714079195.7088344,-3.923043498286494
1714079195.7089474,-3.882181644439697
1714079195.7090602,-3.8389850545812534
1714079195.7091732,-3.802793114273636
1714079195.709286,-3.758428714893482
1714079195.709399,-3.717567302562572
1714079195.7095118,-3.673202903182418
1714079195.7096248,-3.6241688110210277
1714079195.7097378,-3.5669622597871
1714079195.7098505,-3.510923076558996
1714079195.7099636,-3.4467116550162986
1714079195.7100763,-3.383667822237368
1714079195.7101893,-3.3136188983917236
1714079195.710302,-3.245905152073613
1714079195.7104151,-3.1770238169917353
1714079195.710528,-3.1058075251402677
1714079195.710641,-3.0334236445250333
1714079195.710754,-2.9540351143589723
1714079195.7108667,-2.872311406665378
1714079195.7109797,-2.78241546065719
1714079195.7110925,-2.6901845578794124
1714079195.7112055,-2.5897811960290977
1714079195.7113183,-2.48821046617296
1714079195.7114313,-2.3796348660080517
1714079195.711544,-2.2698916770793773
1714079195.711657,-2.158981120144879
1714079195.71177,-2.0422330609074346
1714079195.7118828,-1.9289873264454027
1714079195.7119958,-1.8040670288933647
1714079195.7121086,-1.6826490561167398
1714079195.7122216,-1.5530588450255216
1714079195.7123344,-1.4211335667857417
1714079195.7124474,-1.2833708966219866
1714079195.7125602,-1.1397708345342565
1714079195.7126732,-0.9938358156769364
1714079195.712786,-0.8420633497061553
1714079195.712899,-0.6926258956944501
1714079195.713012,-0.5408534297236689
1714079195.7131248,-0.3855785837879887
1714079195.7132378,-0.23147118864236052
1714079195.7133505,-0.07502884362582807
1714079195.7134635,0.08259714339618329
1714079195.7135763,0.24724406776604826
1714079195.7136893,0.4107232722971174
1714079195.713802,0.5800410001366226
1714079195.713915,0.7493587555708708
1714079195.7140281,0.9198442101478576
1714079195.714141,1.0961682708175093
1714079195.714254,1.267821369347749
1714079195.7143667,1.4406422773996987
1714079195.7144797,1.6076245793589838
1714079195.7145925,1.7734391821755302
1714079195.7147055,1.936918497085571
1714079195.7148182,2.101565290380407
1714079195.7149312,2.2650444949114763
1714079195.7150443,2.4285236994425454
1714079195.715157,2.594338302259092
1714079195.71527,2.756649918026394
1714079195.7153828,2.9201291225574635
1714079195.7154958,3.0777697209958674
1714079195.7156086,3.2295719340995506
1714079195.7157216,3.3755355411105685
1714079195.7158344,3.516828130792688
1714079195.7159474,3.6476115385691323
1714079195.7160604,3.780730565388997
1714079195.7161732,3.906842955836543
1714079195.7162862,4.028284549713135
1714079195.716399,4.153229572154857
1714079195.716512,4.268832559938784
1714079195.7166247,4.382100370195176
1714079195.7167377,4.4895295743589045
1714079195.7168505,4.588784553386547
1714079195.7169635,4.682201367837411
1714079195.7170763,4.765108779624656
1714079195.7171893,4.843345394840947
1714079195.7173023,4.915742962448685
1714079195.717415,4.9823023654796454
1714079195.717528,5.044190971939652
1714079195.7176409,5.106079578399658
1714079195.717754,5.159794401239465
1714079195.7178667,5.212340973041675
1714079195.7179797,5.256714202739574
1714079195.7180924,5.2964161943506305
1714079195.7182055,5.3279444023414895
1714079195.7183185,5.358304800810637
1714079195.7184312,5.380490974143699
1714079195.7185442,5.399174601943404
1714079195.718657,5.412019182134557
1714079195.71877,5.421360775276466
1714079195.7188828,5.4283671908908415
1714079195.7189958,5.431870177940086
1714079195.7191086,5.434205796983506
1714079195.7192216,5.434205796983506
1714079195.7193346,5.430702809934263
1714079195.7194474,5.4236963943198875
1714079195.7195604,5.413186991656268
1714079195.7196732,5.399174601943404
1714079195.7197862,5.3828265931871195
1714079195.719899,5.36063997833817
1714079195.720012,5.343124601576063
1714079195.7201247,5.3186028091995805
1714079195.7202377,5.2964161943506305
1714079195.7203505,5.269558782930727
1714079195.7204635,5.245036990554244
1714079195.7205765,5.218179579134341
1714079195.7206893,5.193657786757857
1714079195.7208023,5.166800375337954
1714079195.720915,5.14227858296147
1714079195.721028,5.114253803535743
1714079195.7211409,5.08739639211584
1714079195.7212539,5.058203803168403
1714079195.7213666,5.029010772705078
1714079195.7214797,4.9998181837576405
1714079195.7215927,4.968289975766782
1714079195.7217054,4.940265196341055
1714079195.7218184,4.91107216587773
1714079195.7219312,4.887718183022958
1714079195.7220442,4.8585255940755205
1714079195.722157,4.836338979226571
1714079195.72227,4.8129849963717986
1714079195.7223828,4.784959775430185
1714079195.7224958,4.755767186482747
1714079195.7226088,4.727741965541133
1714079195.7227216,4.698549376593696
1714079195.7228346,4.663518181553593
1714079195.7229474,4.6378285796554
1714079195.7230604,4.605132562142831
1714079195.7231731,4.5852815663373026
1714079195.7232862,4.554921167868155
1714079195.723399,4.532734553019205
1714079195.723512,4.503541964071768
1714079195.723625,4.480187981216996
1714079195.7237377,4.4486597732261375
1714079195.7238507,4.418299374756989
1714079195.7239635,4.384435547722711
1714079195.7240765,4.349404352682608
1714079195.7241893,4.3167087766859265
1714079195.7243023,4.282844949651647
1714079195.724415,4.245478577084011
1714079195.724528,4.217453356142397
1714079195.7246408,4.181254351580584
1714079195.7247539,4.143887537497061
1714079195.7248669,4.107688974451135
1714079195.7249796,4.065651363796658
1714079195.7250926,4.018942956571226
1714079195.7252054,3.9698993718182596
1714079195.7253184,3.918520168021873
1714079195.7254312,3.8624701676545317
1714079195.7255442,3.811090963858145
1714079195.725657,3.7550409634908037
1714079195.72577,3.7024939501727068
1714079195.725883,3.6406053437127004
1714079195.7259958,3.582219945059882
1714079195.7261088,3.5191635290781655
1714079195.7262216,3.451436537283438
1714079195.7263346,3.3790385281598123
1714079195.7264473,3.3019697224652322
1714079195.7265604,3.2237333280068854
1714079195.7266731,3.138490517934163
1714079195.7267861,3.0544155173831515
1714079195.7268991,2.965669720261185
1714079195.727012,2.8757561136175083
1714079195.727125,2.7835071086883545
1714079195.7272377,2.6889227054737233
1714079195.7273507,2.5849967091171826
1714079195.7274635,2.4810707127606424
1714079195.7275765,2.36897071202596
1714079195.7276893,2.2557029017695673
1714079195.7278023,2.131925688849555
1714079195.727915,2.009316285451253
1714079195.728028,1.8797006871965196
1714079195.728141,1.7477496906563086
1714079195.7282538,1.615798583737126
1714079195.7283669,1.4780089811042503
1714079195.7284796,1.341387077614113
1714079195.7285926,1.1965911697458338
1714079195.7287054,1.052962961020293
1714079195.7288184,0.9011609134850678
1714079195.7289312,0.7481910564281322
1714079195.7290442,0.5905504028002421
1714079195.7291572,0.4294065965546502
1714079195.72927,0.26359196614336083
1714079195.729383,0.10011276851097742
1714079195.7294958,-0.06685648113489151
1714079195.7296088,-0.23730860816107854
1714079195.7297215,-0.4007558303850668
1714079195.7298346,-0.5700404445330302
1714079195.7299473,-0.7369901295061464
1714079195.7300603,-0.9086097280184428
1714079195.7301733,-1.079061848145944
1714079195.7302861,-1.2518488698535495
1714079195.7303991,-1.4246360019401267
1714079195.730512,-1.598590502032527
1714079195.730625,-1.7748800692734894
1714079195.7307377,-1.9453322445904766
1714079195.7308507,-2.119286634303905
1714079195.7309635,-2.285069006460684
1714079195.7310765,-2.4473486123261625
1714079195.7311895,-2.606125893416228
1714079195.7313023,-2.7672381312758834
1714079195.7314153,-2.920178130820945
1714079195.731528,-3.0731181303660073
1714079195.731641,-3.2295604546864825
1714079195.7317538,-3.375495363164831
1714079195.7318668,-3.522597860406946
1714079195.7319796,-3.662695487340291
1714079195.7320926,-3.8004583782619896
1714079195.7322054,-3.9277134118256742
1714079195.7323184,-4.049131605360243
1714079195.7324314,-4.169381989373101
1714079195.7325442,-4.277957810295953
1714079195.7326572,-4.38419845369127
1714079195.73277,-4.483434006019874
1714079195.732883,-4.583837367870189
1714079195.7329957,-4.674900902642144
1714079195.7331088,-4.762461891880742
1714079195.7332215,-4.841850422046802
1714079195.7333345,-4.917736848195394
1714079195.7334476,-4.986618183277271
1714079195.7335603,-5.0461596912807885
1714079195.7336733,-5.103366021756773
1714079195.733786,-5.148897789142749
1714079195.733899,-5.194429556528727
1714079195.734012,-5.230621496836344
1714079195.734125,-5.263310891610605
1714079195.7342377,-5.290163004839862
1714079195.7343507,-5.313512572535762
1714079195.7344637,-5.332192226692482
1714079195.7345765,-5.345034599304199
1714079195.7346895,-5.355541794388382
1714079195.7348022,-5.360211707927562
1714079195.7349153,-5.363714253460919
1714079195.735028,-5.359044339921739
1714079195.735141,-5.355541794388382
1714079195.7352538,-5.342699421776665
1714079195.7353668,-5.331024858686659
1714079195.7354796,-5.315847750063296
1714079195.7355926,-5.299502831918222
1714079195.7357056,-5.2796558097556785
1714079195.7358184,-5.259808346077247
1714079195.7359314,-5.241128691920528
1714079195.7360442,-5.221281669757984
1714079195.7361572,-5.199099470067907
1714079195.73627,-5.174582534366183
1714079195.736383,-5.147730421136926
1714079195.7364957,-5.116208394368489
1714079195.7366087,-5.089356281139232
1714079195.7367218,-5.054332150353326
1714079195.7368345,-5.020474946057354
1714079195.7369475,-4.986618183277271
1714079195.7370603,-4.953928788503011
1714079195.7371733,-4.927076675273754
1714079195.737286,-4.895554648505317
1714079195.737399,-4.867535167270236
1714079195.7375119,-4.837180508507623
1714079195.737625,-4.810328395278365
1714079195.737738,-4.775304264492458
1714079195.7378507,-4.746117415251555
1714079195.7379637,-4.712260210955584
1714079195.7380764,-4.677236080169678
1714079195.7381895,-4.6468814214070635
1714079195.7383022,-4.614192026632804
1714079195.7384152,-4.590842458936903
1714079195.738528,-4.566325081719293
1714079195.738641,-4.548813237084283
1714079195.7387538,-4.524295859866672
1714079195.7388668,-4.499778924164948
1714079195.7389798,-4.475261988463225
1714079195.7390926,-4.446074697706434
1714079195.7392056,-4.416887848465531
1714079195.7393184,-4.385365821697094
1714079195.7394314,-4.35617897245619
1714079195.7395442,-4.329326859226933
1714079195.7396572,-4.304809482009322
1714079195.73977,-4.284962459846779
1714079195.739883,-4.261612892150879
1714079195.739996,-4.239430692460801
1714079195.7401087,-4.217248492770724
1714079195.7402217,-4.185726907518174
1714079195.7403345,-4.155372248755561
1714079195.7404475,-4.121515485975477
1714079195.7405603,-4.08532354566786
1714079195.7406733,-4.049131605360243
1714079195.740786,-4.012939665052626
1714079195.740899,-3.9802502702783653
1714079195.741012,-3.9463930659823947
1714079195.7411249,-3.9137036712081343
1714079195.7412379,-3.876344362894694
1714079195.7413507,-3.83781768657543
1714079195.7414637,-3.796955832728633
1714079195.7415764,-3.747921519809299
1714079195.7416894,-3.696552470878318
1714079195.7418022,-3.6428484651777477
1714079195.7419152,-3.5868092819496433
1714079195.7420282,-3.530770319479483
1714079195.742141,-3.4700612227121987
1714079195.742254,-3.411687303472448
1714079195.7423668,-3.3544807522385205
1714079195.7424798,-3.2891019626899998
1714079195.7425926,-3.2225555843777123
1714079195.7427056,-3.151339292526245
1714079195.7428184,-3.0766204551414207
1714079195.7429314,-2.993729379442003
1714079195.7430441,-2.9073357582092285
1714079195.7431571,-2.8209423577343973
1714079195.7432702,-2.727543866192853
1714079195.743383,-2.635312963415075
1714079195.743496,-2.5372445583343506
1714079195.7436087,-2.4426786987869824
1714079195.7437217,-2.338773012161255
1714079195.7438345,-2.234867325535527
1714079195.7439475,-2.122789179837262
1714079195.7440603,-2.011878622902764
1714079195.7441733,-1.8869581045927823
1714079195.7442863,-1.7643727638103344
1714079195.744399,-1.6371173991097343
1714079195.744512,-1.4993547289459792
1714079195.7446249,-1.3650944939366092
1714079195.7447379,-1.226164345388059
1714079195.7448506,-1.083731761685124
1714079195.7449636,-0.943634134751779
1714079195.7450764,-0.7953641591248688
1714079195.7451894,-0.6494291402675487
1714079195.7453024,-0.4988241526815626
1714079195.7454152,-0.3423818283610873
1714079195.7455282,-0.18243702749411264
1714079195.745641,-0.020157275031562203
1714079195.745754,0.146821113648238
1714079195.7458668,0.3161388690824862
1714079195.7459798,0.4854565969219914
1714079195.7460926,0.6501035557852851
1714079195.7462056,0.8205890103622718
1714079195.7463183,0.9875713675110428
1714079195.7464314,1.1522182711848505
1714079195.7465444,1.318032874001397
1714079195.7466571,1.4838474768179433
1714079195.7467701,1.6519975882989388
1714079195.746883,1.821315288543701
1714079195.746996,1.9882977008819578
1714079195.7471087,2.1599506890332254
1714079195.7472217,2.3257655126077155
1714079195.7473345,2.4892447171387846
1714079195.7474475,2.646885315577189
1714079195.7475605,2.801022926966349
1714079195.7476733,2.9528249193120883
1714079195.7477863,3.097620716801396
1714079195.747899,3.2389135272414595
1714079195.748012,3.38137392644529
1714079195.7481248,3.5226667368853533
1714079195.7482378,3.6592887507544622
1714079195.7483506,3.7935751455801503
1714079195.7484636,3.9290295706854925
1714079195.7485766,4.052806342089617
1714079195.7486894,4.173080567960386
1714079195.7488024,4.288683555744312
1714079195.7489152,4.389106344293665
1714079195.7490282,4.4895295743589045
1714079195.749141,4.584113756815592
1714079195.749254,4.670524155652081
1714079195.7493668,4.759270173531991
1714079195.7494798,4.839841966275816
1714079195.7495928,4.916910771970396
1714079195.7497056,4.991644400137441
1714079195.7498186,5.058203803168403
1714079195.7499313,5.121259777634232
1714079195.7500443,5.170303803903085
1714079195.750157,5.21701176961263
1714079195.7502701,5.257881570745397
1714079195.750383,5.288242410730432
1714079195.750496,5.319770177205403
1714079195.7506087,5.347795398147017
1714079195.7507217,5.367646393952546
1714079195.7508347,5.389833008801495
1714079195.7509475,5.4050132080360695
1714079195.7510605,5.4143548011779785
1714079195.7511733,5.4236963943198875
1714079195.7512863,5.4236963943198875
1714079195.751399,5.424864203841597
1714079195.751512,5.4190255977489326
1714079195.7516248,5.412019182134557
1714079195.7517378,5.403845398514359
1714079195.7518508,5.3874973897580745
1714079195.7519636,5.373485000045211
1714079195.7520766,5.359472610332348
1714079195.7521894,5.339621173010932
1714079195.7523024,5.3232736057705345
1714079195.7524152,5.3057577874925395
1714079195.7525282,5.28357117264359
1714079195.752641,5.263720176838062
1714079195.752754,5.238030574939868
1714079195.752867,5.213508782563386
1714079195.7529798,5.187819180665192
1714079195.7530928,5.160961769245288
1714079195.7532055,5.130601370776141
1714079195.7533185,5.102576591350414
1714079195.7534313,5.072216192881266
1714079195.7535443,5.044190971939652
1714079195.753657,5.0185013700414585
1714079195.75377,4.992811768143265
1714079195.753883,4.967122166245072
1714079195.753996,4.939097386819345
1714079195.754109,4.9134077849211515
1714079195.7542217,4.885382563979537
1714079195.7543347,4.8561899750321
1714079195.7544475,4.8269973860846624
1714079195.7545605,4.795469178093804
1714079195.7546732,4.765108779624656
1714079195.7547863,4.738251368204752
1714079195.754899,4.710226588779025
1714079195.755012,4.686872164408365
1714079195.755125,4.661182562510172
1714079195.7552378,4.6378285796554
1714079195.7553508,4.610971168235496
1714079195.7554636,4.581778579288058
1714079195.7555766,4.5584241549173985
1714079195.7556894,4.525728578920718
1714079195.7558024,4.493032561408149
1714079195.7559152,4.4626721629390005
1714079195.7560282,4.431143954948142
1714079195.7561412,4.400783556478995
1714079195.756254,4.375093954580802
1714079195.756367,4.345901365633364
1714079195.7564797,4.317876144691749
1714079195.7565928,4.284012759173358
1714079195.7567055,4.2524845511825
1714079195.7568185,4.215118178614864
1714079195.7569313,4.17775136453134
1714079195.7570443,4.136881563398573
1714079195.7571573,4.091340965694851
1714079195.75727,4.051638974083795
1714079195.757383,4.0072657443858954
1714079195.7574959,3.964060765725595
1714079195.757609,3.918520168021873
1714079195.7577217,3.8706439512747304
1714079195.7578347,3.8227677345275874
1714079195.7579474,3.7667177341602462
1714079195.7580605,3.709499924271195
1714079195.7581732,3.6476115385691323
1714079195.7582862,3.5775491484889277
1714079195.7583992,3.5121573342217336
1714079195.758512,3.436256338048864
1714079195.758625,3.3661937272107156
1714079195.7587378,3.2914605405595565
1714079195.7588508,3.2143917348649764
1714079195.7589636,3.1349875308849193
1714079195.7590766,3.049744720812197
1714079195.7591894,2.965669720261185
1714079195.7593024,2.872253126568264
1714079195.7594154,2.7729979267826783
1714079195.7595282,2.671407107953672
1714079195.7596412,2.5651457133116544
1714079195.759754,2.456548699626216
1714079195.759867,2.345616508413244
1714079195.7599797,2.2265100920641863
1714079195.7600927,2.1097392947585494
1714079195.7602055,1.9871298913602475
1714079195.7603185,1.865688297483656
1714079195.7604315,1.7384079871354279
1714079195.7605443,1.6029537827880294
1714079195.7606573,1.466331879297892
1714079195.76077,1.3227036705723514
1714079195.760883,1.1767401739403054
1714079195.7609959,1.0272734695010715
1714079195.7611089,0.8731358581119113
1714079195.7612216,0.7154952044840212
1714079195.7613347,0.5601899491416084
1714079195.7614474,0.4013815963709796
1714079195.7615604,0.24374094274308944
1714079195.7616735,0.08142943045607319
1714079195.7617862,-0.08086624934717461
1714079195.7618992,-0.24664843523943863
1714079195.762012,-0.41710055536693996
1714079195.762125,-0.5887201538792363
1714079195.7622378,-0.7661771443155077
1714079195.7623508,-0.943634134751779
1714079195.7624636,-1.1199235916137695
1714079195.7625766,-1.2950456804699366
1714079195.7626896,-1.4713351373319272
1714079195.7628024,-1.6429547910337094
1714079195.7629154,-1.8134068559717247
1714079195.7630281,-1.982691552903917
1714079195.7631412,-2.154311206605699
1714079195.763254,-2.3200933580045344
1714079195.763367,-2.487042877409193
1714079195.7634797,-2.6563275743413852
1714079195.7635927,-2.816272444195217
1714079195.7637057,-2.979719638824463
1714079195.7638185,-3.133827006375348
1714079195.7639315,-3.287934373926233
1714079195.7640443,-3.431534546392935
1714079195.7641573,-3.5704645845625134
1714079195.76427,-3.702389973181265
1714079195.764383,-3.836650318569607
1714079195.7644958,-3.958068070588288
1714079195.7646089,-4.08065363212868
1714079195.7647216,-4.200904016141538
1714079195.7648346,-4.3118145730760356
1714079195.7649477,-4.420390393998887
1714079195.7650604,-4.526631037394205
1714079195.7651734,-4.6200293081778065
1714079195.7652862,-4.708757665422227
1714079195.7653992,-4.790481373115822
1714079195.765512,-4.866367799264413
1714079195.765625,-4.936416502352114
1714079195.7657378,-4.999460555888988
1714079195.7658508,-5.059002063892505
1714079195.7659638,-5.111538480829309
1714079195.7660766,-5.161740161754467
1714079195.7661896,-5.208439297146267
1714079195.7663023,-5.245798605459707
1714079195.7664154,-5.280823177761501
1714079195.7665281,-5.312345204529938
1714079195.7666411,-5.3333595946983055
1714079195.766754,-5.353207058376736
1714079195.766867,-5.366048989472565
1714079195.76698,-5.373054080539279
1714079195.7670927,-5.376556626072636
1714079195.7672057,-5.375388816550926
1714079195.7673185,-5.371886712533456
1714079195.7674315,-5.3648816214667425
1714079195.7675443,-5.352039248855025
1714079195.7676573,-5.342699421776665
1714079195.76777,-5.326354945147479
1714079195.767883,-5.307675290990758
1714079195.767996,-5.292497740851508
1714079195.7681088,-5.269148173155608
1714079195.7682219,-5.245798605459707
1714079195.7683346,-5.217779124224627
1714079195.7684476,-5.18625709745619
1714079195.7685604,-5.160572793748643
1714079195.7686734,-5.1255482214468495
1714079195.7687862,-5.097528740211769
1714079195.7688992,-5.0671740814491555
1714079195.769012,-5.036819864202428
1714079195.769125,-5.009967750973171
1714079195.769238,-4.9819482697380915
1714079195.7693508,-4.953928788503011
1714079195.7694638,-4.92474149774622
1714079195.7695765,-4.8920521029719595
1714079195.7696896,-4.8593627081976996
1714079195.7698023,-4.825505945417616
1714079195.7699153,-4.791648741121645
1714079195.770028,-4.7589593463473845
1714079195.7701411,-4.728605129100658
1714079195.7702541,-4.702920383877224
1714079195.770367,-4.676068270647967
1714079195.77048,-4.6527187029520665
1714079195.7705927,-4.628201767250343
1714079195.7707057,-4.600182286015263
1714079195.7708185,-4.574497540791829
1714079195.7709315,-4.542975514023392
1714079195.7710443,-4.511453487254955
1714079195.7711573,-4.483434006019874
1714079195.7712703,-4.453079788773148
1714079195.771383,-4.426227675543891
1714079195.771496,-4.404045475853814
1714079195.7716088,-4.381863276163736
1714079195.7717218,-4.362016254001193
1714079195.7718346,-4.338666686305293
1714079195.7719476,-4.312981941081859
1714079195.7720604,-4.288465005380136
1714079195.7721734,-4.258110346617522
1714079195.7722862,-4.227756129370795
1714079195.7723992,-4.1950667345965345
1714079195.7725122,-4.161209530300564
1714079195.772625,-4.134357417071307
1714079195.772738,-4.1040031998245805
1714079195.7728508,-4.079485822606969
1714079195.7729638,-4.051466341371889
1714079195.7730765,-4.019944314603452
1714079195.7731895,-3.9884227293509023
1714079195.7733023,-3.9487282435099282
1714079195.7734153,-3.9113689351964878
1714079195.7735283,-3.8658371678105103
1714079195.773641,-3.81913803241871
1714079195.7737541,-3.774773633038556
1714079195.773867,-3.7269071296409324
1714079195.77398,-3.6813751414970115
1714079195.7740927,-3.6335086380993875
1714079195.7742057,-3.5844743251800533
1714079195.7743185,-3.531937687485306
1714079195.7744315,-3.474731136251379
1714079195.7745445,-3.412854892236215
1714079195.7746572,-3.3463085139239275
1714079195.7747703,-3.27275726530287
1714079195.774883,-3.201540973451402
1714079195.774996,-3.1221522225273977
1714079195.7751088,-3.0427634716033936
1714079195.7752218,-2.9610399846677424
1714079195.7753346,-2.879316276974148
1714079195.7754476,-2.7940902445051403
1714079195.7755606,-2.7065292552665428
1714079195.7756734,-2.610795806955408
1714079195.7757864,-2.51389499063845
1714079195.7758992,-2.4088217152489553
1714079195.7760122,-2.3025810718536377
1714079195.776125,-2.1870006013799594
1714079195.776238,-2.070252542142515
1714079195.7763507,-1.9500021581296567
1714079195.7764637,-1.825081639819675
1714079195.7765765,-1.7013288206524317
1714079195.7766895,-1.5729059775670369
1714079195.7768025,-1.442148177712052
1714079195.7769153,-1.307887942702682
1714079195.7770283,-1.173627707693312
1714079195.777141,-1.0323626023751717
1714079195.777254,-0.8875950619026466
1714079195.7773669,-0.7358226511213514
1714079195.77748,-0.5852177187248512
1714079195.7775927,-0.42410542567571
1714079195.7777057,-0.2653281169909018
1714079195.7778187,-0.10655080830609356
1714079195.7779315,0.05340442337371685
1714079195.7780445,0.21454821582193725
1714079195.7781572,0.37569199447278623
1714079195.7782702,0.5391711990038554
1714079195.778383,0.7038181578671491
1714079195.778496,0.8696327606836954
1714079195.7786088,1.0366150626429804
1714079195.7787218,1.2094359706949305
1714079195.7788348,1.383424577889619
1714079195.7789476,1.5574131850843076
1714079195.7790606,1.729066283614547
1714079195.7791734,1.8948808864310935
1714079195.7792864,2.0641986970548274
1714079195.7793992,2.224174693778709
1714079195.7795122,2.3829831017388234
1714079195.779625,2.5429593192206488
1714079195.779738,2.6994321081373425
1714079195.7798507,2.85590511781198
1714079195.7799637,3.011210317964907
1714079195.7800767,3.1641801198323565
1714079195.7801895,3.3159823329360396
1714079195.7803025,3.4631135287108243
1714079195.7804153,3.603238750387121
1714079195.7805283,3.73986076425623
1714079195.780641,3.865973154703776
1714079195.780754,3.9862469390586566
1714079195.7808669,4.104185545886004
1714079195.7809799,4.213950369093153
1714079195.781093,4.324882560306125
1714079195.7812057,4.428808777420609
1714079195.7813187,4.530399375491672
1714079195.7814314,4.628486986513491
1714079195.7815444,4.717232562877514
1714079195.7816572,4.804810771235713
1714079195.7817702,4.881879576930293
1714079195.781883,4.950774599004674
1714079195.781996,5.014998382992214
1714079195.782109,5.071048383359556
1714079195.7822218,5.125930574205186
1714079195.7823348,5.172638981430619
1714079195.7824476,5.218179579134341
1714079195.7825606,5.260217189788818
1714079195.7826734,5.2964161943506305
1714079195.7827864,5.331447389390733
1714079195.7828991,5.359472610332348
1714079195.7830122,5.379323606137876
1714079195.7831252,5.399174601943404
1714079195.783238,5.410851814128734
1714079195.783351,5.417857788227222
1714079195.7834637,5.420193407270643
1714079195.7835767,5.4190255977489326
1714079195.7836895,5.420193407270643
1714079195.7838025,5.413186991656268
1714079195.7839153,5.406180576041892
1714079195.7840283,5.395671614894161
1714079195.784141,5.385162212230541
1714079195.784254,5.3688142034742565
1714079195.784367,5.357136991288926
1714079195.7844799,5.333783008434154
1714079195.7845929,5.316267190156159
1714079195.7847056,5.2917453977796765
1714079195.7848186,5.270726592452437
1714079195.7849314,5.245036990554244
1714079195.7850444,5.213508782563386
1714079195.7851572,5.190154799708614
1714079195.7852702,5.162129578766999
1714079195.7853832,5.135272167347095
1714079195.785496,5.110750374970612
1714079195.785609,5.081557786023175
1714079195.7857218,5.058203803168403
1714079195.7858348,5.030178582226788
1714079195.7859476,5.003321170806885
1714079195.7860606,4.974128581859447
1714079195.7861733,4.947271170439543
1714079195.7862864,4.9180785814921055
1714079195.7863994,4.888885992544668
1714079195.7865121,4.859692962081343
1714079195.7866251,4.832835992177327
1714079195.786738,4.807146390279134
1714079195.786851,4.784959775430185
1714079195.7869637,4.759270173531991
1714079195.7870767,4.734748381155509
1714079195.7871895,4.712561766306559
1714079195.7873025,4.682201367837411
1714079195.7874153,4.653008778889974
1714079195.7875283,4.623816189942536
1714079195.7876413,4.5946231594792115
1714079195.787754,4.564262761010064
1714079195.787867,4.530399375491672
1714079195.7879798,4.507044951121012
1714079195.7880929,4.479020171695285
1714079195.7882056,4.455665747324625
1714079195.7883186,4.427640967898898
1714079195.7884314,4.398448378951461
1714079195.7885444,4.370423158009847
1714079195.7886574,4.335391962969744
1714079195.7887702,4.300360767929642
1714079195.7888832,4.2618261443244085
1714079195.788996,4.224459771756773
1714079195.789109,4.18942857671667
1714079195.7892218,4.148558775583902
1714079195.7893348,4.115862758071334
1714079195.7894475,4.076160766460277
1714079195.7895606,4.03529096532751
1714079195.7896736,3.9967563417222762
1714079195.7897863,3.9477127569693105
1714079195.7898993,3.8986687307004573
1714079195.7900121,3.844954349376537
1714079195.7901251,3.786568729965775
1714079195.790238,3.7293513615926104
1714079195.790351,3.6674625343746605
1714079195.7904637,3.606741737436365
1714079195.7905767,3.544853130976359
1714079195.7906895,3.4817969357525858
1714079195.7908025,3.4175729310071024
1714079195.7909155,3.3451751426414207
1714079195.7910283,3.2704417352323176
1714079195.7911413,3.1910375312522605
1714079195.791254,3.1057947211795383
1714079195.791367,3.019384322343049
1714079195.7914798,2.9236323303646508
1714079195.7915928,2.831383325435497
1714079195.7917056,2.7344635239353883
1714079195.7918186,2.6340405146280923
1714079195.7919316,2.532449916557029
1714079195.7920444,2.423852902871591
1714079195.7921574,2.316423698707863
1714079195.7922702,2.200820490165993
1714079195.7923832,2.0793788962894015
1714079195.792496,1.9567694928910997
1714079195.792609,1.824818385971917
1714079195.7927217,1.6928673894317061
1714079195.7928348,1.5527422781343811
1714079195.7929478,1.410281878930551
1714079195.7930605,1.2701567676332262
1714079195.7931736,1.1230255718584412
1714079195.7932863,0.9805650622756392
1714079195.7933993,0.8299306586936668
1714079195.793512,0.6769608568262171
1714079195.793625,0.5216556014838042
1714079195.793738,0.3628472211184325
1714079195.793851,0.2028711278129507
1714079195.793964,0.03705650430034708
1714079195.7940767,-0.13106789577890324
1714079195.7941897,-0.30152000210903307
1714079195.7943025,-0.47080461625699643
1714079195.7944155,-0.6400892579997027
1714079195.7945282,-0.808206421357614
1714079195.7946413,-0.9798259646804244
1714079195.794754,-1.1479431832278215
1714079195.794867,-1.3148928130114519
1714079195.7949798,-1.485344988328439
1714079195.7950928,-1.6511271397272744
1714079195.7952058,-1.82391416143488
1714079195.7953186,-1.9943663367518671
1714079195.7954316,-2.1671533584594727
1714079195.7955444,-2.335270466627898
1714079195.7956574,-2.5045551635600902
1714079195.7957702,-2.664500033413922
1714079195.7958832,-2.8232773145039873
1714079195.795996,-2.9750497252852828
1714079195.796109,-3.129157092836168
1714079195.796222,-3.27742717884205
1714079195.7963347,-3.421027130550808
1714079195.7964478,-3.56462730301751
1714079195.7965605,-3.7035573411870883
1714079195.7966735,-3.841320232108787
1714079195.7967863,-3.970910443200005
1714079195.7968993,-4.0993332862854
1714079195.797012,-4.214913756759078
1714079195.797125,-4.324656945687753
1714079195.797238,-4.432064957088894
1714079195.797351,-4.532468318939209
1714079195.797464,-4.624699221716987
1714079195.7975767,-4.708757665422227
1714079195.7976897,-4.792816550643355
1714079195.7978024,-4.86870253527606
1714079195.7979155,-4.942253783897117
1714079195.7980282,-5.006465205439815
1714079195.7981412,-5.0671740814491555
1714079195.798254,-5.122045675913492
1714079195.798367,-5.16757744329947
1714079195.79848,-5.2107744746738005
1714079195.7985928,-5.245798605459707
1714079195.7987058,-5.276153264222321
1714079195.7988186,-5.298335463912398
1714079195.7989316,-5.320517663602476
1714079195.7990444,-5.338029508237486
1714079195.7991574,-5.348537144837556
1714079195.7992702,-5.356709162394205
1714079195.7993832,-5.361379075933385
1714079195.7994962,-5.3648816214667425
1714079195.799609,-5.361379075933385
1714079195.799722,-5.357876971915916
1714079195.7998347,-5.349704512843379
1714079195.7999477,-5.335694772225839
1714079195.8000605,-5.319349854080765
1714079195.8001735,-5.299502831918222
1714079195.8002863,-5.278488000233968
1714079195.8003993,-5.255138432538067
1714079195.8005123,-5.23295623284799
1714079195.800625,-5.204936751612911
1714079195.800738,-5.180419815911187
1714079195.8008509,-5.157070248215287
1714079195.8009639,-5.1313855029918525
1714079195.8010767,-5.103366021756773
1714079195.8011897,-5.074179172515869
1714079195.8013024,-5.044992323274966
1714079195.8014154,-5.007632573445638
1714079195.8015285,-4.977278356198911
1714079195.8016412,-4.941086415891294
1714079195.8017542,-4.908397021117033
1714079195.801867,-4.87337244881524
1714079195.80198,-4.843018231568513
1714079195.8020928,-4.816166118339256
1714079195.8022058,-4.788146637104175
1714079195.8023186,-4.763629259886565
1714079195.8024316,-4.733275042639838
1714079195.8025444,-4.702920383877224
1714079195.8026574,-4.67256572511461
1714079195.8027704,-4.63987633034035
1714079195.8028831,-4.6083547450878
1714079195.8029962,-4.578000086325186
1714079195.803109,-4.548813237084283
1714079195.803222,-4.524295859866672
1714079195.8033347,-4.504448837704128
1714079195.8034477,-4.481099270008228
1714079195.8035605,-4.458917070318151
1714079195.8036735,-4.4344001346164275
1714079195.8037865,-4.415720480459708
1714079195.8038993,-4.38419845369127
1714079195.8040123,-4.357346340462013
1714079195.804125,-4.330494227232756
1714079195.804238,-4.296637464452672
1714079195.8043509,-4.272120087235062
1714079195.8044639,-4.2429332379941584
1714079195.8045766,-4.2219184063099044
1714079195.8046896,-4.198568838614005
1714079195.8048027,-4.175219270918104
1714079195.8049154,-4.149534967210557
1714079195.8050284,-4.11801294044212
1714079195.8051412,-4.081821000134503
1714079195.8052542,-4.046796427832709
1714079195.805367,-4.007102383507623
1714079195.80548,-3.969742633678295
1714079195.8055928,-3.9277134118256742
1714079195.8057058,-3.8891867355064105
1714079195.8058186,-3.850660059187147
1714079195.8059316,-3.810965573346173
1714079195.8060446,-3.7724388970269094
1714079195.8061574,-3.7269071296409324
1714079195.8062704,-3.680207773491188
1714079195.8063831,-3.6265037677906173
1714079195.8064961,-3.57163217332628
1714079195.806609,-3.512090665322763
1714079195.806722,-3.4467116550162986
1714079195.8068347,-3.3825002334736007
1714079195.8069477,-3.3182888119309033
1714079195.8070607,-3.250575065612793
1714079195.8071735,-3.1816937305309154
1714079195.8072865,-3.1139797634548607
1714079195.8073993,-3.03692619005839
1714079195.8075123,-2.9563700711285623
1714079195.807625,-2.874646363434968
1714079195.807738,-2.78241546065719
1714079195.8078508,-2.6878496011098223
1714079195.8079638,-2.5909487847928645
1714079195.8080769,-2.48821046617296
1714079195.8081896,-2.385472147553055
1714079195.8083026,-2.2757289586243803
1714079195.8084154,-2.1683209472232394
1714079195.8085284,-2.0550752127612077
1714079195.8086412,-1.9394947422875297
1714079195.8087542,-1.8192442478956998
1714079195.808867,-1.6954914287284568
1714079195.80898,-1.5659011072582667
1714079195.809093,-1.4293059154793066
1714079195.8092058,-1.2892082885459617
1714079195.8093188,-1.1432732696886414
1714079195.8094316,-0.9985057292161164
1714079195.8095446,-0.8455657848605402
1714079195.8096573,-0.69496085246404
1714079195.8097703,-0.5420209081084639
1714079195.809883,-0.3879135405575787
1714079195.8099961,-0.23263866702715555
1714079195.810109,-0.07502884362582807
1714079195.810222,0.08376484943760765
1714079195.810335,0.24957946605152553
1714079195.8104477,0.41772952234303506
1714079195.8105607,0.5893827036575034
1714079195.8106735,0.757532704759527
1714079195.8107865,0.9326890662864402
1714079195.8108993,1.103174465673941
1714079195.8110123,1.2748276745831524
1714079195.811125,1.4383068791142215
1714079195.811238,1.606456880216245
1714079195.811351,1.7722714830327917
1714079195.8114638,1.9334152892783836
1714079195.8115768,2.0992298920949297
1714079195.8116896,2.262709096625999
1714079195.8118026,2.4285236994425454
1714079195.8119154,2.593170713495325
1714079195.8120284,2.756649918026394
1714079195.8121412,2.9142905164647983
1714079195.8122542,3.0684281278539585
1714079195.8123672,3.215559323628743
1714079195.81248,3.361522930639761
1714079195.812593,3.5004803427943476
1714079195.8127058,3.6347667376200357
1714079195.8128188,3.767885543681957
1714079195.8129315,3.8963335531729237
1714079195.8130445,4.025949372185601
1714079195.8131573,4.148558775583902
1714079195.8132703,4.2711681789822045
1714079195.813383,4.384435547722711
1714079195.813496,4.493032561408149
1714079195.8136091,4.593455791473389
1714079195.813722,4.684536986880832
1714079195.813835,4.7686117666739
1714079195.8139477,4.84568057236848
1714079195.8140607,4.92158156854135
1714079195.8141735,4.989308781094021
1714079195.8142865,5.055868184124981
1714079195.8143992,5.114253803535743
1714079195.8145123,5.170303803903085
1714079195.8146253,5.220515198177761
1714079195.814738,5.264887986359772
1714079195.814851,5.303422609965006
1714079195.8149638,5.333783008434154
1714079195.8150768,5.359472610332348
1714079195.8151896,5.376987987094455
1714079195.8153026,5.395671614894161
1714079195.8154154,5.407348385563603
1714079195.8155284,5.4190255977489326
1714079195.8156414,5.4236963943198875
1714079195.8157542,5.431870177940086
1714079195.8158672,5.4330379874617964
1714079195.81598,5.4283671908908415
1714079195.816093,5.427199381369131
1714079195.8162057,5.417857788227222
1714079195.8163188,5.406180576041892
1714079195.8164315,5.391000376807319
1714079195.8165445,5.375820177572744
1714079195.8166575,5.355969181767216
1714079195.8167703,5.333783008434154
1714079195.8168833,5.312764203106915
1714079195.816996,5.290577588257966
1714079195.817109,5.268390973409017
1714079195.8172219,5.243869181032534
1714079195.817335,5.21934738865605
1714079195.8174477,5.195993405801278
1714079195.8175607,5.170303803903085
1714079195.8176734,5.143446392483181
1714079195.8177865,5.116588981063277
1714079195.8178995,5.08622858259413
1714079195.8180122,5.057035993646692
1714079195.8181252,5.024339976134123
1714079195.818238,4.996315196708396
1714079195.818351,4.965954798239248
1714079195.8184638,4.940265196341055
1714079195.8185768,4.9134077849211515
1714079195.8186896,4.888885992544668
1714079195.8188026,4.860860771603054
1714079195.8189156,4.836338979226571
1714079195.8190284,4.809481567806667
1714079195.8191414,4.78028897885923
1714079195.8192542,4.752263757917616
1714079195.8193672,4.721903359448468
1714079195.81948,4.695046389544451
1714079195.819593,4.662350372031883
1714079195.8197057,4.63899638917711
1714079195.8198187,4.610971168235496
1714079195.8199317,4.588784553386547
1714079195.8200445,4.563094951488353
1714079195.8201575,4.538573159111871
1714079195.8202703,4.512883557213677
1714079195.8203833,4.479020171695285
1714079195.820496,4.454498379318802
1714079195.820609,4.4194671842787
1714079195.8207219,4.386771166766131
1714079195.8208349,4.351739971726029
1714079195.8209476,4.3213795732568805
1714079195.8210607,4.287515746222602
1714079195.8211737,4.258323157275164
1714079195.8212864,4.224459771756773
1714079195.8213995,4.191763754244204
1714079195.8215122,4.15439694016068
1714079195.8216252,4.113527139027913
1714079195.821738,4.069154350845902
1714079195.821851,4.021278134098759
1714079195.8219638,3.973402358867504
1714079195.8220768,3.919687536027696
1714079195.8221898,3.8706439512747304
1714079195.8223026,3.818096937956633
1714079195.8224156,3.7667177341602462
1714079195.8225284,3.713003352836326
1714079195.8226414,3.654617733425564
1714079195.8227541,3.595064746008979
1714079195.8228672,3.526169944692541
1714079195.82298,3.45844273213987
1714079195.823093,3.382541735967
1714079195.823206,3.30547293027242
1714079195.8233187,3.2237333280068854
1714079195.8234317,3.140826136977584
1714079195.8235445,3.0567509156686286
1714079195.8236575,2.9668375297828953
1714079195.8237703,2.8815947197101734
1714079195.8238833,2.7881781260172525
1714079195.823996,2.6924259132809105
1714079195.824109,2.58733210740266
1714079195.8242218,2.482238301524409
1714079195.8243349,2.3724736990752042
1714079195.8244479,2.251032105198613
1714079195.8245606,2.136596706178453
1714079195.8246737,2.0128194932584407
1714079195.8247864,1.890210089860139
1714079195.8248994,1.7605944916054053
1714079195.8250122,1.6333141812571772
1714079195.8251252,1.4990276760525172
1714079195.825238,1.3635734717051187
1714079195.825351,1.21994537335855
1714079195.825464,1.0786525629184864
1714079195.8255768,0.9291858584792525
1714079195.8256898,0.772712959183587
1714079195.8258026,0.6185754029839127
1714079195.8259156,0.4574315967383208
1714079195.8260283,0.2951201189447332
1714079195.8261414,0.1328086135564027
1714079195.8262541,-0.032999559685035984
1714079195.8263671,-0.19644678190902426
1714079195.8264802,-0.36456394526693553
1714079195.826593,-0.5303461242605139
1714079195.826706,-0.6996307660032202
1714079195.8268187,-0.8712503645155164
1714079195.8269317,-1.0463723429927119
1714079195.8270445,-1.217991996694494
1714079195.8271575,-1.3942814535564845
1714079195.8272703,-1.5694035424126518
1714079195.8273833,-1.7410230857354623
1714079195.8274963,-1.9126426290582725
1714079195.827609,-2.0795923692208746
1714079195.827722,-2.2477094773893
1714079195.8278348,-2.4076543472431324
1714079195.8279479,-2.5687665851027877
1714079195.8280606,-2.727543866192853
1714079195.8281736,-2.8851537792770947
1714079195.8282864,-3.03926114682798
1714079195.8283994,-3.191033557609275
1714079195.8285122,-3.3416386003847474
1714079195.8286252,-3.4864061408572726
1714079195.8287382,-3.6276711357964406
1714079195.828851,-3.758428714893482
1714079195.828964,-3.891521471518057
1714079195.8290768,-4.011772297046803
1714079195.8291898,-4.128520135526304
1714079195.8293025,-4.2429332379941584
1714079195.8294156,-4.350341249395299
1714079195.8295283,-4.454247156778971
1714079195.8296413,-4.554650518629286
1714079195.8297544,-4.651551334946244
1714079195.8298671,-4.737944956179018
1714079195.8299801,-4.823170767890082
1714079195.830093,-4.89672201651114
1714079195.830206,-4.967938529120551
1714079195.8303187,-5.028647405129892
1714079195.8304317,-5.085853735605875
1714079195.8305445,-5.13488804852521
1714079195.8306575,-5.178085079899541
1714079195.8307705,-5.221281669757984
1714079195.8308833,-5.253971064532244
1714079195.8309963,-5.283157913773148
1714079195.831109,-5.307675290990758
1714079195.831222,-5.329857490680835
1714079195.8313348,-5.3438672312983755
1714079195.8314478,-5.356709162394205
1714079195.8315606,-5.361379075933385
1714079195.8316736,-5.366048989472565
1714079195.8317864,-5.363714253460919
1714079195.8318994,-5.356709162394205
1714079195.8320124,-5.346201967310022
1714079195.8321252,-5.3333595946983055
1714079195.8322382,-5.319349854080765
1714079195.832351,-5.299502831918222
1714079195.832464,-5.281990545767324
1714079195.8325768,-5.2644782596164275
1714079195.8326898,-5.241128691920528
1714079195.8328025,-5.222449037763807
1714079195.8329155,-5.19676473405626
1714079195.8330286,-5.169912620827003
1714079195.8331413,-5.140725330070213
1714079195.8332543,-5.110371112823486
1714079195.833367,-5.082351631588406
1714079195.8334801,-5.048494427292435
1714079195.833593,-5.015805032518174
1714079195.833706,-4.986618183277271
1714079195.8338187,-4.957431334036367
1714079195.8339317,-4.93057922080711
1714079195.8340447,-4.904894475583677
1714079195.8341575,-4.878042362354419
1714079195.8342705,-4.845352967580159
1714079195.8343832,-4.816166118339256
1714079195.8344963,-4.783476723564996
1714079195.834609,-4.749619519269024
1714079195.834722,-4.714595388483118
1714079195.8348348,-4.6842407297205035
1714079195.8349478,-4.65388607095789
1714079195.8350608,-4.6258665897228095
1714079195.8351736,-4.603684390032733
1714079195.8352866,-4.578000086325186
1714079195.8353994,-4.558153064162642
1714079195.8355124,-4.531300950933385
1714079195.8356252,-4.506783573715775
1714079195.8357382,-4.475261988463225
1714079195.835851,-4.446074697706434
1714079195.835964,-4.415720480459708
1714079195.8360767,-4.38770055770874
1714079195.8361897,-4.362016254001193
1714079195.8363028,-4.33749931829947
1714079195.8364155,-4.315317118609393
1714079195.8365285,-4.293134918919316
1714079195.8366413,-4.273287896756773
1714079195.8367543,-4.247603151533339
1714079195.836867,-4.2219184063099044
1714079195.83698,-4.1892290115356445
1714079195.8370929,-4.156539616761384
1714079195.837206,-4.1226828539813
1714079195.837319,-4.087658281679507
1714079195.8374317,-4.054968886905246
1714079195.8375447,-4.022279492130986
1714079195.8376575,-3.994260010895905
1714079195.8377705,-3.9604028065999346
1714079195.8378832,-3.928881221347385
1714079195.8379962,-3.8903541035122338
1714079195.838109,-3.8529947951987937
1714079195.838222,-3.806295659806993
1714079195.838335,-3.7595965244151923
1714079195.8384478,-3.7070596659625017
1714079195.8385608,-3.654523249025698
1714079195.8386736,-3.6019866113309504
1714079195.8387866,-3.5494499736362033
1714079195.8388994,-3.4934110111660424
1714079195.8390124,-3.4373718279379384
1714079195.8391252,-3.377830319934421
1714079195.8392382,-3.3136188983917236
1714079195.839351,-3.243570195304023
1714079195.839464,-3.1711863146887884
1714079195.839577,-3.0929651525285506
1714079195.8396897,-3.00890670882331
1714079195.8398027,-2.926015633123892
1714079195.8399155,-2.833784509588171
1714079195.8400285,-2.746223520349573
1714079195.8401413,-2.655160206335562
1714079195.8402543,-2.5605941260302507
1714079195.840367,-2.4625259417074696
1714079195.84048,-2.3609552118513317
1714079195.840593,-2.2570493044676603
1714079195.8407059,-2.1449713795273393
1714079195.840819,-2.0305582770594843
1714079195.8409317,-1.9103076722886827
1714079195.8410447,-1.7865548531214395
1714079195.8411574,-1.6569645316512496
1714079195.8412704,-1.5273742101810595
1714079195.8413832,-1.3931139751716894
1714079195.8414962,-1.2576862617775244
1714079195.8416092,-1.1222585483833596
1714079195.841722,-0.9798259646804244
1714079195.841835,-0.8385609145517702
1714079195.8419478,-0.689123460540065
1714079195.8420608,-0.539685951338874
1714079195.8421736,-0.3832436270183987
1714079195.8422866,-0.22563379671838546
1714079195.8423994,-0.06218656069702572
1714079195.8425124,0.10478360647404635
1714079195.8426254,0.26826281790380124
1714079195.8427382,0.43641284660056784
1714079195.8428512,0.6033952037493387
1714079195.842964,0.7692098065658851
1714079195.843077,0.9338567654291788
1714079195.8431897,1.0996713682457253
1714079195.8433027,1.267821369347749
1714079195.8434155,1.4348037816860058
1714079195.8435285,1.6111277871661716
1714079195.8436413,1.7804454874109337
1714079195.8437543,1.9567694928910997
1714079195.8438673,2.124919493993123
1714079195.84398,2.2930694950951467
1714079195.844093,2.4588840979116933
1714079195.8442059,2.618860315393518
1714079195.8443189,2.7753333250681558
1714079195.8444316,2.924799919128418
1714079195.8445446,3.0754343227103904
1714079195.8446574,3.2237333280068854
1714079195.8447704,3.3661937272107156
1714079195.8448834,3.5156605420289213
1714079195.8449962,3.653450144661797
1714079195.8451092,3.7947429551018605
1714079195.845222,3.9243583325986506
1714079195.845335,4.051638974083795
1714079195.8454478,4.16724196186772
1714079195.8455608,4.280509772124113
1714079195.8456736,4.384435547722711
1714079195.8457866,4.48602658730966
1714079195.8458996,4.577107782717104
1714079195.8460124,4.669356787646258
1714079195.8461254,4.759270173531991
1714079195.8462381,4.84451276284677
1714079195.8463511,4.92158156854135
1714079195.846464,4.996315196708396
1714079195.846577,5.061706790217647
1714079195.8466897,5.123595396677652
1714079195.8468027,5.174974600474039
1714079195.8469155,5.218179579134341
1714079195.8470285,5.259049380267108
1714079195.8471415,5.2964161943506305
1714079195.8472543,5.326776592819779
1714079195.8473673,5.357136991288926
1714079195.84748,5.38165878366541
1714079195.847593,5.402677588992648
1714079195.8477058,5.421360775276466
1714079195.8478189,5.430702809934263
1714079195.8479316,5.438876593554461
1714079195.8480446,5.440044403076172
1714079195.8481576,5.438876593554461
1714079195.8482704,5.4330379874617964
1714079195.8483834,5.424864203841597
1714079195.8484962,5.415522610699688
1714079195.8486092,5.400342411465115
1714079195.848722,5.3874973897580745
1714079195.848835,5.3688142034742565
1714079195.8489478,5.353634004239683
1714079195.8490608,5.3326151989124435
1714079195.8491738,5.315099380634448
1714079195.8492866,5.2917453977796765
1714079195.8493996,5.267223605403194
1714079195.8495123,5.243869181032534
1714079195.8496253,5.21934738865605
1714079195.8497381,5.190154799708614
1714079195.8498511,5.162129578766999
1714079195.849964,5.134104799341272
1714079195.850077,5.107247387921368
1714079195.8501897,5.079222166979754
1714079195.8503027,5.052365197075738
1714079195.8504157,5.027842963183367
1714079195.8505285,5.000985993279351
1714079195.8506415,4.974128581859447
1714079195.8507543,4.948438979961254
1714079195.8508673,4.920414200535527
1714079195.85098,4.892388979593912
1714079195.851093,4.863196390646475
1714079195.8512058,4.832835992177327
1714079195.8513188,4.803642961714003
1714079195.8514318,4.77912116933752
1714079195.8515446,4.747592961346661
1714079195.8516576,4.721903359448468
1714079195.8517704,4.6997171861154055
1714079195.8518834,4.675195393738923
1714079195.8519962,4.649505791840729
1714079195.8521092,4.622648380420825
1714079195.852222,4.593455791473389
1714079195.852335,4.563094951488353
1714079195.852448,4.529231565969962
1714079195.8525608,4.500038977022524
1714079195.8526738,4.469678578553376
1714079195.8527865,4.440485548090051
1714079195.8528996,4.413628578186035
1714079195.8530123,4.380932560673466
1714079195.8531253,4.355242958775273
1714079195.853238,4.323714750784415
1714079195.853351,4.291019174787733
1714079195.8534641,4.255987979747631
1714079195.853577,4.215118178614864
1714079195.85369,4.1754157454879195
1714079195.8538027,4.132210766827618
1714079195.8539157,4.091340965694851
1714079195.8540285,4.049303355040373
1714079195.8541415,4.0072657443858954
1714079195.8542542,3.9663959432531284
1714079195.8543673,3.919687536027696
1714079195.85448,3.8706439512747304
1714079195.854593,3.8216003665217646
1714079195.854706,3.7643825566327127
1714079195.8548188,3.7036615389364735
1714079195.8549318,3.6406053437127004
1714079195.8550446,3.57404594068174
1714079195.8551576,3.5063189488870123
1714079195.8552704,3.4350885285271535
1714079195.8553834,3.365026138446949
1714079195.8554962,3.2902927310378463
1714079195.8556092,3.213223925343266
1714079195.8557222,3.1338197213632086
1714079195.855835,3.0532479286193848
1714079195.855948,2.9598311141685203
1714079195.8560607,2.867582109239366
1714079195.8561738,2.7671593206900136
1714079195.8562865,2.666736311382717
1714079195.8563995,2.5581395184552225
1714079195.8565123,2.4483749160060175
1714079195.8566253,2.3409457118422896
1714079195.8567383,2.223007105014942
1714079195.856851,2.107403896473072
1714079195.856964,1.9871298913602475
1714079195.857077,1.8633528991981787
1714079195.85719,1.734904889707212
1714079195.8573027,1.6017860836452906
1714079195.8574157,1.4604932732052271
1714079195.8575284,1.3215359714296129
1714079195.8576415,1.1744046652758562
1714079195.8577542,1.026105659979361
1714079195.8578672,0.8743036124441358
1714079195.8579803,0.7213337553872002
1714079195.858093,0.5683639535197504
1714079195.858206,0.4107232722971174
1714079195.8583188,0.2507471927890071
1714079195.8584318,0.09310651846505977
1714079195.8585446,-0.07502884362582807
1714079195.8586576,-0.2419785217002586
1714079195.8587704,-0.4124306418277599
1714079195.8588834,-0.5875526754944412
1714079195.8589964,-0.7591722740067376
1714079195.8591092,-0.9377967428278039
1714079195.8592222,-1.1129187213049994
1714079195.859335,-1.2833708966219866
1714079195.859448,-1.456157918329592
1714079195.8595607,-1.6266100936465793
1714079195.8596737,-1.7970621585845945
1714079195.8597865,-1.966346855516787
1714079195.8598995,-2.1344639636852123
1714079195.8600125,-2.3025810718536377
1714079195.8601253,-2.470698180022063
1714079195.8602383,-2.636480552178842
1714079195.860351,-2.8022627035776773
1714079195.860464,-2.9622073526735657
1714079195.8605769,-3.118649676994041
1714079195.8606899,-3.265752174236156
1714079195.8608027,-3.4140222602420383
1714079195.8609157,-3.554119887175383
1714079195.8610287,-3.689547600569548
1714079195.8611414,-3.821472768430356
1714079195.8612545,-3.952230789043285
1714079195.8613672,-4.074815909067789
1714079195.8614802,-4.196234102602358
1714079195.861593,-4.312981941081859
1714079195.861706,-4.420390393998887
1714079195.8618188,-4.525463227872495
1714079195.8619318,-4.618861940171983
1714079195.8620446,-4.7052555614047575
1714079195.8621576,-4.788146637104175
1714079195.8622706,-4.86403262173688
1714079195.8623834,-4.931746588812934
1714079195.8624964,-4.994790642349808
1714079195.8626091,-5.053164340831615
1714079195.8627222,-5.110371112823486
1714079195.862835,-5.158237616221109
1714079195.862948,-5.202602015601264
1714079195.8630607,-5.241128691920528
1714079195.8631737,-5.272650718688965
1714079195.8632867,-5.303005377451578
1714079195.8633995,-5.324019767619945
1714079195.8635125,-5.339197317759195
1714079195.8636253,-5.353207058376736
1714079195.8637383,-5.359044339921739
1714079195.863851,-5.3648816214667425
1714079195.863964,-5.366048989472565
1714079195.8640769,-5.361379075933385
1714079195.8641899,-5.357876971915916
1714079195.8643029,-5.352039248855025
1714079195.8644156,-5.340364685765019
1714079195.8645287,-5.328689681159125
1714079195.8646414,-5.312345204529938
1714079195.8647544,-5.294832918379042
1714079195.8648672,-5.272650718688965
1714079195.8649802,-5.243463869448061
1714079195.865093,-5.221281669757984
1714079195.865206,-5.19209482051708
1714079195.8653188,-5.164074897766113
1714079195.8654318,-5.132553312513563
1714079195.8655448,-5.105701199284306
1714079195.8656576,-5.073011804510045
1714079195.8657706,-5.047327059286611
1714079195.8658834,-5.0193075780515315
1714079195.8659964,-4.9924554648222745
1714079195.8661091,-4.959766070048014
1714079195.8662221,-4.9294114112854
1714079195.866335,-4.89321991249367
1714079195.866448,-4.858195340191876
1714079195.866561,-4.824338577411792
1714079195.8666737,-4.791648741121645
1714079195.8667867,-4.764797069408275
1714079195.8668995,-4.734442410645661
1714079195.8670125,-4.711092842949761
1714079195.8671253,-4.685408097726327
1714079195.8672383,-4.65855598449707
1714079195.867351,-4.632871680789523
1714079195.867464,-4.604852199554443
1714079195.867577,-4.5721628047801826
1714079195.8676898,-4.544143323545103
1714079195.8678029,-4.5137886647824885
1714079195.8679156,-4.483434006019874
1714079195.8680286,-4.4554145247847945
1714079195.8681414,-4.4344001346164275
1714079195.8682544,-4.4133853029321735
1714079195.8683672,-4.391203103242097
1714079195.8684802,-4.371356081079553
1714079195.8685932,-4.344503967850296
1714079195.868706,-4.317651854621039
1714079195.868819,-4.288465005380136
1714079195.8689318,-4.254608242600052
1714079195.8690448,-4.223086215831615
1714079195.8691576,-4.193898925074825
1714079195.8692706,-4.162376898306388
1714079195.8693833,-4.13669259459884
1714079195.8694963,-4.11217521738123
1714079195.869609,-4.0829883681403265
1714079195.8697221,-4.051466341371889
1714079195.8698351,-4.021112124125162
1714079195.869948,-3.982585006290012
1714079195.870061,-3.9452256979765714
1714079195.8701737,-3.9008612985964173
1714079195.8702867,-3.8564973407321506
1714079195.8703995,-3.8133003093578193
1714079195.8705125,-3.7677689834877293
1714079195.8706253,-3.7222372161017523
1714079195.8707383,-3.680207773491188
1714079195.8708513,-3.6311736813297975
1714079195.870964,-3.5833069571742304
1714079195.871077,-3.5284353627098928
1714079195.8711898,-3.4688938547063755
1714079195.8713028,-3.407017389933268
1714079195.8714156,-3.3416386003847474
1714079195.8715286,-3.268087131005746
1714079195.8716414,-3.1968708391542786
1714079195.8717544,-3.120984633763631
1714079195.8718674,-3.045098428372983
1714079195.8719802,-2.969212222982336
1714079195.8720932,-2.888656104052508
1714079195.872206,-2.8045976603472673
1714079195.872319,-2.7182040391144926
1714079195.8724318,-2.622470590803358
1714079195.8725448,-2.524402406480577
1714079195.8726575,-2.4216640878606723
1714079195.8727705,-2.3119208989319975
1714079195.8728833,-2.2010103419975
1714079195.8729963,-2.0830949147542315
1714079195.8731093,-1.96751422352261
1714079195.873222,-1.847263839509752
1714079195.8733351,-1.722343431578742
1714079195.873448,-1.598590502032527
1714079195.873561,-1.4690001805623372
1714079195.8736737,-1.335907534316734
1714079195.8737867,-1.2004798209225689
1714079195.8738995,-1.0568797588348389
1714079195.8740125,-0.9121121631728277
1714079195.8741255,-0.7580047956219426
1714079195.8742383,-0.6050648512663664
1714079195.8743513,-0.4521249621002762
1714079195.874464,-0.293347653415468
1714079195.874577,-0.1380727798850448
1714079195.8746898,0.01837316624544285
1714079195.8748028,0.17834925265223892
1714079195.8749156,0.3371576192202391
1714079195.8750286,0.5006368513460512
1714079195.8751416,0.6617806024021572
1714079195.8752544,0.8299306586936668
1714079195.8753674,0.999248358938429
1714079195.8754802,1.1697338687049017
1714079195.8755932,1.3437224758995903
1714079195.875706,1.5130401761443526
1714079195.875819,1.6823579867680867
1714079195.8759317,1.8505079878701103
1714079195.8760448,2.009316285451253
1714079195.8761578,2.172795489982322
1714079195.8762705,2.33043630917867
1714079195.8763835,2.4892447171387846
1714079195.8764963,2.6480529043409557
1714079195.8766093,2.8068613123010704
1714079195.876722,2.965669720261185
1714079195.876835,3.1221427299358226
1714079195.8769479,3.272777133517795
1714079195.877061,3.422243727578057
1714079195.8771737,3.5600333302109326
1714079195.8772867,3.6943199457945646
1714079195.8773997,3.823935544049298
1714079195.8775125,3.9465449474475998
1714079195.8776255,4.063315744753237
1714079195.8777382,4.1800865420588735
1714079195.8778512,4.293354352315267
1714079195.877964,4.404286985044126
1714079195.878077,4.5082127606427225
1714079195.8781898,4.607468181186252
1714079195.8783028,4.700884554121229
1714079195.8784158,4.784959775430185
1714079195.8785286,4.864363758652298
1714079195.8786416,4.93325878072668
1714079195.8787544,4.997482564714219
1714079195.8788674,5.057035993646692
1714079195.8789802,5.113085994014034
1714079195.8790932,5.16329738828871
1714079195.879206,5.212340973041675
1714079195.879319,5.253210774174443
1714079195.879432,5.2917453977796765
1714079195.8795447,5.325608783298068
1714079195.8796577,5.350130575674551
1714079195.8797705,5.373485000045211
1714079195.8798835,5.388665199279785
1714079195.8799963,5.399174601943404
1714079195.8801093,5.4050132080360695
1714079195.880222,5.410851814128734
1714079195.880335,5.413186991656268
1714079195.8804479,5.409684004607024
1714079195.8805609,5.410851814128734
1714079195.880674,5.4050132080360695
1714079195.8807867,5.396838982899983
1714079195.8808997,5.3874973897580745
1714079195.8810124,5.374652809566921
1714079195.8811255,5.359472610332348
1714079195.8812382,5.3419567920543525
1714079195.8813512,5.320937986727114
1714079195.881464,5.299919181399875
1714079195.881577,5.271894401974148
1714079195.88169,5.250875596646909
1714079195.8818028,5.22752117227625
1714079195.8819158,5.2006642023722325
1714079195.8820286,5.176141968479863
1714079195.8821416,5.1504528080975565
1714079195.8822544,5.125930574205186
1714079195.8823674,5.100240972306993
1714079195.8824801,5.071048383359556
1714079195.8825932,5.0453587814613625
1714079195.8827062,5.014998382992214
1714079195.882819,4.98814097157231
1714079195.882932,4.957780573103163
1714079195.8830447,4.9274201746340145
1714079195.8831577,4.897059776164867
1714079195.8832705,4.870202364744963
1714079195.8833835,4.84451276284677
1714079195.8834963,4.8176557929427535
1714079195.8836093,4.794301368572094
1714079195.883722,4.7721151952390315
1714079195.883835,4.744089974297418
1714079195.883948,4.717232562877514
1714079195.8840609,4.688039973930076
1714079195.8841739,4.661182562510172
1714079195.8842866,4.628486986513491
1714079195.8843997,4.600461765571876
1714079195.8845124,4.574772163673683
1714079195.8846254,4.545579574726245
1714079195.8847382,4.521057782349763
1714079195.8848512,4.496535548457393
1714079195.8849642,4.4708459465592
1714079195.885077,4.441653357611762
1714079195.88519,4.4124607686643245
1714079195.8853028,4.382100370195176
1714079195.8854158,4.343565746589943
1714079195.8855286,4.310870170593262
1714079195.8856416,4.270000369460494
1714079195.8857543,4.237304351947926
1714079195.8858674,4.199937979380289
1714079195.8859804,4.163738974818477
1714079195.8860931,4.128707338262487
1714079195.8862062,4.09017315617314
1714079195.886319,4.049303355040373
1714079195.886432,4.0072657443858954
1714079195.8865447,3.9558865405895087
1714079195.8866577,3.901004349743878
1714079195.8867705,3.8507929554692018
1714079195.8868835,3.7935751455801503
1714079195.8869965,3.734022158163565
1714079195.8871093,3.6791397465599904
1714079195.8872223,3.6195865383854615
1714079195.887335,3.5600333302109326
1714079195.887448,3.495809546223393
1714079195.8875608,3.428082333670722
1714079195.8876739,3.3580199435905174
1714079195.8877866,3.282118726659704
1714079195.8878996,3.1992115356304027
1714079195.8880124,3.118639522128635
1714079195.8881254,3.032229123292146
1714079195.8882384,2.941147927884702
1714079195.8883512,2.848898922955548
1714079195.8884642,2.754314519740917
1714079195.888577,2.657394718240808
1714079195.88869,2.5593071072189892
1714079195.8888028,2.455381110862449
1714079195.8889158,2.345616508413244
1714079195.8890285,2.2311811093930842
1714079195.8891416,2.1120746930440264
1714079195.8892546,1.9871298913602475
1714079195.8893673,1.859849691390991
1714079195.8894804,1.7278985844718084
1714079195.8895931,1.5912766809816712
1714079195.8897061,1.4546547774915342
1714079195.889819,1.3133620774304424
1714079195.889932,1.172069266990379
1714079195.8900447,1.0272734695010715
1714079195.8901577,0.8778067098723517
1714079195.8902707,0.7260046071476406
1714079195.8903835,0.5683639535197504
1714079195.8904965,0.40838784641689724
1714079195.8906093,0.24257321600560788
1714079195.8907223,0.07792630543311437
1714079195.890835,-0.08903861183811117
1714079195.890948,-0.2641606386061068
1714079195.8910608,-0.431110323579223
1714079195.8911738,-0.5992274593423914
1714079195.8912866,-0.7696795794698926
1714079195.8913996,-0.940131699597394
1714079195.8915126,-1.1140861996897944
1714079195.8916254,-1.2833708966219866
1714079195.8917384,-1.457325396714387
1714079195.8918512,-1.6312800071857592
1714079195.8919642,-1.8040670288933647
1714079195.892077,-1.98152396414015
1714079195.89219,-2.151976249836109
1714079195.8923028,-2.3200933580045344
1714079195.8924158,-2.487042877409193
1714079195.8925288,-2.648155336026792
1714079195.8926415,-2.8069326171168574
1714079195.8927546,-2.9598723959039757
1714079195.8928673,-3.112812395449038
1714079195.8929803,-3.262249849460743
1714079195.893093,-3.410519935466625
1714079195.8932061,-3.55528747593915
1714079195.893319,-3.696552470878318
1714079195.893432,-3.8354825090478966
1714079195.893545,-3.9650727201391147
1714079195.8936577,-4.0888256496853295
1714079195.8937707,-4.209076475214075
1714079195.8938835,-4.318819222626862
1714079195.8939965,-4.426227675543891
1714079195.8941092,-4.525463227872495
1714079195.8942223,-4.61769457216616
1714079195.894335,-4.709925474943938
1714079195.894448,-4.793983918649179
1714079195.894561,-4.871037712803593
1714079195.8946738,-4.949258874963831
1714079195.8947868,-5.014637664512351
1714079195.8948996,-5.076513908527515
1714079195.8950126,-5.132553312513563
1714079195.8951254,-5.17691727037783
1714079195.8952384,-5.21894649223045
1714079195.8953512,-5.252803696526421
1714079195.8954642,-5.284325723294859
1714079195.895577,-5.308842658996582
1714079195.89569,-5.329857490680835
1714079195.895803,-5.348537144837556
1714079195.8959157,-5.356709162394205
1714079195.8960288,-5.368384167000099
1714079195.8961415,-5.3707189030117455
1714079195.8962545,-5.371886712533456
1714079195.8963673,-5.3707189030117455
1714079195.8964803,-5.362546885455096
1714079195.896593,-5.354374426382559
1714079195.896706,-5.340364685765019
1714079195.896819,-5.321685031608299
1714079195.896932,-5.303005377451578
1714079195.897045,-5.2796558097556785
1714079195.8971577,-5.259808346077247
1714079195.8972707,-5.2376261463871705
1714079195.8973835,-5.211941842679624
1714079195.8974965,-5.19092701099537
1714079195.8976092,-5.165242707287823
1714079195.8977222,-5.140725330070213
1714079195.8978353,-5.110371112823486
1714079195.897948,-5.080016454060872
1714079195.898061,-5.049662236814146
1714079195.8981738,-5.0134702965065285
1714079195.8982868,-4.9819482697380915
1714079195.8983996,-4.946923697436297
1714079195.8985126,-4.91540167066786
1714079195.8986254,-4.885047453421133
1714079195.8987384,-4.858195340191876
1714079195.8988512,-4.833678404490152
1714079195.8989642,-4.803323745727539
1714079195.8990772,-4.775304264492458
1714079195.89919,-4.744949605729844
1714079195.899303,-4.709925474943938
1714079195.8994157,-4.680738184187147
1714079195.8995287,-4.6468814214070635
1714079195.8996415,-4.614192026632804
1714079195.8997545,-4.587339913403546
1714079195.8998673,-4.560487800174289
1714079195.8999803,-4.538305600484212
1714079195.9000933,-4.5137886647824885
1714079195.900206,-4.4927738330982345
1714079195.900319,-4.467089529390688
1714079195.9004319,-4.440237416161431
1714079195.900545,-4.414552670937997
1714079195.9006577,-4.38419845369127
1714079195.9007707,-4.353843794928657
1714079195.9008834,-4.323489136166042
1714079195.9009964,-4.296637464452672
1714079195.9011095,-4.272120087235062
1714079195.9012222,-4.246435783527516
1714079195.9013352,-4.225420951843262
1714079195.901448,-4.200904016141538
1714079195.901561,-4.174051902912281
1714079195.9016738,-4.148367157688847
1714079195.9017868,-4.115677762914586
1714079195.9018996,-4.081821000134503
1714079195.9020126,-4.046796427832709
1714079195.9021256,-4.007102383507623
1714079195.9022384,-3.9732451792116517
1714079195.9023514,-3.9335511348865646
1714079195.9024642,-3.899693930590594
1714079195.9025772,-3.8670045358163336
1714079195.90269,-3.8273100499753596
1714079195.902803,-3.787616005650273
1714079195.9029157,-3.739749060736762
1714079195.9030287,-3.689547600569548
1714079195.9031415,-3.637010962874801
1714079195.9032545,-3.5774694548712835
1714079195.9033675,-3.516760578861943
1714079195.9034803,-3.4560514820946584
1714079195.9035933,-3.391840060551961
1714079195.903706,-3.3276286390092635
1714079195.903819,-3.261082260696976
1714079195.9039319,-3.1922009256150985
1714079195.9040449,-3.118649676994041
1714079195.9041576,-3.0427634716033936
1714079195.9042706,-2.9610399846677424
1714079195.9043837,-2.874646363434968
1714079195.9044964,-2.7835830494209572
1714079195.9046094,-2.6890169691156456
1714079195.9047222,-2.5886138280232744
1714079195.9048352,-2.489377834178783
1714079195.904948,-2.391309649856002
1714079195.905061,-2.281566460927327
1714079195.9051738,-2.1753258175320096
1714079195.9052868,-2.064415039839568
1714079195.9053998,-1.9511695261354798
1714079195.9055126,-1.8297516637378268
1714079195.9056256,-1.7036637774220218
1714079195.9057384,-1.577575891106217
1714079195.9058514,-1.439813220942462
1714079195.9059641,-1.3020505507787068
1714079195.9060771,-1.1596179670757716
1714079195.90619,-1.0183528617576316
1714079195.906303,-0.8654129725915414
1714079195.9064157,-0.7218129105038112
1714079195.9065287,-0.5700404445330302
1714079195.9066417,-0.41826803375173494
1714079195.9067545,-0.26299316022131175
1714079195.9068675,-0.10421585153650353
1714079195.9069803,0.05807526133678577
1714079195.9070933,0.22272217880796502
1714079195.907206,0.3967107722052821
1714079195.907319,0.5695316526624891
1714079195.9074318,0.7423525055249531
1714079195.9075449,0.9151734135769031
1714079195.9076579,1.08565886815389
1714079195.9077706,1.2538088692559135
1714079195.9078836,1.4231266798796476
1714079195.9079964,1.59244438012441
1714079195.9081094,1.7605944916054053
1714079195.9082222,1.9275766831857186
1714079195.9083352,2.095726905045686
1714079195.908448,2.2662123044331866
1714079195.908561,2.4308590977280224
1714079195.908674,2.5978415100662793
1714079195.9087868,2.757817506790161
1714079195.9088998,2.9166259147502758
1714079195.9090126,3.0695957166177252
1714079195.9091256,3.213223925343266
1714079195.9092383,3.3580199435905174
1714079195.9093513,3.4923063384162054
1714079195.9094641,3.6289283522853144
1714079195.9095771,3.7608791280675815
1714079195.90969,3.8928305661236795
1714079195.909803,4.021278134098759
1714079195.909916,4.143887537497061
1714079195.9100287,4.264161763367829
1714079195.9101417,4.371590967531557
1714079195.9102545,4.476684552651864
1714079195.9103675,4.572436986146149
1714079195.9104803,4.661182562510172
1714079195.9105933,4.744089974297418
1714079195.910706,4.823493957519531
1714079195.910819,4.899395395208288
1714079195.910932,4.968289975766782
1714079195.9110448,5.037184997841163
1714079195.9111578,5.100240972306993
1714079195.9112706,5.158626591717755
1714079195.9113836,5.207670176470721
1714079195.9114964,5.252043406168619
1714079195.9116094,5.288242410730432
1714079195.9117222,5.319770177205403
1714079195.9118352,5.346627588625307
1714079195.9119482,5.365310774909125
1714079195.912061,5.385162212230541
1714079195.912174,5.398006792421694
1714079195.9122868,5.412019182134557
1714079195.9123998,5.420193407270643
1714079195.9125125,5.424864203841597
1714079195.9126256,5.429535000412552
1714079195.9127383,5.426032013363308
1714079195.9128513,5.422528584798177
1714079195.9129643,5.409684004607024
1714079195.913077,5.399174601943404
1714079195.9131901,5.3828265931871195
1714079195.913303,5.3688142034742565
1714079195.913416,5.350130575674551
1714079195.9135287,5.331447389390733
1714079195.9136417,5.310428584063494
1714079195.9137545,5.2870746012087215
1714079195.9138675,5.268390973409017
1714079195.9139802,5.243869181032534
1714079195.9140933,5.224018185227005
1714079195.9142063,5.198328583328812
1714079195.914319,5.172638981430619
1714079195.914432,5.146949379532425
1714079195.9145448,5.116588981063277
1714079195.9146578,5.08856420163755
1714079195.9147706,5.057035993646692
1714079195.9148836,5.029010772705078
1714079195.9149964,4.9998181837576405
1714079195.9151094,4.974128581859447
1714079195.9152224,4.948438979961254
1714079195.9153352,4.920414200535527
1714079195.9154482,4.897059776164867
1714079195.915561,4.870202364744963
1714079195.915674,4.84568057236848
1714079195.9157867,4.814152364377622
1714079195.9158998,4.784959775430185
1714079195.9160125,4.754599376961036
1714079195.9161255,4.724238978491889
1714079195.9162385,4.696213757550274
1714079195.9163513,4.668188978124547
1714079195.9164643,4.643667185748065
1714079195.916577,4.615641964806451
1714079195.91669,4.595790969000922
1714079195.916803,4.568933557581018
1714079195.916916,4.542076587677002
1714079195.9170287,4.514051366735387
1714079195.9171417,4.481355349222818
1714079195.9172544,4.449827582747847
1714079195.9173675,4.415963755713569
1714079195.9174805,4.383268179716887
1714079195.9175932,4.350572162204318
1714079195.9177063,4.320211763735171
1714079195.917819,4.289851365266022
1714079195.917932,4.259490966796875
1714079195.9180448,4.2256271397625955
1714079195.9181578,4.190595944722493
1714079195.9182706,4.153229572154857
1714079195.9183836,4.110024151978669
1714079195.9184966,4.067986541324191
1714079195.9186094,4.018942956571226
1714079195.9187224,3.973402358867504
1714079195.9188352,3.9231909645928273
1714079195.9189482,3.874146938323974
1714079195.919061,3.827438531098542
1714079195.919174,3.7748919592963324
1714079195.9192867,3.724680565021656
1714079195.9193997,3.6662949456108938
1714079195.9195127,3.603238750387121
1714079195.9196255,3.5390147456416376
1714079195.9197385,3.468952134803489
1714079195.9198513,3.3930511386306197
1714079195.9199643,3.3183177312215166
1714079195.920077,3.243584323812414
1714079195.92019,3.1618447215468795
1714079195.9203029,3.080105119281345
1714079195.9204159,2.9971979282520436
1714079195.920529,2.907284321608367
1714079195.9206417,2.8185385244864003
1714079195.9207547,2.7204509134645813
1714079195.9208674,2.617692505871808
1714079195.9209805,2.51026330170808
1714079195.9210932,2.399331110495108
1714079195.9212062,2.2837279019532377
1714079195.921319,2.164621706362124
1714079195.921432,2.045515290013066
1714079195.9215448,1.9182350900438097
1714079195.9216578,1.7956256866455076
1714079195.9217708,1.6671777875335128
1714079195.9218836,1.5340589814715915
1714079195.9219966,1.3962693788387157
1714079195.9221094,1.2549765683986522
1714079195.9222224,1.1113484700520833
1714079195.9223351,0.9607140664701108
1714079195.9224482,0.811247306841391
1714079195.922561,0.6524389540707624
1714079195.922674,0.49596599958561083
1714079195.922787,0.33482219334001895
1714079195.9228997,0.17134300260632127
1714079195.9230127,0.011366913612518044
1714079195.9231255,-0.14974757753036638
1714079195.9232385,-0.3155297703213162
1714079195.9233513,-0.4824794552944324
1714079195.9234643,-0.6529315754219337
1714079195.923577,-0.8268861307038201
1714079195.92369,-0.9996732076009114
1714079195.923803,-1.1771301428476968
1714079195.9239159,-1.3534197100886591
1714079195.9240289,-1.5262067317962646
1714079195.9241416,-1.7001613422676367
1714079195.9242547,-1.8706134072056522
1714079195.9243674,-2.0398981041378446
1714079195.9244804,-2.20568025553668
1714079195.9245932,-2.3714624069355152
1714079195.9247062,-2.5349096015647605
1714079195.924819,-2.6936868826548257
1714079195.924932,-2.8559667092782477
1714079195.925045,-3.01591157913208
1714079195.9251578,-3.1711863146887884
1714079195.9252708,-3.3252936822396735
1714079195.9253836,-3.472396179481789
1714079195.9254966,-3.607823892875954
1714079195.9256094,-3.7409168702584723
1714079195.9257224,-3.8716744493555137
1714079195.9258351,-3.994260010895905
1714079195.9259481,-4.111007849375406
1714079195.9260612,-4.227756129370795
1714079195.926174,-4.333996772766113
1714079195.926287,-4.4449073297006105
1714079195.9263997,-4.541808146017569
1714079195.9265127,-4.637541594328703
1714079195.9266255,-4.7216000380339445
1714079195.9267385,-4.805658481739185
1714079195.9268513,-4.879209730360243
1714079195.9269643,-4.946923697436297
1714079195.9270773,-5.005297837433991
1714079195.92719,-5.060169431898329
1714079195.927303,-5.111538480829309
1714079195.9274158,-5.157070248215287
1714079195.9275289,-5.197932102062084
1714079195.9276416,-5.2376261463871705
1714079195.9277546,-5.267980805149785
1714079195.9278674,-5.293665550373218
1714079195.9279804,-5.318182486074941
1714079195.9280934,-5.3333595946983055
1714079195.9282062,-5.350871880849202
1714079195.9283192,-5.354374426382559
1714079195.928432,-5.359044339921739
1714079195.928545,-5.357876971915916
1714079195.9286578,-5.354374426382559
1714079195.9287708,-5.347369335315845
1714079195.9288836,-5.336862140231662
1714079195.9289966,-5.326354945147479
1714079195.9291093,-5.308842658996582
1714079195.9292223,-5.292497740851508
1714079195.9293354,-5.277320632228145
1714079195.9294481,-5.256306242059778
1714079195.9295611,-5.236458778381348
1714079195.929674,-5.211941842679624
1714079195.929787,-5.1839223614445435
1714079195.9298997,-5.1524003346761065
1714079195.9300127,-5.122045675913492
1714079195.9301255,-5.090523649145055
1714079195.9302385,-5.057834254370795
1714079195.9303515,-5.029814773135715
1714079195.9304643,-4.9982927463672775
1714079195.9305773,-4.9714410746539075
1714079195.93069,-4.942253783897117
1714079195.930803,-4.9130669346562135
1714079195.9309158,-4.883879643899423
1714079195.9310288,-4.850022881119339
1714079195.9311416,-4.819668663872613
1714079195.9312546,-4.784644091570819
1714079195.9313676,-4.750787328790735
1714079195.9314804,-4.719265302022298
1714079195.9315934,-4.690078011265507
1714079195.9317062,-4.66439370755796
1714079195.9318192,-4.63987633034035
1714079195.931932,-4.61769457216616
1714079195.932045,-4.590842458936903
1714079195.9321578,-4.566325081719293
1714079195.9322708,-4.539473410005923
1714079195.9323835,-4.510286119249131
1714079195.9324965,-4.478764092480694
1714079195.9326096,-4.449577243239791
1714079195.9327223,-4.421557762004711
1714079195.9328353,-4.39353828076963
1714079195.932948,-4.3701887130737305
1714079195.9330611,-4.345671335856119
1714079195.933174,-4.325824313693576
1714079195.933287,-4.302474745997676
1714079195.9333997,-4.276790000774242
1714079195.9335127,-4.249937887544985
1714079195.9336257,-4.218416302292435
1714079195.9337385,-4.1892290115356445
1714079195.9338515,-4.154204880749737
1714079195.9339643,-4.123850221987124
1714079195.9340773,-4.08999345920704
1714079195.93419,-4.06080616845025
1714079195.934303,-4.032786687215169
1714079195.9344158,-4.003599837974265
1714079195.9345288,-3.9732451792116517
1714079195.9346418,-3.9370532389040345
1714079195.9347546,-3.9020291081181275
1714079195.9348676,-3.8576647087379734
1714079195.9349804,-3.8133003093578193
1714079195.9350934,-3.7654338059601957
1714079195.9352062,-3.7152321250350386
1714079195.9353192,-3.667365400879471
1714079195.935432,-3.6136613951789007
1714079195.935545,-3.5657946710233333
1714079195.9356577,-3.514425622092353
1714079195.9357708,-3.457219070858425
1714079195.9358838,-3.400012519624498
1714079195.9359965,-3.3346335093180337
1714079195.9361095,-3.266919762999923
1714079195.9362223,-3.1898659688455084
1714079195.9363353,-3.1139797634548607
1714079195.936448,-3.02992131974962
1714079195.936561,-2.9481976120560254
1714079195.9366739,-2.8641391683507846
1714079195.936787,-2.7742430015846535
1714079195.9369,-2.6866820123460555
1714079195.9370127,-2.592116152798688
1714079195.9371257,-2.49755029325132
1714079195.9372385,-2.393644606625592
1714079195.9373515,-2.2885713312360974
1714079195.9374642,-2.1741582287682424
1714079195.9375772,-2.057410169530798
1714079195.93769,-1.9336574607425265
1714079195.937803,-1.8064019856629547
1714079195.937916,-1.6803140993471497
1714079195.9380288,-1.5507238882559315
1714079195.9381418,-1.4199660884009466
1714079195.9382546,-1.2822034182371915
1714079195.9383676,-1.1456082264582315
1714079195.9384804,-1.0043431211400915
1714079195.9385934,-0.8584080470932854
1714079195.9387062,-0.7101380714663752
1714079195.9388192,-0.5536957471459
1714079195.9389322,-0.3995883520002718
1714079195.939045,-0.23614110218154058
1714079195.939158,-0.07269388685623804
1714079195.9392707,0.0919388124236354
1714079195.9393837,0.2565857160974432
1714079195.9394965,0.4212326473659939
1714079195.9396095,0.5870472501825403
1714079195.9397223,0.751694209045834
1714079195.9398353,0.9151734135769031
1714079195.939948,1.08565886815389
1714079195.940061,1.2538088692559135
1714079195.940174,1.427797476450602
1714079195.9402869,1.5982829862170749
1714079195.9404,1.7746069916972407
1714079195.9405127,1.9485954885129575
1714079195.9406257,2.1179132991366916
1714079195.9407384,2.2837279019532377
1714079195.9408514,2.4460392969625966
1714079195.9409642,2.6060155144444215
1714079195.9410772,2.761320714597349
1714079195.9411902,2.9142905164647983
1714079195.941303,3.0695957166177252
1714079195.941416,3.2213979297214084
1714079195.9415288,3.373200142825091
1714079195.9416418,3.5156605420289213
1714079195.9417546,3.6616241490399393
1714079195.9418676,3.798245942151105
1714079195.9419804,3.927861761163782
1714079195.9420934,4.049303355040373
1714079195.9422064,4.1660741523460105
1714079195.9423192,4.275838975553159
1714079195.9424322,4.380932560673466
1714079195.942545,4.482523158744529
1714079195.942658,4.577107782717104
1714079195.9427707,4.674027584217212
1714079195.9428837,4.765108779624656
1714079195.9429965,4.849183559417725
1714079195.9431095,4.9274201746340145
1714079195.9432223,4.996315196708396
1714079195.9433353,5.060538980695936
1714079195.9434483,5.117756790584988
1714079195.943561,5.170303803903085
1714079195.943674,5.214676592085096
1714079195.9437869,5.254378583696153
1714079195.9438999,5.29408057530721
1714079195.9440126,5.325608783298068
1714079195.9441257,5.358304800810637
1714079195.9442384,5.38165878366541
1714079195.9443514,5.406180576041892
1714079195.9444644,5.420193407270643
1714079195.9445772,5.4330379874617964
1714079195.9446902,5.436541416026928
1714079195.944803,5.438876593554461
1714079195.944916,5.438876593554461
1714079195.9450288,5.431870177940086
1714079195.9451418,5.427199381369131
1714079195.9452546,5.413186991656268
1714079195.9453676,5.403845398514359
1714079195.9454806,5.3921681863290285
1714079195.9455934,5.375820177572744
1714079195.9457064,5.359472610332348
1714079195.9458191,5.345459779103597
1714079195.9459321,5.326776592819779
1714079195.946045,5.299919181399875
1714079195.946158,5.276565198545103
1714079195.9462707,5.252043406168619
1714079195.9463837,5.220515198177761
1714079195.9464967,5.197160773807101
1714079195.9466095,5.16446519781042
1714079195.9467225,5.139943405433937
1714079195.9468353,5.107247387921368
1714079195.9469483,5.083893405066596
1714079195.947061,5.0547003746032715
1714079195.947174,5.026675595177545
1714079195.9472868,5.002153802801061
1714079195.9473999,4.975296391381158
1714079195.9475126,4.94493599291201
1714079195.9476256,4.915742962448685
1714079195.9477386,4.885382563979537
1714079195.9478514,4.85735778455381
1714079195.9479644,4.824661767041241
1714079195.9480772,4.798972165143048
1714079195.9481902,4.7721151952390315
1714079195.948303,4.748760770868372
1714079195.948416,4.725406788013599
1714079195.9485288,4.70205236364294
1714079195.9486418,4.6763627617447465
1714079195.9487548,4.648337982319019
1714079195.9488676,4.621480570899116
1714079195.9489806,4.588784553386547
1714079195.9490933,4.559591964439109
1714079195.9492064,4.530399375491672
1714079195.9493191,4.500038977022524
1714079195.9494321,4.47318156560262
1714079195.949545,4.4439889766551826
1714079195.949658,4.418299374756989
1714079195.949771,4.390274153815375
1714079195.9498837,4.362249374389648
1714079195.9499967,4.328385547355369
1714079195.9501095,4.292186542793556
1714079195.9502225,4.255987979747631
1714079195.9503353,4.215118178614864
1714079195.9504483,4.174248377482096
1714079195.950561,4.132210766827618
1714079195.950674,4.094843952744095
1714079195.9507868,4.051638974083795
1714079195.9508998,4.01193654095685
1714079195.9510128,3.9687315622965493
1714079195.9511256,3.9231909645928273
1714079195.9512386,3.872979128802264
1714079195.9513514,3.8192647474783437
1714079195.9514644,3.7608791280675815
1714079195.9515772,3.701326140650996
1714079195.9516902,3.6382699454272234
1714079195.951803,3.5752137502034502
1714079195.951916,3.510989745457967
1714079195.952029,3.442094944141529
1714079195.9521418,3.374367731588858
1714079195.9522548,3.3019697224652322
1714079195.9523675,3.2295719340995506
1714079195.9524806,3.147832331834016
1714079195.9525933,3.0660927295684814
1714079195.9527063,2.977346932446515
1714079195.952819,2.8815947197101734
1714079195.9529321,2.7835071086883545
1714079195.9530451,2.6830843201390016
1714079195.953158,2.580325912546228
1714079195.953271,2.47172889886079
1714079195.9533837,2.3654675042187723
1714079195.9534967,2.2521996939623796
1714079195.9536095,2.136596706178453
1714079195.9537225,2.017490289829395
1714079195.9538352,1.8913778993818493
1714079195.9539483,1.761762190748144
1714079195.9540613,1.6251402872580067
1714079195.954174,1.485015175960682
1714079195.954287,1.3425547767568518
1714079195.9543998,1.195423470603095
1714079195.9545128,1.0459567661638614
1714079195.9546256,0.8964900617246274
1714079195.9547386,0.7446879589999164
1714079195.9548514,0.588214949325279
1714079195.9549644,0.432909721577609
1714079195.9550772,0.2705982161892785
1714079195.9551902,0.10711901855689507
1714079195.9553032,-0.05868412554264068
1714079195.955416,-0.2279687534879755
1714079195.955529,-0.3995883520002718
1714079195.9556417,-0.5735428796874152
1714079195.9557548,-0.7439949998149165
1714079195.9558675,-0.9202845118663928
1714079195.9559805,-1.093071588763484
1714079195.9560933,-1.2611886969319095
1714079195.9562063,-1.4328083506336917
1714079195.9563193,-1.6020929371869121
1714079195.956432,-1.7702101557343093
1714079195.956545,-1.9394947422875297
1714079195.956658,-2.112281763995135
1714079195.956771,-2.279231504157737
1714079195.9568837,-2.4520185258653426
1714079195.9569967,-2.613130763724998
1714079195.9571095,-2.7754105903484203
1714079195.9572225,-2.9318529146688954
1714079195.9573355,-3.0847929142139576
1714079195.9574482,-3.233062779461896
1714079195.9575613,-3.375495363164831
1714079195.957674,-3.516760578861943
1714079195.957787,-3.652188292256108
1714079195.9578998,-3.7864486376444497
1714079195.9580128,-3.9148714807298446
1714079195.9581256,-4.04329432381524
1714079195.9582386,-4.165879443839744
1714079195.9583514,-4.281459914313422
1714079195.9584644,-4.39353828076963
1714079195.9585774,-4.495109010625768
1714079195.9586902,-4.59317719494855
1714079195.9588032,-4.681905993708858
1714079195.958916,-4.763629259886565
1714079195.959029,-4.841850422046802
1714079195.9591417,-4.911899566650391
1714079195.9592547,-4.9819482697380915
1714079195.9593675,-5.042657145747432
1714079195.9594805,-5.098696108217593
1714079195.9595935,-5.148897789142749
1714079195.9597063,-5.193262188522904
1714079195.9598193,-5.234124042369701
1714079195.959932,-5.263310891610605
1714079195.960045,-5.291330372845684
1714079195.9601579,-5.312345204529938
1714079195.960271,-5.328689681159125
1714079195.9603837,-5.340364685765019
1714079195.9604967,-5.348537144837556
1714079195.9606097,-5.353207058376736
1714079195.9607224,-5.354374426382559
1714079195.9608355,-5.352039248855025
1714079195.9609482,-5.350871880849202
1714079195.9610612,-5.342699421776665
1714079195.961174,-5.334527404220015
1714079195.961287,-5.321685031608299
1714079195.9613998,-5.305340113463225
1714079195.9615128,-5.286660459306504
1714079195.9616258,-5.2644782596164275
1714079195.9617386,-5.243463869448061
1714079195.9618516,-5.21427657869127
1714079195.9619644,-5.1897596429895465
1714079195.9620774,-5.159404984226933
1714079195.9621902,-5.132553312513563
1714079195.9623032,-5.110371112823486
1714079195.962416,-5.080016454060872
1714079195.962529,-5.054332150353326
1714079195.9626417,-5.023977491590712
1714079195.9627547,-4.994790642349808
1714079195.9628677,-4.959766070048014
1714079195.9629805,-4.927076675273754
1714079195.9630935,-4.8920521029719595
1714079195.9632063,-4.857027972186053
1714079195.9633193,-4.824338577411792
1714079195.963432,-4.793983918649179
1714079195.963545,-4.768299173425745
1714079195.9636579,-4.740279692190665
1714079195.9637709,-4.715762756488941
1714079195.9638839,-4.688910643259684
1714079195.9639966,-4.660891162024604
1714079195.9641097,-4.628201767250343
1714079195.9642224,-4.59784710848773
1714079195.9643354,-4.568660259246826
1714079195.9644482,-4.535970864472565
1714079195.9645612,-4.510286119249131
1714079195.964674,-4.4822666380140515
1714079195.964787,-4.457749702312328
1714079195.9649,-4.437902238633897
1714079195.9650128,-4.418055216471354
1714079195.9651258,-4.395873016781277
1714079195.9652386,-4.372523449085376
1714079195.9653516,-4.344503967850296
1714079195.9654644,-4.315317118609393
1714079195.9655774,-4.287297637374312
1714079195.9656901,-4.254608242600052
1714079195.9658031,-4.225420951843262
1714079195.965916,-4.203238752153184
1714079195.966029,-4.175219270918104
1714079195.966142,-4.1471997896830235
1714079195.9662547,-4.128520135526304
1714079195.9663677,-4.096998108757867
1714079195.9664805,-4.067811259516963
1714079195.9665935,-4.032786687215169
1714079195.9667063,-3.9954273789017285
1714079195.9668193,-3.9557328930607545
1714079195.966932,-3.9137036712081343
1714079195.967045,-3.869339713343867
1714079195.967158,-3.82847785949707
1714079195.9672709,-3.785280828122739
1714079195.9673839,-3.7455867837976524
1714079195.9674966,-3.6988874276479082
1714079195.9676096,-3.655690617031521
1714079195.9677224,-3.6008190225671837
1714079195.9678354,-3.5471150168666132
1714079195.9679482,-3.4887410976268627
1714079195.9680612,-3.4221947193145748
1714079195.9681742,-3.3533133842326976
1714079195.968287,-3.28676700592041
1714079195.9684,-3.2132157572993525
1714079195.9685128,-3.140831876684118
1714079195.9686258,-3.0684482168268272
1714079195.9687386,-2.9925620114361795
1714079195.9688516,-2.9131732605121754
1714079195.9689643,-2.8291145960489907
1714079195.9690773,-2.739218650040803
1714079195.9691901,-2.649322704032615
1714079195.9693031,-2.5465843854127104
1714079195.9694161,-2.4450136555565725
1714079195.969529,-2.338773012161255
1714079195.969642,-2.22902982323258
1714079195.9697547,-2.116951677534315
1714079195.9698677,-2.0013712070606373
1714079195.9699805,-1.8846231478231923
1714079195.9700935,-1.7667077205799242
1714079195.9702063,-1.6406198342641194
1714079195.9703193,-1.5133644695635193
1714079195.9704323,-1.3814391913237394
1714079195.970545,-1.2436765211599843
1714079195.970658,-1.1000764590722543
1714079195.9707708,-0.9541414402149341
1714079195.9708838,-0.8035365078184339
1714079195.9709966,-0.6517640970371387
1714079195.9711096,-0.4976566742967676
1714079195.9712224,-0.34121432238154936
1714079195.9713354,-0.1871069410332927
1714079195.9714484,-0.029497117631965213
1714079195.9715612,0.1304731876761825
1714079195.9716742,0.29161699392177437
1714079195.971787,0.4574315967383208
1714079195.9719,0.623246254744353
1714079195.9720128,0.7948994084640785
1714079195.9721258,0.9665525621838039
1714079195.9722385,1.1393734702357539
1714079195.9723516,1.3098588696232547
1714079195.9724646,1.481512078532466
1714079195.9725773,1.6496620796344896
1714079195.9726903,1.813141284165559
1714079195.972803,1.975452899932861
1714079195.9729161,2.136596706178453
1714079195.973029,2.300075910709522
1714079195.973142,2.4588840979116933
1714079195.9732547,2.618860315393518
1714079195.9733677,2.781171710402877
1714079195.9734805,2.941147927884702
1714079195.9735935,3.0952853185159186
1714079195.9737065,3.2424167350486472
1714079195.9738193,3.3848771342524775
1714079195.9739323,3.5250021351708303
1714079195.974045,3.656953352468985
1714079195.974158,3.7830657429165306
1714079195.9742708,3.9080107653582536
1714079195.9743838,4.032955346284089
1714079195.9744966,4.150893953111436
1714079195.9746096,4.266496940895363
1714079195.9747226,4.380932560673466
1714079195.9748354,4.48485877778795
1714079195.9749484,4.586449375859013
1714079195.9750612,4.678698380788167
1714079195.9751742,4.763940970102945
1714079195.975287,4.842177585319236
1714079195.9754,4.914575594442861
1714079195.9755127,4.979967187952112
1714079195.9756258,5.0453587814613625
1714079195.9757388,5.102576591350414
1714079195.9758515,5.160961769245288
1714079195.9759645,5.2100057955141414
1714079195.9760773,5.255546393217863
1714079195.9761903,5.295248384828921
1714079195.976303,5.329112211863199
1714079195.976416,5.355969181767216
1714079195.976529,5.376987987094455
1714079195.976642,5.39450380537245
1714079195.9767547,5.406180576041892
1714079195.9768677,5.415522610699688
1714079195.9769807,5.420193407270643
1714079195.9770935,5.424864203841597
1714079195.9772065,5.427199381369131
1714079195.9773192,5.4236963943198875
1714079195.9774323,5.4190255977489326
1714079195.977545,5.410851814128734
1714079195.977658,5.398006792421694
1714079195.9777708,5.385162212230541
1714079195.9778838,5.369982012995967
1714079195.9779968,5.351298385196261
1714079195.9781096,5.331447389390733
1714079195.9782226,5.308093406535961
1714079195.9783354,5.2824038046377675
1714079195.9784484,5.261384999310528
1714079195.9785612,5.234527587890625
1714079195.9786742,5.2100057955141414
1714079195.978787,5.186651371143482
1714079195.9789,5.160961769245288
1714079195.979013,5.136439976868806
1714079195.9791257,5.1095825654489015
1714079195.9792387,5.079222166979754
1714079195.9793515,5.053532565081561
1714079195.9794645,5.0231721666124125
1714079195.9795773,4.990476590615732
1714079195.9796903,4.964786988717538
1714079195.979803,4.932090971204969
1714079195.979916,4.9040661917792425
1714079195.980029,4.878376589881049
1714079195.9801419,4.852686987982856
1714079195.980255,4.8269973860846624
1714079195.9803677,4.804810771235713
1714079195.9804807,4.775618182288276
1714079195.9805934,4.747592961346661
1714079195.9807065,4.718400372399224
1714079195.9808192,4.688039973930076
1714079195.9809322,4.658847384982638
1714079195.981045,4.628486986513491
1714079195.981158,4.599293956050166
1714079195.981271,4.574772163673683
1714079195.9813838,4.5502503712972
1714079195.9814968,4.525728578920718
1714079195.9816096,4.502374154550058
1714079195.9817226,4.474349375124331
1714079195.9818354,4.446324154182716
1714079195.9819484,4.413628578186035
1714079195.9820611,4.380932560673466
1714079195.9821742,4.349404352682608
1714079195.9822872,4.313205348120795
1714079195.9824,4.278174153080693
1714079195.982513,4.247813754611545
1714079195.9826257,4.212782559571442
1714079195.9827387,4.1800865420588735
1714079195.9828515,4.145055347018771
1714079195.9829645,4.107688974451135
1714079195.9830773,4.066819173318368
1714079195.9831903,4.021278134098759
1714079195.9833033,3.9687315622965493
1714079195.983416,3.918520168021873
1714079195.983529,3.865973154703776
1714079195.9836419,3.8099231543364347
1714079195.9837549,3.7550409634908037
1714079195.9838676,3.7024939501727068
1714079195.9839807,3.641772932476467
1714079195.9840934,3.583387533823649
1714079195.9842064,3.520331338599876
1714079195.9843192,3.4502687277617277
1714079195.9844322,3.3778709393960455
1714079195.9845452,3.2984667354159884
1714079195.984658,3.2178947219142207
1714079195.984771,3.1349875308849193
1714079195.9848838,3.046241733762953
1714079195.9849968,2.9586635254047535
1714079195.9851096,2.867582109239366
1714079195.9852226,2.771830117260968
1714079195.9853354,2.677245714046337
1714079195.9854484,2.5733197176897966
1714079195.9855614,2.4658905135260687
1714079195.9856741,2.35729349984063
1714079195.9857872,2.2370194947278055
1714079195.9859,2.1179132991366916
1714079195.986013,1.9929684974529123
1714079195.9861257,1.8621850896764682
1714079195.9862387,1.7302339827572857
1714079195.9863515,1.5959474775526257
1714079195.9864645,1.4593255740624886
1714079195.9865775,1.3238713697150901
1714079195.9866903,1.177907873083044
1714079195.9868033,1.0307765669292872
1714079195.986916,0.8836452607755307
1714079195.987029,0.7283400054331178
1714079195.9871418,0.5706993518052277
1714079195.9872549,0.4107232722971174
1714079195.9873676,0.24841176690878689
1714079195.9874806,0.08026172441464882
1714079195.9875937,-0.08787112655463042
1714079195.9877064,-0.2559882899125417
1714079195.9878194,-0.42527290406050505
1714079195.9879322,-0.5933900674184163
1714079195.9880452,-0.7626747091611226
1714079195.988158,-0.9377967428278039
1714079195.988271,-1.1105837645354093
1714079195.9883838,-1.2833708966219866
1714079195.9884968,-1.460827831868772
1714079195.9886096,-1.6371173991097343
1714079195.9887226,-1.8134068559717247
1714079195.9888356,-1.9885288344489203
1714079195.9889483,-2.1601484881507025
1714079195.9890614,-2.3294331850828947
1714079195.9891741,-2.49288037971214
1714079195.9892871,-2.653992617571795
1714079195.9894,-2.8139374874256275
1714079195.989513,-2.9657098982069225
1714079195.9896257,-3.1174823089882175
1714079195.9897387,-3.271589676539103
1714079195.9898517,-3.418692173781218
1714079195.9899645,-3.56462730301751
1714079195.9900775,-3.704724929950855
1714079195.9901903,-3.836650318569607
1714079195.9903033,-3.966240529660825
1714079195.990416,-4.087658281679507
1714079195.990529,-4.205573929680718
1714079195.9906418,-4.312981941081859
1714079195.9907548,-4.416887848465531
1714079195.9908679,-4.516123400794135
1714079195.9909806,-4.611856849105269
1714079195.9910936,-4.702920383877224
1714079195.9912064,-4.788146637104175
1714079195.9913194,-4.86870253527606
1714079195.9914322,-4.9445889614246505
1714079195.9915452,-5.009967750973171
1714079195.991658,-5.071843994988336
1714079195.991771,-5.123213485435203
1714079195.9918838,-5.171079988832827
1714079195.9919968,-5.21427657869127
1714079195.9921098,-5.251636328520598
1714079195.9922225,-5.2796558097556785
1714079195.9923356,-5.307675290990758
1714079195.9924483,-5.331024858686659
1714079195.9925613,-5.352039248855025
1714079195.992674,-5.3648816214667425
1714079195.9927871,-5.373054080539279
1714079195.9929,-5.381226539611816
1714079195.993013,-5.384729085145173
1714079195.993126,-5.381226539611816
1714079195.9932387,-5.376556626072636
1714079195.9933517,-5.3648816214667425
1714079195.9934645,-5.349704512843379
1714079195.9935775,-5.332192226692482
1714079195.9936903,-5.313512572535762
1714079195.9938033,-5.291330372845684
1714079195.993916,-5.267980805149785
1714079195.994029,-5.243463869448061
1714079195.994142,-5.220114301752161
1714079195.9942548,-5.194429556528727
1714079195.9943678,-5.166410075293647
1714079195.9944806,-5.13955796206439
1714079195.9945936,-5.106868567290129
1714079195.9947064,-5.075346540521692
1714079195.9948194,-5.0403224097357855
1714079195.9949322,-5.006465205439815
1714079195.9950452,-4.973775810665554
1714079195.995158,-4.942253783897117
1714079195.995271,-4.9130669346562135
1714079195.995384,-4.885047453421133
1714079195.9954967,-4.8593627081976996
1714079195.9956098,-4.830175858956796
1714079195.9957225,-4.8009885682000055
1714079195.9958355,-4.772969086964925
1714079195.9959483,-4.740279692190665
1714079195.9960613,-4.706422929410581
1714079195.996174,-4.676068270647967
1714079195.996287,-4.642211507867883
1714079195.9964,-4.614192026632804
1714079195.996513,-4.586172545397723
1714079195.996626,-4.560487800174289
1714079195.9967387,-4.541808146017569
1714079195.9968517,-4.516123400794135
1714079195.9969645,-4.4927738330982345
1714079195.9970775,-4.4659221613848645
1714079195.9971902,-4.439070048155608
1714079195.9973032,-4.408715389392993
1714079195.9974163,-4.37836073063038
1714079195.997529,-4.3491738813894765
1714079195.997642,-4.323489136166042
1714079195.9977548,-4.296637464452672
1714079195.9978678,-4.273287896756773
1714079195.9979806,-4.252273065072519
1714079195.9980936,-4.228923497376618
1714079195.9982064,-4.203238752153184
1714079195.9983194,-4.176386638923927
1714079195.9984324,-4.142529876143843
1714079195.9985452,-4.111007849375406
1714079195.9986582,-4.073648541061966
1714079195.998771,-4.037456600754349
1714079195.998884,-4.004767205980088
1714079195.9989967,-3.9685752656724715
1714079195.9991097,-3.934718502892388
1714079195.9992225,-3.899693930590594
1714079195.9993355,-3.864669799804687
1714079195.9994483,-3.82847785949707
1714079195.9995613,-3.782946092111093
1714079195.9996743,-3.736246956719292
1714079195.999787,-3.6848776870303683
1714079195.9999,-3.6311736813297975
1714079196.0000129,-3.5751344981016935
1714079196.000126,-3.516760578861943
1714079196.0002387,-3.457219070858425
1714079196.0003517,-3.398844930860731
1714079196.0004644,-3.3393036436151573
1714079196.0005774,-3.271589676539103
1714079196.0006905,-3.2038759302209923
1714079196.0008032,-3.129157092836168
1714079196.0009162,-3.05093593067593
1714079196.001029,-2.9680448549765126
1714079196.001142,-2.878148908968325
1714079196.0012548,-2.788252962960137
1714079196.0013678,-2.6925195146490024
1714079196.0014806,-2.592116152798688
1714079196.0015936,-2.49521533648173
1714079196.0017066,-2.391309649856002
1714079196.0018194,-2.2885713312360974
1714079196.0019324,-2.1811630990770126
1714079196.0020452,-2.066749996609158
1714079196.0021582,-1.9500021581296567
1714079196.002271,-1.8285841853530318
1714079196.002384,-1.7001613422676367
1714079196.0024967,-1.5705710207974468
1714079196.0026097,-1.4339758290184867
1714079196.0027225,-1.2938782020851416
1714079196.0028355,-1.1572830103061817
1714079196.0029485,-1.0136829482184515
1714079196.0030613,-0.8689154077459265
1714079196.0031743,-0.7229803888886063
1714079196.003287,-0.5723754013026202
1714079196.0034,-0.42177046890611997
1714079196.0035129,-0.2676630737604918
1714079196.0036259,-0.10655080830609356
1714079196.0037386,0.05457213286448408
1714079196.0038517,0.22038675292774482
1714079196.0039647,0.3885367954218829
1714079196.0040774,0.557854550856131
1714079196.0041904,0.7236691536726775
1714079196.0043032,0.891819209964187
1714079196.0044162,1.0564661688274806
1714079196.004529,1.2222807716440272
1714079196.004642,1.3857599761750963
1714079196.0047548,1.5550776764198584
1714079196.0048678,1.717389181808189
1714079196.0049808,1.8855392932891843
1714079196.0050936,2.056024692676685
1714079196.0052066,2.224174693778709
1714079196.0053194,2.393492504402443
1714079196.0054324,2.5546363106480348
1714079196.0055451,2.7146123073719166
1714079196.0056581,2.872253126568264
1714079196.005771,3.0217197206285262
1714079196.005884,3.166515518117834
1714079196.005997,3.3101437268433744
1714079196.0061097,3.4526043468051486
1714079196.0062227,3.591561538201791
1714079196.0063355,3.7270157425491894
1714079196.0064485,3.8601345486111107
1714079196.0065613,3.9850795710528337
1714079196.0066743,4.110024151978669
1714079196.006787,4.226794949284306
1714079196.0069,4.335391962969744
1714079196.0070128,4.432311764469853
1714079196.0071259,4.529231565969962
1714079196.0072389,4.619144951855694
1714079196.0073516,4.698549376593696
1714079196.0074646,4.783791965908474
1714079196.0075774,4.859692962081343
1714079196.0076904,4.935594399770101
1714079196.0078032,5.004488980328595
1714079196.0079162,5.072216192881266
1714079196.008029,5.125930574205186
1714079196.008142,5.179645397044994
1714079196.008255,5.224018185227005
1714079196.0083678,5.261384999310528
1714079196.0084808,5.2964161943506305
1714079196.0085936,5.324440973776357
1714079196.0087066,5.351298385196261
1714079196.0088193,5.372317190523501
1714079196.0089324,5.391000376807319
1714079196.0090451,5.403845398514359
1714079196.0091581,5.417857788227222
1714079196.0092711,5.424864203841597
1714079196.009384,5.424864203841597
1714079196.009497,5.427199381369131
1714079196.0096097,5.417857788227222
1714079196.0097227,5.407348385563603
1714079196.0098355,5.396838982899983
1714079196.0099485,5.3828265931871195
1714079196.0100613,5.366478584430835
1714079196.0101743,5.348963207668728
1714079196.010287,5.329112211863199
1714079196.0104,5.311596393585205
1714079196.010513,5.289409778736255
1714079196.0106258,5.269558782930727
1714079196.0107388,5.247372609597665
1714079196.0108516,5.221683007699472
1714079196.0109646,5.195993405801278
1714079196.0110774,5.172638981430619
1714079196.0111904,5.14227858296147
1714079196.0113032,5.114253803535743
1714079196.0114162,5.08622858259413
1714079196.0115292,5.0547003746032715
1714079196.011642,5.027842963183367
1714079196.011755,5.002153802801061
1714079196.0118678,4.975296391381158
1714079196.0119808,4.9496067894829645
1714079196.0120935,4.9227493780630605
1714079196.0122066,4.897059776164867
1714079196.0123193,4.86903499673914
1714079196.0124323,4.842177585319236
1714079196.0125453,4.8129849963717986
1714079196.012658,4.782624156386763
1714079196.0127711,4.753431567439327
1714079196.012884,4.7265741560194225
1714079196.012997,4.698549376593696
1714079196.0131097,4.675195393738923
1714079196.0132227,4.650673159846553
1714079196.0133355,4.62615136747007
1714079196.0134485,4.601629575093587
1714079196.0135615,4.572436986146149
1714079196.0136743,4.546747384247956
1714079196.0137873,4.517554353784631
1714079196.0139,4.48485877778795
1714079196.014013,4.454498379318802
1714079196.0141258,4.422970171327944
1714079196.0142388,4.391441963337085
1714079196.0143516,4.362249374389648
1714079196.0144646,4.333056343926324
1714079196.0145774,4.303863754978886
1714079196.0146904,4.272335546988028
1714079196.0148034,4.239639970991346
1714079196.0149162,4.199937979380289
1714079196.0150292,4.161403355775056
1714079196.015142,4.1205335546422885
1714079196.015255,4.074992956938567
1714079196.0153677,4.031787536762379
1714079196.0154808,3.9885825581020775
1714079196.0155935,3.9418741508766453
1714079196.0157065,3.8963335531729237
1714079196.0158195,3.848457336425781
1714079196.0159323,3.798245942151105
1714079196.0160453,3.743363751305474
1714079196.016158,3.6861459414164224
1714079196.016271,3.624257334956416
1714079196.016384,3.5541949448762113
1714079196.016497,3.487635541845251
1714079196.0166097,3.4152375327216253
1714079196.0167227,3.3393365365487555
1714079196.0168357,3.265770938661363
1714079196.0169485,3.187534323445073
1714079196.0170615,3.1081301194650153
1714079196.0171742,3.0275583267211914
1714079196.0172873,2.9376447200775146
1714079196.0174,2.8442281263845937
1714079196.017513,2.7496437231699624
1714079196.0176258,2.6445499172917115
1714079196.0177388,2.5371207131279836
1714079196.0178516,2.426188301157068
1714079196.0179646,2.3140883004223856
1714079196.0180776,2.1973175031167487
1714079196.0181904,2.078211086767691
1714079196.0183034,1.95793730241281
1714079196.0184162,1.8329923903500591
1714079196.0185292,1.702208982573615
1714079196.018642,1.5702579860334043
1714079196.018755,1.4301328747360793
1714079196.0188677,1.2865047763895106
1714079196.0189807,1.141708868521231
1714079196.0190938,0.98990676579652
1714079196.0192065,0.8369369087395844
1714079196.0193195,0.680463954254433
1714079196.0194323,0.5216556014838042
1714079196.0195453,0.3663503461413913
1714079196.019658,0.2052065398957994
1714079196.019771,0.04639817332779919
1714079196.0198839,-0.11472317079703012
1714079196.019997,-0.2840077987423649
1714079196.02011,-0.4497900053306862
1714079196.0202227,-0.6190746470733924
1714079196.0203357,-0.7918617239704838
1714079196.0204484,-0.9646487456780892
1714079196.0205615,-1.1397708345342565
1714079196.0206742,-1.3113903778570668
1714079196.0207872,-1.4795075964044642
1714079196.0209,-1.6511271397272744
1714079196.021013,-1.8145743343565197
1714079196.021126,-1.98152396414015
1714079196.0212388,-2.147306336296929
1714079196.0213518,-2.3130884876957643
1714079196.0214646,-2.4812055958641897
1714079196.0215776,-2.643485422487612
1714079196.0216904,-2.8104349418922707
1714079196.0218034,-2.9680448549765126
1714079196.0219162,-3.127989504072401
1714079196.0220292,-3.278594546847873
1714079196.022142,-3.425697044089988
1714079196.022255,-3.5681296277929233
1714079196.022368,-3.702389973181265
1714079196.0224807,-3.8354825090478966
1714079196.0225937,-3.958068070588288
1714079196.0227065,-4.0829883681403265
1714079196.0228195,-4.198568838614005
1714079196.0229323,-4.315317118609393
1714079196.0230453,-4.422725130010534
1714079196.023158,-4.525463227872495
1714079196.023271,-4.62236448570534
1714079196.023384,-4.711092842949761
1714079196.0234969,-4.793983918649179
1714079196.0236099,-4.86870253527606
1714079196.0237226,-4.941086415891294
1714079196.0238357,-4.999460555888988
1714079196.0239484,-5.061336799904152
1714079196.0240614,-5.111538480829309
1714079196.0241742,-5.159404984226933
1714079196.0242872,-5.204936751612911
1714079196.0244002,-5.243463869448061
1714079196.024513,-5.277320632228145
1714079196.024626,-5.303005377451578
1714079196.0247388,-5.326354945147479
1714079196.0248518,-5.342699421776665
1714079196.0249646,-5.352039248855025
1714079196.0250776,-5.361379075933385
1714079196.0251904,-5.363714253460919
1714079196.0253034,-5.362546885455096
1714079196.0254161,-5.357876971915916
1714079196.0255291,-5.352039248855025
1714079196.0256422,-5.341532053770842
1714079196.025755,-5.328689681159125
1714079196.025868,-5.320517663602476
1714079196.0259807,-5.301837567929868
1714079196.0260937,-5.286660459306504
1714079196.0262065,-5.265646069138138
1714079196.0263195,-5.244631237453884
1714079196.0264323,-5.217779124224627
1714079196.0265453,-5.188592274983724
1714079196.0266583,-5.158237616221109
1714079196.026771,-5.127883398974383
1714079196.026884,-5.099863917739302
1714079196.0269969,-5.0671740814491555
1714079196.0271099,-5.0403224097357855
1714079196.0272226,-5.011135118978994
1714079196.0273356,-4.983115637743914
1714079196.0274484,-4.956263524514657
1714079196.0275614,-4.922406761734574
1714079196.0276744,-4.89321991249367
1714079196.0277872,-4.855860162664342
1714079196.0279002,-4.823170767890082
1714079196.028013,-4.788146637104175
1714079196.028126,-4.754289432808204
1714079196.0282388,-4.722767406039767
1714079196.0283518,-4.697083102332221
1714079196.0284646,-4.671398357108787
1714079196.0285776,-4.650383966940421
1714079196.0286903,-4.62236448570534
1714079196.0288033,-4.5990144764935526
1714079196.0289164,-4.570994995258472
1714079196.0290291,-4.539473410005923
1714079196.0291421,-4.509118751243308
1714079196.029255,-4.477596724474871
1714079196.029368,-4.449577243239791
1714079196.0294807,-4.420390393998887
1714079196.0295937,-4.400542930320457
1714079196.0297065,-4.379528540152091
1714079196.0298195,-4.357346340462013
1714079196.0299325,-4.333996772766113
1714079196.0300453,-4.309479395548502
1714079196.0301583,-4.284962459846779
1714079196.030271,-4.254608242600052
1714079196.030384,-4.224253583837438
1714079196.0304968,-4.191564189063178
1714079196.0306098,-4.161209530300564
1714079196.0307226,-4.13202268105966
1714079196.0308356,-4.100500654291223
1714079196.0309486,-4.074815909067789
1714079196.0310614,-4.044461691821063
1714079196.0311744,-4.017609578591806
1714079196.0312872,-3.9849201838175454
1714079196.0314002,-3.9463930659823947
1714079196.031513,-3.9066990216573076
1714079196.031626,-3.8599998862655074
1714079196.0317388,-3.81446811887953
1714079196.0318518,-3.7642664379543724
1714079196.0319648,-3.7187346705683955
1714079196.0320776,-3.668532989643238
1714079196.0321906,-3.6194986767239037
1714079196.0323033,-3.5681296277929233
1714079196.0324163,-3.515592990098176
1714079196.032529,-3.4583864388642485
1714079196.0326421,-3.397677562854908
1714079196.032755,-3.3299635957788536
1714079196.032868,-3.2575799359215627
1714079196.0329807,-3.1851960553063283
1714079196.0330937,-3.1081424819098578
1714079196.0332067,-3.02525140621044
1714079196.0333195,-2.9470302440502025
1714079196.0334325,-2.862971579587018
1714079196.0335453,-2.776577958354243
1714079196.0336583,-2.6866820123460555
1714079196.033771,-2.596786066337868
1714079196.033884,-2.4963829252454968
1714079196.0339968,-2.3948119746314154
1714079196.0341098,-2.2862363744665073
1714079196.0342228,-2.1706559039928295
1714079196.0343356,-2.0562428015249745
1714079196.0344486,-1.9336574607425265
1714079196.0345614,-1.8134068559717247
1714079196.0346744,-1.6849840128863298
1714079196.0347872,-1.5565612801799067
1714079196.0349002,-1.4246360019401267
1714079196.035013,-1.2903757669307567
1714079196.035126,-1.1537805751517967
1714079196.035239,-1.0090130346792714
1714079196.0353518,-0.8619105374371563
1714079196.0354648,-0.7101380714663752
1714079196.0355775,-0.5513607903763099
1714079196.0356905,-0.39258345409675877
1714079196.0358033,-0.23147118864236052
1714079196.0359163,-0.06802396641837226
1714079196.036029,0.09660964348801859
1714079196.036142,0.260088841120402
1714079196.036255,0.4235680732462141
1714079196.036368,0.5905504028002421
1714079196.036481,0.7528619081885726
1714079196.0365937,0.9198442101478576
1714079196.0367067,1.0879942664393671
1714079196.0368195,1.2608151744913172
1714079196.0369325,1.4336359721642953
1714079196.0370452,1.6087922785017224
1714079196.0371583,1.7804454874109337
1714079196.037271,1.9474278997491905
1714079196.037384,2.116745489614981
1714079196.037497,2.2755538975750955
1714079196.0376098,2.437865513342398
1714079196.0377228,2.594338302259092
1714079196.0378356,2.750811311933729
1714079196.0379486,2.907284321608367
1714079196.0380614,3.0602541234758163
1714079196.0381744,3.2143917348649764
1714079196.0382872,3.3673615367324263
1714079196.0384002,3.5191635290781655
1714079196.0385132,3.6581209412327516
1714079196.038626,3.7947429551018605
1714079196.038739,3.9231909645928273
1714079196.0388517,4.044632558469419
1714079196.0389647,4.161403355775056
1714079196.0390775,4.273503356509738
1714079196.0391905,4.383268179716887
1714079196.0393033,4.48602658730966
1714079196.0394163,4.587617185380723
1714079196.0395293,4.684536986880832
1714079196.039642,4.775618182288276
1714079196.039755,4.8585255940755205
1714079196.0398679,4.935594399770101
1714079196.039981,5.004488980328595
1714079196.0400937,5.0640419677451805
1714079196.0402067,5.120091968112521
1714079196.0403194,5.170303803903085
1714079196.0404325,5.21701176961263
1714079196.0405452,5.259049380267108
1714079196.0406582,5.295248384828921
1714079196.0407712,5.331447389390733
1714079196.040884,5.36063997833817
1714079196.040997,5.3874973897580745
1714079196.0411098,5.408516195085313
1714079196.0412228,5.420193407270643
1714079196.0413356,5.431870177940086
1714079196.0414486,5.4377087840327505
1714079196.0415614,5.438876593554461
1714079196.0416744,5.434205796983506
1714079196.0417874,5.4283671908908415
1714079196.0419002,5.426032013363308
1714079196.0420132,5.4143548011779785
1714079196.042126,5.403845398514359
1714079196.042239,5.389833008801495
1714079196.0423517,5.375820177572744
1714079196.0424647,5.359472610332348
1714079196.0425775,5.340788982532642
1714079196.0426905,5.319770177205403
1714079196.0428035,5.295248384828921
1714079196.0429163,5.271894401974148
1714079196.0430293,5.245036990554244
1714079196.043142,5.21934738865605
1714079196.043255,5.188986990186903
1714079196.0433679,5.16563300733213
1714079196.0434809,5.137607786390516
1714079196.0435936,5.1095825654489015
1714079196.0437067,5.083893405066596
1714079196.0438194,5.058203803168403
1714079196.0439324,5.032514201270209
1714079196.0440454,5.003321170806885
1714079196.0441582,4.974128581859447
1714079196.0442712,4.94493599291201
1714079196.044384,4.9134077849211515
1714079196.044497,4.879544399402759
1714079196.0446098,4.855022165510389
1714079196.0447228,4.825829576562952
1714079196.0448356,4.798972165143048
1714079196.0449486,4.770947385717321
1714079196.0450616,4.746425593340838
1714079196.0451744,4.723071168970178
1714079196.0452874,4.697381567071985
1714079196.0454001,4.672859774695502
1714079196.0455132,4.642499376226354
1714079196.045626,4.61447415528474
1714079196.045739,4.584113756815592
1714079196.0458517,4.5537533583464445
1714079196.0459647,4.525728578920718
1714079196.0460777,4.500038977022524
1714079196.0461905,4.475517184646041
1714079196.0463035,4.4486597732261375
1714079196.0464163,4.422970171327944
1714079196.0465293,4.394944950386329
1714079196.046642,4.364584551917182
1714079196.046755,4.3307211663987895
1714079196.0468678,4.294522161836977
1714079196.0469809,4.255987979747631
1714079196.0470939,4.2162855466206866
1714079196.0472066,4.176583555009629
1714079196.0473197,4.138049372920284
1714079196.0474324,4.10068255883676
1714079196.0475454,4.0609805672257036
1714079196.0476582,4.018942956571226
1714079196.0477712,3.974570168389214
1714079196.047884,3.927861761163782
1714079196.047997,3.874146938323974
1714079196.0481098,3.8216003665217646
1714079196.0482228,3.7597117600617582
1714079196.0483358,3.7036615389364735
1714079196.0484486,3.6382699454272234
1714079196.0485616,3.5787167372526945
1714079196.0486743,3.5133251437434443
1714079196.0487874,3.4467657407124834
1714079196.0489001,3.3778709393960455
1714079196.0490131,3.3078083285578974
1714079196.049126,3.2295719340995506
1714079196.049239,3.1443291240268283
1714079196.049352,3.0602541234758163
1714079196.0494647,2.9703405168321395
1714079196.0495777,2.8757561136175083
1714079196.0496905,2.7788363121174
1714079196.0498035,2.677245714046337
1714079196.0499163,2.5756551159752736
1714079196.0500293,2.470561310097023
1714079196.050142,2.3654675042187723
1714079196.050255,2.2568707112912776
1714079196.050368,2.1377642949422198
1714079196.0504808,2.020993497636583
1714079196.0505939,1.8937132976673265
1714079196.0507066,1.7652652881763597
1714079196.0508196,1.6309787829717
1714079196.0509324,1.4920214811960855
1714079196.0510454,1.3542318785632097
1714079196.0511582,1.2094359706949305
1714079196.0512712,1.0658077619693898
1714079196.051384,0.9175088118623803
1714079196.051497,0.7703775057086237
1714079196.05161,0.6162400046984354
1714079196.0517228,0.4609347493560226
1714079196.0518358,0.298623243967692
1714079196.0519485,0.13631173857936152
1714079196.0520616,-0.028329637522498764
1714079196.0521743,-0.2022841876303708
1714079196.0522873,-0.3715688155757056
1714079196.0524,-0.5443559200675399
1714079196.0525131,-0.7148079850055553
1714079196.0526261,-0.8852601051330565
1714079196.052739,-1.058047237219634
1714079196.052852,-1.227331823772854
1714079196.0529647,-1.4001188454804596
1714079196.0530777,-1.5670685856430617
1714079196.0531905,-1.7410230857354623
1714079196.0533035,-1.9103076722886827
1714079196.0534163,-2.0830949147542315
1714079196.0535293,-2.25237939092848
1714079196.0536423,-2.4216640878606723
1714079196.053755,-2.5874462392595077
1714079196.053868,-2.746223520349573
1714079196.0539808,-2.903833433433815
1714079196.0540938,-3.05560584421511
1714079196.0542066,-3.2027083414572255
1714079196.0543196,-3.3486434706935175
1714079196.0544324,-3.4887410976268627
1714079196.0545454,-3.6288387245602074
1714079196.0546582,-3.761931260426839
1714079196.0547712,-3.8973591945789474
1714079196.0548842,-4.021112124125162
1714079196.054997,-4.146032421677201
1714079196.05511,-4.258110346617522
1714079196.0552227,-4.366686167540373
1714079196.0553358,-4.469424265402335
1714079196.0554485,-4.562822977701822
1714079196.0555615,-4.6550538804796
1714079196.0556743,-4.736777146657308
1714079196.0557873,-4.8173334863450785
1714079196.0559003,-4.8920521029719595
1714079196.056013,-4.9609334380538375
1714079196.056126,-5.027480037124068
1714079196.056239,-5.085853735605875
1714079196.056352,-5.13955796206439
1714079196.0564647,-5.185089729450366
1714079196.0565777,-5.22361640576963
1714079196.0566905,-5.2586409780714245
1714079196.0568035,-5.286660459306504
1714079196.0569165,-5.311177836524116
1714079196.0570292,-5.327522313153302
1714079196.0571423,-5.342699421776665
1714079196.057255,-5.349704512843379
1714079196.057368,-5.354374426382559
1714079196.0574808,-5.357876971915916
1714079196.0575938,-5.356709162394205
1714079196.0577066,-5.354374426382559
1714079196.0578196,-5.347369335315845
1714079196.0579326,-5.336862140231662
1714079196.0580454,-5.319349854080765
1714079196.0581584,-5.304172745457402
1714079196.0582712,-5.281990545767324
1714079196.0583842,-5.259808346077247
1714079196.058497,-5.239961323914704
1714079196.05861,-5.215444388212981
1714079196.0587227,-5.1897596429895465
1714079196.0588357,-5.160572793748643
1714079196.0589485,-5.13488804852521
1714079196.0590615,-5.111538480829309
1714079196.0591745,-5.0835189995942285
1714079196.0592873,-5.059002063892505
1714079196.0594003,-5.0251448595965345
1714079196.059513,-4.997125378361455
1714079196.059626,-4.963268615581371
1714079196.0597389,-4.928244043279577
1714079196.059852,-4.89672201651114
1714079196.0599647,-4.862865253731056
1714079196.0600777,-4.834845772495976
1714079196.0601907,-4.809161027272542
1714079196.0603034,-4.781141546037461
1714079196.0604165,-4.757791978341562
1714079196.0605292,-4.729772497106481
1714079196.0606422,-4.702920383877224
1714079196.060755,-4.67256572511461
1714079196.060868,-4.638708962334527
1714079196.0609808,-4.6083547450878
1714079196.0610938,-4.576832718319363
1714079196.0612068,-4.546478059556748
1714079196.0613196,-4.520793314333315
1714079196.0614326,-4.498611556159125
1714079196.0615454,-4.474094178941514
1714079196.0616584,-4.450744611245614
1714079196.0617712,-4.430897589083071
1714079196.0618842,-4.404045475853814
1714079196.061997,-4.37836073063038
1714079196.06211,-4.34683914537783
1714079196.0622227,-4.315317118609393
1714079196.0623357,-4.287297637374312
1714079196.0624487,-4.255775610605875
1714079196.0625615,-4.230090865382442
1714079196.0626745,-4.203238752153184
1714079196.0627873,-4.181056552463107
1714079196.0629003,-4.156539616761384
1714079196.063013,-4.13202268105966
1714079196.063126,-4.101668022297047
1714079196.0632389,-4.070145995528609
1714079196.0633519,-4.036289232748526
1714079196.0634649,-3.9954273789017285
1714079196.0635777,-3.958068070588288
1714079196.0636907,-3.917206216741491
1714079196.0638034,-3.8798469084280507
1714079196.0639164,-3.84248760011461
1714079196.0640292,-3.802793114273636
1714079196.0641422,-3.7654338059601957
1714079196.064255,-3.7199020385742183
1714079196.064368,-3.6720353144186513
1714079196.064481,-3.6206662654876705
1714079196.0645938,-3.56229234624792
1714079196.0647068,-3.5027508382444026
1714079196.0648196,-3.438539416701705
1714079196.0649326,-3.370825449625651
1714079196.0650454,-3.3019441145437733
1714079196.0651584,-3.2342303682256626
1714079196.0652711,-3.1641814443800182
1714079196.0653841,-3.0906301957589606
1714079196.0654972,-3.01357662236249
1714079196.06561,-2.933020503432662
1714079196.065723,-2.8501294277332447
1714079196.0658357,-2.7567309361917
1714079196.0659487,-2.6633324446501554
1714079196.0660615,-2.5629290827998408
1714079196.0661745,-2.459023396174113
1714079196.0662873,-2.355117709548385
1714079196.0664003,-2.2465421093834768
1714079196.066513,-2.137966288460625
1714079196.066626,-2.0247207747565374
1714079196.066739,-1.9103076722886827
1714079196.0668519,-1.7912247666606196
1714079196.0669649,-1.6674718371144046
1714079196.0670776,-1.5413839507985998
1714079196.0671906,-1.4082913045529966
1714079196.0673034,-1.2705286343892415
1714079196.0674164,-1.1280960506863063
1714079196.0675292,-0.9891659021377562
1714079196.0676422,-0.8385609145517702
1714079196.0677552,-0.686788503770475
1714079196.067868,-0.5373509945692839
1714079196.067981,-0.3855785837879887
1714079196.0680938,-0.23030371025756552
1714079196.0682068,-0.07386136524103305
1714079196.0683196,0.08376484943760765
1714079196.0684326,0.24957946605152553
1714079196.0685453,0.41422639732007627
1714079196.0686584,0.5905504028002421
1714079196.0687714,0.7598681582344903
1714079196.0688841,0.9338567654291788
1714079196.0689971,1.106677563102157
1714079196.06911,1.2759953737258911
1714079196.069223,1.4441453748279147
1714079196.0693357,1.615798583737126
1714079196.0694487,1.7792777882681952
1714079196.0695615,1.9427568824202925
1714079196.0696745,2.1085717059947826
1714079196.0697873,2.2743863088113287
1714079196.0699003,2.4402009116278753
1714079196.0700133,2.6048477049227112
1714079196.070126,2.7694947189754906
1714079196.070239,2.9283031269356052
1714079196.0703518,3.0847759158522994
1714079196.0704648,3.2319073323850276
1714079196.0705776,3.373200142825091
1714079196.0706906,3.5133251437434443
1714079196.0708034,3.644108551519888
1714079196.0709164,3.776059327302155
1714079196.0710294,3.903339968787299
1714079196.0711422,4.030620168756555
1714079196.0712552,4.152061762633147
1714079196.071368,4.2711681789822045
1714079196.071481,4.383268179716887
1714079196.0715938,4.488361764837194
1714079196.0717068,4.586449375859013
1714079196.0718195,4.6763627617447465
1714079196.0719326,4.762773160581236
1714079196.0720456,4.838674598269992
1714079196.0721583,4.91107216587773
1714079196.0722713,4.981134997473823
1714079196.072384,5.047694400504783
1714079196.0724971,5.111918184492323
1714079196.07261,5.16563300733213
1714079196.072723,5.222850375705295
1714079196.0728357,5.268390973409017
1714079196.0729487,5.310428584063494
1714079196.0730617,5.343124601576063
1714079196.0731745,5.3688142034742565
1714079196.0732875,5.3921681863290285
1714079196.0734003,5.406180576041892
1714079196.0735133,5.4236963943198875
1714079196.073626,5.431870177940086
1714079196.073739,5.438876593554461
1714079196.0738518,5.442379580603705
1714079196.0739648,5.442379580603705
1714079196.0740776,5.441212212597882
1714079196.0741906,5.431870177940086
1714079196.0743036,5.4236963943198875
1714079196.0744164,5.407348385563603
1714079196.0745294,5.395671614894161
1714079196.0746422,5.374652809566921
1714079196.0747552,5.353634004239683
1714079196.074868,5.333783008434154
1714079196.074981,5.312764203106915
1714079196.0750937,5.289409778736255
1714079196.0752068,5.261384999310528
1714079196.0753198,5.24036619398329
1714079196.0754325,5.212340973041675
1714079196.0755455,5.190154799708614
1714079196.0756583,5.16563300733213
1714079196.0757713,5.1411107734397605
1714079196.075884,5.114253803535743
1714079196.075997,5.08622858259413
1714079196.07611,5.055868184124981
1714079196.076223,5.026675595177545
1714079196.076336,4.99865037423593
1714079196.0764487,4.969457785288492
1714079196.0765617,4.942600373868589
1714079196.0766745,4.915742962448685
1714079196.0767875,4.892388979593912
1714079196.0769002,4.86903499673914
1714079196.0770133,4.843345394840947
1714079196.077126,4.818823160948576
1714079196.077239,4.788462762479429
1714079196.0773518,4.755767186482747
1714079196.0774648,4.7265741560194225
1714079196.0775778,4.695046389544451
1714079196.0776906,4.668188978124547
1714079196.0778036,4.6401637571829335
1714079196.0779164,4.613306787278916
1714079196.0780294,4.5899523629082575
1714079196.0781422,4.563094951488353
1714079196.0782552,4.539740968633581
1714079196.078368,4.511715747691967
1714079196.078481,4.482523158744529
1714079196.078594,4.450994950753671
1714079196.0787067,4.415963755713569
1714079196.0788198,4.383268179716887
1714079196.0789325,4.350572162204318
1714079196.0790455,4.314373157642505
1714079196.0791583,4.281677581645824
1714079196.0792713,4.2524845511825
1714079196.079384,4.2162855466206866
1714079196.079497,4.1847573386298285
1714079196.07961,4.145055347018771
1714079196.079723,4.105353355407715
1714079196.079836,4.059812757703993
1714079196.0799487,4.01310435047856
1714079196.0800617,3.964060765725595
1714079196.0801744,3.9150167394567417
1714079196.0802875,3.863637535660355
1714079196.0804002,3.811090963858145
1714079196.0805132,3.7608791280675815
1714079196.080626,3.7048291277002403
1714079196.080739,3.6499469368546094
1714079196.080852,3.5868907416308367
1714079196.0809648,3.5214991481215865
1714079196.0810778,3.4537719355689154
1714079196.0811906,3.3755355411105685
1714079196.0813036,3.299634324179755
1714079196.0814164,3.2202301201996977
1714079196.0815294,3.132652132599442
1714079196.0816422,3.0485771320484303
1714079196.0817552,2.9586635254047535
1714079196.0818682,2.867582109239366
1714079196.081981,2.777668723353633
1714079196.082094,2.6749103157608594
1714079196.0822067,2.5733197176897966
1714079196.0823197,2.4670581022898355
1714079196.0824325,2.3537905127913863
1714079196.0825455,2.2358519059640387
1714079196.0826583,2.113242502565737
1714079196.0827713,1.9871298913602475
1714079196.0828843,1.861017280154758
1714079196.082997,1.732569381042763
1714079196.08311,1.5982829862170749
1714079196.0832229,1.4639964810124149
1714079196.0833359,1.326206878379539
1714079196.0834486,1.1825786696539984
1714079196.0835617,1.0377827617857192
1714079196.0836744,0.8871483582037466
1714079196.0837874,0.7318431580508197
1714079196.0839005,0.5765379027084068
1714079196.0840132,0.41305867058259466
1714079196.0841262,0.24841176690878689
1714079196.084239,0.08843568050199084
1714079196.084352,-0.07853128567889885
1714079196.0844648,-0.2443134784698486
1714079196.0845778,-0.4100956574634269
1714079196.0846906,-0.5805478051856712
1714079196.0848036,-0.7474974349693015
1714079196.0849164,-0.9214519902511878
1714079196.0850294,-1.093071588763484
1714079196.0851424,-1.2693611560044464
1714079196.0852551,-1.4444831344816418
1714079196.0853682,-1.6219401801073992
1714079196.085481,-1.7958946801997997
1714079196.085594,-1.9698491802922
1714079196.0857067,-2.1391338772243924
1714079196.0858197,-2.3060836173869945
1714079196.0859325,-2.46953081201624
1714079196.0860455,-2.6318104178817183
1714079196.0861585,-2.7940902445051403
1714079196.0862713,-2.9505325688256154
1714079196.0863843,-3.1058075251402677
1714079196.086497,-3.263417217466566
1714079196.08661,-3.415189849005805
1714079196.0867229,-3.561124757484153
1714079196.0868359,-3.7012223844174983
1714079196.0869486,-3.8343151410420733
1714079196.0870616,-3.9650727201391147
1714079196.0871747,-4.08532354566786
1714079196.0872874,-4.203238752153184
1714079196.0874004,-4.314149309087682
1714079196.0875132,-4.416887848465531
1714079196.0876262,-4.520793314333315
1714079196.087739,-4.615359394638626
1714079196.087852,-4.708757665422227
1714079196.0879648,-4.795151286655002
1714079196.0880778,-4.871037712803593
1714079196.0881906,-4.941086415891294
1714079196.0883036,-5.011135118978994
1714079196.0884166,-5.068341890970865
1714079196.0885293,-5.118543571896023
1714079196.0886424,-5.16757744329947
1714079196.0887551,-5.20610456113462
1714079196.0888681,-5.244631237453884
1714079196.088981,-5.277320632228145
1714079196.089094,-5.305340113463225
1714079196.0892067,-5.326354945147479
1714079196.0893197,-5.348537144837556
1714079196.0894327,-5.360211707927562
1714079196.0895455,-5.371886712533456
1714079196.0896585,-5.376556626072636
1714079196.0897713,-5.377723994078459
1714079196.0898843,-5.375388816550926
1714079196.089997,-5.367216798994276
1714079196.09011,-5.354374426382559
1714079196.0902228,-5.341532053770842
1714079196.0903358,-5.324019767619945
1714079196.0904489,-5.306507481469048
1714079196.0905616,-5.288995636834038
1714079196.0906746,-5.267980805149785
1714079196.0907874,-5.246966414981418
1714079196.0909004,-5.224784215291341
1714079196.0910132,-5.2002668380737305
1714079196.0911262,-5.17224735683865
1714079196.091239,-5.143060507597746
1714079196.091352,-5.110371112823486
1714079196.091465,-5.0776817180492255
1714079196.0915778,-5.042657145747432
1714079196.0916908,-5.008800382967348
1714079196.0918036,-4.978445724204734
1714079196.0919166,-4.946923697436297
1714079196.0920293,-4.917736848195394
1714079196.0921423,-4.8920521029719595
1714079196.092255,-4.861697885725233
1714079196.0923681,-4.834845772495976
1714079196.092481,-4.804491113733362
1714079196.092594,-4.769466982947455
1714079196.092707,-4.737944956179018
1714079196.0928197,-4.704087751883048
1714079196.0929327,-4.674900902642144
1714079196.0930455,-4.643378875873706
1714079196.0931585,-4.61769457216616
1714079196.0932713,-4.596679740481906
1714079196.0933843,-4.5721628047801826
1714079196.093497,-4.549980605090106
1714079196.09361,-4.527798405400029
1714079196.093723,-4.499778924164948
1714079196.0938358,-4.471759442929868
1714079196.0939488,-4.441404784167254
1714079196.0940616,-4.411050566920528
1714079196.0941746,-4.38419845369127
1714079196.0942874,-4.357346340462013
1714079196.0944004,-4.330494227232756
1714079196.0945132,-4.312981941081859
1714079196.0946262,-4.287297637374312
1714079196.0947392,-4.266282805690059
1714079196.094852,-4.2429332379941584
1714079196.094965,-4.211411211225721
1714079196.0950778,-4.179889184457284
1714079196.0951908,-4.148367157688847
1714079196.0953035,-4.111007849375406
1714079196.0954165,-4.079485822606969
1714079196.0955293,-4.039791778281883
1714079196.0956423,-4.007102383507623
1714079196.095755,-3.9732451792116517
1714079196.095868,-3.9405557844373913
1714079196.0959811,-3.904363844129774
1714079196.096094,-3.8670045358163336
1714079196.096207,-3.82380794595789
1714079196.0963197,-3.778276178571913
1714079196.0964327,-3.7292418656525785
1714079196.0965455,-3.677872816721598
1714079196.0966585,-3.6241688110210277
1714079196.0967712,-3.56929721655669
1714079196.0968843,-3.513258033328586
1714079196.0969973,-3.4583864388642485
1714079196.09711,-3.402347476394088
1714079196.097223,-3.3393036436151573
1714079196.0973358,-3.276259590078283
1714079196.0974488,-3.2062108869905823
1714079196.0975616,-3.133827006375348
1714079196.0976746,-3.05560584421511
1714079196.0977874,-2.971547179751926
1714079196.0979004,-2.886321147282918
1714079196.0980134,-2.795257833268907
1714079196.0981262,-2.7018593417273626
1714079196.0982392,-2.610795806955408
1714079196.098352,-2.512727622632627
1714079196.098465,-2.4158265855577254
1714079196.0985777,-2.3142558557015875
1714079196.0986907,-2.2068476235425027
1714079196.0988035,-2.093602109838415
1714079196.0989165,-1.975686682595147
1714079196.0990295,-1.851933753048932
1714079196.0991423,-1.7281808235027172
1714079196.0992553,-1.5939205884933472
1714079196.099368,-1.459660353483977
1714079196.099481,-1.327735075244197
1714079196.0995939,-1.186469969926057
1714079196.099707,-1.048707299762302
1714079196.0998197,-0.9062747712488527
1714079196.0999327,-0.7568373172371475
1714079196.1000454,-0.6109022431903415
1714079196.1001585,-0.4579623540242513
1714079196.1002715,-0.3026874804938281
1714079196.1003842,-0.14274269342422485
1714079196.1004972,0.020708583502305877
1714079196.10061,0.18418778975804645
1714079196.100723,0.3511701193120744
1714079196.1008358,0.5181524488661023
1714079196.1009488,0.6839671068721347
1714079196.1010616,0.8439431587855021
1714079196.1011746,1.010925460744787
1714079196.1012876,1.1732369661331177
1714079196.1014004,1.335548471521448
1714079196.1015134,1.5060339812879209
1714079196.1016262,1.6741839823899445
1714079196.1017392,1.8423340938709398
1714079196.101852,2.0139873027801514
1714079196.101965,2.1809694943604643
1714079196.1020777,2.347951906698721
1714079196.1021907,2.5125986999935574
1714079196.1023037,2.6690717096681946
1714079196.1024165,2.823209321057355
1714079196.1025295,2.977346932446515
1714079196.1026423,3.1221427299358226
1714079196.1027553,3.2716093239960844
1714079196.102868,3.4152375327216253
1714079196.102981,3.558865741447166
1714079196.1030939,3.701326140650996
1714079196.1032069,3.8367805657563383
1714079196.1033196,3.9675637527748386
1714079196.1034327,4.091340965694851
1714079196.1035457,4.206943953478778
1714079196.1036584,4.315540967164216
1714079196.1037714,4.418299374756989
1714079196.1038842,4.514051366735387
1714079196.1039972,4.607468181186252
1714079196.10411,4.696213757550274
1714079196.104223,4.777953359815809
1714079196.1043358,4.8585255940755205
1714079196.1044488,4.935594399770101
1714079196.1045618,5.003321170806885
1714079196.1046746,5.0687127643161345
1714079196.1047876,5.124763206199363
1714079196.1049004,5.172638981430619
1714079196.1050134,5.215844401606807
1714079196.1051261,5.249707787125199
1714079196.1052392,5.284738982165301
1714079196.105352,5.315099380634448
1714079196.105465,5.340788982532642
1714079196.105578,5.366478584430835
1714079196.1056907,5.385162212230541
1714079196.1058037,5.4015097794709375
1714079196.1059165,5.413186991656268
1714079196.1060295,5.4190255977489326
1714079196.1061423,5.421360775276466
1714079196.1062553,5.4190255977489326
1714079196.106368,5.4143548011779785
1714079196.106481,5.407348385563603
1714079196.106594,5.395671614894161
1714079196.1067069,5.38399440270883
1714079196.1068199,5.37114938100179
1714079196.1069326,5.353634004239683
1714079196.1070457,5.338453805005108
1714079196.1071584,5.319770177205403
1714079196.1072714,5.301086990921585
1714079196.1073842,5.281235995116057
1714079196.1074972,5.256714202739574
1714079196.10761,5.235695397412335
1714079196.107723,5.207670176470721
1714079196.107836,5.179645397044994
1714079196.1079488,5.153955795146801
1714079196.1080618,5.123595396677652
1714079196.1081746,5.092067188686794
1714079196.1082876,5.06520977726689
1714079196.1084003,5.040687984890408
1714079196.1085134,5.0138305734705035
1714079196.1086261,4.9869731620506
1714079196.1087391,4.9589483826248735
1714079196.1088521,4.932090971204969
1714079196.108965,4.905233559785065
1714079196.109078,4.876040970837628
1714079196.1091907,4.843345394840947
1714079196.1093037,4.8176557929427535
1714079196.1094165,4.784959775430185
1714079196.1095295,4.761605792575412
1714079196.1096423,4.733580571633798
1714079196.1097553,4.707890969735605
1714079196.1098683,4.684536986880832
1714079196.109981,4.663518181553593
1714079196.110094,4.633157783084445
1714079196.1102068,4.609803358713785
1714079196.1103199,4.582946388809769
1714079196.1104326,4.551418180818911
1714079196.1105456,4.523392959877296
1714079196.1106584,4.491864751886438
1714079196.1107714,4.4626721629390005
1714079196.1108842,4.433479573991563
1714079196.1109972,4.404286985044126
1714079196.1111102,4.378597383145933
1714079196.111223,4.349404352682608
1714079196.111336,4.31904395421346
1714079196.1114488,4.287515746222602
1714079196.1115618,4.247813754611545
1714079196.1116745,4.210446940528022
1714079196.1117876,4.170744948916965
1714079196.1119003,4.125204351213243
1714079196.1120133,4.085502359602186
1714079196.1121264,4.039961761898464
1714079196.1122391,3.995588973716453
1714079196.1123521,3.954719172583686
1714079196.112465,3.9080107653582536
1714079196.112578,3.8601345486111107
1714079196.1126907,3.808755344814724
1714079196.1128037,3.7515375349256725
1714079196.1129165,3.693152136272854
1714079196.1130295,3.6265927332418935
1714079196.1131425,3.5623689492543535
1714079196.1132553,3.4911385288944947
1714079196.1133683,3.4234115370997675
1714079196.113481,3.352181337497852
1714079196.113594,3.2774479300887496
1714079196.1137068,3.203882332201357
1714079196.1138198,3.1256457169850664
1714079196.1139326,3.041570716434055
1714079196.1140456,2.955160317597566
1714079196.1141584,2.8605759143829346
1714079196.1142714,2.762488524119059
1714079196.1143844,2.66440091309724
1714079196.1144972,2.5558041201697455
1714079196.1146102,2.4495425047697843
1714079196.114723,2.339777902320579
1714079196.114836,2.2265100920641863
1714079196.1149487,2.1109071042802596
1714079196.1150618,1.991800687931202
1714079196.1151745,1.866855886247423
1714079196.1152875,1.7372402879926891
1714079196.1154006,1.6041214819307679
1714079196.1155133,1.4651641801551536
1714079196.1156263,1.3203682722868741
1714079196.115739,1.1744046652758562
1714079196.115852,1.0237702616938837
1714079196.115965,0.8708004598264341
1714079196.116078,0.7166629036267598
1714079196.1161907,0.5590222499988697
1714079196.1163037,0.4025492955137182
1714079196.1164167,0.24257321600560788
1714079196.1165295,0.07909401147453873
1714079196.1166425,-0.08553616978504039
1714079196.1167552,-0.25482081152774666
1714079196.1168683,-0.422937947290915
1714079196.116981,-0.5968925025728014
1714079196.117094,-0.7731820146242777
1714079196.1172068,-0.9494715266757541
1714079196.1173198,-1.1234260267681544
1714079196.1174328,-1.2997155940091167
1714079196.1175456,-1.466665223792747
1714079196.1176586,-1.6406198342641194
1714079196.1177714,-1.8087369424325448
1714079196.1178844,-1.975686682595147
1714079196.1179972,-2.148473704302752
1714079196.1181102,-2.3142558557015875
1714079196.118223,-2.482372963870013
1714079196.118336,-2.649322704032615
1714079196.1184487,-2.8116025306560375
1714079196.1185617,-2.973882136521516
1714079196.1186748,-3.125654547302811
1714079196.1187875,-3.27509222207246
1714079196.1189005,-3.423362087320398
1714079196.1190133,-3.561124757484153
1714079196.1191263,-3.696552470878318
1714079196.119239,-3.829645227502893
1714079196.119352,-3.954565525054931
1714079196.1194649,-4.081821000134503
1714079196.119578,-4.203238752153184
1714079196.119691,-4.319987032148573
1714079196.1198037,-4.430897589083071
1714079196.1199167,-4.5348034964667425
1714079196.1200294,-4.6317043127837
1714079196.1201425,-4.719265302022298
1714079196.1202552,-4.802156377721715
1714079196.1203682,-4.881544907887776
1714079196.120481,-4.9504262429696535
1714079196.120594,-5.015805032518174
1714079196.120707,-5.073011804510045
1714079196.1208198,-5.127883398974383
1714079196.1209328,-5.17691727037783
1714079196.1210456,-5.220114301752161
1714079196.1211586,-5.256306242059778
1714079196.1212714,-5.290163004839862
1714079196.1213844,-5.314679940541585
1714079196.1214972,-5.338029508237486
1714079196.1216102,-5.349704512843379
1714079196.121723,-5.361379075933385
1714079196.121836,-5.366048989472565
1714079196.121949,-5.367216798994276
1714079196.1220617,-5.368384167000099
1714079196.1221747,-5.362546885455096
1714079196.1222875,-5.356709162394205
1714079196.1224005,-5.347369335315845
1714079196.1225133,-5.336862140231662
1714079196.1226263,-5.326354945147479
1714079196.122739,-5.307675290990758
1714079196.122852,-5.291330372845684
1714079196.122965,-5.270315982677318
1714079196.1230779,-5.244631237453884
1714079196.1231909,-5.220114301752161
1714079196.1233037,-5.19209482051708
1714079196.1234167,-5.158237616221109
1714079196.1235294,-5.1313855029918525
1714079196.1236424,-5.102198653750949
1714079196.1237552,-5.075346540521692
1714079196.1238682,-5.049662236814146
1714079196.1239812,-5.020474946057354
1714079196.124094,-4.993622832828097
1714079196.124207,-4.959766070048014
1714079196.1243198,-4.9294114112854
1714079196.1244328,-4.895554648505317
1714079196.1245456,-4.860530076203522
1714079196.1246586,-4.8278406814292625
1714079196.1247714,-4.791648741121645
1714079196.1248844,-4.762461891880742
1714079196.1249974,-4.735609778651485
1714079196.1251101,-4.707590297416404
1714079196.1252232,-4.6842407297205035
1714079196.125336,-4.65855598449707
1714079196.125449,-4.629369135256167
1714079196.1255617,-4.60251702202691
1714079196.1256747,-4.569827627252649
1714079196.1257875,-4.537138232478389
1714079196.1259005,-4.506783573715775
1714079196.1260133,-4.475261988463225
1714079196.1261263,-4.451911979251437
1714079196.1262393,-4.426227675543891
1714079196.126352,-4.404045475853814
1714079196.126465,-4.38303064416956
1714079196.1265779,-4.3596810764736595
1714079196.1266909,-4.336331508777759
1714079196.1268036,-4.308312027542679
1714079196.1269166,-4.281459914313422
1714079196.1270294,-4.251105697066695
1714079196.1271424,-4.214913756759078
1714079196.1272554,-4.185726907518174
1714079196.1273682,-4.155372248755561
1714079196.1274812,-4.128520135526304
1714079196.127594,-4.1040031998245805
1714079196.127707,-4.0759837185895
1714079196.1278198,-4.04796423735442
1714079196.1279328,-4.018776946597629
1714079196.1280456,-3.9814176382841886
1714079196.1281586,-3.942890961964925
1714079196.1282716,-3.899693930590594
1714079196.1283844,-3.8564973407321506
1714079196.1284974,-3.8133003093578193
1714079196.1286101,-3.7689363514935526
1714079196.1287231,-3.7222372161017523
1714079196.128836,-3.6767052279578314
1714079196.128949,-3.6311736813297975
1714079196.1290617,-3.5833069571742304
1714079196.1291747,-3.524932817176536
1714079196.1292875,-3.4665588979367854
1714079196.1294005,-3.404682433163678
1714079196.1295135,-3.3346335093180337
1714079196.1296263,-3.2599148926911528
1714079196.1297393,-3.186363644070095
1714079196.129852,-3.1058075251402677
1714079196.129965,-3.02992131974962
1714079196.1300778,-2.9493652008197926
1714079196.1301908,-2.8641391683507846
1714079196.1303036,-2.7777455471180104
1714079196.1304166,-2.6913519258852356
1714079196.1305296,-2.596786066337868
1714079196.1306424,-2.4963829252454968
1714079196.1307554,-2.391309649856002
1714079196.1308682,-2.281566460927327
1714079196.1309812,-2.1683209472232394
1714079196.131094,-2.0527402559916177
1714079196.131207,-1.9336574607425265
1714079196.1313198,-1.8145743343565197
1714079196.1314328,-1.6884865584196866
1714079196.1315458,-1.5635661504886766
1714079196.1316586,-1.4363107857880768
1714079196.1317716,-1.3008830723939118
1714079196.1318843,-1.1642878806149517
1714079196.1319973,-1.0218552969120167
1714079196.13211,-0.8724178429003114
1714079196.1322231,-0.7206454321190162
1714079196.132336,-0.5630355742242601
1714079196.132449,-0.4019233087698618
1714079196.132562,-0.24548095685464363
1714079196.1326747,-0.08320120611676463
1714079196.1327877,0.07675859939169
1714079196.1329005,0.2379023918399104
1714079196.1330135,0.40371702225119976
1714079196.1331263,0.5695316526624891
1714079196.1332393,0.7353462554790355
1714079196.133352,0.9069994091987609
1714079196.133465,1.079820262061225
1714079196.1335778,1.2549765683986522
1714079196.1336908,1.4289651755933408
1714079196.1338038,1.606456880216245
1714079196.1339166,1.7792777882681952
1714079196.1340296,1.9485954885129575
1714079196.1341424,2.113242502565737
1714079196.1342554,2.2720509105258517
1714079196.1343682,2.4331947167714434
1714079196.1344812,2.5908353152098478
1714079196.134594,2.750811311933729
1714079196.134707,2.9049489233228893
1714079196.13482,3.061421932997527
1714079196.1349328,3.216727133150454
1714079196.1350458,3.365026138446949
1714079196.1351585,3.5098219359362566
1714079196.1352715,3.6476115385691323
1714079196.1353843,3.778394946345576
1714079196.1354973,3.903339968787299
1714079196.13561,4.02361375314218
1714079196.135723,4.138049372920284
1714079196.1358361,4.250149373654966
1714079196.135949,4.358745945824517
1714079196.136062,4.467342959509955
1714079196.1361747,4.567766189575195
1714079196.1362877,4.664685991075303
1714079196.1364005,4.754599376961036
1714079196.1365135,4.837506788748281
1714079196.1366262,4.9134077849211515
1714079196.1367393,4.981134997473823
1714079196.136852,5.043023603933828
1714079196.136965,5.097905794779459
1714079196.137078,5.15278798562509
1714079196.1371908,5.2006642023722325
1714079196.1373038,5.245036990554244
1714079196.1374166,5.284738982165301
1714079196.1375296,5.319770177205403
1714079196.1376424,5.352466194717972
1714079196.1377554,5.376987987094455
1714079196.1378682,5.396838982899983
1714079196.1379812,5.412019182134557
1714079196.1380942,5.422528584798177
1714079196.138207,5.422528584798177
1714079196.13832,5.427199381369131
1714079196.1384327,5.426032013363308
1714079196.1385458,5.422528584798177
1714079196.1386585,5.415522610699688
1714079196.1387715,5.408516195085313
1714079196.1388843,5.399174601943404
1714079196.1389973,5.385162212230541
1714079196.1391103,5.37114938100179
1714079196.139223,5.351298385196261
1714079196.139336,5.333783008434154
1714079196.139449,5.309260774541784
1714079196.139562,5.289409778736255
1714079196.1396747,5.264887986359772
1714079196.1397877,5.241534003505
1714079196.1399004,5.212340973041675
1714079196.1400135,5.188986990186903
1714079196.1401262,5.16446519781042
1714079196.1402392,5.139943405433937
1714079196.1403522,5.116588981063277
1714079196.140465,5.089731569643374
1714079196.140578,5.06520977726689
1714079196.1406908,5.034849378797743
1714079196.1408038,5.007991967377839
1714079196.1409166,4.981134997473823
1714079196.1410296,4.9496067894829645
1714079196.1411424,4.919246391013816
1714079196.1412554,4.888885992544668
1714079196.1413684,4.862028581124765
1714079196.1414812,4.832835992177327
1714079196.1415942,4.805978580757423
1714079196.141707,4.782624156386763
1714079196.14182,4.759270173531991
1714079196.1419327,4.731245394106264
1714079196.1420457,4.70322017316465
1714079196.1421585,4.6763627617447465
1714079196.1422715,4.646002363275598
1714079196.1423845,4.616809774328161
1714079196.1424973,4.5852815663373026
1714079196.1426103,4.5584241549173985
1714079196.142723,4.531567185013382
1714079196.142836,4.507044951121012
1714079196.1429489,4.481355349222818
1714079196.1430619,4.454498379318802
1714079196.1431746,4.427640967898898
1714079196.1432877,4.397280569429751
1714079196.1434007,4.365752361438892
1714079196.1435134,4.32955335687708
1714079196.1436265,4.294522161836977
1714079196.1437392,4.257155347753454
1714079196.1438522,4.222124152713351
1714079196.143965,4.183589970624005
1714079196.144078,4.148558775583902
1714079196.1441908,4.11235977102209
1714079196.1443038,4.074992956938567
1714079196.1444166,4.0341231558057995
1714079196.1445296,3.9885825581020775
1714079196.1446426,3.940706341354935
1714079196.1447554,3.8869919600310148
1714079196.1448684,3.8309419596636736
1714079196.1449811,3.7737241497746217
1714079196.1450942,3.71650633988557
1714079196.145207,3.6557855429472745
1714079196.14532,3.597400144294456
1714079196.1454327,3.5331761395489725
1714079196.1455457,3.4712875330889665
1714079196.1456587,3.401225143008762
1714079196.1457715,3.3299949434068465
1714079196.1458845,3.251758328190556
1714079196.1459973,3.171186535446732
1714079196.1461103,3.0859437253740096
1714079196.146223,2.993694720444856
1714079196.146336,2.906116512086656
1714079196.1464489,2.809196710586548
1714079196.1465619,2.7134447186081494
1714079196.1466749,2.6118541205370867
1714079196.1467876,2.5114311112297902
1714079196.1469007,2.40633730535154
1714079196.1470134,2.2965727029023344
1714079196.1471264,2.182137303882175
1714079196.1472392,2.059527900483873
1714079196.1473522,1.9345830988000938
1714079196.147465,1.8049673901663885
1714079196.147578,1.6730162832472057
1714079196.1476908,1.53522668061433
1714079196.1478038,1.3974370779814542
1714079196.1479168,1.2561442675413907
1714079196.1480296,1.1148515674802992
1714079196.1481426,0.9700556596120198
1714079196.1482553,0.8182535568873087
1714079196.1483684,0.665283755019859
1714079196.1484811,0.5099784996774461
1714079196.1485941,0.3500024201693358
1714079196.148707,0.1888586277211154
1714079196.14882,0.019540874011538645
1714079196.148933,-0.14741262076077638
1714079196.1490457,-0.3178647270909062
1714079196.1491587,-0.4848144120640225
1714079196.1492715,-0.6552665321915238
1714079196.1493845,-0.8268861307038201
1714079196.1494973,-0.9938358156769364
1714079196.1496103,-1.1677903157693368
1714079196.149723,-1.337075012701529
1714079196.149836,-1.5110295127939295
1714079196.149949,-1.6814815777319447
1714079196.1500618,-1.858938623357702
1714079196.1501749,-2.0270557315261275
1714079196.1502876,-2.20568025553668
1714079196.1504006,-2.372629995699282
1714079196.1505134,-2.5372445583343506
1714079196.1506264,-2.698356796194006
1714079196.1507392,-2.8559667092782477
1714079196.1508522,-3.0112416655929
1714079196.1509652,-3.159511530840838
1714079196.151078,-3.3101165736163103
1714079196.151191,-3.4537165253250683
1714079196.1513038,-3.5961491090280036
1714079196.1514168,-3.7339117791917587
1714079196.1515296,-3.8670045358163336
1714079196.1516426,-3.9954273789017285
1714079196.1517553,-4.116845572436297
1714079196.1518683,-4.233593410915798
1714079196.151981,-4.341001422316939
1714079196.1520941,-4.4449073297006105
1714079196.1522071,-4.537138232478389
1714079196.15232,-4.63053650326199
1714079196.152433,-4.718097492500587
1714079196.1525457,-4.796318654660825
1714079196.1526587,-4.874539816821063
1714079196.1527715,-4.94342115190294
1714079196.1528845,-5.011135118978994
1714079196.1529973,-5.069509258976689
1714079196.1531103,-5.124380853441026
1714079196.1532233,-5.16874525282118
1714079196.153336,-5.213109210685447
1714079196.153449,-5.243463869448061
1714079196.1535618,-5.276153264222321
1714079196.1536748,-5.298335463912398
1714079196.1537876,-5.320517663602476
1714079196.1539006,-5.335694772225839
1714079196.1540134,-5.352039248855025
1714079196.1541264,-5.357876971915916
1714079196.1542394,-5.361379075933385
1714079196.1543522,-5.363714253460919
1714079196.1544652,-5.361379075933385
1714079196.154578,-5.356709162394205
1714079196.154691,-5.342699421776665
1714079196.1548038,-5.3333595946983055
1714079196.1549168,-5.313512572535762
1714079196.1550295,-5.294832918379042
1714079196.1551425,-5.272650718688965
1714079196.1552553,-5.248133782987241
1714079196.1553683,-5.227118951302987
1714079196.1554813,-5.2002668380737305
1714079196.155594,-5.17691727037783
1714079196.1557071,-5.153567702681929
1714079196.15582,-5.129050766980206
1714079196.155933,-5.099863917739302
1714079196.1560457,-5.069509258976689
1714079196.1561587,-5.036819864202428
1714079196.1562715,-5.002962659906458
1714079196.1563845,-4.969105897126374
1714079196.1564975,-4.93524913434629
1714079196.1566103,-4.903727107577853
1714079196.1567233,-4.871037712803593
1714079196.156836,-4.844185599574336
1714079196.156949,-4.814998308817545
1714079196.1570618,-4.790481373115822
1714079196.1571748,-4.761294523874918
1714079196.1572876,-4.733275042639838
1714079196.1574006,-4.700585647865577
1714079196.1575136,-4.671398357108787
1714079196.1576264,-4.638708962334527
1714079196.1577394,-4.604852199554443
1714079196.1578522,-4.579167454331009
1714079196.1579652,-4.553483150623462
1714079196.158078,-4.5301331414116754
1714079196.158191,-4.509118751243308
1714079196.1583037,-4.488103919559054
1714079196.1584167,-4.463586983857331
1714079196.1585298,-4.439070048155608
1714079196.1586425,-4.411050566920528
1714079196.1587555,-4.3806959081579135
1714079196.1588683,-4.35150905891701
1714079196.1589813,-4.321154400154396
1714079196.159094,-4.291967550913492
1714079196.159207,-4.267450173695882
1714079196.1593199,-4.241765869988336
1714079196.159433,-4.218416302292435
1714079196.1595457,-4.193898925074825
1714079196.1596587,-4.169381989373101
1714079196.1597717,-4.139027330610487
1714079196.1598845,-4.106337935836226
1714079196.1599975,-4.072481173056143
1714079196.1601102,-4.0351218647427025
1714079196.1602232,-3.997762556429262
1714079196.160336,-3.956900702582465
1714079196.160449,-3.923043498286494
1714079196.1605618,-3.884516821967231
1714079196.1606748,-3.8518274271929704
1714079196.1607878,-3.8133003093578193
1714079196.1609006,-3.7736062650327327
1714079196.1610136,-3.7280744976467552
1714079196.1611264,-3.677872816721598
1714079196.1612394,-3.6265037677906173
1714079196.1613522,-3.5681296277929233
1714079196.1614652,-3.510923076558996
1714079196.161578,-3.4478792437800654
1714079196.161691,-3.389505103782371
1714079196.161804,-3.3252936822396735
1714079196.1619167,-3.2599148926911528
1714079196.1620297,-3.191033557609275
1714079196.1621425,-3.120984633763631
1714079196.1622555,-3.045098428372983
1714079196.1623683,-2.9622073526735657
1714079196.1624813,-2.876981320204558
1714079196.162594,-2.785918006190547
1714079196.162707,-2.6890169691156456
1714079196.1628199,-2.5897811960290977
1714079196.1629329,-2.4858755094033698
1714079196.163046,-2.385472147553055
1714079196.1631587,-2.2757289586243803
1714079196.1632717,-2.1671533584594727
1714079196.1633844,-2.0550752127612077
1714079196.1634974,-1.9371597855179397
1714079196.1636102,-1.8169092911261098
1714079196.1637232,-1.6908215151892767
1714079196.163836,-1.5588962369494967
1714079196.163949,-1.4223010451705367
1714079196.164062,-1.2810359398523965
1714079196.1641748,-1.1397708345342565
1714079196.1642878,-0.9903333805225513
1714079196.1644006,-0.8443983064757452
1714079196.1645136,-0.693793374079245
1714079196.1646264,-0.5443559200675399
1714079196.1647394,-0.39024849732716876
1714079196.1648521,-0.23614110218154058
1714079196.1649652,-0.07969876406369385
1714079196.1650782,0.08493255547903202
1714079196.165191,0.24841176690878689
1714079196.165304,0.4200649206285123
1714079196.1654167,0.5893827036575034
1714079196.1655297,0.7622035565199675
1714079196.1656425,0.9326890662864402
1714079196.1657555,1.103174465673941
1714079196.1658683,1.2724922762976751
1714079196.1659813,1.4348037816860058
1714079196.1660943,1.606456880216245
1714079196.166207,1.7687683856045757
1714079196.16632,1.9357506875638608
1714079196.1664329,2.1027330999021174
1714079196.1665459,2.2743863088113287
1714079196.1666586,2.4425363099133524
1714079196.1667717,2.6060155144444215
1714079196.1668844,2.771830117260968
1714079196.1669974,2.9294707156993725
1714079196.1671102,3.0871115348957203
1714079196.1672232,3.2354105401922153
1714079196.1673362,3.3790385281598123
1714079196.167449,3.5179959403143988
1714079196.167562,3.654617733425564
1714079196.1676748,3.790072158530906
1714079196.1677878,3.919687536027696
1714079196.1679006,4.051638974083795
1714079196.1680136,4.174248377482096
1714079196.1681263,4.293354352315267
1714079196.1682394,4.404286985044126
1714079196.1683524,4.507044951121012
1714079196.1684651,4.602797384615298
1714079196.1685781,4.689207783451787
1714079196.168691,4.770947385717321
1714079196.168804,4.848016191411901
1714079196.1689167,4.9227493780630605
1714079196.1690297,4.990476590615732
1714079196.1691425,5.053532565081561
1714079196.1692555,5.118924600106698
1714079196.1693685,5.172638981430619
1714079196.1694813,5.225185994748716
1714079196.1695943,5.266055795881483
1714079196.169707,5.299919181399875
1714079196.16982,5.333783008434154
1714079196.1699328,5.357136991288926
1714079196.1700459,5.380490974143699
1714079196.1701586,5.396838982899983
1714079196.1702716,5.4143548011779785
1714079196.1703844,5.427199381369131
1714079196.1704974,5.436541416026928
1714079196.1706104,5.4377087840327505
1714079196.1707232,5.442379580603705
1714079196.1708362,5.4377087840327505
1714079196.170949,5.434205796983506
1714079196.171062,5.422528584798177
1714079196.1711748,5.409684004607024
1714079196.1712878,5.399174601943404
1714079196.1714005,5.38165878366541
1714079196.1715136,5.361807787859881
1714079196.1716266,5.3419567920543525
1714079196.1717393,5.319770177205403
1714079196.1718524,5.298751371878164
1714079196.1719651,5.2730622114958585
1714079196.1720781,5.253210774174443
1714079196.172191,5.226353804270426
1714079196.172304,5.201831570378056
1714079196.1724167,5.174974600474039
1714079196.1725297,5.149284998575846
1714079196.1726427,5.121259777634232
1714079196.1727555,5.089731569643374
1714079196.1728685,5.0593711711742255
1714079196.1729813,5.026675595177545
1714079196.1730943,4.9998181837576405
1714079196.173207,4.969457785288492
1714079196.17332,4.943768183390299
1714079196.1734328,4.915742962448685
1714079196.1735458,4.890053360550492
1714079196.1736586,4.864363758652298
1714079196.1737716,4.836338979226571
1714079196.1738846,4.809481567806667
1714079196.1739974,4.77912116933752
1714079196.1741104,4.748760770868372
1714079196.1742232,4.719568181920934
1714079196.1743362,4.6903755929734965
1714079196.174449,4.665853359081127
1714079196.174562,4.6378285796554
1714079196.1746747,4.616809774328161
1714079196.1747878,4.591120172429967
1714079196.1749008,4.566598380053485
1714079196.1750135,4.539740968633581
1714079196.1751266,4.5082127606427225
1714079196.1752393,4.480187981216996
1714079196.1753523,4.4486597732261375
1714079196.175465,4.414795946191858
1714079196.175578,4.382100370195176
1714079196.175691,4.348236543160898
1714079196.175804,4.317876144691749
1714079196.175917,4.287515746222602
1714079196.1760297,4.257155347753454
1714079196.1761427,4.223291962235062
1714079196.1762555,4.187092957673249
1714079196.1763685,4.149726143589726
1714079196.1764812,4.106521164929425
1714079196.1765943,4.0609805672257036
1714079196.176707,4.010769172951027
1714079196.17682,3.964060765725595
1714079196.176933,3.9138489299350314
1714079196.1770458,3.864805345182065
1714079196.1771588,3.818096937956633
1714079196.1772716,3.7643825566327127
1714079196.1773846,3.710667733792905
1714079196.1774974,3.652282335140087
1714079196.1776104,3.588058551152547
1714079196.1777232,3.5214991481215865
1714079196.1778362,3.4444303424270064
1714079196.177949,3.374367731588858
1714079196.178062,3.2972989258942778
1714079196.178175,3.2202301201996977
1714079196.1782877,3.1373229291703963
1714079196.1784008,3.0532479286193848
1714079196.1785135,2.9691729280683727
1714079196.1786265,2.879259321424696
1714079196.1787393,2.7858425069738315
1714079196.1788523,2.6900905149954335
1714079196.178965,2.583829120353416
1714079196.179078,2.476399916189688
1714079196.179191,2.3631321059332953
1714079196.179304,2.2486967069131354
1714079196.179417,2.1272548922786005
1714079196.1795297,2.005813298402009
1714079196.1796427,1.8808684967182299
1714079196.1797554,1.7500850889417858
1714079196.1798685,1.6228047785935578
1714079196.1799812,1.485015175960682
1714079196.1800942,1.3472255733278062
1714079196.1802073,1.204765174123976
1714079196.18032,1.0564661688274806
1714079196.180433,0.9046640109132836
1714079196.1805458,0.7481910564281322
1714079196.1806588,0.5905504028002421
1714079196.1807716,0.42823889741191157
1714079196.1808846,0.265927392023581
1714079196.1809974,0.10011276851097742
1714079196.1811104,-0.06452152436530148
1714079196.1812232,-0.22913623187277052
1714079196.1813362,-0.3960859168458868
1714079196.1814492,-0.5665380093786451
1714079196.181562,-0.7369901295061464
1714079196.181675,-0.9109446847880327
1714079196.1817877,-1.0848992400699191
1714079196.1819007,-1.2611886969319095
1714079196.1820135,-1.4363107857880768
1714079196.1821265,-1.6102652858804771
1714079196.1822393,-1.7842198963518494
1714079196.1823523,-1.9535044829050698
1714079196.1824653,-2.122789179837262
1714079196.182578,-2.2862363744665073
1714079196.182691,-2.4496835690957526
1714079196.1828039,-2.610795806955408
1714079196.1829169,-2.7695730880454734
1714079196.1830297,-2.928350589893482
1714079196.1831427,-3.0847929142139576
1714079196.1832554,-3.2365653249952526
1714079196.1833684,-3.3860027790069576
1714079196.1834815,-3.529602730715716
1714079196.1835942,-3.669700357649061
1714079196.1837072,-3.7992905687402794
1714079196.18382,-3.9277134118256742
1714079196.183933,-4.04796423735442
1714079196.1840458,-4.163544707828097
1714079196.1841588,-4.276790000774242
1714079196.1842716,-4.38303064416956
1714079196.1843846,-4.488103919559054
1714079196.1844976,-4.587339913403546
1714079196.1846104,-4.679570816181323
1714079196.1847234,-4.768299173425745
1714079196.1848361,-4.846520335585982
1714079196.1849492,-4.92123939372875
1714079196.185062,-4.985450815271448
1714079196.185175,-5.044992323274966
1714079196.1852877,-5.098696108217593
1714079196.1854007,-5.145395243609393
1714079196.1855135,-5.188592274983724
1714079196.1856265,-5.225951583297164
1714079196.1857395,-5.262143523604781
1714079196.1858523,-5.288995636834038
1714079196.1859653,-5.312345204529938
1714079196.186078,-5.329857490680835
1714079196.186191,-5.345034599304199
1714079196.1863039,-5.356709162394205
1714079196.1864169,-5.359044339921739
1714079196.1865296,-5.362546885455096
1714079196.1866426,-5.359044339921739
1714079196.1867557,-5.350871880849202
1714079196.1868684,-5.3438672312983755
1714079196.1869814,-5.329857490680835
1714079196.1870942,-5.318182486074941
1714079196.1872072,-5.300670199924045
1714079196.18732,-5.284325723294859
1714079196.187433,-5.267980805149785
1714079196.1875458,-5.246966414981418
1714079196.1876588,-5.227118951302987
1714079196.1877718,-5.2002668380737305
1714079196.1878846,-5.174582534366183
1714079196.1879976,-5.141893139591923
1714079196.1881104,-5.111538480829309
1714079196.1882234,-5.081183822066695
1714079196.1883361,-5.047327059286611
1714079196.1884491,-5.0193075780515315
1714079196.188562,-4.987785551283094
1714079196.188675,-4.964435983587194
1714079196.1887877,-4.931746588812934
1714079196.1889007,-4.904894475583677
1714079196.1890137,-4.87337244881524
1714079196.1891265,-4.840683054040979
1714079196.1892395,-4.809161027272542
1714079196.1893523,-4.7741368964866355
1714079196.1894653,-4.7426148697181985
1714079196.189578,-4.708757665422227
1714079196.189691,-4.6737335346363205
1714079196.1898038,-4.648048789412886
1714079196.1899168,-4.62236448570534
1714079196.1900299,-4.59784710848773
1714079196.1901426,-4.578000086325186
1714079196.1902556,-4.553483150623462
1714079196.1903684,-4.524295859866672
1714079196.1904814,-4.500946292170772
1714079196.1905942,-4.463586983857331
1714079196.1907072,-4.439070048155608
1714079196.19082,-4.408715389392993
1714079196.190933,-4.38303064416956
1714079196.191046,-4.358513708467837
1714079196.1911588,-4.34216923183865
1714079196.1912718,-4.316484486615216
1714079196.1913846,-4.296637464452672
1714079196.1914976,-4.273287896756773
1714079196.1916103,-4.2429332379941584
1714079196.1917233,-4.212578579231544
1714079196.191836,-4.179889184457284
1714079196.1919491,-4.1471997896830235
1714079196.1920621,-4.11217521738123
1714079196.192175,-4.078318454601146
1714079196.192288,-4.044461691821063
1714079196.1924007,-4.017609578591806
1714079196.1925137,-3.9849201838175454
1714079196.1926265,-3.954565525054931
1714079196.1927395,-3.9195413942690247
1714079196.1928523,-3.8786795404222274
1714079196.1929653,-3.8319804050304267
1714079196.193078,-3.789950741661919
1714079196.193191,-3.7409168702584723
1714079196.193304,-3.691882557339138
1714079196.1934168,-3.6405135084081577
1714079196.1935298,-3.5879768707134105
1714079196.1936426,-3.537775189788253
1714079196.1937556,-3.482903595323916
1714079196.1938684,-3.426864632853755
1714079196.1939814,-3.368490492856061
1714079196.1940942,-3.3019441145437733
1714079196.1942072,-3.2318954114560725
1714079196.1943202,-3.154841617301658
1714079196.194433,-3.0742854983718306
1714079196.194546,-2.993729379442003
1714079196.1946588,-2.9085033469729953
1714079196.1947718,-2.8197747689706305
1714079196.1948845,-2.732213779732033
1714079196.1949975,-2.638815508948432
1714079196.1951103,-2.547751974176477
1714079196.1952233,-2.4496835690957526
1714079196.1953363,-2.3457778824700246
1714079196.195449,-2.241872195844297
1714079196.1955621,-2.127459093376442
1714079196.195675,-2.010711034138997
1714079196.195788,-1.8916280181319625
1714079196.1959007,-1.7643727638103344
1714079196.1960137,-1.6371173991097343
1714079196.1961265,-1.5063595992547494
1714079196.1962395,-1.3732668426301744
1714079196.1963522,-1.2366716508512143
1714079196.1964653,-1.0989089806874592
1714079196.1965783,-0.9576438753693192
1714079196.196691,-0.811708856511999
1714079196.196804,-0.6611039241154988
1714079196.1969168,-0.5058290229903327
1714079196.1970298,-0.3470517419002674
1714079196.1971426,-0.18477198426370267
1714079196.1972556,-0.020157275031562203
1714079196.1973684,0.14331798862527917
1714079196.1974814,0.3114680449167887
1714079196.1975944,0.47377955030511926
1714079196.1977072,0.6360910556934497
1714079196.1978202,0.8019056585099962
1714079196.197933,0.9665525621838039
1714079196.198046,1.1300317667148732
1714079196.1981587,1.2993495773386072
1714079196.1982718,1.466331879297892
1714079196.1983845,1.636817278685393
1714079196.1984975,1.8084704875946043
1714079196.1986105,1.9777882982183383
1714079196.1987233,2.145938299320362
1714079196.1988363,2.309417503851431
1714079196.198949,2.4682259118115457
1714079196.199062,2.6235311119644726
1714079196.199175,2.777668723353633
1714079196.199288,2.927135317413895
1714079196.1994007,3.080105119281345
1714079196.1995137,3.227236535814073
1714079196.1996264,3.3767031298743353
1714079196.1997395,3.5214991481215865
1714079196.1998525,3.6592887507544622
1714079196.1999652,3.798245942151105
1714079196.2000782,3.927861761163782
1714079196.200191,4.0481355455186625
1714079196.200304,4.1660741523460105
1714079196.2004168,4.273503356509738
1714079196.2005298,4.378597383145933
1714079196.2006426,4.480187981216996
1714079196.2007556,4.574772163673683
1714079196.2008686,4.671691965173792
1714079196.2009814,4.759270173531991
1714079196.2010944,4.84451276284677
1714079196.2012072,4.925084997106481
1714079196.2013202,4.993979577664976
1714079196.201433,5.058203803168403
1714079196.201546,5.116588981063277
1714079196.2016587,5.16563300733213
1714079196.2017717,5.2100057955141414
1714079196.2018847,5.250875596646909
1714079196.2019975,5.285906791687012
1714079196.2021105,5.320937986727114
1714079196.2022233,5.348963207668728
1714079196.2023363,5.372317190523501
1714079196.202449,5.396838982899983
1714079196.202562,5.410851814128734
1714079196.2026749,5.422528584798177
1714079196.2027879,5.4283671908908415
1714079196.202901,5.4283671908908415
1714079196.2030137,5.427199381369131
1714079196.2031267,5.422528584798177
1714079196.2032394,5.413186991656268
1714079196.2033525,5.403845398514359
1714079196.2034652,5.3921681863290285
1714079196.2035782,5.379323606137876
1714079196.203691,5.364143406903302
1714079196.203804,5.347795398147017
1714079196.2039168,5.331447389390733
1714079196.2040298,5.310428584063494
1714079196.2041428,5.288242410730432
1714079196.2042556,5.266055795881483
1714079196.2043686,5.241534003505
1714079196.2044814,5.213508782563386
1714079196.2045944,5.188986990186903
1714079196.2047071,5.158626591717755
1714079196.2048202,5.130601370776141
1714079196.204933,5.103744400872125
1714079196.205046,5.07571917993051
1714079196.205159,5.050029578032317
1714079196.2052717,5.025507785655834
1714079196.2053847,4.9998181837576405
1714079196.2054975,4.971792962816026
1714079196.2056105,4.94493599291201
1714079196.2057233,4.914575594442861
1714079196.2058363,4.885382563979537
1714079196.205949,4.855022165510389
1714079196.206062,4.824661767041241
1714079196.206175,4.796636987615514
1714079196.2062879,4.769779576195611
1714079196.2064009,4.746425593340838
1714079196.2065136,4.720735991442645
1714079196.2066267,4.695046389544451
1714079196.2067394,4.671691965173792
1714079196.2068524,4.6448345537538875
1714079196.2069652,4.613306787278916
1714079196.2070782,4.584113756815592
1714079196.207191,4.5537533583464445
1714079196.207304,4.523392959877296
1714079196.207417,4.493032561408149
1714079196.2075298,4.4626721629390005
1714079196.2076428,4.436982561040807
1714079196.2077556,4.411292959142614
1714079196.2078686,4.380932560673466
1714079196.2079813,4.354075149253562
1714079196.2080944,4.323714750784415
1714079196.2082071,4.289851365266022
1714079196.2083201,4.2524845511825
1714079196.2084332,4.215118178614864
1714079196.208546,4.1754157454879195
1714079196.208659,4.138049372920284
1714079196.2087717,4.097179571787516
1714079196.2088847,4.057477138660572
1714079196.2089975,4.016607337527804
1714079196.2091105,3.974570168389214
1714079196.2092233,3.9290295706854925
1714079196.2093363,3.8799855444166393
1714079196.2094493,3.827438531098542
1714079196.209562,3.767885543681957
1714079196.209675,3.7083325562653715
1714079196.2097878,3.6406053437127004
1714079196.2099009,3.57404594068174
1714079196.2100136,3.50865434717249
1714079196.2101266,3.4409271346198187
1714079196.2102394,3.368529125496193
1714079196.2103524,3.2972989258942778
1714079196.2104654,3.2213979297214084
1714079196.2105782,3.138490517934163
1714079196.2106912,3.055583326904862
1714079196.210804,2.963334321975708
1714079196.210917,2.871085317046554
1714079196.2110298,2.7694947189754906
1714079196.2111428,2.6690717096681946
1714079196.2112556,2.562810315026177
1714079196.2113686,2.455381110862449
1714079196.2114813,2.346784097177011
1714079196.2115943,2.2346840964423285
1714079196.2117074,2.116745489614981
1714079196.2118201,1.9964714845021565
1714079196.2119331,1.8726944923400877
1714079196.212046,1.7407433854209051
1714079196.212159,1.6076245793589838
1714079196.2122717,1.4639964810124149
1714079196.2123847,1.3215359714296129
1714079196.2124975,1.1767401739403054
1714079196.2126105,1.0249379608366225
1714079196.2127235,0.876639010729613
1714079196.2128363,0.7213337553872002
1714079196.2129493,0.5683639535197504
1714079196.213062,0.41189097143985604
1714079196.213175,0.2507471927890071
1714079196.2132878,0.08960339344210094
1714079196.2134008,-0.07619632890930882
1714079196.2135136,-0.24664843523943863
1714079196.2136266,-0.41826803375173494
1714079196.2137396,-0.5922225890336212
1714079196.2138524,-0.7696795794698926
1714079196.2139654,-0.942466656366984
1714079196.2140782,-1.1164211564593844
1714079196.2141912,-1.2915432453155518
1714079196.214304,-1.461995310253567
1714079196.214417,-1.6336149639553492
1714079196.2145298,-1.8064019856629547
1714079196.2146428,-1.9745190938313801
1714079196.2147555,-2.148473704302752
1714079196.2148685,-2.3200933580045344
1714079196.2149816,-2.487042877409193
1714079196.2150943,-2.6563275743413852
1714079196.2152073,-2.816272444195217
1714079196.21532,-2.976217093291106
1714079196.2154331,-3.1303246815999346
1714079196.215546,-3.27509222207246
1714079196.215659,-3.421027130550808
1714079196.2157717,-3.55995738947833
1714079196.2158847,-3.694217514108728
1714079196.2159977,-3.8273100499753596
1714079196.2161105,-3.9557328930607545
1714079196.2162235,-4.081821000134503
1714079196.2163363,-4.205573929680718
1714079196.2164493,-4.316484486615216
1714079196.216562,-4.426227675543891
1714079196.216675,-4.528965773405852
1714079196.2167878,-4.623531853711163
1714079196.2169008,-4.712260210955584
1714079196.2170138,-4.792816550643355
1714079196.2171266,-4.871037712803593
1714079196.2172396,-4.941086415891294
1714079196.2173524,-5.007632573445638
1714079196.2174654,-5.068341890970865
1714079196.2175782,-5.126715589452672
1714079196.2176912,-5.175749902372007
1714079196.217804,-5.21894649223045
1714079196.217917,-5.260976155598958
1714079196.21803,-5.291330372845684
1714079196.2181427,-5.319349854080765
1714079196.2182558,-5.342699421776665
1714079196.2183685,-5.354374426382559
1714079196.2184815,-5.366048989472565
1714079196.2185943,-5.374221448545103
1714079196.2187073,-5.376556626072636
1714079196.21882,-5.378891362084282
1714079196.218933,-5.375388816550926
1714079196.2190459,-5.368384167000099
1714079196.219159,-5.360211707927562
1714079196.219272,-5.347369335315845
1714079196.2193847,-5.334527404220015
1714079196.2194977,-5.3170151180691185
1714079196.2196105,-5.293665550373218
1714079196.2197235,-5.272650718688965
1714079196.2198362,-5.244631237453884
1714079196.2199492,-5.21894649223045
1714079196.220062,-5.1897596429895465
1714079196.220175,-5.158237616221109
1714079196.220288,-5.13021813498603
1714079196.2204008,-5.103366021756773
1714079196.2205138,-5.076513908527515
1714079196.2206266,-5.050829604819969
1714079196.2207396,-5.0193075780515315
1714079196.2208524,-4.987785551283094
1714079196.2209654,-4.957431334036367
1714079196.2210782,-4.92123939372875
1714079196.2211912,-4.887382189432779
1714079196.2213042,-4.852358058646873
1714079196.221417,-4.818500854350902
1714079196.22153,-4.789314005109999
1714079196.2216427,-4.760127155869095
1714079196.2217557,-4.734442410645661
1714079196.2218685,-4.711092842949761
1714079196.2219815,-4.6842407297205035
1714079196.2220943,-4.6550538804796
1714079196.2222073,-4.6258665897228095
1714079196.22232,-4.595512372476083
1714079196.222433,-4.565157713713469
1714079196.222546,-4.532468318939209
1714079196.2226589,-4.504448837704128
1714079196.222772,-4.478764092480694
1714079196.2228847,-4.4554145247847945
1714079196.2229977,-4.4344001346164275
1714079196.2231104,-4.415720480459708
1714079196.2232234,-4.39237047124792
1714079196.2233362,-4.367853535546197
1714079196.2234492,-4.34216923183865
1714079196.2235622,-4.3118145730760356
1714079196.223675,-4.2802925463075985
1714079196.223788,-4.249937887544985
1714079196.2239008,-4.218416302292435
1714079196.2240138,-4.1892290115356445
1714079196.2241266,-4.162376898306388
1714079196.2242396,-4.135525226593018
1714079196.2243524,-4.111007849375406
1714079196.2244654,-4.0829883681403265
1714079196.2245784,-4.051466341371889
1714079196.2246912,-4.017609578591806
1714079196.2248042,-3.979082902272542
1714079196.224917,-3.9370532389040345
1714079196.22503,-3.896191385057237
1714079196.2251427,-3.8529947951987937
1714079196.2252557,-3.810965573346173
1714079196.2253685,-3.770103719499376
1714079196.2254815,-3.7269071296409324
1714079196.2255945,-3.686045055036191
1714079196.2257073,-3.6381785516385676
1714079196.2258203,-3.5833069571742304
1714079196.225933,-3.529602730715716
1714079196.226046,-3.4688938547063755
1714079196.2261589,-3.402347476394088
1714079196.2262719,-3.3346335093180337
1714079196.2263846,-3.262249849460743
1714079196.2264977,-3.1898659688455084
1714079196.2266104,-3.1139797634548607
1714079196.2267234,-3.03692619005839
1714079196.2268364,-2.9598723959039757
1714079196.2269492,-2.876981320204558
1714079196.2270622,-2.790587919729727
1714079196.227175,-2.6995243849577726
1714079196.227288,-2.601455979877048
1714079196.2274008,-2.501052838784677
1714079196.2275138,-2.391309649856002
1714079196.2276266,-2.281566460927327
1714079196.2277396,-2.1694883152290627
1714079196.2278526,-2.0515728879857944
1714079196.2279654,-1.9348248287483496
1714079196.2280784,-1.8134068559717247
1714079196.2281911,-1.6908215151892767
1714079196.2283041,-1.5670685856430617
1714079196.228417,-1.4386457425576669
1714079196.22853,-1.3008830723939118
1714079196.2286427,-1.1654553589997467
1714079196.2287557,-1.0206878185272217
1714079196.2288687,-0.8712503645155164
1714079196.2289815,-0.7229803888886063
1714079196.2290945,-0.5677054877634401
1714079196.2292073,-0.4124306418277599
1714079196.2293203,-0.2583232466821317
1714079196.229433,-0.09837845271384274
1714079196.229546,0.05807526133678577
1714079196.2296588,0.21571592876204737
1714079196.2297719,0.38036284623322664
1714079196.2298846,0.5438420507642957
1714079196.2299976,0.7131598061985439
1714079196.2301106,0.8824775616327921
1714079196.2302234,1.055298469684742
1714079196.2303364,1.2316224751649079
1714079196.2304492,1.4021078745524087
1714079196.2305622,1.5714256851761428
1714079196.230675,1.7372402879926891
1714079196.230788,1.9065580986164232
1714079196.2309008,2.065366285818594
1714079196.2310138,2.2276779015858965
1714079196.2311268,2.387653898309778
1714079196.2312396,2.5464623062698926
1714079196.2313526,2.708773922037195
1714079196.2314653,2.869917728282787
1714079196.2315784,3.0240551189140037
1714079196.2316911,3.178192730303164
1714079196.2318041,3.3253239260779486
1714079196.231917,3.4677845460397223
1714079196.23203,3.605574148672598
1714079196.232143,3.734022158163565
1714079196.2322557,3.85779892956769
1714079196.2323687,3.983911761531123
1714079196.2324815,4.10068255883676
1714079196.2325945,4.2162855466206866
1714079196.2327073,4.3307211663987895
1714079196.2328203,4.438150370562518
1714079196.232933,4.540908778155291
1714079196.233046,4.6378285796554
1714079196.2331588,4.723071168970178
1714079196.2332718,4.808313758284957
1714079196.2333848,4.880711767408583
1714079196.2334976,4.948438979961254
1714079196.2336106,5.01032758642126
1714079196.2337234,5.067545396310312
1714079196.2338364,5.125930574205186
1714079196.2339492,5.177309778001573
1714079196.2340622,5.224018185227005
1714079196.234175,5.268390973409017
1714079196.234288,5.3057577874925395
1714079196.234401,5.337285995483398
1714079196.2345138,5.361807787859881
1714079196.2346268,5.38165878366541
1714079196.2347395,5.396838982899983
1714079196.2348526,5.407348385563603
1714079196.2349653,5.4143548011779785
1714079196.2350783,5.421360775276466
1714079196.235191,5.421360775276466
1714079196.235304,5.421360775276466
1714079196.2354171,5.417857788227222
1714079196.23553,5.409684004607024
1714079196.235643,5.403845398514359
1714079196.2357557,5.389833008801495
1714079196.2358687,5.373485000045211
1714079196.2359815,5.357136991288926
1714079196.2360945,5.334950376439977
1714079196.2362072,5.315099380634448
1714079196.2363203,5.2917453977796765
1714079196.2364333,5.267223605403194
1714079196.236546,5.245036990554244
1714079196.236659,5.21701176961263
1714079196.2367718,5.1913226092303235
1714079196.2368848,5.166800375337954
1714079196.2369976,5.1411107734397605
1714079196.2371106,5.115421171541567
1714079196.2372234,5.090899379165084
1714079196.2373364,5.060538980695936
1714079196.2374492,5.032514201270209
1714079196.2375622,5.004488980328595
1714079196.2376752,4.974128581859447
1714079196.237788,4.94493599291201
1714079196.237901,4.914575594442861
1714079196.2380137,4.886550373501247
1714079196.2381268,4.862028581124765
1714079196.2382395,4.83400336018315
1714079196.2383525,4.811817186850088
1714079196.2384653,4.783791965908474
1714079196.2385783,4.760437983053701
1714079196.2386913,4.733580571633798
1714079196.238804,4.70438798268636
1714079196.238917,4.6763627617447465
1714079196.23903,4.6448345537538875
1714079196.239143,4.617977583849871
1714079196.2392557,4.588784553386547
1714079196.2393687,4.563094951488353
1714079196.2394814,4.542076587677002
1714079196.2395945,4.517554353784631
1714079196.2397075,4.491864751886438
1714079196.2398202,4.465007781982422
1714079196.2399333,4.434647383513274
1714079196.240046,4.401951366000705
1714079196.240159,4.369255348488136
1714079196.2402718,4.333056343926324
1714079196.2403848,4.295689971358687
1714079196.2404976,4.262993953846118
1714079196.2406106,4.227962758806016
1714079196.2407234,4.194099373287624
1714079196.2408364,4.161403355775056
1714079196.2409494,4.121701364163999
1714079196.2410622,4.083166740558766
1714079196.2411752,4.041129571420175
1714079196.241288,3.993253354673032
1714079196.241401,3.9453771379258895
1714079196.2415137,3.8916627566019693
1714079196.2416267,3.8379479337621616
1714079196.2417395,3.7854013619599516
1714079196.2418525,3.7270157425491894
1714079196.2419655,3.6733011404673257
1714079196.2420783,3.6160835513362177
1714079196.2421913,3.5518595465907343
1714079196.242304,3.4911385288944947
1714079196.242417,3.422243727578057
1714079196.2425299,3.3486781296906645
1714079196.2426429,3.2692739257106074
1714079196.2427557,3.1910375312522605
1714079196.2428687,3.1046271324157715
1714079196.2429817,3.0170489240575717
1714079196.2430944,2.927135317413895
1714079196.2432075,2.8360541220064515
1714079196.2433202,2.742637307555587
1714079196.2434332,2.6433821077700013
1714079196.243546,2.5441269079844155
1714079196.243659,2.435530115056921
1714079196.2437718,2.3269331013714822
1714079196.2438848,2.2066590962586576
1714079196.2439978,2.086385091145833
1714079196.2441106,1.959104891176577
1714079196.2442236,1.8294892929218431
1714079196.2443364,1.6963704868599219
1714079196.2444494,1.5632516807980006
1714079196.2445621,1.4242943790223863
1714079196.2446752,1.2841692677250613
1714079196.244788,1.1440442668067083
1714079196.244901,0.9934098632247359
1714079196.2450137,0.849781709688681
1714079196.2451267,0.6933087552035296
1714079196.2452397,0.5356681015756395
1714079196.2453525,0.37569199447278623
1714079196.2454655,0.21221280373908855
1714079196.2455783,0.04639817332779919
1714079196.2456913,-0.12172805490317168
1714079196.245804,-0.288677712281545
1714079196.245917,-0.45445991886986625
1714079196.2460299,-0.6190746470733924
1714079196.2461429,-0.7895267120114079
1714079196.2462559,-0.9576438753693192
1714079196.2463686,-1.1304310074558963
1714079196.2464817,-1.3008830723939118
1714079196.2465944,-1.4736700941015173
1714079196.2467074,-1.6464572261880943
1714079196.2468202,-1.8169092911261098
1714079196.2469332,-1.9931987479881004
1714079196.247046,-2.1636510336840593
1714079196.247159,-2.3294331850828947
1714079196.247272,-2.491712790948373
1714079196.2473848,-2.651657660802205
1714079196.2474978,-2.8104349418922707
1714079196.2476106,-2.9622073526735657
1714079196.2477236,-3.1174823089882175
1714079196.2478364,-3.266919762999923
1714079196.2479494,-3.4163572170116283
1714079196.2480621,-3.55995738947833
1714079196.2481751,-3.702389973181265
1714079196.248288,-3.8354825090478966
1714079196.248401,-3.9650727201391147
1714079196.248514,-4.0888256496853295
1714079196.2486267,-4.203238752153184
1714079196.2487397,-4.315317118609393
1714079196.2488525,-4.418055216471354
1714079196.2489655,-4.518458578321669
1714079196.2490783,-4.615359394638626
1714079196.2491913,-4.702920383877224
1714079196.249304,-4.791648741121645
1714079196.249417,-4.869869903281883
1714079196.24953,-4.9445889614246505
1714079196.2496428,-5.011135118978994
1714079196.2497559,-5.069509258976689
1714079196.2498686,-5.124380853441026
1714079196.2499816,-5.169912620827003
1714079196.2500944,-5.211941842679624
1714079196.2502074,-5.245798605459707
1714079196.2503202,-5.277320632228145
1714079196.2504332,-5.304172745457402
1714079196.2505462,-5.324019767619945
1714079196.250659,-5.342699421776665
1714079196.250772,-5.353207058376736
1714079196.2508848,-5.363714253460919
1714079196.2509978,-5.3707189030117455
1714079196.2511106,-5.369551535005923
1714079196.2512236,-5.3707189030117455
1714079196.2513363,-5.361379075933385
1714079196.2514493,-5.352039248855025
1714079196.2515624,-5.336862140231662
1714079196.2516751,-5.321685031608299
1714079196.2517881,-5.299502831918222
1714079196.251901,-5.280823177761501
1714079196.252014,-5.2586409780714245
1714079196.2521267,-5.2376261463871705
1714079196.2522397,-5.213109210685447
1714079196.2523525,-5.1897596429895465
1714079196.2524655,-5.166410075293647
1714079196.2525783,-5.136055416531033
1714079196.2526913,-5.105701199284306
1714079196.2528043,-5.075346540521692
1714079196.252917,-5.041489777741608
1714079196.25303,-5.007632573445638
1714079196.2531428,-4.973775810665554
1714079196.2532558,-4.93991904788547
1714079196.2533686,-4.909564389122857
1714079196.2534816,-4.878042362354419
1714079196.2535944,-4.852358058646873
1714079196.2537074,-4.825505945417616
1714079196.2538204,-4.796318654660825
1714079196.2539332,-4.767131805419922
1714079196.2540462,-4.734442410645661
1714079196.254159,-4.702920383877224
1714079196.254272,-4.66906362109714
1714079196.2543848,-4.638708962334527
1714079196.2544978,-4.6083547450878
1714079196.2546105,-4.582669999864366
1714079196.2547235,-4.558153064162642
1714079196.2548366,-4.535970864472565
1714079196.2549493,-4.516123400794135
1714079196.2550623,-4.491606465092412
1714079196.255175,-4.467089529390688
1714079196.2552881,-4.439070048155608
1714079196.255401,-4.408715389392993
1714079196.255514,-4.3806959081579135
1714079196.2556267,-4.353843794928657
1714079196.2557397,-4.324656945687753
1714079196.2558525,-4.297804832458496
1714079196.2559655,-4.273287896756773
1714079196.2560785,-4.252273065072519
1714079196.2561913,-4.228923497376618
1714079196.2563043,-4.207908665692364
1714079196.256417,-4.176386638923927
1714079196.25653,-4.1471997896830235
1714079196.2566428,-4.11217521738123
1714079196.2567558,-4.0759837185895
1714079196.2568686,-4.039791778281883
1714079196.2569816,-4.002432469968443
1714079196.2570946,-3.9685752656724715
1714079196.2572074,-3.934718502892388
1714079196.2573204,-3.8985265625847707
1714079196.2574332,-3.8623346222771535
1714079196.2575462,-3.82380794595789
1714079196.257659,-3.779443546577736
1714079196.257772,-3.7292418656525785
1714079196.2578847,-3.680207773491188
1714079196.2579978,-3.6265037677906173
1714079196.2581108,-3.5669622597871
1714079196.2582235,-3.5074207517835827
1714079196.2583365,-3.4478792437800654
1714079196.2584493,-3.3883377357765476
1714079196.2585623,-3.3252936822396735
1714079196.258675,-3.2599148926911528
1714079196.258788,-3.1922009256150985
1714079196.258901,-3.1198172657578076
1714079196.259014,-3.0439310603671603
1714079196.2591267,-2.9587050278981524
1714079196.2592397,-2.872311406665378
1714079196.2593527,-2.781248092651367
1714079196.2594655,-2.6843470555764655
1714079196.2595785,-2.5909487847928645
1714079196.2596912,-2.487042877409193
1714079196.2598042,-2.388974693086412
1714079196.259917,-2.2839014176969172
1714079196.26003,-2.1753258175320096
1714079196.2601428,-2.064415039839568
1714079196.2602558,-1.9441646558267098
1714079196.2603688,-1.82391416143488
1714079196.2604816,-1.6954914287284568
1714079196.2605946,-1.5623986721038818
1714079196.2607074,-1.4246360019401267
1714079196.2608204,-1.2833708966219866
1714079196.2609332,-1.1421057913038466
1714079196.2610462,-0.9973382508313213
1714079196.261159,-0.8514031767845153
1714079196.261272,-0.6996307660032202
1714079196.261385,-0.5513607903763099
1714079196.2614977,-0.3984208736154768
1714079196.2616107,-0.24081104331546357
1714079196.2617235,-0.08203372773196961
1714079196.2618365,0.08376484943760765
1714079196.2619493,0.24957946605152553
1714079196.2620623,0.42240034650873254
1714079196.262175,0.5940535002284579
1714079196.262288,0.7610358573772289
1714079196.262401,0.9326890662864402
1714079196.2625139,1.0985036691029866
1714079196.262627,1.2666536702050102
1714079196.2627397,1.4324682730215565
1714079196.2628527,1.5982829862170749
1714079196.2629654,1.7652652881763597
1714079196.2630785,1.9322477005146166
1714079196.2631912,2.103900688665884
1714079196.2633042,2.269715291482431
1714079196.263417,2.4390331021061646
1714079196.26353,2.6060155144444215
1714079196.263643,2.764823922404536
1714079196.2637558,2.9224645208429405
1714079196.2638688,3.071931335661146
1714079196.2639816,3.2178947219142207
1714079196.2640946,3.3603553418759944
1714079196.2642074,3.5028157410798246
1714079196.2643204,3.644108551519888
1714079196.2644331,3.779562755867287
1714079196.2645462,3.9173523585001626
1714079196.2646592,4.0481355455186625
1714079196.264772,4.173080567960386
1714079196.264885,4.292186542793556
1714079196.2649977,4.401951366000705
1714079196.2651107,4.505877583115189
1714079196.2652235,4.599293956050166
1714079196.2653365,4.689207783451787
1714079196.2654493,4.774450372766565
1714079196.2655623,4.852686987982856
1714079196.2656753,4.930923161683259
1714079196.265788,5.002153802801061
1714079196.265901,5.069880573837845
1714079196.2660139,5.127098383726897
1714079196.2661269,5.181980574572528
1714079196.2662396,5.22752117227625
1714079196.2663527,5.268390973409017
1714079196.2664654,5.302254800443296
1714079196.2665784,5.331447389390733
1714079196.2666912,5.354801813761393
1714079196.2668042,5.376987987094455
1714079196.2669172,5.396838982899983
1714079196.26703,5.410851814128734
1714079196.267143,5.422528584798177
1714079196.2672558,5.4330379874617964
1714079196.2673688,5.441212212597882
1714079196.2674816,5.440044403076172
1714079196.2675946,5.440044403076172
1714079196.2677073,5.4330379874617964
1714079196.2678204,5.422528584798177
1714079196.2679334,5.409684004607024
1714079196.2680461,5.39450380537245
1714079196.2681592,5.379323606137876
1714079196.268272,5.358304800810637
1714079196.268385,5.339621173010932
1714079196.2684977,5.315099380634448
1714079196.2686107,5.2917453977796765
1714079196.2687235,5.269558782930727
1714079196.2688365,5.245036990554244
1714079196.2689495,5.220515198177761
1714079196.2690623,5.193657786757857
1714079196.2691753,5.169135994381374
1714079196.269288,5.137607786390516
1714079196.269401,5.110750374970612
1714079196.2695138,5.079222166979754
1714079196.2696269,5.048861768510606
1714079196.2697396,5.0231721666124125
1714079196.2698526,4.993979577664976
1714079196.2699656,4.969457785288492
1714079196.2700784,4.943768183390299
1714079196.2701914,4.919246391013816
1714079196.2703042,4.892388979593912
1714079196.2704172,4.866699377695719
1714079196.27053,4.838674598269992
1714079196.270643,4.807146390279134
1714079196.2707558,4.774450372766565
1714079196.2708688,4.742922164775707
1714079196.2709816,4.717232562877514
1714079196.2710946,4.69154296097932
1714079196.2712076,4.661182562510172
1714079196.2713203,4.63899638917711
1714079196.2714334,4.615641964806451
1714079196.2715461,4.587617185380723
1714079196.2716591,4.563094951488353
1714079196.271772,4.5350701720626265
1714079196.271885,4.507044951121012
1714079196.2719977,4.47318156560262
1714079196.2721107,4.4439889766551826
1714079196.2722237,4.411292959142614
1714079196.2723365,4.380932560673466
1714079196.2724495,4.3529077812477395
1714079196.2725623,4.322547382778591
1714079196.2726753,4.294522161836977
1714079196.272788,4.2618261443244085
1714079196.272901,4.227962758806016
1714079196.2730138,4.190595944722493
1714079196.2731268,4.148558775583902
1714079196.2732399,4.106521164929425
1714079196.2733526,4.0609805672257036
1714079196.2734656,4.014272160000271
1714079196.2735784,3.9698993718182596
1714079196.2736914,3.919687536027696
1714079196.2738042,3.874146938323974
1714079196.2739172,3.8192647474783437
1714079196.27403,3.7725563402529114
1714079196.274143,3.7153385303638595
1714079196.2742558,3.656953352468985
1714079196.2743688,3.5892261399163137
1714079196.2744818,3.5226667368853533
1714079196.2745945,3.449101138997961
1714079196.2747076,3.373200142825091
1714079196.2748203,3.299634324179755
1714079196.2749333,3.219062531435931
1714079196.275046,3.140826136977584
1714079196.2751591,3.0579187251903392
1714079196.275272,2.97150832635385
1714079196.275385,2.8815947197101734
1714079196.275498,2.7881781260172525
1714079196.2756107,2.686587307188246
1714079196.2757237,2.5814935013099953
1714079196.2758365,2.4752321066679777
1714079196.2759495,2.360796707647818
1714079196.2760623,2.2463613086276584
1714079196.2761753,2.1295902905640776
1714079196.276288,2.009316285451253
1714079196.276401,1.8890422803384286
1714079196.276514,1.7629298898908825
1714079196.2766268,1.6344818803999157
1714079196.2767398,1.500195375195256
1714079196.2768526,1.3612380734196414
1714079196.2769656,1.2187776742158112
1714079196.2770784,1.0728140672047932
1714079196.2771914,0.9221796636228208
1714079196.2773042,0.7668744082804079
1714079196.2774172,0.6115691529379951
1714079196.2775302,0.45042534669240314
1714079196.277643,0.292784693064513
1714079196.277756,0.1328086135564027
1714079196.2778687,-0.029497117631965213
1714079196.2779818,-0.19294434675463923
1714079196.2780945,-0.3610615101125505
1714079196.2782075,-0.5280111674909238
1714079196.2783203,-0.7019657227728101
1714079196.2784333,-0.8735853212851065
1714079196.278546,-1.053377213301482
1714079196.278659,-1.226164345388059
1714079196.278772,-1.4001188454804596
1714079196.278885,-1.576408412721422
1714079196.278998,-1.7445255208898474
1714079196.2791107,-1.9149775858278626
1714079196.2792237,-2.078425001215052
1714079196.2793365,-2.244207152613887
1714079196.2794495,-2.406486758479365
1714079196.2795622,-2.5711015418723777
1714079196.2796752,-2.729878822962443
1714079196.2797883,-2.888656104052508
1714079196.279901,-3.0462660171367504
1714079196.280014,-3.1968708391542786
1714079196.2801268,-3.3463085139239275
1714079196.2802398,-3.4899084656326855
1714079196.2803526,-3.6253361790268506
1714079196.2804656,-3.757261346887659
1714079196.2805784,-3.884516821967231
1714079196.2806914,-4.004767205980088
1714079196.2808044,-4.1226828539813
1714079196.2809172,-4.2370959564491555
1714079196.2810302,-4.348006513383653
1714079196.281143,-4.456581892790617
1714079196.281256,-4.556985254640932
1714079196.2813687,-4.651551334946244
1714079196.2814817,-4.737944956179018
1714079196.2815945,-4.819668663872613
1714079196.2817075,-4.895554648505317
1714079196.2818203,-4.959766070048014
1714079196.2819333,-5.021642314063178
1714079196.2820463,-5.078849086055049
1714079196.282159,-5.129050766980206
1714079196.282272,-5.17691727037783
1714079196.2823849,-5.216611756218804
1714079196.282498,-5.252803696526421
1714079196.2826107,-5.284325723294859
1714079196.2827237,-5.310010027002405
1714079196.2828364,-5.329857490680835
1714079196.2829494,-5.345034599304199
1714079196.2830625,-5.354374426382559
1714079196.2831752,-5.360211707927562
1714079196.2832882,-5.362546885455096
1714079196.283401,-5.356709162394205
1714079196.283514,-5.354374426382559
1714079196.2836268,-5.345034599304199
1714079196.2837398,-5.331024858686659
1714079196.2838526,-5.318182486074941
1714079196.2839656,-5.303005377451578
1714079196.2840786,-5.2854930913006815
1714079196.2841914,-5.267980805149785
1714079196.2843044,-5.245798605459707
1714079196.2844172,-5.221281669757984
1714079196.2845302,-5.19676473405626
1714079196.284643,-5.16757744329947
1714079196.284756,-5.138390594058566
1714079196.2848687,-5.109203744817663
1714079196.2849817,-5.076513908527515
1714079196.2850945,-5.048494427292435
1714079196.2852075,-5.0193075780515315
1714079196.2853205,-4.993622832828097
1714079196.2854333,-4.966771161114727
1714079196.2855463,-4.93875123836376
1714079196.285659,-4.91073175712868
1714079196.285772,-4.878042362354419
1714079196.2858849,-4.847688145107693
1714079196.2859979,-4.812663572805898
1714079196.2861106,-4.7799741780316385
1714079196.2862236,-4.747284783257379
1714079196.2863367,-4.716930124494764
1714079196.2864494,-4.686575907248038
1714079196.2865624,-4.665561075563784
1714079196.2866752,-4.6410441398620605
1714079196.2867882,-4.616526762644449
1714079196.286901,-4.590842458936903
1714079196.287014,-4.563990345707646
1714079196.2871268,-4.5348034964667425
1714079196.2872398,-4.502113660176595
1714079196.2873528,-4.472926810935691
1714079196.2874656,-4.442572152173077
1714079196.2875786,-4.415720480459708
1714079196.2876914,-4.391203103242097
1714079196.2878044,-4.36902090355202
1714079196.2879171,-4.350341249395299
1714079196.2880301,-4.325824313693576
1714079196.288143,-4.302474745997676
1714079196.288256,-4.275622632768418
1714079196.288369,-4.246435783527516
1714079196.2884817,-4.2160811247649015
1714079196.2885947,-4.182224361984818
1714079196.2887075,-4.150702335216381
1714079196.2888205,-4.119180308447944
1714079196.2889333,-4.08999345920704
1714079196.2890463,-4.063141345977783
1714079196.289159,-4.0351218647427025
1714079196.289272,-4.004767205980088
1714079196.2893848,-3.969742633678295
1714079196.2894979,-3.9335511348865646
1714079196.2896109,-3.8903541035122338
1714079196.2897236,-3.8494922496654365
1714079196.2898366,-3.7992905687402794
1714079196.2899494,-3.751424065342656
1714079196.2900624,-3.7035573411870883
1714079196.2901752,-3.653355660261931
1714079196.2902882,-3.6066565248701306
1714079196.290401,-3.55528747593915
1714079196.290514,-3.5027508382444026
1714079196.290627,-3.4432093302408853
1714079196.2907398,-3.381332865467778
1714079196.2908528,-3.3136188983917236
1714079196.2909656,-3.2412352385344327
1714079196.2910786,-3.172353903452555
1714079196.2911913,-3.0894628277531373
1714079196.2913043,-3.00890670882331
1714079196.2914171,-2.9248480443601252
1714079196.2915301,-2.844291925430298
1714079196.2916431,-2.75906589296129
1714079196.291756,-2.666834990183512
1714079196.291869,-2.575771455411558
1714079196.2919817,-2.477703050330833
1714079196.2920947,-2.374964952468872
1714079196.2922075,-2.2663891315460205
1714079196.2923205,-2.1578135313811124
1714079196.2924333,-2.0352281905986644
1714079196.2925463,-1.9173125425974527
1714079196.292659,-1.7912247666606196
1714079196.292772,-1.6639694019600195
1714079196.292885,-1.5343790804898296
1714079196.2929978,-1.4047887590196397
1714079196.2931108,-1.2751985479284216
1714079196.2932236,-1.1362683993798715
1714079196.2933366,-0.9938358156769364
1714079196.2934494,-0.8502356983997204
1714079196.2935624,-0.6984632876184251
1714079196.2936752,-0.543188386493259
1714079196.2937882,-0.38674606217278373
1714079196.2939012,-0.2268012751031805
1714079196.294014,-0.0656890027500965
1714079196.294127,0.09777734952944296
1714079196.2942398,0.25892114197766336
1714079196.2943528,0.42240034650873254
1714079196.2944655,0.5858795510398017
1714079196.2945786,0.7505264547136095
1714079196.2946913,0.9175088118623803
1714079196.2948043,1.08565886815389
1714079196.2949173,1.25847977620584
1714079196.29503,1.4336359721642953
1714079196.2951431,1.609959977644461
1714079196.295256,1.7804454874109337
1714079196.295369,1.9509308867984347
1714079196.2954817,2.1179132991366916
1714079196.2955947,2.2837279019532377
1714079196.2957075,2.441368500391642
1714079196.2958205,2.5966739213025125
1714079196.2959335,2.7554821085046837
1714079196.2960463,2.907284321608367
1714079196.2961593,3.0625895217612937
1714079196.296272,3.215559323628743
1714079196.296385,3.3696969350179033
1714079196.2964978,3.5121573342217336
1714079196.2966108,3.6557855429472745
1714079196.2967236,3.790072158530906
1714079196.2968366,3.918520168021873
1714079196.2969494,4.042296939425998
1714079196.2970624,4.153229572154857
1714079196.2971754,4.267664750417073
1714079196.2972882,4.372758777053267
1714079196.2974012,4.479020171695285
1714079196.297514,4.578275150722927
1714079196.297627,4.675195393738923
1714079196.2977397,4.76744395715219
1714079196.2978528,4.849183559417725
1714079196.2979655,4.929755793677436
1714079196.2980785,4.997482564714219
1714079196.2981915,5.060538980695936
1714079196.2983043,5.118924600106698
1714079196.2984173,5.166800375337954
1714079196.29853,5.213508782563386
1714079196.298643,5.257881570745397
1714079196.298756,5.298751371878164
1714079196.298869,5.331447389390733
1714079196.2989817,5.365310774909125
1714079196.2990947,5.3921681863290285
1714079196.2992077,5.412019182134557
1714079196.2993205,5.4283671908908415
1714079196.2994335,5.438876593554461
1714079196.2995462,5.443547390125415
1714079196.2996593,5.443547390125415
1714079196.299772,5.444715199647126
1714079196.299885,5.4377087840327505
1714079196.2999978,5.431870177940086
1714079196.3001108,5.4236963943198875
1714079196.3002236,5.410851814128734
1714079196.3003366,5.398006792421694
1714079196.3004496,5.379323606137876
1714079196.3005624,5.365310774909125
1714079196.3006754,5.3419567920543525
1714079196.3007882,5.324440973776357
1714079196.3009012,5.298751371878164
1714079196.301014,5.2730622114958585
1714079196.301127,5.248539977603488
1714079196.3012397,5.220515198177761
1714079196.3013527,5.192489977236147
1714079196.3014657,5.16446519781042
1714079196.3015785,5.137607786390516
1714079196.3016915,5.111918184492323
1714079196.3018043,5.08622858259413
1714079196.3019173,5.058203803168403
1714079196.30203,5.031346391748499
1714079196.302143,5.005656789850305
1714079196.3022559,4.975296391381158
1714079196.3023689,4.948438979961254
1714079196.302482,4.919246391013816
1714079196.3025947,4.891221170072202
1714079196.3027077,4.85735778455381
1714079196.3028204,4.8316681826556165
1714079196.3029335,4.807146390279134
1714079196.3030462,4.78028897885923
1714079196.3031592,4.754599376961036
1714079196.303272,4.732412762112087
1714079196.303385,4.705555792208071
1714079196.303498,4.678698380788167
1714079196.3036108,4.649505791840729
1714079196.3037238,4.621480570899116
1714079196.3038366,4.587617185380723
1714079196.3039496,4.5584241549173985
1714079196.3040624,4.529231565969962
1714079196.3041754,4.500038977022524
1714079196.3042881,4.474349375124331
1714079196.3044012,4.446324154182716
1714079196.304514,4.420634552284523
1714079196.304627,4.391441963337085
1714079196.30474,4.359913755346227
1714079196.3048527,4.327218179349546
1714079196.3049657,4.292186542793556
1714079196.3050785,4.2524845511825
1714079196.3051915,4.2162855466206866
1714079196.3053043,4.17775136453134
1714079196.3054173,4.136881563398573
1714079196.30553,4.10068255883676
1714079196.305643,4.063315744753237
1714079196.305756,4.021278134098759
1714079196.3058689,3.980408332965992
1714079196.3059819,3.9325325577347363
1714079196.3060946,3.8788177348949286
1714079196.3062077,3.827438531098542
1714079196.3063204,3.769053353203667
1714079196.3064334,3.7083325562653715
1714079196.3065462,3.644108551519888
1714079196.3066592,3.5798845467744047
1714079196.3067722,3.5156605420289213
1714079196.306885,3.451436537283438
1714079196.306998,3.3790385281598123
1714079196.3071108,3.3066407397941306
1714079196.3072238,3.2319073323850276
1714079196.3073366,3.147832331834016
1714079196.3074496,3.0602541234758163
1714079196.3075624,2.9691729280683727
1714079196.3076754,2.872253126568264
1714079196.3077881,2.7729979267826783
1714079196.3079011,2.6725749174753823
1714079196.3080142,2.569816509882609
1714079196.308127,2.4635551152405912
1714079196.30824,2.351455114505909
1714079196.3083527,2.24169029129876
1714079196.3084657,2.122584095707646
1714079196.3085785,2.0023100905948215
1714079196.3086915,1.8761977001472754
1714079196.3088043,1.7407433854209051
1714079196.3089173,1.6087922785017224
1714079196.3090303,1.466331879297892
1714079196.309143,1.3238713697150901
1714079196.309256,1.1814109705112599
1714079196.3093688,1.0331119652147647
1714079196.3094819,0.8871483582037466
1714079196.3095946,0.7330108571935583
1714079196.3097076,0.578873300993884
1714079196.3098204,0.42240034650873254
1714079196.3099334,0.2612565678578836
1714079196.3100464,0.09544193744659424
1714079196.3101592,-0.06919144480316727
1714079196.3102722,-0.2431460000850536
1714079196.310385,-0.4147655985973499
1714079196.310498,-0.5863851971096462
1714079196.3106108,-0.7615072307763275
1714079196.3107238,-0.936629264443009
1714079196.3108366,-1.1047463726114344
1714079196.3109496,-1.2787009830828064
1714079196.3110626,-1.4479855696360269
1714079196.3111753,-1.6207727017226041
1714079196.3112884,-1.7935597234302096
1714079196.3114011,-1.96751422352261
1714079196.3115141,-2.1403012452302153
1714079196.311627,-2.3130884876957643
1714079196.31174,-2.480038007100423
1714079196.3118527,-2.648155336026792
1714079196.3119657,-2.8151048554314504
1714079196.3120785,-2.9703798117461027
1714079196.3121915,-3.125654547302811
1714079196.3123045,-3.27509222207246
1714079196.3124173,-3.421027130550808
1714079196.3125303,-3.55995738947833
1714079196.312643,-3.702389973181265
1714079196.312756,-3.8354825090478966
1714079196.3128688,-3.9674078976666483
1714079196.3129818,-4.09466337274622
1714079196.3130946,-4.214913756759078
1714079196.3132076,-4.323489136166042
1714079196.3133206,-4.432064957088894
1714079196.3134334,-4.531300950933385
1714079196.3135464,-4.618861940171983
1714079196.3136592,-4.707590297416404
1714079196.3137722,-4.788146637104175
1714079196.313885,-4.86403262173688
1714079196.313998,-4.93524913434629
1714079196.3141108,-5.001795291900635
1714079196.3142238,-5.063671977431685
1714079196.3143368,-5.118543571896023
1714079196.3144495,-5.16757744329947
1714079196.3145626,-5.2107744746738005
1714079196.3146753,-5.249301150993064
1714079196.3147883,-5.278488000233968
1714079196.314901,-5.305340113463225
1714079196.3150141,-5.327522313153302
1714079196.315127,-5.341532053770842
1714079196.31524,-5.355541794388382
1714079196.3153527,-5.363714253460919
1714079196.3154657,-5.367216798994276
1714079196.3155787,-5.368384167000099
1714079196.3156915,-5.366048989472565
1714079196.3158045,-5.361379075933385
1714079196.3159173,-5.353207058376736
1714079196.3160303,-5.342699421776665
1714079196.316143,-5.326354945147479
1714079196.316256,-5.311177836524116
1714079196.3163688,-5.288995636834038
1714079196.3164818,-5.265646069138138
1714079196.3165948,-5.241128691920528
1714079196.3167076,-5.21427657869127
1714079196.3168206,-5.19092701099537
1714079196.3169334,-5.161740161754467
1714079196.3170464,-5.13488804852521
1714079196.3171592,-5.111538480829309
1714079196.3172722,-5.084686367600052
1714079196.317385,-5.055499518359149
1714079196.317498,-5.026312227602358
1714079196.317611,-4.990120728810628
1714079196.3177238,-4.957431334036367
1714079196.3178368,-4.9235741297403965
1714079196.3179495,-4.88854999895449
1714079196.3180625,-4.852358058646873
1714079196.3181753,-4.824338577411792
1714079196.3182883,-4.793983918649179
1714079196.318401,-4.767131805419922
1714079196.318514,-4.7426148697181985
1714079196.3186269,-4.713427578961407
1714079196.31874,-4.687743275253861
1714079196.318853,-4.656221248485424
1714079196.3189657,-4.624699221716987
1714079196.3190787,-4.59784710848773
1714079196.3191915,-4.563990345707646
1714079196.3193045,-4.537138232478389
1714079196.3194172,-4.510286119249131
1714079196.3195302,-4.485769183547408
1714079196.319643,-4.467089529390688
1714079196.319756,-4.441404784167254
1714079196.319869,-4.421557762004711
1714079196.3199818,-4.397040826302987
1714079196.3200948,-4.367853535546197
1714079196.3202076,-4.34216923183865
1714079196.3203206,-4.308312027542679
1714079196.3204334,-4.277957810295953
1714079196.3205464,-4.247603151533339
1714079196.3206592,-4.219583670298258
1714079196.3207722,-4.193898925074825
1714079196.3208852,-4.170549357378924
1714079196.320998,-4.143697244149667
1714079196.321111,-4.11801294044212
1714079196.3212237,-4.087658281679507
1714079196.3213367,-4.053801518899423
1714079196.3214495,-4.017609578591806
1714079196.3215625,-3.9779150927508318
1714079196.3216753,-3.935885870898211
1714079196.3217883,-3.896191385057237
1714079196.3219013,-3.8541621632046166
1714079196.322014,-3.81446811887953
1714079196.322127,-3.7736062650327327
1714079196.3222399,-3.7292418656525785
1714079196.322353,-3.687212643799958
1714079196.3224657,-3.6358435948689776
1714079196.3225787,-3.5833069571742304
1714079196.3226914,-3.527267773946126
1714079196.3228045,-3.4653913091730186
1714079196.3229172,-3.400012519624498
1714079196.3230302,-3.3334661413122104
1714079196.3231432,-3.262249849460743
1714079196.323256,-3.1957034711484553
1714079196.323369,-3.123319590533221
1714079196.3234818,-3.0497683419121633
1714079196.3235948,-2.9750497252852828
1714079196.3237076,-2.892158649585865
1714079196.3238206,-2.8069326171168574
1714079196.3239334,-2.7158690823449025
1714079196.3240464,-2.6189682660279447
1714079196.3241594,-2.51856490417763
1714079196.3242722,-2.414659217551902
1714079196.3243852,-2.3049160286232278
1714079196.324498,-2.197507796464143
1714079196.324611,-2.0842622827600548
1714079196.3247237,-1.96751422352261
1714079196.3248367,-1.851933753048932
1714079196.3249495,-1.7281808235027172
1714079196.3250625,-1.6020929371869121
1714079196.3251755,-1.4713351373319272
1714079196.3252883,-1.3335724671681721
1714079196.3254013,-1.1958099073833888
1714079196.325514,-1.048707299762302
1714079196.325627,-0.9004373793248777
1714079196.3257399,-0.7509998701236865
1714079196.3258529,-0.5980599809575964
1714079196.3259656,-0.44745504856109614
1714079196.3260787,-0.291012696645878
1714079196.3261914,-0.1380727798850448
1714079196.3263044,0.020708583502305877
1714079196.3264174,0.17834925265223892
1714079196.3265302,0.3406607442431979
1714079196.3266432,0.5053076479170057
1714079196.326756,0.6746254033512539
1714079196.326869,0.8462785570709793
1714079196.3269818,1.0144286685519748
1714079196.3270948,1.1860817670822144
1714079196.3272076,1.3530641794204712
1714079196.3273206,1.520046481379756
1714079196.3274336,1.6858610841963024
1714079196.3275464,1.8458371912991558
1714079196.3276594,2.008148696687486
1714079196.3277721,2.1716279012185553
1714079196.3278852,2.333939296227914
1714079196.327998,2.4997538990444608
1714079196.328111,2.6620655148117627
1714079196.3282237,2.823209321057355
1714079196.3283367,2.9820177290174694
1714079196.3284497,3.1338197213632086
1714079196.3285625,3.2832865361814143
1714079196.3286755,3.4257469353852446
1714079196.3287883,3.558865741447166
1714079196.3289013,3.691984547509087
1714079196.329014,3.820432557000054
1714079196.329127,3.9453771379258895
1714079196.3292398,4.0703221603676125
1714079196.3293529,4.18942857671667
1714079196.3294659,4.303863754978886
1714079196.3295786,4.415963755713569
1714079196.3296916,4.516386985778809
1714079196.3298044,4.613306787278916
1714079196.3299174,4.70322017316465
1714079196.3300302,4.7814567883809405
1714079196.3301432,4.85735778455381
1714079196.330256,4.923917187584771
1714079196.330369,4.992811768143265
1714079196.3304818,5.053532565081561
1714079196.3305948,5.111918184492323
1714079196.3307078,5.16563300733213
1714079196.3308206,5.213508782563386
1714079196.3309336,5.255546393217863
1714079196.3310463,5.29408057530721
1714079196.3311594,5.322105796248824
1714079196.3312721,5.345459779103597
1714079196.3313851,5.365310774909125
1714079196.331498,5.379323606137876
1714079196.331611,5.393335995850739
1714079196.331724,5.398006792421694
1714079196.3318367,5.406180576041892
1714079196.3319497,5.412019182134557
1714079196.3320625,5.4143548011779785
1714079196.3321755,5.410851814128734
1714079196.3322883,5.4050132080360695
1714079196.3324013,5.398006792421694
1714079196.332514,5.3828265931871195
1714079196.332627,5.373485000045211
1714079196.33274,5.351298385196261
1714079196.3328528,5.336118185961688
1714079196.3329659,5.316267190156159
1714079196.3330786,5.2964161943506305
1714079196.3331916,5.274229579501681
1714079196.3333044,5.249707787125199
1714079196.3334174,5.226353804270426
1714079196.3335302,5.204167189421477
1714079196.3336432,5.180813206566705
1714079196.333756,5.153955795146801
1714079196.333869,5.129434002770318
1714079196.333982,5.1049117688779475
1714079196.3340948,5.074551370408799
1714079196.3342078,5.044190971939652
1714079196.3343205,5.0185013700414585
1714079196.3344336,4.985805794044777
1714079196.3345463,4.956612763581452
1714079196.3346593,4.929755793677436
1714079196.334772,4.902898382257532
1714079196.3348851,4.878376589881049
1714079196.3349981,4.853854797504566
1714079196.335111,4.829332563612196
1714079196.335224,4.801307784186469
1714079196.3353367,4.775618182288276
1714079196.3354497,4.745257783819127
1714079196.3355625,4.717232562877514
1714079196.3356755,4.686872164408365
1714079196.3357882,4.660014752988462
1714079196.3359013,4.633157783084445
1714079196.3360143,4.6039647526211205
1714079196.336127,4.5806107697663485
1714079196.33624,4.557256786911576
1714079196.3363528,4.530399375491672
1714079196.3364658,4.507044951121012
1714079196.3365786,4.479020171695285
1714079196.3366916,4.445156786176893
1714079196.3368044,4.413628578186035
1714079196.3369174,4.378597383145933
1714079196.3370304,4.345901365633364
1714079196.3371432,4.3120379801149715
1714079196.3372562,4.280509772124113
1714079196.337369,4.248981564133255
1714079196.337482,4.215118178614864
1714079196.3375947,4.1800865420588735
1714079196.3377078,4.145055347018771
1714079196.3378205,4.1030177363642935
1714079196.3379335,4.057477138660572
1714079196.3380463,4.009601363429317
1714079196.3381593,3.9582221596329297
1714079196.3382723,3.906842955836543
1714079196.338385,3.854295942518446
1714079196.338498,3.799413751672815
1714079196.338611,3.746866738354718
1714079196.338724,3.690816737987377
1714079196.3388367,3.630095941049081
1714079196.3389497,3.5728781311600293
1714079196.3390625,3.5039833298435914
1714079196.3391755,3.4350885285271535
1714079196.3392885,3.3603553418759944
1714079196.3394012,3.2809511378959373
1714079196.3395143,3.2015469339158797
1714079196.339627,3.118639522128635
1714079196.33974,3.034564521577623
1714079196.3398528,2.9469863132194236
1714079196.3399658,2.8570729273336903
1714079196.3400786,2.764823922404536
1714079196.3401916,2.6690717096681946
1714079196.3403046,2.5651457133116544
1714079196.3404174,2.461219716955114
1714079196.3405304,2.3502873049841986
1714079196.3406432,2.232348698156851
1714079196.3407562,2.115577900851214
1714079196.340869,1.990633099167435
1714079196.340982,1.8621850896764682
1714079196.3410947,1.7360725888499506
1714079196.3412077,1.6017860836452906
1714079196.3413205,1.4674995784406308
1714079196.3414335,1.3308776749504936
1714079196.3415465,1.1872494662249529
1714079196.3416593,1.0412859695929066
1714079196.3417723,0.8894838116787097
1714079196.341885,0.7330108571935583
1714079196.341998,0.5753702035656681
1714079196.3421109,0.41305867058259466
1714079196.342224,0.24841176690878689
1714079196.3423367,0.08142943045607319
1714079196.3424497,-0.08787112655463042
1714079196.3425627,-0.25482081152774666
1714079196.3426754,-0.422937947290915
1714079196.3427885,-0.5910551106488263
1714079196.3429012,-0.7603397523915326
1714079196.3430142,-0.9331268292886239
1714079196.343127,-1.1082488077658192
1714079196.34324,-1.2798684614676015
1714079196.3433528,-1.457325396714387
1714079196.3434658,-1.6312800071857592
1714079196.3435788,-1.8040670288933647
1714079196.3436916,-1.97918900737056
1714079196.3438046,-2.1449713795273393
1714079196.3439174,-2.3130884876957643
1714079196.3440304,-2.4753680935612428
1714079196.3441432,-2.635312963415075
1714079196.3442562,-2.7964252012747304
1714079196.344369,-2.951700157589382
1714079196.344482,-3.1058075251402677
1714079196.3445947,-3.2599148926911528
1714079196.3447077,-3.411687303472448
1714079196.3448207,-3.558789800714563
1714079196.3449335,-3.6988874276479082
1714079196.3450465,-3.83314777303625
1714079196.3451593,-3.962737984127468
1714079196.3452723,-4.084155736146149
1714079196.345385,-4.200904016141538
1714079196.345498,-4.314149309087682
1714079196.3456109,-4.419222584477177
1714079196.3457239,-4.521961123855025
1714079196.3458369,-4.618861940171983
1714079196.3459496,-4.709925474943938
1714079196.3460627,-4.797486464182535
1714079196.3461754,-4.878042362354419
1714079196.3462884,-4.949258874963831
1714079196.3464012,-5.018140210045709
1714079196.3465142,-5.074179172515869
1714079196.346627,-5.127883398974383
1714079196.34674,-5.175749902372007
1714079196.346853,-5.21427657869127
1714079196.3469658,-5.252803696526421
1714079196.3470788,-5.283157913773148
1714079196.3471916,-5.306507481469048
1714079196.3473046,-5.332192226692482
1714079196.3474174,-5.350871880849202
1714079196.3475304,-5.363714253460919
1714079196.3476431,-5.371886712533456
1714079196.3477561,-5.374221448545103
1714079196.3478692,-5.375388816550926
1714079196.347982,-5.371886712533456
1714079196.348095,-5.363714253460919
1714079196.3482077,-5.355541794388382
1714079196.3483207,-5.336862140231662
1714079196.3484335,-5.321685031608299
1714079196.3485465,-5.306507481469048
1714079196.3486593,-5.283157913773148
1714079196.3487723,-5.265646069138138
1714079196.348885,-5.246966414981418
1714079196.348998,-5.22361640576963
1714079196.349111,-5.2002668380737305
1714079196.3492239,-5.171079988832827
1714079196.3493369,-5.141893139591923
1714079196.3494496,-5.112705848835132
1714079196.3495626,-5.081183822066695
1714079196.3496754,-5.048494427292435
1714079196.3497884,-5.0193075780515315
1714079196.3499012,-4.984283005749737
1714079196.3500142,-4.956263524514657
1714079196.3501272,-4.927076675273754
1714079196.35024,-4.90139193005032
1714079196.350353,-4.87337244881524
1714079196.3504658,-4.843018231568513
1714079196.3505788,-4.810328395278365
1714079196.3506916,-4.781141546037461
1714079196.3508046,-4.744949605729844
1714079196.3509173,-4.711092842949761
1714079196.3510303,-4.678403448175501
1714079196.3511434,-4.645714053401241
1714079196.3512561,-4.616526762644449
1714079196.3513691,-4.592009826942726
1714079196.351482,-4.567492891241002
1714079196.351595,-4.544143323545103
1714079196.3517077,-4.521961123855025
1714079196.3518207,-4.493941642619945
1714079196.3519335,-4.463586983857331
1714079196.3520465,-4.437902238633897
1714079196.3521593,-4.406380653381348
1714079196.3522723,-4.376025994618733
1714079196.3523853,-4.350341249395299
1714079196.352498,-4.3269916816994
1714079196.352611,-4.303642114003499
1714079196.3527238,-4.282627723835132
1714079196.3528368,-4.2639480696784124
1714079196.3529496,-4.235928146927445
1714079196.3530626,-4.212578579231544
1714079196.3531754,-4.181056552463107
1714079196.3532884,-4.149534967210557
1714079196.3534014,-4.111007849375406
1714079196.3535142,-4.079485822606969
1714079196.3536272,-4.044461691821063
1714079196.35374,-4.009437119519268
1714079196.353853,-3.979082902272542
1714079196.3539658,-3.9417231524432146
1714079196.3540788,-3.9113689351964878
1714079196.3541915,-3.8716744493555137
1714079196.3543046,-3.829645227502893
1714079196.3544176,-3.782946092111093
1714079196.3545303,-3.736246956719292
1714079196.3546433,-3.6848776870303683
1714079196.354756,-3.6265037677906173
1714079196.3548691,-3.5727995413321034
1714079196.354982,-3.514425622092353
1714079196.355095,-3.4560514820946584
1714079196.3552077,-3.397677562854908
1714079196.3553207,-3.3369684660876238
1714079196.3554337,-3.269254719769513
1714079196.3555465,-3.199206016681812
1714079196.3556595,-3.123319590533221
1714079196.3557723,-3.045098428372983
1714079196.3558853,-2.9587050278981524
1714079196.355998,-2.867641493126198
1714079196.356111,-2.778913135881777
1714079196.3562238,-2.683179687570642
1714079196.3563368,-2.5897811960290977
1714079196.3564496,-2.49054542294255
1714079196.3565626,-2.391309649856002
1714079196.3566756,-2.2862363744665073
1714079196.3567884,-2.1799957310711893
1714079196.3569014,-2.066749996609158
1714079196.3570142,-1.9500021581296567
1714079196.3571272,-1.82624911820447
1714079196.35724,-1.6978263854980467
1714079196.357353,-1.5670685856430617
1714079196.3574657,-1.4339758290184867
1714079196.3575788,-1.2950456804699366
1714079196.3576918,-1.1572830103061817
1714079196.3578045,-1.0136829482184515
1714079196.3579175,-0.8712503645155164
1714079196.3580303,-0.7253153456581963
1714079196.3581433,-0.5723754013026202
1714079196.358256,-0.41943551213652996
1714079196.358369,-0.2583232466821317
1714079196.358482,-0.09487601066077196
1714079196.358595,0.06858463640566224
1714079196.358708,0.2379023918399104
1714079196.3588207,0.4107232722971174
1714079196.3589337,0.5812086992793613
1714079196.3590465,0.751694209045834
1714079196.3591595,0.9198442101478576
1714079196.3592722,1.0879942664393671
1714079196.3593853,1.2561442675413907
1714079196.359498,1.4242943790223863
1714079196.359611,1.5971151766953644
1714079196.3597238,1.767600686461837
1714079196.3598368,1.938086085849338
1714079196.3599498,2.1120746930440264
1714079196.3600626,2.277889295860573
1714079196.3601756,2.447207106484307
1714079196.3602884,2.6071831032081887
1714079196.3604014,2.7683269094537803
1714079196.3605142,2.917793724271986
1714079196.3606272,3.063757331283004
1714079196.36074,3.2108885270577887
1714079196.360853,3.353348926261619
1714079196.360966,3.49814494450887
1714079196.3610787,3.6371021359055127
1714079196.3611917,3.7748919592963324
1714079196.3613045,3.9080107653582536
1714079196.3614175,4.0387939523767535
1714079196.3615303,4.160235546253346
1714079196.3616433,4.274671166031449
1714079196.361756,4.378597383145933
1714079196.361869,4.479020171695285
1714079196.361982,4.575939973195394
1714079196.3620949,4.661182562510172
1714079196.362208,4.751096389911792
1714079196.3623207,4.83400336018315
1714079196.3624337,4.909904797871907
1714079196.3625464,4.984637984523067
1714079196.3626595,5.053532565081561
1714079196.3627722,5.113085994014034
1714079196.3628852,5.166800375337954
1714079196.3629982,5.211173605035852
1714079196.363111,5.254378583696153
1714079196.363224,5.288242410730432
1714079196.3633368,5.31743499967787
1714079196.3634498,5.345459779103597
1714079196.3635626,5.369982012995967
1714079196.3636756,5.391000376807319
1714079196.3637884,5.406180576041892
1714079196.3639014,5.4190255977489326
1714079196.3640141,5.4283671908908415
1714079196.3641272,5.431870177940086
1714079196.3642402,5.435373606505217
1714079196.364353,5.430702809934263
1714079196.364466,5.424864203841597
1714079196.3645787,5.412019182134557
1714079196.3646917,5.400342411465115
1714079196.3648045,5.386329580236364
1714079196.3649175,5.369982012995967
1714079196.3650303,5.352466194717972
1714079196.3651433,5.3326151989124435
1714079196.3652563,5.315099380634448
1714079196.365369,5.2917453977796765
1714079196.365482,5.271894401974148
1714079196.3655949,5.2462048000759545
1714079196.3657079,5.224018185227005
1714079196.3658206,5.195993405801278
1714079196.3659337,5.167968184859664
1714079196.3660464,5.14227858296147
1714079196.3661594,5.110750374970612
1714079196.3662724,5.08622858259413
1714079196.3663852,5.0547003746032715
1714079196.3664982,5.029010772705078
1714079196.366611,5.000985993279351
1714079196.366724,4.978799378430401
1714079196.3668368,4.951941967010498
1714079196.3669498,4.926252365112305
1714079196.3670626,4.899395395208288
1714079196.3671756,4.870202364744963
1714079196.3672884,4.8410097757975254
1714079196.3674014,4.807146390279134
1714079196.3675144,4.77912116933752
1714079196.3676271,4.748760770868372
1714079196.3677402,4.721903359448468
1714079196.367853,4.6903755929734965
1714079196.367966,4.671691965173792
1714079196.3680787,4.646002363275598
1714079196.3681917,4.620312761377405
1714079196.3683045,4.5946231594792115
1714079196.3684175,4.564262761010064
1714079196.3685305,4.5350701720626265
1714079196.3686433,4.502374154550058
1714079196.3687563,4.4720137560809095
1714079196.368869,4.4393181800842285
1714079196.368982,4.410125149620904
1714079196.3690948,4.382100370195176
1714079196.3692079,4.350572162204318
1714079196.3693206,4.324882560306125
1714079196.3694336,4.292186542793556
1714079196.3695467,4.2618261443244085
1714079196.3696594,4.2256271397625955
1714079196.3697724,4.18826076719496
1714079196.3698852,4.146223156540482
1714079196.3699982,4.104185545886004
1714079196.370111,4.063315744753237
1714079196.370224,4.016607337527804
1714079196.3703368,3.9769053459167476
1714079196.3704498,3.9325325577347363
1714079196.3705628,3.888159769552725
1714079196.3706756,3.8367805657563383
1714079196.3707886,3.786568729965775
1714079196.3709013,3.7293513615926104
1714079196.3710144,3.6709657421818482
1714079196.3711271,3.6009031313437
1714079196.3712401,3.53551153783445
1714079196.371353,3.4642813382325346
1714079196.371466,3.3907157403451422
1714079196.3715787,3.3183177312215166
1714079196.3716917,3.24008133676317
1714079196.3718047,3.1641801198323565
1714079196.3719175,3.082440517566822
1714079196.3720305,3.0007009153012874
1714079196.3721433,2.907284321608367
1714079196.3722563,2.811532108872025
1714079196.372369,2.708773922037195
1714079196.372482,2.6036801161589445
1714079196.3725948,2.4985863102806936
1714079196.3727078,2.3888217078314886
1714079196.3728209,2.2743863088113287
1714079196.3729336,2.1587831002694586
1714079196.3730466,2.0408444934421115
1714079196.3731594,1.91940289956552
1714079196.3732724,1.790954890074553
1714079196.3733852,1.6625068805835863
1714079196.3734982,1.5328912823288527
1714079196.373611,1.389263073603312
1714079196.373724,1.249138072684959
1714079196.373837,1.0996713682457253
1714079196.3739498,0.9490369646637528
1714079196.3740628,0.7984025058922943
1714079196.3741755,0.6466004031675833
1714079196.3742886,0.4889597495396932
1714079196.3744013,0.33248679505454165
1714079196.3745143,0.17367841468916997
1714079196.374627,0.01253462224094956
1714079196.3747401,-0.1520825342999564
1714079196.374853,-0.32019968386049624
1714079196.374966,-0.4871493688336125
1714079196.375079,-0.6634388808850888
1714079196.3751917,-0.8362259577821801
1714079196.3753047,-1.0113479914488614
1714079196.3754175,-1.186469969926057
1714079196.3755305,-1.3592571020126343
1714079196.3756433,-1.5308766453354445
1714079196.3757563,-1.7013288206524317
1714079196.375869,-1.868278450436062
1714079196.375982,-2.0340606018348977
1714079196.376095,-2.2045126667729127
1714079196.3762078,-2.367960082160102
1714079196.3763208,-2.5337422335589372
1714079196.3764336,-2.6971894281881825
1714079196.3765466,-2.860636622817428
1714079196.3766594,-3.0182465359016697
1714079196.3767724,-3.170018946682965
1714079196.3768852,-3.32179135746426
1714079196.3769982,-3.4618889843976053
1714079196.3771112,-3.6008190225671837
1714079196.377224,-3.7339117791917587
1714079196.377337,-3.8611672542713302
1714079196.3774498,-3.9884227293509023
1714079196.3775628,-4.106337935836226
1714079196.3776755,-4.224253583837438
1714079196.3777885,-4.335164140771936
1714079196.3779013,-4.4449073297006105
1714079196.3780143,-4.542975514023392
1714079196.378127,-4.63520641680117
1714079196.37824,-4.719265302022298
1714079196.378353,-4.797486464182535
1714079196.378466,-4.874539816821063
1714079196.378579,-4.9340813248245805
1714079196.3786917,-4.999460555888988
1714079196.3788047,-5.055499518359149
1714079196.3789175,-5.109203744817663
1714079196.3790305,-5.155902880209463
1714079196.3791432,-5.197932102062084
1714079196.3792562,-5.236458778381348
1714079196.3793693,-5.266813437143961
1714079196.379482,-5.297167654390688
1714079196.379595,-5.315847750063296
1714079196.3797078,-5.334527404220015
1714079196.3798208,-5.345034599304199
1714079196.3799336,-5.349704512843379
1714079196.3800466,-5.354374426382559
1714079196.3801594,-5.354374426382559
1714079196.3802724,-5.353207058376736
1714079196.3803854,-5.345034599304199
1714079196.3804982,-5.336862140231662
1714079196.3806112,-5.326354945147479
1714079196.380724,-5.315847750063296
1714079196.380837,-5.299502831918222
1714079196.3809497,-5.280823177761501
1714079196.3810627,-5.257473610065601
1714079196.3811755,-5.235291410375524
1714079196.3812885,-5.20610456113462
1714079196.3814015,-5.178085079899541
1714079196.3815143,-5.147730421136926
1714079196.3816273,-5.118543571896023
1714079196.38174,-5.089356281139232
1714079196.381853,-5.060169431898329
1714079196.3819659,-5.033317318669072
1714079196.382079,-5.005297837433991
1714079196.3821917,-4.978445724204734
1714079196.3823047,-4.945756329430474
1714079196.3824174,-4.91540167066786
1714079196.3825305,-4.881544907887776
1714079196.3826435,-4.847688145107693
1714079196.3827562,-4.814998308817545
1714079196.3828692,-4.7799741780316385
1714079196.382982,-4.751954696796558
1714079196.383095,-4.722767406039767
1714079196.3832078,-4.700585647865577
1714079196.3833208,-4.6737335346363205
1714079196.3834336,-4.651551334946244
1714079196.3835466,-4.623531853711163
1714079196.3836596,-4.594344562954372
1714079196.3837724,-4.566325081719293
1714079196.3838854,-4.5348034964667425
1714079196.3839982,-4.504448837704128
1714079196.3841112,-4.472926810935691
1714079196.384224,-4.448409875233968
1714079196.384337,-4.422725130010534
1714079196.3844497,-4.4017107398421675
1714079196.3845627,-4.3806959081579135
1714079196.3846757,-4.358513708467837
1714079196.3847885,-4.333996772766113
1714079196.3849015,-4.305977291531033
1714079196.3850143,-4.2802925463075985
1714079196.3851273,-4.245267974005805
1714079196.38524,-4.217248492770724
1714079196.385353,-4.184559097996464
1714079196.3854659,-4.155372248755561
1714079196.3855789,-4.126185399514657
1714079196.3856916,-4.09816547676369
1714079196.3858047,-4.070145995528609
1714079196.3859177,-4.0409591462877055
1714079196.3860304,-4.010604487525092
1714079196.3861434,-3.9732451792116517
1714079196.3862562,-3.9382210484257447
1714079196.3863692,-3.8926892810397677
1714079196.386482,-3.8494922496654365
1714079196.386595,-3.806295659806993
1714079196.3867078,-3.7607638924210156
1714079196.3868208,-3.717567302562572
1714079196.3869338,-3.669700357649061
1714079196.3870466,-3.6253361790268506
1714079196.3871596,-3.5727995413321034
1714079196.3872724,-3.5237654491707127
1714079196.3873854,-3.4630563524034286
1714079196.3874981,-3.400012519624498
1714079196.3876112,-3.3346335093180337
1714079196.387724,-3.261082260696976
1714079196.387837,-3.1898659688455084
1714079196.38795,-3.110477438679448
1714079196.3880627,-3.0357586012946234
1714079196.3881757,-2.9540351143589723
1714079196.3882885,-2.875813952198735
1714079196.3884015,-2.78708537419637
1714079196.3885143,-2.698356796194006
1714079196.3886273,-2.602623568640815
1714079196.38874,-2.5022202067905
1714079196.388853,-2.3971469314010054
1714079196.388966,-2.2862363744665073
1714079196.3890789,-2.1741582287682424
1714079196.3891919,-2.0539078447553845
1714079196.3893046,-1.9348248287483496
1714079196.3894176,-1.8099044208173398
1714079196.3895304,-1.6861514912711248
1714079196.3896434,-1.5577287585647017
1714079196.3897562,-1.4269709587097168
1714079196.3898692,-1.2962131588547317
1714079196.389982,-1.1549480535365917
1714079196.390095,-1.0136829482184515
1714079196.390208,-0.8642454942067463
1714079196.3903208,-0.7124730282359653
1714079196.3904338,-0.5571981823002851
1714079196.3905466,-0.3984208736154768
1714079196.3906596,-0.23964356493066857
1714079196.3907723,-0.07969876406369385
1714079196.3908854,0.08142943045607319
1714079196.3909981,0.24257321600560788
1714079196.3911111,0.40371702225119976
1714079196.3912241,0.567196199187526
1714079196.391337,0.7330108571935583
1714079196.39145,0.9011609134850678
1714079196.3915627,1.0763171646330092
1714079196.3916757,1.2456349752567433
1714079196.3917885,1.421958980736909
1714079196.3919015,1.5971151766953644
1714079196.3920143,1.7687683856045757
1714079196.3921273,1.938086085849338
1714079196.3922403,2.101565290380407
1714079196.392353,2.2673798931969533
1714079196.392466,2.426188301157068
1714079196.3925788,2.58733210740266
1714079196.3926919,2.7438051170772972
1714079196.3928046,2.9049489233228893
1714079196.3929176,3.063757331283004
1714079196.3930304,3.219062531435931
1714079196.3931434,3.370864744539614
1714079196.3932562,3.514492732507211
1714079196.3933692,3.6592887507544622
1714079196.3934822,3.788904349009196
1714079196.393595,3.918520168021873
1714079196.393708,4.03645877484922
1714079196.3938208,4.152061762633147
1714079196.3939338,4.266496940895363
1714079196.3940465,4.376261764102511
1714079196.3941596,4.481355349222818
1714079196.3942723,4.582946388809769
1714079196.3943853,4.677530571266456
1714079196.3944983,4.770947385717321
1714079196.3946111,4.852686987982856
1714079196.3947241,4.925084997106481
1714079196.394837,4.996315196708396
1714079196.39495,5.055868184124981
1714079196.3950627,5.113085994014034
1714079196.3951757,5.16563300733213
1714079196.3952885,5.212340973041675
1714079196.3954015,5.256714202739574
1714079196.3955145,5.297584003872341
1714079196.3956273,5.333783008434154
1714079196.3957403,5.362975597381592
1714079196.395853,5.389833008801495
1714079196.395966,5.409684004607024
1714079196.3960788,5.427199381369131
1714079196.3961918,5.431870177940086
1714079196.3963046,5.441212212597882
1714079196.3964176,5.441212212597882
1714079196.3965306,5.442379580603705
1714079196.3966434,5.436541416026928
1714079196.3967564,5.4330379874617964
1714079196.3968692,5.427199381369131
1714079196.3969822,5.415522610699688
1714079196.397095,5.406180576041892
1714079196.397208,5.388665199279785
1714079196.3973207,5.373485000045211
1714079196.3974338,5.352466194717972
1714079196.3975465,5.330279579869023
1714079196.3976595,5.3057577874925395
1714079196.3977726,5.2824038046377675
1714079196.3978853,5.255546393217863
1714079196.3979983,5.225185994748716
1714079196.398111,5.2006642023722325
1714079196.398224,5.169135994381374
1714079196.398337,5.145781570010715
1714079196.39845,5.114253803535743
1714079196.3985627,5.090899379165084
1714079196.3986757,5.061706790217647
1714079196.3987887,5.034849378797743
1714079196.3989015,5.004488980328595
1714079196.3990145,4.9729607723377365
1714079196.3991272,4.947271170439543
1714079196.3992403,4.916910771970396
1714079196.399353,4.887718183022958
1714079196.399466,4.860860771603054
1714079196.3995788,4.83400336018315
1714079196.3996918,4.808313758284957
1714079196.3998048,4.784959775430185
1714079196.3999176,4.760437983053701
1714079196.4000306,4.7359161906772185
1714079196.4001434,4.707890969735605
1714079196.4002564,4.679866190309878
1714079196.4003692,4.648337982319019
1714079196.4004822,4.617977583849871
1714079196.400595,4.587617185380723
1714079196.400708,4.559591964439109
1714079196.4008207,4.529231565969962
1714079196.4009337,4.504709773593478
1714079196.4010468,4.477852362173575
1714079196.4011595,4.450994950753671
1714079196.4012725,4.425305348855478
1714079196.4013853,4.391441963337085
1714079196.4014983,4.362249374389648
1714079196.401611,4.326050369827835
1714079196.401724,4.287515746222602
1714079196.4018369,4.251316741660789
1714079196.40195,4.212782559571442
1714079196.402063,4.17775136453134
1714079196.4021757,4.1392167409261065
1714079196.4022887,4.1030177363642935
1714079196.4024014,4.063315744753237
1714079196.4025145,4.021278134098759
1714079196.4026272,3.9769053459167476
1714079196.4027402,3.9243583325986506
1714079196.402853,3.874146938323974
1714079196.402966,3.818096937956633
1714079196.403079,3.7597117600617582
1714079196.4031918,3.7001585518872293
1714079196.4033048,3.6406053437127004
1714079196.4034176,3.5798845467744047
1714079196.4035306,3.5156605420289213
1714079196.4036434,3.4537719355689154
1714079196.4037564,3.382541735967
1714079196.4038692,3.312479125128852
1714079196.4039822,3.2319073323850276
1714079196.404095,3.150167730119493
1714079196.404208,3.061421932997527
1714079196.404321,2.9703405168321395
1714079196.4044337,2.8780915119029857
1714079196.4045467,2.7800041216391103
1714079196.4046595,2.6830843201390016
1714079196.4047725,2.580325912546228
1714079196.4048853,2.4752321066679777
1714079196.4049983,2.3678029025042497
1714079196.405111,2.2521996939623796
1714079196.405224,2.1354288966567427
1714079196.405337,2.009316285451253
1714079196.4054499,1.8820360854819969
1714079196.4055629,1.7512527880845246
1714079196.4056756,1.6146308845943873
1714079196.4057887,1.4745057732970626
1714079196.4059014,1.3320453740932323
1714079196.4060144,1.1884171653676916
1714079196.4061272,1.0412859695929066
1714079196.4062402,0.8929869091069256
1714079196.4063532,0.7411848063822145
1714079196.406466,0.5847118518970631
1714079196.406579,0.42823889741191157
1714079196.4066918,0.2647596928808424
1714079196.4068048,0.09544193744659424
1714079196.4069176,-0.07152640847144304
1714079196.4070306,-0.2431460000850536
1714079196.4071434,-0.41359812021255493
1714079196.4072564,-0.5887201538792363
1714079196.4073694,-0.7580047956219426
1714079196.4074821,-0.9307918725190338
1714079196.4075952,-1.1012439374570493
1714079196.407708,-1.2728635911588315
1714079196.407821,-1.442148177712052
1714079196.4079337,-1.6149351994196572
1714079196.4080467,-1.7865548531214395
1714079196.4081595,-1.95817439644425
1714079196.4082725,-2.1332963749214455
1714079196.4083853,-2.3002461150840476
1714079196.4084983,-2.4671958552466497
1714079196.4086113,-2.6294754611121283
1714079196.408724,-2.790587919729727
1714079196.408837,-2.9423603305110224
1714079196.4089499,-3.0941327412923174
1714079196.4090629,-3.242402606540256
1714079196.4091756,-3.3883377357765476
1714079196.4092886,-3.529602730715716
1714079196.4094014,-3.668532989643238
1714079196.4095144,-3.8074630278128163
1714079196.4096274,-3.9370532389040345
1714079196.4097402,-4.06547608198943
1714079196.4098532,-4.181056552463107
1714079196.409966,-4.293134918919316
1714079196.410079,-4.40287810784799
1714079196.4101918,-4.500946292170772
1714079196.4103048,-4.596679740481906
1714079196.4104176,-4.681905993708858
1714079196.4105306,-4.765964437414098
1714079196.4106436,-4.845352967580159
1714079196.4107563,-4.918904216201216
1714079196.4108694,-4.987785551283094
1714079196.4109821,-5.047327059286611
1714079196.4110951,-5.106868567290129
1714079196.411208,-5.153567702681929
1714079196.411321,-5.197932102062084
1714079196.4114337,-5.235291410375524
1714079196.4115467,-5.265646069138138
1714079196.4116595,-5.291330372845684
1714079196.4117725,-5.312345204529938
1714079196.4118855,-5.331024858686659
1714079196.4119983,-5.342699421776665
1714079196.4121113,-5.352039248855025
1714079196.412224,-5.359044339921739
1714079196.412337,-5.359044339921739
1714079196.4124498,-5.360211707927562
1714079196.4125628,-5.354374426382559
1714079196.4126756,-5.348537144837556
1714079196.4127886,-5.335694772225839
1714079196.4129016,-5.321685031608299
1714079196.4130144,-5.305340113463225
1714079196.4131274,-5.283157913773148
1714079196.4132402,-5.262143523604781
1714079196.4133532,-5.236458778381348
1714079196.413466,-5.215444388212981
1714079196.413579,-5.193262188522904
1714079196.4136918,-5.164074897766113
1714079196.4138048,-5.145395243609393
1714079196.4139178,-5.113873658356843
1714079196.4140306,-5.090523649145055
1714079196.4141436,-5.059002063892505
1714079196.4142563,-5.026312227602358
1714079196.4143693,-4.991288096816451
1714079196.414482,-4.957431334036367
1714079196.4145951,-4.92123939372875
1714079196.414708,-4.88854999895449
1714079196.414821,-4.852358058646873
1714079196.414934,-4.8278406814292625
1714079196.4150467,-4.803323745727539
1714079196.4151597,-4.772969086964925
1714079196.4152725,-4.746117415251555
1714079196.4153855,-4.716930124494764
1714079196.4154983,-4.685408097726327
1714079196.4156113,-4.651551334946244
1714079196.415724,-4.6200293081778065
1714079196.415837,-4.589674649415192
1714079196.4159498,-4.559320432168466
1714079196.4160628,-4.537138232478389
1714079196.4161758,-4.5137886647824885
1714079196.4162886,-4.493941642619945
1714079196.4164016,-4.470592074924045
1714079196.4165144,-4.447242065712257
1714079196.4166274,-4.423892498016357
1714079196.4167402,-4.397040826302987
1714079196.4168532,-4.36902090355202
1714079196.416966,-4.339834054311116
1714079196.417079,-4.305977291531033
1714079196.417192,-4.279125178301776
1714079196.4173048,-4.252273065072519
1714079196.4174178,-4.228923497376618
1714079196.4175305,-4.206741297686541
1714079196.4176435,-4.181056552463107
1714079196.4177563,-4.155372248755561
1714079196.4178693,-4.12735276752048
1714079196.417982,-4.095830740752043
1714079196.418095,-4.0619739779719595
1714079196.4182081,-4.0246142281426325
1714079196.418321,-3.983752815811722
1714079196.418434,-3.9463930659823947
1714079196.4185467,-3.9090337576689542
1714079196.4186597,-3.8716744493555137
1714079196.4187725,-3.8343151410420733
1714079196.4188855,-3.793453287195276
1714079196.4189982,-3.753758801354302
1714079196.4191113,-3.7035573411870883
1714079196.419224,-3.652188292256108
1714079196.419337,-3.5973166977917703
1714079196.41945,-3.540110146557843
1714079196.4195628,-3.477066093020969
1714079196.4196758,-3.4140222602420383
1714079196.4197886,-3.3474758819297508
1714079196.4199016,-3.28209709238123
1714079196.4200144,-3.214383125305176
1714079196.4201274,-3.143166833453708
1714079196.4202402,-3.0719505416022406
1714079196.4203532,-2.993729379442003
1714079196.4204662,-2.912005671748408
1714079196.420579,-2.8256122712735774
1714079196.420692,-2.732213779732033
1714079196.4208047,-2.638815508948432
1714079196.4209177,-2.5360771903285273
1714079196.4210305,-2.4345064604723894
1714079196.4211435,-2.3294331850828947
1714079196.4212563,-2.2231925416875766
1714079196.4213693,-2.113449352758902
1714079196.4214823,-1.999036250291047
1714079196.421595,-1.8834557798173692
1714079196.421708,-1.7608703286559493
1714079196.4218209,-1.6371173991097343
1714079196.421934,-1.5040246424851593
1714079196.4220467,-1.3709318858605843
1714079196.4221597,-1.2296667805424442
1714079196.4222724,-1.0872341968395092
1714079196.4223855,-0.942466656366984
1714079196.4224985,-0.7918617239704838
1714079196.4226112,-0.6435916931540877
1714079196.4227242,-0.4929867607575875
1714079196.422837,-0.34121432238154936
1714079196.42295,-0.1871069410332927
1714079196.4230628,-0.028329637522498764
1714079196.4231758,0.13514402563925143
1714079196.4232886,0.29745551723021046
1714079196.4234016,0.4667733002592016
1714079196.4235144,0.6360910556934497
1714079196.4236274,0.8077442094131752
1714079196.4237404,0.978229663990162
1714079196.4238532,1.1475473642349243
1714079196.4239662,1.3156974757159197
1714079196.424079,1.4803443793897275
1714079196.424192,1.642655884778058
1714079196.4243047,1.8073027884518658
1714079196.4244177,1.9707818826039631
1714079196.4245305,2.136596706178453
1714079196.4246435,2.301243499473289
1714079196.4247565,2.4635551152405912
1714079196.4248693,2.628201908535427
1714079196.4249823,2.7893457147810192
1714079196.425095,2.942315516648469
1714079196.425208,3.091782331466675
1714079196.4253209,3.236578128955982
1714079196.4254339,3.3778709393960455
1714079196.4255466,3.5133251437434443
1714079196.4256597,3.642940741998178
1714079196.4257727,3.779562755867287
1714079196.4258854,3.9080107653582536
1714079196.4259984,4.03529096532751
1714079196.4261112,4.159068178247522
1714079196.4262242,4.275838975553159
1714079196.426337,4.387938976287842
1714079196.42645,4.4895295743589045
1714079196.4265628,4.588784553386547
1714079196.4266758,4.6763627617447465
1714079196.4267886,4.756934996004458
1714079196.4269016,4.836338979226571
1714079196.4270146,4.91107216587773
1714079196.4271274,4.979967187952112
1714079196.4272404,5.0453587814613625
1714079196.4273531,5.106079578399658
1714079196.4274662,5.162129578766999
1714079196.427579,5.211173605035852
1714079196.427692,5.254378583696153
1714079196.4278047,5.2917453977796765
1714079196.4279177,5.319770177205403
1714079196.4280307,5.345459779103597
1714079196.4281435,5.367646393952546
1714079196.4282565,5.3828265931871195
1714079196.4283693,5.396838982899983
1714079196.4284823,5.410851814128734
1714079196.428595,5.417857788227222
1714079196.428708,5.4236963943198875
1714079196.4288208,5.426032013363308
1714079196.4289339,5.4236963943198875
1714079196.4290469,5.420193407270643
1714079196.4291596,5.409684004607024
1714079196.4292727,5.400342411465115
1714079196.4293854,5.385162212230541
1714079196.4294984,5.3688142034742565
1714079196.4296112,5.351298385196261
1714079196.4297242,5.331447389390733
1714079196.429837,5.309260774541784
1714079196.42995,5.2870746012087215
1714079196.4300628,5.263720176838062
1714079196.4301758,5.242701371510823
1714079196.4302888,5.220515198177761
1714079196.4304016,5.193657786757857
1714079196.4305146,5.169135994381374
1714079196.4306273,5.138775595912227
1714079196.4307404,5.113085994014034
1714079196.4308531,5.082725595544885
1714079196.4309661,5.051197387554027
1714079196.431079,5.02200479860659
1714079196.431192,4.992811768143265
1714079196.431305,4.964786988717538
1714079196.4314177,4.939097386819345
1714079196.4315307,4.91107216587773
1714079196.4316435,4.887718183022958
1714079196.4317565,4.862028581124765
1714079196.4318693,4.83400336018315
1714079196.4319823,4.805978580757423
1714079196.432095,4.777953359815809
1714079196.432208,4.746425593340838
1714079196.432321,4.717232562877514
1714079196.4324338,4.684536986880832
1714079196.4325469,4.661182562510172
1714079196.4326596,4.634325592606156
1714079196.4327726,4.608635990707962
1714079196.4328854,4.586449375859013
1714079196.4329984,4.559591964439109
1714079196.4331112,4.533902362540916
1714079196.4332242,4.5082127606427225
1714079196.4333372,4.474349375124331
1714079196.43345,4.441653357611762
1714079196.433563,4.411292959142614
1714079196.4336758,4.380932560673466
1714079196.4337888,4.348236543160898
1714079196.4339015,4.315540967164216
1714079196.4340146,4.287515746222602
1714079196.4341273,4.2524845511825
1714079196.4342403,4.2256271397625955
1714079196.434353,4.187092957673249
1714079196.4344661,4.149726143589726
1714079196.4345791,4.106521164929425
1714079196.434692,4.064483554274947
1714079196.434805,4.01310435047856
1714079196.4349177,3.9675637527748386
1714079196.4350307,3.918520168021873
1714079196.4351435,3.8683083322313094
1714079196.4352565,3.818096937956633
1714079196.4353693,3.7655503661544234
1714079196.4354823,3.7141711623580367
1714079196.4355953,3.654617733425564
1714079196.435708,3.5927293477235014
1714079196.435821,3.5250021351708303
1714079196.4359338,3.4537719355689154
1714079196.4360468,3.3755355411105685
1714079196.4361596,3.3008021337014655
1714079196.4362726,3.2213979297214084
1714079196.4363854,3.1373229291703963
1714079196.4364984,3.0544155173831515
1714079196.4366114,2.9680051185466625
1714079196.4367242,2.8780915119029857
1714079196.4368372,2.7858425069738315
1714079196.43695,2.6842519089027688
1714079196.437063,2.5826613108317056
1714079196.4371758,2.4728967083825
1714079196.4372888,2.3584613093623408
1714079196.4374015,2.24169029129876
1714079196.4375145,2.1214165069438793
1714079196.4376273,1.9964714845021565
1714079196.4377403,1.8715266828183774
1714079196.4378533,1.7430787837063824
1714079196.437966,1.6111277871661716
1714079196.438079,1.4768412819615115
1714079196.438192,1.3378838698069253
1714079196.438305,1.1942557714603566
1714079196.4384177,1.0482921644493386
1714079196.4385307,0.8929869091069256
1714079196.4386435,0.7423525055249531
1714079196.4387565,0.5823764536115857
1714079196.4388695,0.4200649206285123
1714079196.4389822,0.2565857160974432
1714079196.4390953,0.09310651846505977
1714079196.439208,-0.07152640847144304
1714079196.439321,-0.23614110218154058
1714079196.4394338,-0.4042582655394519
1714079196.4395468,-0.5747103580722102
1714079196.4396596,-0.7428275214301214
1714079196.4397726,-0.9191170334815978
1714079196.4398856,-1.0965740239178692
1714079196.4399984,-1.2728635911588315
1714079196.4401114,-1.450320526405617
1714079196.4402242,-1.6254426152617842
1714079196.4403372,-1.7993971153541846
1714079196.44045,-1.97218413706179
1714079196.440563,-2.1426362019998053
1714079196.4406757,-2.307250985392818
1714079196.4407887,-2.47420072555542
1714079196.4409018,-2.6341453746513084
1714079196.4410145,-2.792922876499317
1714079196.4411275,-2.9563700711285623
1714079196.4412403,-3.1081424819098578
1714079196.4413533,-3.264584806230333
1714079196.441466,-3.415189849005805
1714079196.441579,-3.55762243270874
1714079196.4416919,-3.696552470878318
1714079196.441805,-3.8273100499753596
1714079196.4419177,-3.9510629795215744
1714079196.4420307,-4.073648541061966
1714079196.4421437,-4.186894275523998
1714079196.4422565,-4.298972200464319
1714079196.4423695,-4.408715389392993
1714079196.4424822,-4.512621296776666
1714079196.4425952,-4.610689481099446
1714079196.442708,-4.702920383877224
1714079196.442821,-4.789314005109999
1714079196.4429338,-4.87337244881524
1714079196.4430468,-4.945756329430474
1714079196.4431598,-5.009967750973171
1714079196.4432726,-5.070676626982512
1714079196.4433856,-5.123213485435203
1714079196.4434984,-5.17224735683865
1714079196.4436114,-5.216611756218804
1714079196.4437242,-5.251636328520598
1714079196.4438372,-5.286660459306504
1714079196.44395,-5.318182486074941
1714079196.444063,-5.338029508237486
1714079196.444176,-5.357876971915916
1714079196.4442887,-5.3707189030117455
1714079196.4444017,-5.380059171605993
1714079196.4445145,-5.384729085145173
1714079196.4446275,-5.384729085145173
1714079196.4447403,-5.378891362084282
1714079196.4448533,-5.371886712533456
1714079196.444966,-5.360211707927562
1714079196.445079,-5.347369335315845
1714079196.4451919,-5.329857490680835
1714079196.4453049,-5.310010027002405
1714079196.445418,-5.293665550373218
1714079196.4455307,-5.272650718688965
1714079196.4456437,-5.251636328520598
1714079196.4457564,-5.229454128830521
1714079196.4458694,-5.20143464759544
1714079196.4459822,-5.1734151663603605
1714079196.4460952,-5.14422787560357
1714079196.446208,-5.108035935295953
1714079196.446321,-5.075346540521692
1714079196.446434,-5.042657145747432
1714079196.4465468,-5.009967750973171
1714079196.4466598,-4.980780901732268
1714079196.4467726,-4.9504262429696535
1714079196.4468856,-4.92474149774622
1714079196.4469984,-4.89672201651114
1714079196.4471114,-4.866367799264413
1714079196.4472241,-4.836013140501799
1714079196.4473372,-4.803323745727539
1714079196.4474502,-4.771801718959102
1714079196.447563,-4.739112324184841
1714079196.447676,-4.7052555614047575
1714079196.4477887,-4.677236080169678
1714079196.4479017,-4.650383966940421
1714079196.4480145,-4.624699221716987
1714079196.4481275,-4.600182286015263
1714079196.4482403,-4.579167454331009
1714079196.4483533,-4.553483150623462
1714079196.4484663,-4.528965773405852
1714079196.448579,-4.499778924164948
1714079196.448692,-4.467089529390688
1714079196.4488049,-4.436734870628074
1714079196.4489179,-4.405212843859637
1714079196.4490306,-4.377193362624556
1714079196.4491436,-4.353843794928657
1714079196.4492564,-4.328159491221109
1714079196.4493694,-4.305977291531033
1714079196.4494822,-4.283795091840956
1714079196.4495952,-4.259278156139232
1714079196.4497082,-4.233593410915798
1714079196.449821,-4.203238752153184
1714079196.449934,-4.1682146213672775
1714079196.4500468,-4.137859962604664
1714079196.4501598,-4.10283539030287
1714079196.4502726,-4.068978627522786
1714079196.4503856,-4.039791778281883
1714079196.4504983,-4.007102383507623
1714079196.4506114,-3.979082902272542
1714079196.4507244,-3.9463930659823947
1714079196.4508371,-3.9090337576689542
1714079196.4509501,-3.8716744493555137
1714079196.451063,-3.829645227502893
1714079196.451176,-3.7806109145835594
1714079196.4512887,-3.731577043180112
1714079196.4514017,-3.6813751414970115
1714079196.4515145,-3.6241688110210277
1714079196.4516275,-3.5751344981016935
1714079196.4517405,-3.519095535631533
1714079196.4518533,-3.4642239411671953
1714079196.4519663,-3.4058498011695013
1714079196.452079,-3.3439735571543374
1714079196.452192,-3.273924633308693
1714079196.4523048,-3.2050432982268156
1714079196.4524179,-3.1244871792969877
1714079196.4525306,-3.0439310603671603
1714079196.4526436,-2.9598723959039757
1714079196.4527564,-2.871144038659555
1714079196.4528694,-2.781248092651367
1714079196.4529824,-2.6901845578794124
1714079196.4530952,-2.594451109568278
1714079196.4532082,-2.4963829252454968
1714079196.453321,-2.398314520164772
1714079196.453434,-2.2909062880056874
1714079196.4535468,-2.1811630990770126
1714079196.4536598,-2.070252542142515
1714079196.4537725,-1.9476672013600667
1714079196.4538856,-1.8204117262804949
1714079196.4539986,-1.6931564719588668
1714079196.4541113,-1.5635661504886766
1714079196.4542243,-1.4304733938641017
1714079196.4543371,-1.2950456804699366
1714079196.4544501,-1.1596179670757716
1714079196.454563,-1.0171853833728366
1714079196.454676,-0.8770877564394916
1714079196.4547887,-0.7288177808125813
1714079196.4549017,-0.5793803268008761
1714079196.4550147,-0.42177046890611997
1714079196.4551275,-0.2664955953756968
1714079196.4552405,-0.10304837315170852
1714079196.4553533,0.06274609240116896
1714079196.4554663,0.22739301677103393
1714079196.455579,0.39554304546780056
1714079196.455692,0.5613577034738328
1714079196.4558048,0.7260046071476406
1714079196.4559178,0.891819209964187
1714079196.4560308,1.0576338679702193
1714079196.4561436,1.2234484707867657
1714079196.4562566,1.3915984718887893
1714079196.4563694,1.5644193799407393
1714079196.4564824,1.7337371905644734
1714079196.4565952,1.905390289094713
1714079196.4567082,2.078211086767691
1714079196.456821,2.2463613086276584
1714079196.456934,2.40750511487325
1714079196.4570467,2.569816509882609
1714079196.4571598,2.723954121271769
1714079196.4572728,2.8757561136175083
1714079196.4573855,3.0275583267211914
1714079196.4574986,3.1735219337322094
1714079196.4576113,3.3194855407432273
1714079196.4577243,3.4654489269963014
1714079196.457837,3.605574148672598
1714079196.45795,3.7445315608271845
1714079196.458063,3.877650366889106
1714079196.458176,4.001427138293231
1714079196.458289,4.121701364163999
1714079196.4584017,4.233801364898682
1714079196.4585147,4.337727582013165
1714079196.4586275,4.4393181800842285
1714079196.4587405,4.532734553019205
1714079196.4588532,4.62615136747007
1714079196.4589663,4.718400372399224
1714079196.459079,4.801307784186469
1714079196.459192,4.880711767408583
1714079196.459305,4.956612763581452
1714079196.4594178,5.024339976134123
1714079196.4595308,5.08739639211584
1714079196.4596436,5.139943405433937
1714079196.4597566,5.187819180665192
1714079196.4598694,5.231024600841381
1714079196.4599824,5.267223605403194
1714079196.4600952,5.299919181399875
1714079196.4602082,5.331447389390733
1714079196.460321,5.358304800810637
1714079196.460434,5.38165878366541
1714079196.460547,5.398006792421694
1714079196.4606597,5.412019182134557
1714079196.4607728,5.422528584798177
1714079196.4608855,5.422528584798177
1714079196.4609985,5.4236963943198875
1714079196.4611113,5.421360775276466
1714079196.4612243,5.413186991656268
1714079196.461337,5.4050132080360695
1714079196.46145,5.39450380537245
1714079196.461563,5.3781557966161655
1714079196.461676,5.364143406903302
1714079196.461789,5.348963207668728
1714079196.4619017,5.326776592819779
1714079196.4620147,5.311596393585205
1714079196.4621274,5.2917453977796765
1714079196.4622405,5.270726592452437
1714079196.4623532,5.247372609597665
1714079196.4624662,5.220515198177761
1714079196.4625793,5.194825596279568
1714079196.462692,5.167968184859664
1714079196.462805,5.137607786390516
1714079196.4629178,5.111918184492323
1714079196.4630308,5.082725595544885
1714079196.4631436,5.055868184124981
1714079196.4632566,5.030178582226788
1714079196.4633694,5.002153802801061
1714079196.4634824,4.976464200902868
1714079196.4635952,4.953109776532208
1714079196.4637082,4.9227493780630605
1714079196.4638212,4.897059776164867
1714079196.463934,4.866699377695719
1714079196.464047,4.837506788748281
1714079196.4641597,4.808313758284957
1714079196.4642727,4.777953359815809
1714079196.4643855,4.753431567439327
1714079196.4644985,4.730077584584554
1714079196.4646113,4.705555792208071
1714079196.4647243,4.678698380788167
1714079196.4648373,4.657679575460929
1714079196.46495,4.628486986513491
1714079196.465063,4.601629575093587
1714079196.4651759,4.574772163673683
1714079196.4652889,4.539740968633581
1714079196.4654016,4.509380570164433
1714079196.4655147,4.479020171695285
1714079196.4656274,4.450994950753671
1714079196.4657404,4.422970171327944
1714079196.4658535,4.394944950386329
1714079196.4659662,4.3669201709606025
1714079196.4660792,4.338894950018989
1714079196.466192,4.305031564500596
1714079196.466305,4.272335546988028
1714079196.4664178,4.233801364898682
1714079196.4665308,4.192931563765914
1714079196.4666436,4.15439694016068
1714079196.4667566,4.113527139027913
1714079196.4668696,4.071489969889322
1714079196.4669824,4.030620168756555
1714079196.4670954,3.9862469390586566
1714079196.4672081,3.943041960398356
1714079196.4673212,3.8986687307004573
1714079196.467434,3.8461221588982473
1714079196.467547,3.7924073360584396
1714079196.4676597,3.7363573356910984
1714079196.4677727,3.672133551703559
1714079196.4678855,3.6114125340073193
1714079196.4679985,3.544853130976359
1714079196.4681115,3.475958329659921
1714079196.4682243,3.410566736150671
1714079196.4683373,3.3393365365487555
1714079196.46845,3.26693852742513
1714079196.468563,3.1922051200160273
1714079196.4686759,3.109297928986726
1714079196.4687889,3.025222928435714
1714079196.4689016,2.934141512270327
1714079196.4690146,2.8372217107702182
1714079196.4691277,2.74146971879182
1714079196.4692404,2.63754372243528
1714079196.4693534,2.5289467087498414
1714079196.4694662,2.4215175045861135
1714079196.4695792,2.308249694329721
1714079196.469692,2.1949821048312717
1714079196.469805,2.080546705811112
1714079196.4699178,1.959104891176577
1714079196.4700308,1.8306569920645819
1714079196.4701438,1.6998735842881378
1714079196.4702566,1.5632516807980006
1714079196.4703696,1.4242943790223863
1714079196.4704823,1.2794984711541069
1714079196.4705954,1.1323671650003504
1714079196.4707081,0.9840681597038551
1714079196.4708211,0.8310983578364054
1714079196.470934,0.6816316533971716
1714079196.471047,0.5274941523869832
1714079196.4711597,0.37102117030708875
1714079196.4712727,0.21221280373908855
1714079196.4713857,0.05106900784152525
1714079196.4714985,-0.11589064918182514
1714079196.4716115,-0.2840077987423649
1714079196.4717243,-0.4509574837154812
1714079196.4718373,-0.6260795173821625
1714079196.47195,-0.7965316375096638
1714079196.472063,-0.9716536159868593
1714079196.4721758,-1.1432732696886414
1714079196.4722888,-1.3102228994722718
1714079196.4724019,-1.481842553174054
1714079196.4725146,-1.6464572261880943
1714079196.4726276,-1.8122393775869299
1714079196.4727404,-1.982691552903917
1714079196.4728534,-2.1508086610723423
1714079196.4729662,-2.3189257692407677
1714079196.4730792,-2.487042877409193
1714079196.473192,-2.6563275743413852
1714079196.473305,-2.816272444195217
1714079196.473418,-2.973882136521516
1714079196.4735308,-3.127989504072401
1714079196.4736438,-3.27742717884205
1714079196.4737566,-3.419859762544985
1714079196.4738696,-3.55995738947833
1714079196.4739823,-3.6988874276479082
1714079196.4740953,-3.829645227502893
1714079196.474208,-3.9557328930607545
1714079196.4743211,-4.081821000134503
1714079196.4744341,-4.203238752153184
1714079196.474547,-4.319987032148573
1714079196.47466,-4.425060307538067
1714079196.4747727,-4.526631037394205
1714079196.4748857,-4.621196676183629
1714079196.4749985,-4.707590297416404
1714079196.4751115,-4.786978827582465
1714079196.4752243,-4.8651999897427025
1714079196.4753373,-4.93057922080711
1714079196.47545,-4.9982927463672775
1714079196.475563,-5.057834254370795
1714079196.475676,-5.112705848835132
1714079196.4757888,-5.160572793748643
1714079196.4759018,-5.204936751612911
1714079196.4760146,-5.244631237453884
1714079196.4761276,-5.273818086694788
1714079196.4762404,-5.300670199924045
1714079196.4763534,-5.3228523996141215
1714079196.4764662,-5.338029508237486
1714079196.4765792,-5.347369335315845
1714079196.4766922,-5.356709162394205
1714079196.476805,-5.357876971915916
1714079196.476918,-5.361379075933385
1714079196.4770308,-5.356709162394205
1714079196.4771438,-5.352039248855025
1714079196.4772565,-5.345034599304199
1714079196.4773695,-5.3333595946983055
1714079196.4774823,-5.320517663602476
1714079196.4775953,-5.304172745457402
1714079196.4777083,-5.2854930913006815
1714079196.477821,-5.262143523604781
1714079196.4779341,-5.238793955908881
1714079196.478047,-5.2107744746738005
1714079196.47816,-5.182754993438721
1714079196.4782727,-5.154735070687753
1714079196.4783857,-5.126715589452672
1714079196.4784985,-5.101031285745126
1714079196.4786115,-5.074179172515869
1714079196.4787242,-5.047327059286611
1714079196.4788373,-5.020474946057354
1714079196.4789503,-4.988952919288917
1714079196.479063,-4.955096156508834
1714079196.479176,-4.92007158420704
1714079196.4792888,-4.887382189432779
1714079196.4794018,-4.851190249125162
1714079196.4795146,-4.820836031878436
1714079196.4796276,-4.7858114595766414
1714079196.4797404,-4.760127155869095
1714079196.4798534,-4.730939865112305
1714079196.4799664,-4.707590297416404
1714079196.4800792,-4.680738184187147
1714079196.4801922,-4.6550538804796
1714079196.480305,-4.623531853711163
1714079196.480418,-4.595512372476083
1714079196.4805307,-4.567492891241002
1714079196.4806437,-4.5348034964667425
1714079196.4807565,-4.507951383237486
1714079196.4808695,-4.477596724474871
1714079196.4809825,-4.456581892790617
1714079196.4810953,-4.4344001346164275
1714079196.4812083,-4.415720480459708
1714079196.481321,-4.39237047124792
1714079196.481434,-4.36902090355202
1714079196.4815469,-4.34216923183865
1714079196.48166,-4.314149309087682
1714079196.4817727,-4.282627723835132
1714079196.4818857,-4.251105697066695
1714079196.4819987,-4.2219184063099044
1714079196.4821115,-4.192731557069001
1714079196.4822245,-4.167046811845567
1714079196.4823372,-4.139027330610487
1714079196.4824502,-4.116845572436297
1714079196.482563,-4.087658281679507
1714079196.482676,-4.058471432438603
1714079196.4827888,-4.018776946597629
1714079196.4829018,-3.9849201838175454
1714079196.4830146,-3.944058329970748
1714079196.4831276,-3.899693930590594
1714079196.4832406,-3.8553299727263273
1714079196.4833534,-3.8121329413519964
1714079196.4834664,-3.770103719499376
1714079196.4835792,-3.7269071296409324
1714079196.4836922,-3.6813751414970115
1714079196.483805,-3.6335086380993875
1714079196.483918,-3.5833069571742304
1714079196.4840307,-3.5261004059403027
1714079196.4841437,-3.4653913091730186
1714079196.4842567,-3.398844930860731
1714079196.4843695,-3.3287962277730303
1714079196.4844825,-3.2575799359215627
1714079196.4845953,-3.1851960553063283
1714079196.4847083,-3.111644806685271
1714079196.484821,-3.0357586012946234
1714079196.484934,-2.9575374391343856
1714079196.4850469,-2.874646363434968
1714079196.4851599,-2.7917552877355503
1714079196.485273,-2.7018593417273626
1714079196.4853857,-2.604958525410405
1714079196.4854987,-2.503387795554267
1714079196.4856114,-2.398314520164772
1714079196.4857244,-2.2909062880056874
1714079196.4858372,-2.1764931855378324
1714079196.4859502,-2.062080083069978
1714079196.486063,-1.9429972878208865
1714079196.486176,-1.825081639819675
1714079196.4862888,-1.6989938638828417
1714079196.4864018,-1.5717384991822418
1714079196.4865148,-1.4386457425576669
1714079196.4866276,-1.3043855075482969
1714079196.4867406,-1.1631204022301567
1714079196.4868534,-1.0160179049880416
1714079196.4869664,-0.8677479293611314
1714079196.4870791,-0.7113055498511702
1714079196.4871922,-0.55603070391549
1714079196.487305,-0.39725339523068176
1714079196.487418,-0.23847608654587354
1714079196.487531,-0.07853128567889885
1714079196.4876437,0.08142943045607319
1714079196.4877567,0.24257321600560788
1714079196.4878695,0.4072201472741586
1714079196.4879825,0.5706993518052277
1714079196.4880953,0.7423525055249531
1714079196.4882083,0.9116702609592013
1714079196.488321,1.0844911690111512
1714079196.488434,1.2608151744913172
1714079196.488547,1.4289651755933408
1714079196.4886599,1.6029537827880294
1714079196.4887729,1.771103783890053
1714079196.4888856,1.936918497085571
1714079196.4889987,2.0992298920949297
1714079196.4891114,2.260373698340522
1714079196.4892244,2.4191821063006365
1714079196.4893372,2.579158103024518
1714079196.4894502,2.74146971879182
1714079196.489563,2.900278126751935
1714079196.489676,3.0602541234758163
1714079196.489789,3.2108885270577887
1714079196.4899018,3.361522930639761
1714079196.4900148,3.5028157410798246
1714079196.4901276,3.642940741998178
1714079196.4902406,3.7748919592963324
1714079196.4903533,3.8986687307004573
1714079196.4904664,4.0247815626638905
1714079196.4905791,4.140384550447817
1714079196.4906921,4.260658776318585
1714079196.4908051,4.373926145059091
1714079196.490918,4.48369096826624
1714079196.491031,4.587617185380723
1714079196.4911437,4.684536986880832
1714079196.4912567,4.775618182288276
1714079196.4913695,4.855022165510389
1714079196.4914825,4.928587984155725
1714079196.4915953,4.995147387186686
1714079196.4917083,5.0593711711742255
1714079196.4918213,5.118924600106698
1714079196.491934,5.170303803903085
1714079196.492047,5.221683007699472
1714079196.4921598,5.264887986359772
1714079196.4922729,5.30692559701425
1714079196.4923856,5.340788982532642
1714079196.4924986,5.37114938100179
1714079196.4926114,5.391000376807319
1714079196.4927244,5.410851814128734
1714079196.4928374,5.4236963943198875
1714079196.4929502,5.431870177940086
1714079196.4930632,5.436541416026928
1714079196.493176,5.441212212597882
1714079196.493289,5.438876593554461
1714079196.4934018,5.436541416026928
1714079196.4935148,5.434205796983506
1714079196.4936275,5.424864203841597
1714079196.4937406,5.4143548011779785
1714079196.4938533,5.400342411465115
1714079196.4939663,5.386329580236364
1714079196.4940794,5.366478584430835
1714079196.4941921,5.345459779103597
1714079196.4943051,5.324440973776357
1714079196.494418,5.297584003872341
1714079196.494531,5.2730622114958585
1714079196.4946437,5.247372609597665
1714079196.4947567,5.21934738865605
1714079196.4948695,5.1913226092303235
1714079196.4949825,5.170303803903085
1714079196.4950955,5.139943405433937
1714079196.4952083,5.116588981063277
1714079196.4953213,5.08622858259413
1714079196.495434,5.0593711711742255
1714079196.495547,5.026675595177545
1714079196.4956598,5.002153802801061
1714079196.4957728,4.968289975766782
1714079196.4958856,4.937929577297634
1714079196.4959986,4.909904797871907
1714079196.4961116,4.880711767408583
1714079196.4962244,4.853854797504566
1714079196.4963374,4.823493957519531
1714079196.4964502,4.802475593708179
1714079196.4965632,4.777953359815809
1714079196.496676,4.751096389911792
1714079196.496789,4.727741965541133
1714079196.4969018,4.697381567071985
1714079196.4970148,4.668188978124547
1714079196.4971275,4.6401637571829335
1714079196.4972405,4.609803358713785
1714079196.4973536,4.5852815663373026
1714079196.4974663,4.5584241549173985
1714079196.4975793,4.5350701720626265
1714079196.497692,4.510548379686143
1714079196.497805,4.48485877778795
1714079196.497918,4.459169175889756
1714079196.498031,4.429976145426432
1714079196.4981437,4.399615746957284
1714079196.4982567,4.364584551917182
1714079196.4983697,4.328385547355369
1714079196.4984825,4.294522161836977
1714079196.4985955,4.257155347753454
1714079196.4987082,4.222124152713351
1714079196.4988213,4.187092957673249
1714079196.498934,4.152061762633147
1714079196.499047,4.11235977102209
1714079196.4991598,4.072657337895146
1714079196.4992728,4.028284549713135
1714079196.4993858,3.981576142487702
1714079196.4994986,3.927861761163782
1714079196.4996116,3.874146938323974
1714079196.4997244,3.818096937956633
1714079196.4998374,3.7632147471110025
1714079196.4999502,3.7059969372219506
1714079196.5000632,3.6464439498053656
1714079196.500176,3.583387533823649
1714079196.500289,3.5226667368853533
1714079196.500402,3.4561073338543924
1714079196.5005147,3.3860449437741877
1714079196.5006278,3.3101437268433744
1714079196.5007405,3.2307395228633173
1714079196.5008535,3.1443291240268283
1714079196.5009663,3.0602541234758163
1714079196.5010793,2.9668375297828953
1714079196.501192,2.8769239231392185
1714079196.501305,2.781171710402877
1714079196.5014179,2.6842519089027688
1714079196.501531,2.5861645186388933
1714079196.501644,2.479902903238932
1714079196.5017567,2.3748090973606812
1714079196.5018697,2.260373698340522
1714079196.5019825,2.143602901034885
1714079196.5020955,2.018658099351106
1714079196.5022082,1.8948808864310935
1714079196.5023212,1.7605944916054053
1714079196.502434,1.6286433846862227
1714079196.502547,1.4920214811960855
1714079196.50266,1.3542318785632097
1714079196.5027728,1.214106767265885
1714079196.5028858,1.070478668919316
1714079196.5029986,0.924515061908298
1714079196.5031116,0.7703775057086237
1714079196.5032244,0.6185754029839127
1714079196.5033374,0.4609347493560226
1714079196.5034502,0.29628781808747184
1714079196.5035632,0.1316409006162926
1714079196.5036762,-0.03650199828876389
1714079196.503789,-0.20345166601516582
1714079196.503902,-0.37390377234529565
1714079196.5040147,-0.5408534297236689
1714079196.5041277,-0.7113055498511702
1714079196.5042405,-0.8805901915938765
1714079196.5043535,-1.053377213301482
1714079196.5044663,-1.2238293886184692
1714079196.5045793,-1.3942814535564845
1714079196.504692,-1.5670685856430617
1714079196.504805,-1.7421905641202573
1714079196.504918,-1.9184801313612194
1714079196.5050309,-2.0924347418325917
1714079196.505144,-2.2593842612372503
1714079196.5052567,-2.425166633394029
1714079196.5053697,-2.5874462392595077
1714079196.5054824,-2.748558477119163
1714079196.5055954,-2.9003308879004583
1714079196.5057082,-3.05327088744552
1714079196.5058212,-3.2038759302209923
1714079196.5059342,-3.3509784274631076
1714079196.506047,-3.4957459679356324
1714079196.50616,-3.634676006105211
1714079196.5062728,-3.774773633038556
1714079196.5063858,-3.903196476123951
1714079196.5064986,-4.028116773675989
1714079196.5066116,-4.146032421677201
1714079196.5067244,-4.258110346617522
1714079196.5068374,-4.363183622007017
1714079196.5069504,-4.463586983857331
1714079196.5070632,-4.563990345707646
1714079196.5071762,-4.651551334946244
1714079196.507289,-4.739112324184841
1714079196.507402,-4.822003399884259
1714079196.5075147,-4.89672201651114
1714079196.5076277,-4.970273265132198
1714079196.5077405,-5.034484686674895
1714079196.5078535,-5.0940261946784124
1714079196.5079665,-5.143060507597746
1714079196.5080793,-5.188592274983724
1714079196.5081923,-5.22828631930881
1714079196.508305,-5.2586409780714245
1714079196.508418,-5.288995636834038
1714079196.5085309,-5.311177836524116
1714079196.5086439,-5.329857490680835
1714079196.5087566,-5.3438672312983755
1714079196.5088696,-5.355541794388382
1714079196.5089824,-5.359044339921739
1714079196.5090954,-5.362546885455096
1714079196.5092084,-5.361379075933385
1714079196.5093212,-5.354374426382559
1714079196.5094342,-5.349704512843379
1714079196.509547,-5.334527404220015
1714079196.50966,-5.319349854080765
1714079196.5097728,-5.300670199924045
1714079196.5098858,-5.280823177761501
1714079196.5099986,-5.2586409780714245
1714079196.5101116,-5.238793955908881
1714079196.5102246,-5.216611756218804
1714079196.5103374,-5.1897596429895465
1714079196.5104504,-5.16874525282118
1714079196.5105631,-5.141893139591923
1714079196.5106761,-5.115041026362666
1714079196.510789,-5.088188913133409
1714079196.510902,-5.0566668863649715
1714079196.5110147,-5.022810123584888
1714079196.5111277,-4.990120728810628
1714079196.5112407,-4.957431334036367
1714079196.5113535,-4.92474149774622
1714079196.5114665,-4.89672201651114
1714079196.5115793,-4.867535167270236
1714079196.5116923,-4.843018231568513
1714079196.511805,-4.813830940811722
1714079196.511918,-4.789314005109999
1714079196.5120308,-4.757791978341562
1714079196.5121439,-4.728605129100658
1714079196.5122566,-4.6947479248046875
1714079196.5123696,-4.662058530030427
1714079196.5124826,-4.63053650326199
1714079196.5125954,-4.600182286015263
1714079196.5127084,-4.574497540791829
1714079196.5128212,-4.548813237084283
1714079196.5129342,-4.527798405400029
1714079196.513047,-4.504448837704128
1714079196.51316,-4.4822666380140515
1714079196.5132728,-4.454247156778971
1714079196.5133858,-4.425060307538067
1714079196.5134988,-4.39820819430881
1714079196.5136116,-4.366686167540373
1714079196.5137246,-4.336331508777759
1714079196.5138373,-4.308312027542679
1714079196.5139503,-4.282627723835132
1714079196.5140631,-4.258110346617522
1714079196.5141761,-4.235928146927445
1714079196.514289,-4.213746388753255
1714079196.514402,-4.190396821057354
1714079196.514515,-4.161209530300564
1714079196.5146277,-4.13669259459884
1714079196.5147407,-4.0993332862854
1714079196.5148535,-4.063141345977783
1714079196.5149665,-4.025782037664342
1714079196.5150793,-3.9895900973567255
1714079196.5151923,-3.958068070588288
1714079196.515305,-3.917206216741491
1714079196.515418,-3.8880193675005876
1714079196.515531,-3.845990145647967
1714079196.5156438,-3.80979820534035
1714079196.5157568,-3.7654338059601957
1714079196.5158696,-3.7163994930408615
1714079196.5159826,-3.6615281193344678
1714079196.5160954,-3.6066565248701306
1714079196.5162084,-3.5459474281028465
1714079196.5163212,-3.4887410976268627
1714079196.5164342,-3.425697044089988
1714079196.516547,-3.3638205793168807
1714079196.51666,-3.3019441145437733
1714079196.516773,-3.2342303682256626
1714079196.5168858,-3.163014076374195
1714079196.5169988,-3.0894628277531373
1714079196.5171115,-3.010074076829133
1714079196.5172246,-2.9271830011297153
1714079196.5173373,-2.8372870551215277
1714079196.5174503,-2.746223520349573
1714079196.517563,-2.650490292796382
1714079196.517676,-2.5524218877156573
1714079196.5177891,-2.4531861146291094
1714079196.517902,-2.3504477960092047
1714079196.518015,-2.24537452061971
1714079196.5181277,-2.1367989204548024
1714079196.5182407,-2.025888363520304
1714079196.5183535,-1.9079727155190926
1714079196.5184665,-1.7865548531214395
1714079196.5185792,-1.6604669668056347
1714079196.5186923,-1.5273742101810595
1714079196.5188053,-1.3942814535564845
1714079196.518918,-1.2565187833927296
1714079196.519031,-1.1164211564593844
1714079196.5191438,-0.9728210943716543
1714079196.5192568,-0.828053609088615
1714079196.5193696,-0.679783578272219
1714079196.5194826,-0.5338485594148988
1714079196.5195954,-0.37857371347921864
1714079196.5197084,-0.2279687534879755
1714079196.5198212,-0.06802396641837226
1714079196.5199342,0.09544193744659424
1714079196.5200472,0.260088841120402
1714079196.52016,0.43057432329213174
1714079196.520273,0.5987243519888984
1714079196.5203857,0.772712959183587
1714079196.5204988,0.9396952611428719
1714079196.5206115,1.106677563102157
1714079196.5207245,1.2748276745831524
1714079196.5208373,1.4394745782569602
1714079196.5209503,1.6076245793589838
1714079196.5210633,1.7734391821755302
1714079196.521176,1.9427568824202925
1714079196.521289,2.1109071042802596
1714079196.521402,2.2837279019532377
1714079196.521515,2.4483749160060175
1714079196.5216277,2.6118541205370867
1714079196.5217407,2.7729979267826783
1714079196.5218534,2.9283031269356052
1714079196.5219665,3.0766021322321007
1714079196.5220795,3.2237333280068854
1714079196.5221922,3.3638583289252386
1714079196.5223053,3.505151139365302
1714079196.522418,3.642940741998178
1714079196.522531,3.778394946345576
1714079196.5226438,3.912681561929208
1714079196.5227568,4.0387939523767535
1714079196.5228696,4.163738974818477
1714079196.5229826,4.280509772124113
1714079196.5230954,4.387938976287842
1714079196.5232084,4.4895295743589045
1714079196.5233214,4.586449375859013
1714079196.5234342,4.671691965173792
1714079196.5235472,4.759270173531991
1714079196.52366,4.839841966275816
1714079196.523773,4.914575594442861
1714079196.5238857,4.98814097157231
1714079196.5239987,5.0547003746032715
1714079196.5241115,5.121259777634232
1714079196.5242245,5.173806790952329
1714079196.5243375,5.224018185227005
1714079196.5244503,5.263720176838062
1714079196.5245633,5.303422609965006
1714079196.524676,5.331447389390733
1714079196.524789,5.359472610332348
1714079196.5249019,5.38165878366541
1714079196.5250149,5.400342411465115
1714079196.5251276,5.415522610699688
1714079196.5252407,5.4283671908908415
1714079196.5253537,5.436541416026928
1714079196.5254664,5.443547390125415
1714079196.5255795,5.441212212597882
1714079196.5256922,5.438876593554461
1714079196.5258052,5.4330379874617964
1714079196.525918,5.421360775276466
1714079196.526031,5.407348385563603
1714079196.5261438,5.391000376807319
1714079196.5262568,5.373485000045211
1714079196.5263698,5.354801813761393
1714079196.5264826,5.333783008434154
1714079196.5265956,5.315099380634448
1714079196.5267084,5.292913207301387
1714079196.5268214,5.268390973409017
1714079196.5269341,5.247372609597665
1714079196.5270472,5.220515198177761
1714079196.52716,5.195993405801278
1714079196.527273,5.167968184859664
1714079196.5273857,5.14227858296147
1714079196.5274987,5.114253803535743
1714079196.5276117,5.08622858259413
1714079196.5277245,5.058203803168403
1714079196.5278375,5.025507785655834
1714079196.5279503,5.000985993279351
1714079196.5280633,4.974128581859447
1714079196.528176,4.948438979961254
1714079196.528289,4.923917187584771
1714079196.5284019,4.899395395208288
1714079196.5285149,4.871370174266674
1714079196.5286279,4.843345394840947
1714079196.5287406,4.8129849963717986
1714079196.5288537,4.784959775430185
1714079196.5289664,4.748760770868372
1714079196.5290794,4.721903359448468
1714079196.5291922,4.693878580022741
1714079196.5293052,4.669356787646258
1714079196.529418,4.646002363275598
1714079196.529531,4.620312761377405
1714079196.529644,4.598126588044343
1714079196.5297568,4.568933557581018
1714079196.5298698,4.542076587677002
1714079196.5299826,4.512883557213677
1714079196.5300956,4.480187981216996
1714079196.5302083,4.4486597732261375
1714079196.5303214,4.418299374756989
1714079196.5304341,4.383268179716887
1714079196.5305471,4.3529077812477395
1714079196.53066,4.326050369827835
1714079196.530773,4.293354352315267
1714079196.530886,4.26532957288954
1714079196.5309987,4.227962758806016
1714079196.5311117,4.190595944722493
1714079196.5312245,4.150893953111436
1714079196.5313375,4.106521164929425
1714079196.5314503,4.0609805672257036
1714079196.5315633,4.014272160000271
1714079196.531676,3.965228133731418
1714079196.531789,3.9208553455494064
1714079196.531902,3.8683083322313094
1714079196.5320148,3.8216003665217646
1714079196.5321279,3.770221162725378
1714079196.5322406,3.7153385303638595
1714079196.5323536,3.6557855429472745
1714079196.5324664,3.5927293477235014
1714079196.5325794,3.5238345464070635
1714079196.5326922,3.4526043468051486
1714079196.5328052,3.3790385281598123
1714079196.5329182,3.304305341508653
1714079196.533031,3.226068726292363
1714079196.533144,3.147832331834016
1714079196.5332568,3.0649249200467708
1714079196.5333698,2.979682330731992
1714079196.5334826,2.8909363128520824
1714079196.5335956,2.792848922588207
1714079196.5337083,2.6912583245171438
1714079196.5338213,2.5861645186388933
1714079196.5339344,2.474064517904211
1714079196.5340471,2.3619642964115846
1714079196.5341601,2.240522702534993
1714079196.534273,2.1214165069438793
1714079196.534386,1.9988071035455772
1714079196.5344987,1.8738620811038547
1714079196.5346117,1.7442464828491209
1714079196.5347245,1.615798583737126
1714079196.5348375,1.4780089811042503
1714079196.5349503,1.335548471521448
1714079196.5350633,1.1907526740321406
1714079196.5351763,1.0459567661638614
1714079196.535289,0.8941546634391502
1714079196.535402,0.7376816537645128
1714079196.5355148,0.578873300993884
1714079196.5356278,0.42240034650873254
1714079196.5357406,0.25541801695470456
1714079196.5358536,0.10011276851097742
1714079196.5359664,-0.06802396641837226
1714079196.5360794,-0.23030371025756552
1714079196.5361924,-0.3995883520002718
1714079196.5363052,-0.5677054877634401
1714079196.5364182,-0.7416600430453265
1714079196.536531,-0.9179495550968029
1714079196.536644,-1.093071588763484
1714079196.5367568,-1.2693611560044464
1714079196.5368698,-1.4468180912512318
1714079196.5369825,-1.6254426152617842
1714079196.5370955,-1.7935597234302096
1714079196.5372086,-1.9640118987471968
1714079196.5373213,-2.1332963749214455
1714079196.5374343,-2.2955762015448675
1714079196.537547,-2.461358352943703
1714079196.5376601,-2.627140504342538
1714079196.537773,-2.78942033096596
1714079196.537886,-2.951700157589382
1714079196.5379987,-3.112812395449038
1714079196.5381117,-3.268087131005746
1714079196.5382245,-3.4163572170116283
1714079196.5383375,-3.558789800714563
1714079196.5384505,-3.700055016411675
1714079196.5385633,-3.8319804050304267
1714079196.5386763,-3.958068070588288
1714079196.538789,-4.079485822606969
1714079196.538902,-4.1950667345965345
1714079196.5390148,-4.308312027542679
1714079196.5391278,-4.419222584477177
1714079196.5392406,-4.521961123855025
1714079196.5393536,-4.621196676183629
1714079196.5394666,-4.711092842949761
1714079196.5395794,-4.796318654660825
1714079196.5396924,-4.871037712803593
1714079196.5398052,-4.941086415891294
1714079196.5399182,-5.006465205439815
1714079196.540031,-5.066006713443332
1714079196.540144,-5.115041026362666
1714079196.5402567,-5.164074897766113
1714079196.5403697,-5.204936751612911
1714079196.5404828,-5.244631237453884
1714079196.5405955,-5.277320632228145
1714079196.5407085,-5.307675290990758
1714079196.5408213,-5.331024858686659
1714079196.5409343,-5.348537144837556
1714079196.541047,-5.362546885455096
1714079196.54116,-5.371886712533456
1714079196.5412729,-5.374221448545103
1714079196.541386,-5.374221448545103
1714079196.541499,-5.371886712533456
1714079196.5416117,-5.3648816214667425
1714079196.5417247,-5.355541794388382
1714079196.5418375,-5.342699421776665
1714079196.5419505,-5.328689681159125
1714079196.5420632,-5.312345204529938
1714079196.5421762,-5.293665550373218
1714079196.542289,-5.277320632228145
1714079196.542402,-5.253971064532244
1714079196.5425148,-5.229454128830521
1714079196.5426278,-5.202602015601264
1714079196.5427408,-5.171079988832827
1714079196.5428536,-5.141893139591923
1714079196.5429666,-5.109203744817663
1714079196.5430794,-5.076513908527515
1714079196.5431924,-5.043824513753255
1714079196.5433052,-5.014637664512351
1714079196.5434182,-4.984283005749737
1714079196.543531,-4.957431334036367
1714079196.543644,-4.928244043279577
1714079196.543757,-4.89672201651114
1714079196.5438697,-4.86870253527606
1714079196.5439827,-4.833678404490152
1714079196.5440955,-4.803323745727539
1714079196.5442085,-4.767131805419922
1714079196.5443213,-4.734442410645661
1714079196.5444343,-4.7052555614047575
1714079196.544547,-4.677236080169678
1714079196.54466,-4.6550538804796
1714079196.544773,-4.63053650326199
1714079196.5448859,-4.606019567560266
1714079196.544999,-4.583837367870189
1714079196.5451117,-4.555817886635109
1714079196.5452247,-4.527798405400029
1714079196.5453374,-4.498611556159125
1714079196.5454504,-4.467089529390688
1714079196.5455632,-4.437902238633897
1714079196.5456762,-4.411050566920528
1714079196.545789,-4.38770055770874
1714079196.545902,-4.36435099001284
1714079196.546015,-4.3433365998444735
1714079196.5461278,-4.321154400154396
1714079196.5462408,-4.2954696549309626
1714079196.5463536,-4.269785351223415
1714079196.5464666,-4.240598060466625
1714079196.5465794,-4.204406561674895
1714079196.5466924,-4.171716725384747
1714079196.5468051,-4.137859962604664
1714079196.5469182,-4.105170567830403
1714079196.5470312,-4.073648541061966
1714079196.547144,-4.044461691821063
1714079196.547257,-4.012939665052626
1714079196.5473697,-3.983752815811722
1714079196.5474827,-3.9463930659823947
1714079196.5475955,-3.9090337576689542
1714079196.5477085,-3.8670045358163336
1714079196.5478213,-3.8226401364361795
1714079196.5479343,-3.774773633038556
1714079196.5480473,-3.7245719521133984
1714079196.54816,-3.6743702711882413
1714079196.548273,-3.6241688110210277
1714079196.5483859,-3.5727995413321034
1714079196.5484989,-3.5237654491707127
1714079196.5486116,-3.4677262659426087
1714079196.5487247,-3.409352346702858
1714079196.5488374,-3.3474758819297508
1714079196.5489504,-3.278594546847873
1714079196.5490632,-3.2050432982268156
1714079196.5491762,-3.1268221360665778
1714079196.5492892,-3.0497683419121633
1714079196.549402,-2.9657098982069225
1714079196.549515,-2.879316276974148
1714079196.5496278,-2.795257833268907
1714079196.5497408,-2.7041942984969527
1714079196.5498536,-2.615465720494588
1714079196.5499666,-2.519732492941397
1714079196.5500793,-2.416994174321492
1714079196.5501924,-2.3154234444653543
1714079196.5503054,-2.2045126667729127
1714079196.5504181,-2.086597239529645
1714079196.5505311,-1.9698491802922
1714079196.550644,-1.846096361124957
1714079196.550757,-1.716506039654767
1714079196.5508697,-1.5927531101085521
1714079196.5509827,-1.459660353483977
1714079196.5510955,-1.328902553628992
1714079196.5512085,-1.193474840234827
1714079196.5513215,-1.052209734916687
1714079196.5514343,-0.9097772064032378
1714079196.5515473,-0.7615072307763275
1714079196.55166,-0.6097347648055464
1714079196.551773,-0.4532924404850712
1714079196.5518858,-0.293347653415468
1714079196.5519989,-0.13223537416369827
1714079196.5521116,0.030050250805086557
1714079196.5522246,0.19236175274407422
1714079196.5523376,0.35584097107251483
1714079196.5524504,0.5193201480088411
1714079196.5525634,0.6816316533971716
1714079196.5526762,0.8451108579282407
1714079196.5527892,1.0085900624593098
1714079196.552902,1.175572364418595
1714079196.553015,1.344890175042329
1714079196.5531278,1.5165433839515403
1714079196.5532408,1.690531880767257
1714079196.5533535,1.8586818818692807
1714079196.5534666,2.026832103729248
1714079196.5535796,2.1949821048312717
1714079196.5536923,2.3537905127913863
1714079196.5538054,2.5137665095152677
1714079196.5539181,2.667904120904428
1714079196.5540311,2.8208739227718773
1714079196.554144,2.972675915117617
1714079196.554257,3.1244781282212997
1714079196.5543697,3.276280341324983
1714079196.5544827,3.4245791258635343
1714079196.5545957,3.5693751441107855
1714079196.5547085,3.709499924271195
1714079196.5548215,3.839115743283872
1714079196.5549343,3.9663959432531284
1714079196.5550473,4.085502359602186
1714079196.55516,4.194099373287624
1714079196.555273,4.302695945457176
1714079196.5553858,4.404286985044126
1714079196.5554988,4.507044951121012
1714079196.5556118,4.602797384615298
1714079196.5557246,4.696213757550274
1714079196.5558376,4.782624156386763
1714079196.5559504,4.864363758652298
1714079196.5560634,4.9367617677759235
1714079196.5561762,5.006824599372016
1714079196.5562892,5.061706790217647
1714079196.556402,5.118924600106698
1714079196.556515,5.166800375337954
1714079196.5566278,5.2100057955141414
1714079196.5567408,5.249707787125199
1714079196.5568538,5.288242410730432
1714079196.5569665,5.316267190156159
1714079196.5570796,5.347795398147017
1714079196.5571923,5.3688142034742565
1714079196.5573053,5.385162212230541
1714079196.557418,5.4050132080360695
1714079196.557531,5.412019182134557
1714079196.557644,5.412019182134557
1714079196.557757,5.415522610699688
1714079196.55787,5.413186991656268
1714079196.5579827,5.410851814128734
1714079196.5580957,5.403845398514359
1714079196.5582085,5.39450380537245
1714079196.5583215,5.386329580236364
1714079196.5584342,5.373485000045211
1714079196.5585473,5.357136991288926
1714079196.55866,5.343124601576063
1714079196.558773,5.3232736057705345
1714079196.558886,5.30458997797083
1714079196.5589988,5.2824038046377675
1714079196.5591118,5.260217189788818
1714079196.5592246,5.2368632069340455
1714079196.5593376,5.207670176470721
1714079196.5594504,5.180813206566705
1714079196.5595634,5.153955795146801
1714079196.5596762,5.122427587155943
1714079196.5597892,5.09907360430117
1714079196.5599022,5.071048383359556
1714079196.560015,5.044190971939652
1714079196.560128,5.019669179563169
1714079196.5602407,4.989308781094021
1714079196.5603538,4.9636191791958275
1714079196.5604665,4.932090971204969
1714079196.5605795,4.901730572735821
1714079196.5606923,4.872537983788384
1714079196.5608053,4.842177585319236
1714079196.560918,4.815320173899332
1714079196.561031,4.787295394473605
1714079196.561144,4.763940970102945
1714079196.561257,4.738251368204752
1714079196.56137,4.71606519487169
1714079196.5614827,4.692710770501031
1714079196.5615957,4.663518181553593
1714079196.5617085,4.6378285796554
1714079196.5618215,4.609803358713785
1714079196.5619342,4.579442960244638
1714079196.5620472,4.5502503712972
1714079196.5621603,4.519889972828052
1714079196.562273,4.493032561408149
1714079196.562386,4.468510769031665
1714079196.5624988,4.441653357611762
1714079196.5626118,4.414795946191858
1714079196.5627246,4.38560335724442
1714079196.5628376,4.3575785778186935
1714079196.5629504,4.322547382778591
1714079196.5630634,4.285180568695068
1714079196.5631764,4.247813754611545
1714079196.5632892,4.206943953478778
1714079196.5634022,4.168409771389431
1714079196.563515,4.131042957305908
1714079196.563628,4.08783753712972
1714079196.5637407,4.050471164562084
1714079196.5638537,4.0072657443858954
1714079196.5639665,3.964060765725595
1714079196.5640795,3.916184548978452
1714079196.5641923,3.8624701676545317
1714079196.5643053,3.8075875352930137
1714079196.5644183,3.749202357398139
1714079196.564531,3.6884813397018994
1714079196.564644,3.624257334956416
1714079196.5647569,3.5576979319254556
1714079196.5648699,3.49697713498716
1714079196.5649827,3.4257469353852446
1714079196.5650957,3.3580199435905174
1714079196.5652084,3.287957332752369
1714079196.5653214,3.207385540008545
1714079196.5654345,3.126813526506777
1714079196.5655472,3.0392353181485774
1714079196.5656602,2.948154122741134
1714079196.565773,2.8535697195265026
1714079196.565886,2.754314519740917
1714079196.5659988,2.656226908719098
1714079196.5661118,2.5523009123625577
1714079196.5662246,2.447207106484307
1714079196.5663376,2.339777902320579
1714079196.5664506,2.2265100920641863
1714079196.5665634,2.1109071042802596
1714079196.5666764,1.9929684974529123
1714079196.5667892,1.8645204879619457
1714079196.5669022,1.734904889707212
1714079196.567015,1.5971151766953644
1714079196.567128,1.4569901757770114
1714079196.5672407,1.3168651748586584
1714079196.5673537,1.1685661695621632
1714079196.5674667,1.0226025625511452
1714079196.5675795,0.8743036124441358
1714079196.5676925,0.7236691536726775
1714079196.5678053,0.5695316526624891
1714079196.5679183,0.41305867058259466
1714079196.568031,0.2519148919317457
1714079196.568144,0.08843568050199084
1714079196.5682569,-0.08086624934717461
1714079196.5683699,-0.2524858271634137
1714079196.5684826,-0.4264403824453
1714079196.5685956,-0.6003949377271863
1714079196.5687087,-0.7720145362394827
1714079196.5688214,-0.947136569906164
1714079196.5689344,-1.1210910699985646
1714079196.5690472,-1.2915432453155518
1714079196.5691602,-1.463162788638362
1714079196.569273,-1.6324474855705542
1714079196.569386,-1.8028995505085696
1714079196.5694988,-1.975686682595147
1714079196.5696118,-2.147306336296929
1714079196.5697248,-2.3165908124711776
1714079196.5698376,-2.4858755094033698
1714079196.5699506,-2.650490292796382
1714079196.5700634,-2.8127698986618603
1714079196.5701764,-2.9680448549765126
1714079196.5702891,-3.1198172657578076
1714079196.5704021,-3.266919762999923
1714079196.570515,-3.411687303472448
1714079196.570628,-3.55295251916956
1714079196.570741,-3.691882557339138
1714079196.5708537,-3.824975313963713
1714079196.5709667,-3.958068070588288
1714079196.5710795,-4.084155736146149
1714079196.5711925,-4.204406561674895
1714079196.5713053,-4.3223217681602195
1714079196.5714183,-4.4285624115555375
1714079196.571531,-4.5301331414116754
1714079196.571644,-4.624699221716987
1714079196.5717568,-4.711092842949761
1714079196.5718699,-4.792816550643355
1714079196.5719829,-4.86870253527606
1714079196.5720956,-4.942253783897117
1714079196.5722086,-5.009967750973171
1714079196.5723214,-5.068341890970865
1714079196.5724344,-5.1255482214468495
1714079196.5725472,-5.174582534366183
1714079196.5726602,-5.216611756218804
1714079196.572773,-5.253971064532244
1714079196.572886,-5.286660459306504
1714079196.572999,-5.310010027002405
1714079196.5731118,-5.331024858686659
1714079196.5732248,-5.346201967310022
1714079196.5733376,-5.354374426382559
1714079196.5734506,-5.363714253460919
1714079196.5735633,-5.367216798994276
1714079196.5736763,-5.368384167000099
1714079196.5737891,-5.367216798994276
1714079196.5739021,-5.360211707927562
1714079196.5740151,-5.352039248855025
1714079196.574128,-5.341532053770842
1714079196.574241,-5.326354945147479
1714079196.5743537,-5.308842658996582
1714079196.5744667,-5.288995636834038
1714079196.5745795,-5.2644782596164275
1714079196.5746925,-5.241128691920528
1714079196.5748053,-5.215444388212981
1714079196.5749183,-5.188592274983724
1714079196.575031,-5.1629075297602895
1714079196.575144,-5.136055416531033
1714079196.575257,-5.109203744817663
1714079196.5753698,-5.084686367600052
1714079196.5754828,-5.057834254370795
1714079196.5755956,-5.028647405129892
1714079196.5757086,-4.997125378361455
1714079196.5758214,-4.962101247575547
1714079196.5759344,-4.927076675273754
1714079196.5760472,-4.89788982603285
1714079196.5761602,-4.86403262173688
1714079196.5762732,-4.830175858956796
1714079196.576386,-4.807993659266719
1714079196.576499,-4.772969086964925
1714079196.5766118,-4.749619519269024
1714079196.5767248,-4.723935215561478
1714079196.5768375,-4.6947479248046875
1714079196.5769506,-4.66322589803625
1714079196.5770633,-4.632871680789523
1714079196.5771763,-4.600182286015263
1714079196.5772893,-4.566325081719293
1714079196.577402,-4.535970864472565
1714079196.5775151,-4.509118751243308
1714079196.577628,-4.486936551553232
1714079196.577741,-4.460084438323975
1714079196.5778537,-4.440237416161431
1714079196.5779667,-4.415720480459708
1714079196.5780795,-4.39353828076963
1714079196.5781925,-4.366686167540373
1714079196.5783055,-4.335164140771936
1714079196.5784183,-4.309479395548502
1714079196.5785313,-4.277957810295953
1714079196.578644,-4.246435783527516
1714079196.578757,-4.219583670298258
1714079196.5788698,-4.1950667345965345
1714079196.5789828,-4.167046811845567
1714079196.5790956,-4.1471997896830235
1714079196.5792086,-4.119180308447944
1714079196.5793214,-4.0888256496853295
1714079196.5794344,-4.06080616845025
1714079196.5795474,-4.021112124125162
1714079196.5796602,-3.983752815811722
1714079196.5797732,-3.944058329970748
1714079196.579886,-3.9020291081181275
1714079196.579999,-3.8588320767437967
1714079196.5801117,-3.8203054004245334
1714079196.5802248,-3.779443546577736
1714079196.5803375,-3.736246956719292
1714079196.5804505,-3.693050146102905
1714079196.5805635,-3.644015833183571
1714079196.5806763,-3.5879768707134105
1714079196.5807893,-3.531937687485306
1714079196.580902,-3.4677262659426087
1714079196.581015,-3.400012519624498
1714079196.581128,-3.3322985525484436
1714079196.581241,-3.261082260696976
1714079196.5813537,-3.1875310120759184
1714079196.5814667,-3.115147352218628
1714079196.5815797,-3.0404285148338035
1714079196.5816925,-2.9610399846677424
1714079196.5818055,-2.878148908968325
1714079196.5819182,-2.7940902445051403
1714079196.5820312,-2.698356796194006
1714079196.582144,-2.602623568640815
1714079196.582257,-2.498717882015087
1714079196.5823698,-2.395979563395182
1714079196.5824828,-2.285069006460684
1714079196.5825956,-2.1741582287682424
1714079196.5827086,-2.0609127150641546
1714079196.5828216,-1.9441646558267098
1714079196.5829344,-1.825081639819675
1714079196.5830474,-1.7036637774220218
1714079196.5831602,-1.576408412721422
1714079196.5832732,-1.4468180912512318
1714079196.583386,-1.307887942702682
1714079196.583499,-1.1654553589997467
1714079196.5836117,-1.0218552969120167
1714079196.5837247,-0.8700828861307214
1714079196.5838377,-0.7171429417751453
1714079196.5839505,-0.5642030526090551
1714079196.5840635,-0.4065932223090419
1714079196.5841763,-0.25015087039382367
1714079196.5842893,-0.09370853227597695
1714079196.584402,0.06624921742412779
1714079196.584515,0.22856071591377256
1714079196.5846279,0.3967107722052821
1714079196.5847409,0.5636931017593101
1714079196.584854,0.7341785563362969
1714079196.5849667,0.9105025618164627
1714079196.5850797,1.082155770725674
1714079196.5851924,1.2573119666841295
1714079196.5853055,1.431300573878818
1714079196.5854182,1.6041214819307679
1714079196.5855312,1.7734391821755302
1714079196.585644,1.9357506875638608
1714079196.585757,2.1003977016166404
1714079196.58587,2.262709096625999
1714079196.5859828,2.426188301157068
1714079196.5860958,2.5896675056881375
1714079196.5862086,2.750811311933729
1714079196.5863216,2.910787529415554
1714079196.5864344,3.0649249200467708
1714079196.5865474,3.219062531435931
1714079196.5866601,3.3638583289252386
1714079196.5867732,3.5028157410798246
1714079196.586886,3.6371021359055127
1714079196.586999,3.7655503661544234
1714079196.587112,3.8928305661236795
1714079196.5872247,4.014272160000271
1714079196.5873377,4.135713753876862
1714079196.5874505,4.2524845511825
1714079196.5875635,4.3669201709606025
1714079196.5876763,4.4720137560809095
1714079196.5877893,4.574772163673683
1714079196.587902,4.670524155652081
1714079196.588015,4.756934996004458
1714079196.588128,4.83400336018315
1714079196.5882409,4.906401369306776
1714079196.5883539,4.976464200902868
1714079196.5884666,5.037184997841163
1714079196.5885797,5.097905794779459
1714079196.5886924,5.153955795146801
1714079196.5888054,5.205334998943187
1714079196.5889182,5.254378583696153
1714079196.5890312,5.292913207301387
1714079196.5891442,5.331447389390733
1714079196.589257,5.354801813761393
1714079196.58937,5.379323606137876
1714079196.5894828,5.396838982899983
1714079196.5895958,5.408516195085313
1714079196.5897086,5.4190255977489326
1714079196.5898216,5.4236963943198875
1714079196.5899343,5.4283671908908415
1714079196.5900474,5.4283671908908415
1714079196.5901601,5.429535000412552
1714079196.5902731,5.4236963943198875
1714079196.5903862,5.416689978705512
1714079196.590499,5.407348385563603
1714079196.590612,5.3921681863290285
1714079196.5907247,5.379323606137876
1714079196.5908377,5.358304800810637
1714079196.5909505,5.339621173010932
1714079196.5910635,5.315099380634448
1714079196.5911763,5.29408057530721
1714079196.5912893,5.270726592452437
1714079196.5914023,5.247372609597665
1714079196.591515,5.222850375705295
1714079196.591628,5.197160773807101
1714079196.5917408,5.173806790952329
1714079196.5918539,5.145781570010715
1714079196.5919666,5.122427587155943
1714079196.5920796,5.0955701757360385
1714079196.5921924,5.066377586788601
1714079196.5923054,5.0360171883194536
1714079196.5924184,5.005656789850305
1714079196.5925312,4.978799378430401
1714079196.5926442,4.947271170439543
1714079196.592757,4.920414200535527
1714079196.59287,4.893556789115623
1714079196.5929828,4.866699377695719
1714079196.5930958,4.843345394840947
1714079196.5932086,4.814152364377622
1714079196.5933216,4.789630572001139
1714079196.5934346,4.760437983053701
1714079196.5935473,4.731245394106264
1714079196.5936604,4.700884554121229
1714079196.5937731,4.670524155652081
1714079196.5938861,4.642499376226354
1714079196.593999,4.612138977757207
1714079196.594112,4.586449375859013
1714079196.5942247,4.559591964439109
1714079196.5943377,4.53740534959016
1714079196.5944505,4.5082127606427225
1714079196.5945635,4.482523158744529
1714079196.5946765,4.455665747324625
1714079196.5947893,4.420634552284523
1714079196.5949023,4.389106344293665
1714079196.595015,4.3529077812477395
1714079196.595128,4.324882560306125
1714079196.5952408,4.286348378216778
1714079196.5953538,4.25482017022592
1714079196.5954666,4.222124152713351
1714079196.5955796,4.187092957673249
1714079196.5956926,4.156732559204102
1714079196.5958054,4.117030567593044
1714079196.5959184,4.074992956938567
1714079196.5960312,4.030620168756555
1714079196.5961442,3.982743952009413
1714079196.596257,3.93486773526227
1714079196.59637,3.876482557367395
1714079196.5964828,3.823935544049298
1714079196.5965958,3.7725563402529114
1714079196.5967088,3.713003352836326
1714079196.5968215,3.6616241490399393
1714079196.5969346,3.5997355425799333
1714079196.5970473,3.5390147456416376
1714079196.5971603,3.4712875330889665
1714079196.597273,3.401225143008762
1714079196.5973861,3.3253239260779486
1714079196.597499,3.245919722097891
1714079196.597612,3.159509323261402
1714079196.5977247,3.0777697209958674
1714079196.5978377,2.9878561143521907
1714079196.5979507,2.8979427284664574
1714079196.5980635,2.8068613123010704
1714079196.5981765,2.708773922037195
1714079196.5982893,2.6130217093008534
1714079196.5984023,2.5067603146588358
1714079196.598515,2.3981633009733976
1714079196.598628,2.2837279019532377
1714079196.5987408,2.164621706362124
1714079196.5988538,2.044347701249299
1714079196.5989668,1.914731882236622
1714079196.5990796,1.7886194917890759
1714079196.5991926,1.654332986584416
1714079196.5993054,1.5223818796652333
1714079196.5994184,1.3857599761750963
1714079196.5995312,1.2456349752567433
1714079196.5996442,1.1043421648166798
1714079196.599757,0.9560431595201845
1714079196.59987,0.8089119085559138
1714079196.599983,0.6512712549280237
1714079196.6000957,0.4947983004428722
1714079196.6002088,0.33365449419728027
1714079196.6003215,0.16667216464325232
1714079196.6004345,0.004360661841928959
1714079196.6005473,-0.161422375175688
1714079196.6006603,-0.3260371033792142
1714079196.600773,-0.49415423914238255
1714079196.600886,-0.6599364457307038
1714079196.600999,-0.828053609088615
1714079196.601112,-1.0031756427552965
1714079196.601225,-1.172460229308517
1714079196.6013377,-1.348749796549479
1714079196.6014507,-1.5238717750266746
1714079196.6015635,-1.6989938638828417
1714079196.6016765,-1.8729483639752422
1714079196.6017892,-2.0434004289132575
1714079196.6019022,-2.2150200826150397
1714079196.602015,-2.3796348660080517
1714079196.602128,-2.5430820606372975
1714079196.602241,-2.700691752963596
1714079196.6023538,-2.8594692548116045
1714079196.6024668,-3.0124090335987233
1714079196.6025796,-3.1665164011496083
1714079196.6026926,-3.3182888119309033
1714079196.6028054,-3.4630563524034286
1714079196.6029184,-3.605488936106364
1714079196.6030312,-3.743251606270119
1714079196.6031442,-3.8740096268830473
1714079196.6032572,-3.997762556429262
1714079196.60337,-4.11801294044212
1714079196.603483,-4.226588319849085
1714079196.6035957,-4.333996772766113
1714079196.6037087,-4.436734870628074
1714079196.6038215,-4.532468318939209
1714079196.6039345,-4.62703439924452
1714079196.6040473,-4.714595388483118
1714079196.6041603,-4.799821200194182
1714079196.6042733,-4.875707626342773
1714079196.604386,-4.9445889614246505
1714079196.604499,-5.012302486984818
1714079196.6046119,-5.0671740814491555
1714079196.604725,-5.119710939901846
1714079196.6048377,-5.164074897766113
1714079196.6049507,-5.20610456113462
1714079196.6050634,-5.239961323914704
1714079196.6051764,-5.272650718688965
1714079196.6052892,-5.298335463912398
1714079196.6054022,-5.319349854080765
1714079196.6055152,-5.338029508237486
1714079196.605628,-5.348537144837556
1714079196.605741,-5.361379075933385
1714079196.6058538,-5.363714253460919
1714079196.6059668,-5.3648816214667425
1714079196.6060796,-5.360211707927562
1714079196.6061926,-5.354374426382559
1714079196.6063054,-5.341532053770842
1714079196.6064184,-5.327522313153302
1714079196.6065314,-5.312345204529938
1714079196.6066442,-5.291330372845684
1714079196.6067572,-5.273818086694788
1714079196.60687,-5.249301150993064
1714079196.606983,-5.22828631930881
1714079196.6070957,-5.207271929140444
1714079196.6072087,-5.18158718391701
1714079196.6073215,-5.159404984226933
1714079196.6074345,-5.127883398974383
1714079196.6075475,-5.097528740211769
1714079196.6076603,-5.064839345437509
1714079196.6077733,-5.030982582657425
1714079196.607886,-5.000627923894811
1714079196.607999,-4.965603351593018
1714079196.6081119,-4.936416502352114
1714079196.6082249,-4.9072296531112105
1714079196.6083376,-4.879209730360243
1714079196.6084507,-4.852358058646873
1714079196.6085634,-4.822003399884259
1714079196.6086764,-4.793983918649179
1714079196.6087894,-4.761294523874918
1714079196.6089022,-4.729772497106481
1714079196.6090152,-4.695915734326397
1714079196.609128,-4.66322589803625
1714079196.609241,-4.63520641680117
1714079196.6093538,-4.6083547450878
1714079196.6094668,-4.582669999864366
1714079196.6095796,-4.560487800174289
1714079196.6096926,-4.539473410005923
1714079196.6098056,-4.514956032788311
1714079196.6099184,-4.489271729080765
1714079196.6100314,-4.460084438323975
1714079196.6101441,-4.432064957088894
1714079196.6102571,-4.4017107398421675
1714079196.61037,-4.371356081079553
1714079196.610483,-4.344503967850296
1714079196.6105957,-4.317651854621039
1714079196.6107087,-4.296637464452672
1714079196.6108217,-4.272120087235062
1714079196.6109345,-4.251105697066695
1714079196.6110475,-4.225420951843262
1714079196.6111603,-4.197401470608181
1714079196.6112733,-4.170549357378924
1714079196.611386,-4.133190049065484
1714079196.611499,-4.0993332862854
1714079196.6116118,-4.063141345977783
1714079196.6117249,-4.029284141681813
1714079196.6118379,-3.9930926428900824
1714079196.6119506,-3.9639053521332914
1714079196.6120636,-3.928881221347385
1714079196.6121764,-3.8926892810397677
1714079196.6122894,-3.8588320767437967
1714079196.6124022,-3.8168028548911765
1714079196.6125152,-3.7724388970269094
1714079196.612628,-3.7210694065800416
1714079196.612741,-3.668532989643238
1714079196.6128538,-3.614828763184724
1714079196.6129668,-3.558789800714563
1714079196.6130798,-3.503918206250226
1714079196.6131926,-3.4443766982467086
1714079196.6133056,-3.3883377357765476
1714079196.6134183,-3.3252936822396735
1714079196.6135314,-3.262249849460743
1714079196.6136441,-3.1898659688455084
1714079196.6137571,-3.115147352218628
1714079196.61387,-3.0380935580642134
1714079196.613983,-2.9505325688256154
1714079196.614096,-2.865306536356608
1714079196.6142087,-2.7695730880454734
1714079196.6143217,-2.6785097740314625
1714079196.6144345,-2.5804413689507375
1714079196.6145475,-2.4835405526337797
1714079196.6146603,-2.381969822777642
1714079196.6147733,-2.276896547388147
1714079196.614886,-2.1683209472232394
1714079196.614999,-2.0550752127612077
1714079196.615112,-1.9359924175121166
1714079196.6152248,-1.8110718992021348
1714079196.6153378,-1.6838165345015348
1714079196.6154506,-1.5507238882559315
1714079196.6155636,-1.4152961748617665
1714079196.6156764,-1.2775335046980116
1714079196.6157894,-1.1362683993798715
1714079196.6159022,-0.9961707724465264
1714079196.6160152,-0.8502356983997204
1714079196.616128,-0.7054681579271952
1714079196.616241,-0.55603070391549
1714079196.616354,-0.40542574392424685
1714079196.6164668,-0.24664843523943863
1714079196.6165798,-0.08320120611676463
1714079196.6166925,0.08026172441464882
1714079196.6168056,0.2460763410285667
1714079196.6169183,0.41772952234303506
1714079196.6170313,0.5835441527543244
1714079196.617144,0.7551973064740498
1714079196.617257,0.9186765110051189
1714079196.6173701,1.0891619655821059
1714079196.617483,1.2503057718276978
1714079196.617596,1.4231266798796476
1714079196.6177087,1.5877735835534554
1714079196.6178217,1.755923584655479
1714079196.6179345,1.9310798909929063
1714079196.6180475,2.101565290380407
1714079196.6181602,2.270883101004141
1714079196.6182733,2.4366977038206876
1714079196.6183863,2.602512306637234
1714079196.618499,2.763656112882826
1714079196.618612,2.917793724271986
1714079196.6187248,3.070763526139436
1714079196.6188378,3.215559323628743
1714079196.6189506,3.3580199435905174
1714079196.6190636,3.505151139365302
1714079196.6191764,3.644108551519888
1714079196.6192894,3.7854013619599516
1714079196.6194024,3.9173523585001626
1714079196.6195152,4.046967735996953
1714079196.6196282,4.168409771389431
1714079196.619741,4.285180568695068
1714079196.619854,4.389106344293665
1714079196.6199667,4.487193955315484
1714079196.6200798,4.582946388809769
1714079196.6201925,4.670524155652081
1714079196.6203055,4.759270173531991
1714079196.6204183,4.836338979226571
1714079196.6205313,4.915742962448685
1714079196.6206443,4.985805794044777
1714079196.620757,5.0547003746032715
1714079196.62087,5.114253803535743
1714079196.620983,5.167968184859664
1714079196.621096,5.215844401606807
1714079196.6212087,5.255546393217863
1714079196.6213217,5.2917453977796765
1714079196.6214345,5.320937986727114
1714079196.6215475,5.350130575674551
1714079196.6216605,5.372317190523501
1714079196.6217732,5.396838982899983
1714079196.6218863,5.413186991656268
1714079196.621999,5.4283671908908415
1714079196.622112,5.436541416026928
1714079196.6222248,5.441212212597882
1714079196.6223378,5.445883009168837
1714079196.6224506,5.440044403076172
1714079196.6225636,5.435373606505217
1714079196.6226766,5.424864203841597
1714079196.6227894,5.413186991656268
1714079196.6229024,5.398006792421694
1714079196.6230152,5.38165878366541
1714079196.6231282,5.365310774909125
1714079196.623241,5.345459779103597
1714079196.623354,5.3279444023414895
1714079196.6234667,5.3057577874925395
1714079196.6235797,5.285906791687012
1714079196.6236925,5.259049380267108
1714079196.6238055,5.2368632069340455
1714079196.6239185,5.208837985992432
1714079196.6240313,5.181980574572528
1714079196.6241443,5.151620176103379
1714079196.624257,5.120091968112521
1714079196.62437,5.090899379165084
1714079196.6244829,5.060538980695936
1714079196.6245959,5.032514201270209
1714079196.6247087,5.002153802801061
1714079196.6248217,4.978799378430401
1714079196.6249347,4.948438979961254
1714079196.6250474,4.9227493780630605
1714079196.6251605,4.897059776164867
1714079196.6252732,4.866699377695719
1714079196.6253862,4.836338979226571
1714079196.625499,4.805978580757423
1714079196.625612,4.7767859918099855
1714079196.6257248,4.748760770868372
1714079196.6258378,4.721903359448468
1714079196.6259508,4.695046389544451
1714079196.6260636,4.672859774695502
1714079196.6261766,4.648337982319019
1714079196.6262894,4.623816189942536
1714079196.6264024,4.599293956050166
1714079196.6265152,4.570101367102729
1714079196.6266282,4.540908778155291
1714079196.626741,4.507044951121012
1714079196.626854,4.474349375124331
1714079196.626967,4.4439889766551826
1714079196.6270797,4.413628578186035
1714079196.6271927,4.38560335724442
1714079196.6273055,4.355242958775273
1714079196.6274185,4.327218179349546
1714079196.6275313,4.293354352315267
1714079196.6276443,4.264161763367829
1714079196.627757,4.226794949284306
1714079196.62787,4.18826076719496
1714079196.6279829,4.145055347018771
1714079196.6280959,4.1030177363642935
1714079196.6282089,4.058644948182282
1714079196.6283216,4.014272160000271
1714079196.6284347,3.9687315622965493
1714079196.6285474,3.922023155071117
1714079196.6286604,3.875314747845685
1714079196.6287732,3.8251033535710084
1714079196.6288862,3.7748919592963324
1714079196.628999,3.7141711623580367
1714079196.629112,3.654617733425564
1714079196.629225,3.5892261399163137
1714079196.6293378,3.5179959403143988
1714079196.6294508,3.451436537283438
1714079196.6295636,3.3755355411105685
1714079196.6296766,3.3008021337014655
1714079196.6297894,3.224901137528596
1714079196.6299024,3.1466645223123053
1714079196.6300151,3.0649249200467708
1714079196.6301281,2.979682330731992
1714079196.6302412,2.888600914566605
1714079196.630354,2.795184320873684
1714079196.630467,2.6924259132809105
1714079196.6305797,2.58733210740266
1714079196.6306927,2.479902903238932
1714079196.6308055,2.364299694697062
1714079196.6309185,2.25336750348409
1714079196.6310313,2.131925688849555
1714079196.6311443,2.0139873027801514
1714079196.631257,1.8925454881456163
1714079196.63137,1.7640975890336212
1714079196.631483,1.6321464821144385
1714079196.6315958,1.4931891803388242
1714079196.6317089,1.3530641794204712
1714079196.6318216,1.204765174123976
1714079196.6319346,1.0576338679702193
1714079196.6320474,0.9023286126278064
1714079196.6321604,0.7493587555708708
1714079196.6322732,0.588214949325279
1714079196.6323862,0.4340774483150906
1714079196.6324992,0.27176594292676004
1714079196.632612,0.11062215047853964
1714079196.632725,-0.05284672327063701
1714079196.6328378,-0.2174614342274489
1714079196.6329508,-0.3844111054031937
1714079196.6330636,-0.55836566068508
1714079196.6331766,-0.7299852591973763
1714079196.6332893,-0.9062747712488527
1714079196.6334023,-1.080229326530739
1714079196.6335154,-1.2600212185471145
1714079196.6336281,-1.4316408722488967
1714079196.6337411,-1.6044278939565022
1714079196.633854,-1.7702101557343093
1714079196.633967,-1.9418296990571198
1714079196.6340797,-2.108779439219722
1714079196.6341927,-2.2745615906185574
1714079196.6343055,-2.440343742017393
1714079196.6344185,-2.606125893416228
1714079196.6345313,-2.7672381312758834
1714079196.6346443,-2.928350589893482
1714079196.6347573,-3.0871278709835472
1714079196.63487,-3.2365653249952526
1714079196.634983,-3.3860027790069576
1714079196.6350958,-3.527267773946126
1714079196.6352088,-3.662695487340291
1714079196.6353216,-3.793453287195276
1714079196.6354346,-3.920708762274848
1714079196.6355474,-4.044461691821063
1714079196.6356604,-4.162376898306388
1714079196.6357734,-4.277957810295953
1714079196.6358862,-4.390035735236274
1714079196.6359992,-4.495109010625768
1714079196.636112,-4.594344562954372
1714079196.636225,-4.685408097726327
1714079196.6363378,-4.770634350953278
1714079196.6364508,-4.852358058646873
1714079196.6365635,-4.922406761734574
1714079196.6366765,-4.990120728810628
1714079196.6367896,-5.0461596912807885
1714079196.6369023,-5.1045338312784825
1714079196.6370153,-5.151232966670284
1714079196.637128,-5.197932102062084
1714079196.6372411,-5.2376261463871705
1714079196.637354,-5.271483350683141
1714079196.637467,-5.298335463912398
1714079196.6375797,-5.324019767619945
1714079196.6376927,-5.340364685765019
1714079196.6378057,-5.353207058376736
1714079196.6379185,-5.360211707927562
1714079196.6380315,-5.366048989472565
1714079196.6381443,-5.3648816214667425
1714079196.6382573,-5.361379075933385
1714079196.63837,-5.355541794388382
1714079196.638483,-5.347369335315845
1714079196.6385958,-5.339197317759195
1714079196.6387088,-5.3228523996141215
1714079196.6388216,-5.311177836524116
1714079196.6389346,-5.292497740851508
1714079196.6390476,-5.273818086694788
1714079196.6391604,-5.251636328520598
1714079196.6392734,-5.227118951302987
1714079196.6393862,-5.2002668380737305
1714079196.6394992,-5.171079988832827
1714079196.639612,-5.140725330070213
1714079196.639725,-5.109203744817663
1714079196.6398377,-5.082351631588406
1714079196.6399508,-5.050829604819969
1714079196.6400638,-5.0251448595965345
1714079196.6401765,-4.995958010355631
1714079196.6402895,-4.9714410746539075
1714079196.6404023,-4.936416502352114
1714079196.6405153,-4.903727107577853
1714079196.640628,-4.869869903281883
1714079196.640741,-4.836013140501799
1714079196.640854,-4.803323745727539
1714079196.640967,-4.768299173425745
1714079196.64108,-4.736777146657308
1714079196.6411927,-4.707590297416404
1714079196.6413057,-4.683073361714681
1714079196.6414185,-4.65388607095789
1714079196.6415315,-4.632871680789523
1714079196.6416442,-4.604852199554443
1714079196.6417572,-4.576832718319363
1714079196.64187,-4.549980605090106
1714079196.641983,-4.518458578321669
1714079196.6420958,-4.489271729080765
1714079196.6422088,-4.457749702312328
1714079196.6423218,-4.430897589083071
1714079196.6424346,-4.408715389392993
1714079196.6425476,-4.385365821697094
1714079196.6426604,-4.366686167540373
1714079196.6427734,-4.345671335856119
1714079196.6428862,-4.3223217681602195
1714079196.6429992,-4.2954696549309626
1714079196.643112,-4.267450173695882
1714079196.643225,-4.2370959564491555
1714079196.643338,-4.204406561674895
1714079196.6434507,-4.170549357378924
1714079196.6435637,-4.142529876143843
1714079196.6436765,-4.11217521738123
1714079196.6437895,-4.086490913673683
1714079196.6439023,-4.058471432438603
1714079196.6440153,-4.029284141681813
1714079196.644128,-3.996594746907552
1714079196.644241,-3.961570616121645
1714079196.644354,-3.9195413942690247
1714079196.6444669,-3.8798469084280507
1714079196.64458,-3.83314777303625
1714079196.6446927,-3.784113460116916
1714079196.6448057,-3.7409168702584723
1714079196.6449184,-3.691882557339138
1714079196.6450315,-3.645183421947338
1714079196.6451442,-3.5949817410221803
1714079196.6452572,-3.5436124713332564
1714079196.6453702,-3.4910760543964523
1714079196.645483,-3.428032000859578
1714079196.645596,-3.3626532113110574
1714079196.6457088,-3.29377187622918
1714079196.6458218,-3.220220627608122
1714079196.6459346,-3.143166833453708
1714079196.6460476,-3.066113260057237
1714079196.6461604,-2.9820545955940525
1714079196.6462734,-2.9026658446700484
1714079196.6463861,-2.818607400964807
1714079196.6464992,-2.732213779732033
1714079196.6466122,-2.643485422487612
1714079196.646725,-2.5465843854127104
1714079196.646838,-2.4496835690957526
1714079196.6469507,-2.342275336936668
1714079196.6470637,-2.23136478000217
1714079196.6471765,-2.120454223067672
1714079196.6472895,-2.0002036182968705
1714079196.6474023,-1.8811208230477792
1714079196.6475153,-1.7573678935015642
1714079196.6476283,-1.6301125288009644
1714079196.647741,-1.5051921208699544
1714079196.647854,-1.3720993642453794
1714079196.6479669,-1.2366716508512143
1714079196.6480799,-1.0989089806874592
1714079196.6481926,-0.952973961830139
1714079196.6483057,-0.8035365078184339
1714079196.6484184,-0.6494291402675487
1714079196.6485314,-0.4929867607575875
1714079196.6486444,-0.3330419736879843
1714079196.6487572,-0.17076222984879105
1714079196.6488702,-0.011984914265297077
1714079196.648983,0.15149195161130694
1714079196.649096,0.31380344320226594
1714079196.6492088,0.4761149485905965
1714079196.6493218,0.6407618522644043
1714079196.6494346,0.805408755938212
1714079196.6495476,0.9723911682764689
1714079196.6496603,1.1428765676639698
1714079196.6497734,1.3156974757159197
1714079196.6498864,1.4873505742461592
1714079196.6499991,1.6578360840126318
1714079196.6501122,1.8271537842573942
1714079196.650225,1.9941360862166793
1714079196.650338,2.1576152907477484
1714079196.6504507,2.3175915082295733
1714079196.6505637,2.4752321066679777
1714079196.6506765,2.628201908535427
1714079196.6507895,2.7835071086883545
1714079196.6509025,2.9399801183629917
1714079196.6510153,3.090614521944964
1714079196.6511283,3.245919722097891
1714079196.651241,3.391883329108909
1714079196.651354,3.534343949070683
1714079196.6514668,3.6709657421818482
1714079196.6515799,3.798245942151105
1714079196.6516926,3.927861761163782
1714079196.6518056,4.044632558469419
1714079196.6519186,4.160235546253346
1714079196.6520314,4.2711681789822045
1714079196.6521444,4.378597383145933
1714079196.6522572,4.481355349222818
1714079196.6523702,4.5852815663373026
1714079196.652483,4.678698380788167
1714079196.652596,4.76744395715219
1714079196.6527088,4.851519178461145
1714079196.6528218,4.9274201746340145
1714079196.6529348,4.993979577664976
1714079196.6530476,5.052365197075738
1714079196.6531606,5.111918184492323
1714079196.6532733,5.160961769245288
1714079196.6533864,5.205334998943187
1714079196.6534991,5.252043406168619
1714079196.6536121,5.289409778736255
1714079196.653725,5.322105796248824
1714079196.653838,5.352466194717972
1714079196.6539507,5.375820177572744
1714079196.6540637,5.395671614894161
1714079196.6541767,5.408516195085313
1714079196.6542895,5.415522610699688
1714079196.6544025,5.4236963943198875
1714079196.6545153,5.4236963943198875
1714079196.6546283,5.422528584798177
1714079196.654741,5.4190255977489326
1714079196.654854,5.413186991656268
1714079196.6549668,5.4050132080360695
1714079196.6550798,5.39450380537245
1714079196.6551929,5.38165878366541
1714079196.6553056,5.367646393952546
1714079196.6554186,5.351298385196261
1714079196.6555314,5.3326151989124435
1714079196.6556444,5.313932012628626
1714079196.6557572,5.288242410730432
1714079196.6558702,5.266055795881483
1714079196.655983,5.238030574939868
1714079196.656096,5.213508782563386
1714079196.656209,5.188986990186903
1714079196.6563218,5.159794401239465
1714079196.6564348,5.136439976868806
1714079196.6565475,5.1095825654489015
1714079196.6566606,5.083893405066596
1714079196.6567733,5.058203803168403
1714079196.6568863,5.029010772705078
1714079196.656999,5.000985993279351
1714079196.6571121,4.974128581859447
1714079196.657225,4.942600373868589
1714079196.657338,4.91107216587773
1714079196.657451,4.881879576930293
1714079196.6575637,4.853854797504566
1714079196.6576767,4.824661767041241
1714079196.6577895,4.800139974664758
1714079196.6579025,4.773282563244854
1714079196.6580153,4.751096389911792
1714079196.6581283,4.723071168970178
1714079196.658241,4.697381567071985
1714079196.658354,4.668188978124547
1714079196.658467,4.6378285796554
1714079196.6585798,4.605132562142831
1714079196.6586928,4.579442960244638
1714079196.6588056,4.546747384247956
1714079196.6589186,4.518722163306342
1714079196.6590314,4.495368180451569
1714079196.6591444,4.468510769031665
1714079196.6592572,4.4439889766551826
1714079196.6593702,4.418299374756989
1714079196.6594832,4.386771166766131
1714079196.659596,4.356410768296983
1714079196.659709,4.322547382778591
1714079196.6598217,4.284012759173358
1714079196.6599348,4.248981564133255
1714079196.6600475,4.210446940528022
1714079196.6601605,4.174248377482096
1714079196.6602733,4.1392167409261065
1714079196.6603863,4.10068255883676
1714079196.6604993,4.063315744753237
1714079196.660612,4.022445943620469
1714079196.660725,3.9769053459167476
1714079196.660838,3.9301969386913154
1714079196.660951,3.876482557367395
1714079196.6610637,3.8169291284349227
1714079196.6611767,3.7620469375892918
1714079196.6612895,3.7001585518872293
1714079196.6614025,3.6406053437127004
1714079196.6615152,3.5787167372526945
1714079196.6616282,3.514492732507211
1714079196.6617413,3.449101138997961
1714079196.661854,3.3790385281598123
1714079196.661967,3.30547293027242
1714079196.6620798,3.22840412457784
1714079196.6621928,3.1443291240268283
1714079196.6623056,3.0544155173831515
1714079196.6624186,2.9645021314974183
1714079196.6625314,2.869917728282787
1714079196.6626444,2.770662307739258
1714079196.6627574,2.6725749174753823
1714079196.6628702,2.5686487003608987
1714079196.6629832,2.462387305718881
1714079196.663096,2.354958101555153
1714079196.663209,2.24169029129876
1714079196.6633217,2.1214165069438793
1714079196.6634347,1.9999746923093442
1714079196.6635475,1.8715266828183774
1714079196.6636605,1.7395756862781664
1714079196.6637735,1.6017860836452906
1714079196.6638863,1.4628287818696764
1714079196.6639993,1.3238713697150901
1714079196.664112,1.177907873083044
1714079196.664225,1.0331119652147647
1714079196.6643379,0.8848129599182694
1714079196.664451,0.7353462554790355
1714079196.6645637,0.5812086992793613
1714079196.6646767,0.42240034650873254
1714079196.6647894,0.2612565678578836
1714079196.6649024,0.09310651846505977
1714079196.6650155,-0.07502884362582807
1714079196.6651282,-0.24548095685464363
1714079196.6652412,-0.41826803375173494
1714079196.665354,-0.5898876322640313
1714079196.665467,-0.7638421875459176
1714079196.6655798,-0.9389642212125989
1714079196.6656928,-1.1094162861506143
1714079196.6658056,-1.2822034182371915
1714079196.6659186,-1.453822961560002
1714079196.6660316,-1.6266100936465793
1714079196.6661444,-1.8028995505085696
1714079196.6662574,-1.97218413706179
1714079196.6663702,-2.147306336296929
1714079196.6664832,-2.3200933580045344
1714079196.666596,-2.487042877409193
1714079196.666709,-2.649322704032615
1714079196.6668217,-2.8092675738864474
1714079196.6669347,-2.9622073526735657
1714079196.6670477,-3.1139797634548607
1714079196.6671605,-3.2599148926911528
1714079196.6672735,-3.407017389933268
1714079196.6673863,-3.548282384872436
1714079196.6674993,-3.683710098266601
1714079196.667612,-3.8203054004245334
1714079196.667725,-3.9533981570491084
1714079196.6678379,-4.0759837185895
1714079196.6679509,-4.199736648135715
1714079196.6680636,-4.309479395548502
1714079196.6681767,-4.418055216471354
1714079196.6682897,-4.518458578321669
1714079196.6684024,-4.6095221130936235
1714079196.6685154,-4.700585647865577
1714079196.6686282,-4.783476723564996
1714079196.6687412,-4.861697885725233
1714079196.668854,-4.937583870357937
1714079196.668967,-5.004130469428168
1714079196.6690798,-5.068341890970865
1714079196.6691928,-5.127883398974383
1714079196.6693058,-5.174582534366183
1714079196.6694186,-5.221281669757984
1714079196.6695316,-5.256306242059778
1714079196.6696444,-5.288995636834038
1714079196.6697574,-5.314679940541585
1714079196.6698701,-5.334527404220015
1714079196.6699831,-5.353207058376736
1714079196.670096,-5.363714253460919
1714079196.670209,-5.371886712533456
1714079196.670322,-5.378891362084282
1714079196.6704347,-5.377723994078459
1714079196.6705477,-5.377723994078459
1714079196.6706605,-5.371886712533456
1714079196.6707735,-5.361379075933385
1714079196.6708863,-5.352039248855025
1714079196.6709993,-5.3333595946983055
1714079196.671112,-5.312345204529938
1714079196.671225,-5.292497740851508
1714079196.671338,-5.267980805149785
1714079196.6714509,-5.245798605459707
1714079196.6715639,-5.216611756218804
1714079196.6716766,-5.1897596429895465
1714079196.6717896,-5.165242707287823
1714079196.6719024,-5.140725330070213
1714079196.6720154,-5.111538480829309
1714079196.6721282,-5.081183822066695
1714079196.6722412,-5.050829604819969
1714079196.672354,-5.022810123584888
1714079196.672467,-4.987785551283094
1714079196.67258,-4.953928788503011
1714079196.6726928,-4.92007158420704
1714079196.6728058,-4.8862148214269565
1714079196.6729186,-4.857027972186053
1714079196.6730316,-4.824338577411792
1714079196.6731443,-4.799821200194182
1714079196.6732574,-4.776471632498281
1714079196.6733701,-4.747284783257379
1714079196.6734831,-4.7216000380339445
1714079196.6735961,-4.691245820787217
1714079196.673709,-4.65972379401878
1714079196.673822,-4.628201767250343
1714079196.6739347,-4.59784710848773
1714079196.6740477,-4.565157713713469
1714079196.6741605,-4.5406407780117455
1714079196.6742735,-4.516123400794135
1714079196.6743863,-4.496276378631592
1714079196.6744993,-4.472926810935691
1714079196.6746123,-4.448409875233968
1714079196.674725,-4.427395043549714
1714079196.674838,-4.397040826302987
1714079196.6749508,-4.36902090355202
1714079196.6750638,-4.339834054311116
1714079196.6751766,-4.305977291531033
1714079196.6752896,-4.277957810295953
1714079196.6754024,-4.249937887544985
1714079196.6755154,-4.2219184063099044
1714079196.6756282,-4.199736648135715
1714079196.6757412,-4.174051902912281
1714079196.6758542,-4.1471997896830235
1714079196.675967,-4.1226828539813
1714079196.67608,-4.086490913673683
1714079196.6761928,-4.053801518899423
1714079196.6763058,-4.016442210585982
1714079196.6764185,-3.975580356739185
1714079196.6765316,-3.9405557844373913
1714079196.6766443,-3.899693930590594
1714079196.6767573,-3.8611672542713302
1714079196.6768703,-3.8226401364361795
1714079196.676983,-3.784113460116916
1714079196.6770961,-3.744418974275942
1714079196.677209,-3.697720059642085
1714079196.677322,-3.647518378716928
1714079196.6774347,-3.5938141522584135
1714079196.6775477,-3.533105276249073
1714079196.6776605,-3.4700612227121987
1714079196.6777735,-3.409352346702858
1714079196.6778865,-3.3369684660876238
1714079196.6779993,-3.27275726530287
1714079196.6781123,-3.2027083414572255
1714079196.678225,-3.1326596383695247
1714079196.678338,-3.0567732122209335
1714079196.6784508,-2.977384682054873
1714079196.6785638,-2.8874887360466848
1714079196.6786766,-2.8034300715835005
1714079196.6787896,-2.708864212036133
1714079196.6789026,-2.606125893416228
1714079196.6790154,-2.503387795554267
1714079196.6791284,-2.395979563395182
1714079196.6792412,-2.2885713312360974
1714079196.6793542,-2.1741582287682424
1714079196.679467,-2.062080083069978
1714079196.67958,-1.9453322445904766
1714079196.6796927,-1.82624911820447
1714079196.6798058,-1.7048312558068168
1714079196.6799185,-1.574073455951832
1714079196.6800315,-1.442148177712052
1714079196.6801445,-1.3043855075482969
1714079196.6802573,-1.1631204022301567
1714079196.6803703,-1.0206878185272217
1714079196.680483,-0.8712503645155164
1714079196.680596,-0.7206454321190162
1714079196.680709,-0.5735428796874152
1714079196.680822,-0.42177046890611997
1714079196.6809347,-0.2676630737604918
1714079196.6810477,-0.1135556924122351
1714079196.6811607,0.04523046383703196
1714079196.6812735,0.20637425283590952
1714079196.6813865,0.37102117030708875
1714079196.6814992,0.540338898146594
1714079196.6816123,0.7096566535808422
1714079196.681725,0.8836452607755307
1714079196.681838,1.055298469684742
1714079196.6819508,1.2234484707867657
1714079196.6820638,1.3939339805532385
1714079196.6821768,1.5597485833697848
1714079196.6822896,1.723227787900854
1714079196.6824026,1.8890422803384286
1714079196.6825154,2.0513538961057307
1714079196.6826284,2.2183363084439875
1714079196.6827412,2.385318500024301
1714079196.6828542,2.5476301157916033
1714079196.682967,2.7134447186081494
1714079196.68308,2.8745885248537415
1714079196.6831927,3.028725915484958
1714079196.6833057,3.180528128588641
1714079196.6834188,3.326491735599659
1714079196.6835315,3.4631135287108243
1714079196.6836445,3.5997355425799333
1714079196.6837573,3.7293513615926104
1714079196.6838703,3.85779892956769
1714079196.683983,3.9862469390586566
1714079196.684096,4.108856342456959
1714079196.6842089,4.226794949284306
1714079196.6843219,4.338894950018989
1714079196.684435,4.446324154182716
1714079196.6845477,4.546747384247956
1714079196.6846607,4.635492960611979
1714079196.6847734,4.719568181920934
1714079196.6848865,4.797804797137225
1714079196.6849992,4.870202364744963
1714079196.6851122,4.941432564346878
1714079196.685225,5.007991967377839
1714079196.685338,5.072216192881266
1714079196.685451,5.132936989819561
1714079196.6855638,5.183148384094238
1714079196.6856768,5.233359778368914
1714079196.6857896,5.275397389023392
1714079196.6859026,5.310428584063494
1714079196.6860154,5.3419567920543525
1714079196.6861284,5.361807787859881
1714079196.6862411,5.38399440270883
1714079196.6863542,5.399174601943404
1714079196.6864672,5.410851814128734
1714079196.68658,5.421360775276466
1714079196.686693,5.424864203841597
1714079196.6868057,5.429535000412552
1714079196.6869187,5.429535000412552
1714079196.6870315,5.422528584798177
1714079196.6871445,5.415522610699688
1714079196.6872573,5.4050132080360695
1714079196.6873703,5.389833008801495
1714079196.687483,5.375820177572744
1714079196.687596,5.354801813761393
1714079196.687709,5.333783008434154
1714079196.6878219,5.312764203106915
1714079196.6879349,5.2917453977796765
1714079196.6880476,5.268390973409017
1714079196.6881607,5.245036990554244
1714079196.6882734,5.220515198177761
1714079196.6883864,5.197160773807101
1714079196.6884992,5.170303803903085
1714079196.6886122,5.146949379532425
1714079196.6887252,5.120091968112521
1714079196.688838,5.092067188686794
1714079196.688951,5.062874599739357
1714079196.6890638,5.032514201270209
1714079196.6891768,5.000985993279351
1714079196.6892896,4.974128581859447
1714079196.6894026,4.94493599291201
1714079196.6895154,4.9180785814921055
1714079196.6896284,4.894724598637334
1714079196.6897414,4.865531568174009
1714079196.6898541,4.84568057236848
1714079196.6899672,4.8176557929427535
1714079196.69008,4.789630572001139
1714079196.690193,4.761605792575412
1714079196.6903057,4.732412762112087
1714079196.6904187,4.70322017316465
1714079196.6905315,4.675195393738923
1714079196.6906445,4.648337982319019
1714079196.6907573,4.622648380420825
1714079196.6908703,4.598126588044343
1714079196.6909833,4.575939973195394
1714079196.691096,4.551418180818911
1714079196.691209,4.522225150355586
1714079196.6913218,4.494200370929859
1714079196.6914349,4.465007781982422
1714079196.6915476,4.431143954948142
1714079196.6916606,4.397280569429751
1714079196.6917734,4.361081564867938
1714079196.6918864,4.32955335687708
1714079196.6919994,4.298025148886222
1714079196.6921122,4.26532957288954
1714079196.6922252,4.233801364898682
1714079196.692338,4.201105347386113
1714079196.692451,4.162571165296766
1714079196.6925638,4.125204351213243
1714079196.6926768,4.081999372552942
1714079196.6927896,4.03529096532751
1714079196.6929026,3.9885825581020775
1714079196.6930156,3.937203354305691
1714079196.6931283,3.885824150509304
1714079196.6932414,3.839115743283872
1714079196.6933541,3.7842335524382413
1714079196.6934671,3.731686539120144
1714079196.69358,3.67797193703828
1714079196.693693,3.6184189496216947
1714079196.6938057,3.555362533639978
1714079196.6939187,3.487635541845251
1714079196.6940315,3.4152375327216253
1714079196.6941445,3.341671934834233
1714079196.6942575,3.261099921332465
1714079196.6943703,3.180528128588641
1714079196.6944833,3.099956335844817
1714079196.694596,3.0147135257720947
1714079196.694709,2.9283031269356052
1714079196.6948218,2.840724918577406
1714079196.6949348,2.7438051170772972
1714079196.6950476,2.6433821077700013
1714079196.6951606,2.540623700177228
1714079196.6952736,2.4285236994425454
1714079196.6953864,2.316423698707863
1714079196.6954994,2.1961496935950384
1714079196.6956122,2.074708099718447
1714079196.6957252,1.9497632980346677
1714079196.695838,1.821315288543701
1714079196.695951,1.6928673894317061
1714079196.6960638,1.5597485833697848
1714079196.6961768,1.421958980736909
1714079196.6962898,1.2841692677250613
1714079196.6964025,1.1382057710930154
1714079196.6965156,0.9922421640819973
1714079196.6966283,0.8357692095968458
1714079196.6967413,0.6816316533971716
1714079196.696854,0.5239909997692814
1714079196.6969671,0.36051179523821225
1714079196.69708,0.20053571573010195
1714079196.697193,0.03588879480957985
1714079196.697306,-0.12990041739410824
1714079196.6974187,-0.294515131800263
1714079196.6975317,-0.4602973107938413
1714079196.6976445,-0.6295819525365476
1714079196.6977575,-0.7941966807400738
1714079196.6978703,-0.9669837024476793
1714079196.6979833,-1.1421057913038466
1714079196.698096,-1.3148928130114519
1714079196.698209,-1.485344988328439
1714079196.6983218,-1.6616344451904297
1714079196.6984348,-1.8297516637378268
1714079196.6985478,-2.0037061638302274
1714079196.6986606,-2.1683209472232394
1714079196.6987736,-2.3341030986220748
1714079196.6988864,-2.49288037971214
1714079196.6989994,-2.6563275743413852
1714079196.6991122,-2.8127698986618603
1714079196.6992252,-2.973882136521516
1714079196.699338,-3.125654547302811
1714079196.699451,-3.27976213561164
1714079196.699564,-3.4327019143987583
1714079196.6996768,-3.5727995413321034
1714079196.6997898,-3.712897389023392
1714079196.6999025,-3.84248760011461
1714079196.7000155,-3.9685752656724715
1714079196.7001283,-4.086490913673683
1714079196.7002413,-4.200904016141538
1714079196.700354,-4.3118145730760356
1714079196.700467,-4.416887848465531
1714079196.7005801,-4.520793314333315
1714079196.700693,-4.616526762644449
1714079196.700806,-4.708757665422227
1714079196.7009187,-4.792816550643355
1714079196.7010317,-4.874539816821063
1714079196.7011445,-4.94342115190294
1714079196.7012575,-5.006465205439815
1714079196.7013702,-5.0671740814491555
1714079196.7014832,-5.118543571896023
1714079196.701596,-5.166410075293647
1714079196.701709,-5.204936751612911
1714079196.701822,-5.243463869448061
1714079196.7019348,-5.273818086694788
1714079196.7020478,-5.301837567929868
1714079196.7021606,-5.324019767619945
1714079196.7022736,-5.340364685765019
1714079196.7023864,-5.354374426382559
1714079196.7024994,-5.362546885455096
1714079196.7026122,-5.367216798994276
1714079196.7027252,-5.363714253460919
1714079196.7028382,-5.362546885455096
1714079196.702951,-5.353207058376736
1714079196.703064,-5.3438672312983755
1714079196.7031767,-5.328689681159125
1714079196.7032897,-5.314679940541585
1714079196.7034025,-5.298335463912398
1714079196.7035155,-5.278488000233968
1714079196.7036283,-5.262143523604781
1714079196.7037413,-5.239961323914704
1714079196.7038543,-5.220114301752161
1714079196.703967,-5.193262188522904
1714079196.70408,-5.16757744329947
1714079196.7041929,-5.13488804852521
1714079196.704306,-5.102198653750949
1714079196.7044187,-5.073011804510045
1714079196.7045317,-5.035652496196605
1714079196.7046444,-5.006465205439815
1714079196.7047575,-4.972608442659731
1714079196.7048705,-4.945756329430474
1714079196.7049832,-4.916569480189571
1714079196.7050962,-4.88854999895449
1714079196.705209,-4.8593627081976996
1714079196.705322,-4.825505945417616
1714079196.7054348,-4.796318654660825
1714079196.7055478,-4.760127155869095
1714079196.7056606,-4.729772497106481
1714079196.7057736,-4.695915734326397
1714079196.7058864,-4.666728443569607
1714079196.7059994,-4.637541594328703
1714079196.7061124,-4.614192026632804
1714079196.7062252,-4.590842458936903
1714079196.7063382,-4.569827627252649
1714079196.706451,-4.548813237084283
1714079196.706564,-4.5196259463274915
1714079196.7066767,-4.4927738330982345
1714079196.7067897,-4.462419615851508
1714079196.7069025,-4.432064957088894
1714079196.7070155,-4.4017107398421675
1714079196.7071285,-4.374858626612911
1714079196.7072413,-4.352676426922833
1714079196.7073543,-4.3269916816994
1714079196.707467,-4.307144659536856
1714079196.70758,-4.283795091840956
1714079196.7076929,-4.262780260156702
1714079196.7078059,-4.235928146927445
1714079196.7079186,-4.204406561674895
1714079196.7080317,-4.174051902912281
1714079196.7081447,-4.139027330610487
1714079196.7082574,-4.106337935836226
1714079196.7083704,-4.070145995528609
1714079196.7084832,-4.038623968760172
1714079196.7085962,-4.007102383507623
1714079196.708709,-3.974412988733362
1714079196.708822,-3.944058329970748
1714079196.7089348,-3.9055316536514844
1714079196.7090478,-3.8670045358163336
1714079196.7091606,-3.8226401364361795
1714079196.7092736,-3.7771088105660895
1714079196.7093866,-3.7222372161017523
1714079196.7094994,-3.670867946412828
1714079196.7096124,-3.618331308718081
1714079196.7097251,-3.563459714253743
1714079196.7098382,-3.508588119789406
1714079196.709951,-3.4513815685554783
1714079196.710064,-3.395342606085318
1714079196.7101767,-3.3322985525484436
1714079196.7102897,-3.266919762999923
1714079196.7104027,-3.1945358823846886
1714079196.7105155,-3.1198172657578076
1714079196.7106285,-3.03926114682798
1714079196.7107413,-2.9540351143589723
1714079196.7108543,-2.869976449895788
1714079196.710967,-2.7800805038876
1714079196.71108,-2.6901845578794124
1714079196.7111928,-2.596786066337868
1714079196.7113059,-2.501052838784677
1714079196.7114189,-2.4006494769343623
1714079196.7115316,-2.2955762015448675
1714079196.7116446,-2.1881679693857827
1714079196.7117574,-2.0737550876758717
1714079196.7118704,-1.9523371148992466
1714079196.7119832,-1.82624911820447
1714079196.7120962,-1.6954914287284568
1714079196.712209,-1.5635661504886766
1714079196.712322,-1.4293059154793066
1714079196.712435,-1.2915432453155518
1714079196.7125478,-1.1537805751517967
1714079196.7126608,-1.0090130346792714
1714079196.7127736,-0.8619105374371563
1714079196.7128866,-0.7124730282359653
1714079196.7129993,-0.5642030526090551
1714079196.7131124,-0.4042582655394519
1714079196.7132251,-0.24548095685464363
1714079196.7133381,-0.08086624934717461
1714079196.713451,0.08843568050199084
1714079196.713564,0.25541801695470456
1714079196.713677,0.4247357723889527
1714079196.7137897,0.5905504028002421
1714079196.7139027,0.757532704759527
1714079196.7140155,0.9233473627655594
1714079196.7141285,1.0903296647248444
1714079196.7142413,1.252641170113175
1714079196.7143543,1.421958980736909
1714079196.714467,1.5912766809816712
1714079196.71458,1.7629298898908825
1714079196.714693,1.9334152892783836
1714079196.7148058,2.105068498187595
1714079196.7149189,2.2720509105258517
1714079196.7150316,2.4366977038206876
1714079196.7151446,2.5955061117808023
1714079196.7152574,2.7496437231699624
1714079196.7153704,2.906116512086656
1714079196.7154832,3.0509125303339073
1714079196.7155962,3.2003791243941695
1714079196.7157092,3.3486781296906645
1714079196.715822,3.4946417367016824
1714079196.715935,3.63943753419099
1714079196.7160478,3.777227136823866
1714079196.7161608,3.9138489299350314
1714079196.7162735,4.041129571420175
1714079196.7163866,4.162571165296766
1714079196.7164993,4.277006343558982
1714079196.7166123,4.38560335724442
1714079196.716725,4.48369096826624
1714079196.7168381,4.5806107697663485
1714079196.7169511,4.674027584217212
1714079196.717064,4.762773160581236
1714079196.717177,4.848016191411901
1714079196.7172897,4.9274201746340145
1714079196.7174027,5.000985993279351
1714079196.7175155,5.06520977726689
1714079196.7176285,5.128266193248607
1714079196.7177413,5.179645397044994
1714079196.7178543,5.221683007699472
1714079196.7179673,5.261384999310528
1714079196.71808,5.295248384828921
1714079196.718193,5.329112211863199
1714079196.7183058,5.354801813761393
1714079196.7184188,5.3781557966161655
1714079196.7185316,5.4015097794709375
1714079196.7186446,5.412019182134557
1714079196.7187574,5.429535000412552
1714079196.7188704,5.431870177940086
1714079196.7189834,5.440044403076172
1714079196.7190962,5.436541416026928
1714079196.7192092,5.4330379874617964
1714079196.719322,5.424864203841597
1714079196.719435,5.416689978705512
1714079196.7195477,5.402677588992648
1714079196.7196608,5.391000376807319
1714079196.7197735,5.374652809566921
1714079196.7198865,5.357136991288926
1714079196.7199993,5.340788982532642
1714079196.7201123,5.319770177205403
1714079196.7202253,5.301086990921585
1714079196.720338,5.276565198545103
1714079196.720451,5.254378583696153
1714079196.720564,5.231024600841381
1714079196.720677,5.202999379899766
1714079196.7207897,5.173806790952329
1714079196.7209027,5.144614202004892
1714079196.7210155,5.117756790584988
1714079196.7211285,5.08856420163755
1714079196.7212415,5.060538980695936
1714079196.7213542,5.031346391748499
1714079196.7214673,5.006824599372016
1714079196.72158,4.978799378430401
1714079196.721693,4.950774599004674
1714079196.7218058,4.925084997106481
1714079196.7219188,4.894724598637334
1714079196.7220316,4.866699377695719
1714079196.7221446,4.835171169704861
1714079196.7222576,4.807146390279134
1714079196.7223704,4.7767859918099855
1714079196.7224834,4.749928580390082
1714079196.7225962,4.724238978491889
1714079196.7227092,4.698549376593696
1714079196.722822,4.6763627617447465
1714079196.722935,4.649505791840729
1714079196.7230477,4.62615136747007
1714079196.7231607,4.596958778522632
1714079196.7232738,4.567766189575195
1714079196.7233865,4.53740534959016
1714079196.7234995,4.507044951121012
1714079196.7236123,4.476684552651864
1714079196.7237253,4.447491963704427
1714079196.723838,4.4194671842787
1714079196.723951,4.394944950386329
1714079196.7240639,4.365752361438892
1714079196.724177,4.336559772491455
1714079196.7242897,4.305031564500596
1714079196.7244027,4.270000369460494
1714079196.7245157,4.233801364898682
1714079196.7246284,4.190595944722493
1714079196.7247415,4.150893953111436
1714079196.7248542,4.104185545886004
1714079196.7249672,4.063315744753237
1714079196.72508,4.021278134098759
1714079196.725193,3.9792409649601685
1714079196.7253058,3.9325325577347363
1714079196.7254188,3.8823211634600603
1714079196.7255318,3.8344449467129174
1714079196.7256446,3.777227136823866
1714079196.7257576,3.720009326934814
1714079196.7258704,3.6557855429472745
1714079196.7259834,3.5892261399163137
1714079196.7260962,3.5214991481215865
1714079196.7262092,3.4502687277617277
1714079196.726322,3.3790385281598123
1714079196.726435,3.3066407397941306
1714079196.726548,3.2330749211487944
1714079196.7266607,3.1525031284049705
1714079196.7267737,3.071931335661146
1714079196.7268865,2.983185317781236
1714079196.7269995,2.8909363128520824
1714079196.7271123,2.792848922588207
1714079196.7272253,2.6900905149954335
1714079196.727338,2.5849967091171826
1714079196.727451,2.476399916189688
1714079196.7275639,2.3678029025042497
1714079196.7276769,2.2521996939623796
1714079196.7277899,2.1389321044639305
1714079196.7279027,2.017490289829395
1714079196.7280157,1.898384094238281
1714079196.7281284,1.7722714830327917
1714079196.7282414,1.6391527873498422
1714079196.7283542,1.502530883859705
1714079196.7284672,1.360070374276903
1714079196.72858,1.2187776742158112
1714079196.728693,1.0681432706338387
1714079196.728806,0.9186765110051189
1714079196.7289188,0.7633712556627061
1714079196.7290318,0.6139045512234723
1714079196.7291446,0.45626389759558217
1714079196.7292576,0.298623243967692
1714079196.7293704,0.1374794515194716
1714079196.7294834,-0.02599467730356587
1714079196.7295961,-0.1906093899850492
1714079196.7297091,-0.3622289884973455
1714079196.7298222,-0.5326810810301038
1714079196.729935,-0.7089705930815802
1714079196.730048,-0.8829251483634666
1714079196.7301607,-1.058047237219634
1714079196.7302737,-1.2331692156968292
1714079196.7303865,-1.4047887590196397
1714079196.7304995,-1.574073455951832
1714079196.7306123,-1.7421905641202573
1714079196.7307253,-1.9149775858278626
1714079196.7308383,-2.078425001215052
1714079196.730951,-2.25004443415889
1714079196.731064,-2.4158265855577254
1714079196.7311769,-2.5816089577145047
1714079196.7312899,-2.743888563579983
1714079196.7314026,-2.9050008014396385
1714079196.7315156,-3.059108389748467
1714079196.7316284,-3.2073782549964056
1714079196.7317414,-3.3533133842326976
1714079196.7318542,-3.4934110111660424
1714079196.7319672,-3.6311736813297975
1714079196.7320802,-3.7607638924210156
1714079196.732193,-3.8926892810397677
1714079196.732306,-4.012939665052626
1714079196.7324188,-4.13669259459884
1714079196.7325318,-4.252273065072519
1714079196.7326446,-4.36551879953455
1714079196.7327576,-4.468256897396511
1714079196.7328703,-4.567492891241002
1714079196.7329834,-4.65972379401878
1714079196.7330964,-4.744949605729844
1714079196.7332091,-4.822003399884259
1714079196.7333221,-4.895554648505317
1714079196.733435,-4.9609334380538375
1714079196.733548,-5.0251448595965345
1714079196.7336607,-5.084686367600052
1714079196.7337737,-5.133720680519386
1714079196.7338865,-5.1839223614445435
1714079196.7339995,-5.224784215291341
1714079196.7341125,-5.260976155598958
1714079196.7342253,-5.291330372845684
1714079196.7343383,-5.315847750063296
1714079196.734451,-5.335694772225839
1714079196.734564,-5.347369335315845
1714079196.7346768,-5.355541794388382
1714079196.7347898,-5.359044339921739
1714079196.7349026,-5.363714253460919
1714079196.7350156,-5.361379075933385
1714079196.7351284,-5.355541794388382
1714079196.7352414,-5.346201967310022
1714079196.7353544,-5.336862140231662
1714079196.7354672,-5.325187577141655
1714079196.7355802,-5.310010027002405
1714079196.735693,-5.292497740851508
1714079196.735806,-5.270315982677318
1714079196.7359188,-5.248133782987241
1714079196.7360318,-5.220114301752161
1714079196.7361445,-5.19559692453455
1714079196.7362576,-5.165242707287823
1714079196.7363706,-5.137223226052743
1714079196.7364833,-5.109203744817663
1714079196.7365963,-5.085853735605875
1714079196.736709,-5.055499518359149
1714079196.7368221,-5.027480037124068
1714079196.736935,-5.001795291900635
1714079196.737048,-4.972608442659731
1714079196.7371607,-4.941086415891294
1714079196.7372737,-4.9060618435895
1714079196.7373867,-4.876874994348596
1714079196.7374995,-4.8383483180293325
1714079196.7376125,-4.8068262912608954
1714079196.7377253,-4.7741368964866355
1714079196.7378383,-4.747284783257379
1714079196.737951,-4.722767406039767
1714079196.738064,-4.6947479248046875
1714079196.7381768,-4.674900902642144
1714079196.7382898,-4.6468814214070635
1714079196.7384028,-4.616526762644449
1714079196.7385156,-4.589674649415192
1714079196.7386286,-4.559320432168466
1714079196.7387414,-4.531300950933385
1714079196.7388544,-4.496276378631592
1714079196.7389672,-4.472926810935691
1714079196.7390802,-4.447242065712257
1714079196.739193,-4.426227675543891
1714079196.739306,-4.406380653381348
1714079196.7394187,-4.38419845369127
1714079196.7395318,-4.357346340462013
1714079196.7396448,-4.333996772766113
1714079196.7397575,-4.303642114003499
1714079196.7398705,-4.2744552647625955
1714079196.7399833,-4.2370959564491555
1714079196.7400963,-4.209076475214075
1714079196.740209,-4.179889184457284
1714079196.740322,-4.1471997896830235
1714079196.740435,-4.121515485975477
1714079196.740548,-4.09466337274622
1714079196.740661,-4.067811259516963
1714079196.7407737,-4.037456600754349
1714079196.7408867,-4.001264660446732
1714079196.7409995,-3.966240529660825
1714079196.7411125,-3.923043498286494
1714079196.7412252,-3.8833494539614075
1714079196.7413383,-3.836650318569607
1714079196.741451,-3.7946206552010993
1714079196.741564,-3.7502566973368325
1714079196.741677,-3.7035573411870883
1714079196.7417898,-3.660360530570701
1714079196.7419028,-3.6113264384093107
1714079196.7420156,-3.55995738947833
1714079196.7421286,-3.501583249480636
1714079196.7422414,-3.4432093302408853
1714079196.7423544,-3.375495363164831
1714079196.7424672,-3.3066140280829535
1714079196.7425802,-3.2318954114560725
1714079196.742693,-3.1536742492958347
1714079196.742806,-3.0801230006747775
1714079196.742919,-3.0019018385145397
1714079196.7430317,-2.922513087590535
1714079196.7431448,-2.840789379896941
1714079196.7432575,-2.753228390658343
1714079196.7433705,-2.6609974878805653
1714079196.7434833,-2.5617617147940175
1714079196.7435963,-2.4625259417074696
1714079196.743709,-2.3562852983121516
1714079196.743822,-2.24537452061971
1714079196.743935,-2.1332963749214455
1714079196.7440479,-2.015380947678177
1714079196.744161,-1.8974655204349093
1714079196.7442737,-1.7760475476582844
1714079196.7443867,-1.6546295748816595
1714079196.7444994,-1.5262067317962646
1714079196.7446125,-1.3954489319412795
1714079196.7447252,-1.2635236537014995
1714079196.7448382,-1.1222585483833596
1714079196.7449512,-0.9809934430652194
1714079196.745064,-0.8292210874734101
1714079196.745177,-0.680951056657014
1714079196.7452898,-0.5245087323365388
1714079196.7454028,-0.3692338588061156
1714079196.7455156,-0.21045655012130737
1714079196.7456286,-0.05518168348956991
1714079196.7457414,0.10244818749251189
1714079196.7458544,0.2647596928808424
1714079196.7459674,0.42707119826917295
1714079196.7460802,0.5940535002284579
1714079196.7461932,0.7587004590917517
1714079196.746306,0.9326890662864402
1714079196.746419,1.1043421648166798
1714079196.7465317,1.2794984711541069
1714079196.7466447,1.452319379206057
1714079196.7467575,1.6263079864007455
1714079196.7468705,1.794457987502769
1714079196.7469833,1.9614402894620542
1714079196.7470963,2.124919493993123
1714079196.7472093,2.286063300238715
1714079196.747322,2.447207106484307
1714079196.747435,2.6060155144444215
1714079196.7475479,2.764823922404536
1714079196.7476609,2.9236323303646508
1714079196.7477736,3.082440517566822
1714079196.7478867,3.234242730670505
1714079196.7479994,3.3848771342524775
1714079196.7481124,3.5226667368853533
1714079196.7482255,3.6592887507544622
1714079196.7483382,3.790072158530906
1714079196.7484512,3.9138489299350314
1714079196.748564,4.0341231558057995
1714079196.748677,4.147390966062193
1714079196.7487898,4.266496940895363
1714079196.7489028,4.375093954580802
1714079196.7490156,4.481355349222818
1714079196.7491286,4.582946388809769
1714079196.7492416,4.681033558315701
1714079196.7493544,4.766276589146367
1714079196.7494674,4.848016191411901
1714079196.7495801,4.920414200535527
1714079196.7496932,4.98814097157231
1714079196.749806,5.048861768510606
1714079196.749919,5.106079578399658
1714079196.7500317,5.160961769245288
1714079196.7501447,5.2100057955141414
1714079196.7502575,5.259049380267108
1714079196.7503705,5.298751371878164
1714079196.7504835,5.334950376439977
1714079196.7505963,5.366478584430835
1714079196.7507093,5.3921681863290285
1714079196.750822,5.408516195085313
1714079196.750935,5.424864203841597
1714079196.7510478,5.4330379874617964
1714079196.7511609,5.436541416026928
1714079196.7512736,5.438876593554461
1714079196.7513866,5.440044403076172
1714079196.7514997,5.435373606505217
1714079196.7516124,5.429535000412552
1714079196.7517254,5.415522610699688
1714079196.7518382,5.407348385563603
1714079196.7519512,5.395671614894161
1714079196.752064,5.376987987094455
1714079196.752177,5.358304800810637
1714079196.7522898,5.334950376439977
1714079196.7524028,5.316267190156159
1714079196.7525158,5.2917453977796765
1714079196.7526286,5.266055795881483
1714079196.7527416,5.241534003505
1714079196.7528543,5.21934738865605
1714079196.7529674,5.190154799708614
1714079196.7530801,5.166800375337954
1714079196.7531931,5.143446392483181
1714079196.753306,5.117756790584988
1714079196.753419,5.094402366214328
1714079196.7535317,5.066377586788601
1714079196.7536447,5.039520175368697
1714079196.7537577,5.01032758642126
1714079196.7538705,4.978799378430401
1714079196.7539835,4.950774599004674
1714079196.7540963,4.920414200535527
1714079196.7542093,4.893556789115623
1714079196.754322,4.864363758652298
1714079196.754435,4.8410097757975254
1714079196.7545478,4.814152364377622
1714079196.7546608,4.79196619104456
1714079196.7547739,4.761605792575412
1714079196.7548866,4.734748381155509
1714079196.7549996,4.706723160213894
1714079196.7551124,4.675195393738923
1714079196.7552254,4.646002363275598
1714079196.7553382,4.615641964806451
1714079196.7554512,4.586449375859013
1714079196.755564,4.56192758348253
1714079196.755677,4.532734553019205
1714079196.75579,4.5082127606427225
1714079196.7559028,4.48369096826624
1714079196.7560158,4.454498379318802
1714079196.7561285,4.427640967898898
1714079196.7562416,4.394944950386329
1714079196.7563543,4.359913755346227
1714079196.7564673,4.324882560306125
1714079196.75658,4.288683555744312
1714079196.7566931,4.2524845511825
1714079196.7568061,4.218621165664107
1714079196.756919,4.181254351580584
1714079196.757032,4.148558775583902
1714079196.7571447,4.110024151978669
1714079196.7572577,4.0703221603676125
1714079196.7573705,4.029452359234845
1714079196.7574835,3.980408332965992
1714079196.7575963,3.9301969386913154
1714079196.7577093,3.875314747845685
1714079196.757822,3.8192647474783437
1714079196.757935,3.7632147471110025
1714079196.758048,3.7059969372219506
1714079196.7581608,3.644108551519888
1714079196.7582738,3.5868907416308367
1714079196.7583866,3.5214991481215865
1714079196.7584996,3.457275143376103
1714079196.7586124,3.383709324730767
1714079196.7587254,3.3078083285578974
1714079196.7588382,3.2295719340995506
1714079196.7589512,3.1431615352630615
1714079196.7590642,3.0509125303339073
1714079196.759177,2.9645021314974183
1714079196.75929,2.867582109239366
1714079196.7594028,2.771830117260968
1714079196.7595158,2.6725749174753823
1714079196.7596285,2.5756551159752736
1714079196.7597415,2.4658905135260687
1714079196.7598543,2.360796707647818
1714079196.7599673,2.244025910342181
1714079196.7600803,2.1237519052293563
1714079196.760193,2.0011425018310547
1714079196.7603061,1.8726944923400877
1714079196.760419,1.7407433854209051
1714079196.760532,1.606456880216245
1714079196.7606447,1.4674995784406308
1714079196.7607577,1.3285422766650163
1714079196.7608705,1.1860817670822144
1714079196.7609835,1.0412859695929066
1714079196.7610962,0.8941546634391502
1714079196.7612092,0.7435202046676918
1714079196.7613223,0.5858795510398017
1714079196.761435,0.42823889741191157
1714079196.761548,0.265927392023581
1714079196.7616608,0.09777734952944296
1714079196.7617738,-0.07035892318796227
1714079196.7618866,-0.23730860816107854
1714079196.7619996,-0.4100956574634269
1714079196.7621124,-0.5747103580722102
1714079196.7622254,-0.7451624781997115
1714079196.7623384,-0.9179495550968029
1714079196.7624512,-1.0860667184547141
1714079196.7625642,-1.2576862617775244
1714079196.762677,-1.4304733938641017
1714079196.76279,-1.6079303291108873
1714079196.7629027,-1.7795499828126695
1714079196.7630157,-1.9546720716688366
1714079196.7631285,-2.1309614181518555
1714079196.7632415,-2.3014137038478144
1714079196.7633545,-2.468363223252473
1714079196.7634673,-2.6341453746513084
1714079196.7635803,-2.7940902445051403
1714079196.763693,-2.951700157589382
1714079196.763806,-3.1034725683706776
1714079196.7639189,-3.254077390388206
1714079196.764032,-3.404682433163678
1714079196.7641447,-3.5494499736362033
1714079196.7642577,-3.689547600569548
1714079196.7643707,-3.829645227502893
1714079196.7644835,-3.9592354385941113
1714079196.7645965,-4.084155736146149
1714079196.7647092,-4.199736648135715
1714079196.7648222,-4.3118145730760356
1714079196.764935,-4.415720480459708
1714079196.765048,-4.516123400794135
1714079196.7651608,-4.6083547450878
1714079196.7652738,-4.698250470338044
1714079196.7653866,-4.781141546037461
1714079196.7654996,-4.860530076203522
1714079196.7656126,-4.93524913434629
1714079196.7657254,-5.001795291900635
1714079196.7658384,-5.063671977431685
1714079196.7659512,-5.117375762374312
1714079196.7660642,-5.16757744329947
1714079196.766177,-5.21427657869127
1714079196.76629,-5.249301150993064
1714079196.7664027,-5.2796558097556785
1714079196.7665157,-5.301837567929868
1714079196.7666287,-5.329857490680835
1714079196.7667415,-5.342699421776665
1714079196.7668545,-5.356709162394205
1714079196.7669673,-5.368384167000099
1714079196.7670803,-5.3707189030117455
1714079196.767193,-5.375388816550926
1714079196.767306,-5.373054080539279
1714079196.7674189,-5.368384167000099
1714079196.7675319,-5.360211707927562
1714079196.767645,-5.346201967310022
1714079196.7677577,-5.331024858686659
1714079196.7678707,-5.312345204529938
1714079196.7679834,-5.291330372845684
1714079196.7680964,-5.270315982677318
1714079196.7682092,-5.244631237453884
1714079196.7683222,-5.221281669757984
1714079196.768435,-5.199099470067907
1714079196.768548,-5.174582534366183
1714079196.7686608,-5.148897789142749
1714079196.7687738,-5.122045675913492
1714079196.7688868,-5.090523649145055
1714079196.7689996,-5.059002063892505
1714079196.7691126,-5.0251448595965345
1714079196.7692254,-4.991288096816451
1714079196.7693384,-4.955096156508834
1714079196.7694511,-4.918904216201216
1714079196.7695642,-4.889717366960313
1714079196.769677,-4.8593627081976996
1714079196.76979,-4.832510594968443
1714079196.769903,-4.804491113733362
1714079196.7700157,-4.775304264492458
1714079196.7701287,-4.748452151263201
1714079196.7702415,-4.716930124494764
1714079196.7703545,-4.685408097726327
1714079196.7704673,-4.6550538804796
1714079196.7705803,-4.621196676183629
1714079196.770693,-4.594344562954372
1714079196.770806,-4.568660259246826
1714079196.770919,-4.542975514023392
1714079196.7710319,-4.523128491860849
1714079196.7711449,-4.502113660176595
1714079196.7712576,-4.478764092480694
1714079196.7713706,-4.454247156778971
1714079196.7714834,-4.4285624115555375
1714079196.7715964,-4.399375562314634
1714079196.7717092,-4.3701887130737305
1714079196.7718222,-4.336331508777759
1714079196.7719352,-4.308312027542679
1714079196.772048,-4.282627723835132
1714079196.772161,-4.254608242600052
1714079196.7722738,-4.234760778921622
1714079196.7723868,-4.209076475214075
1714079196.7724996,-4.184559097996464
1714079196.7726126,-4.1577069847672075
1714079196.7727253,-4.126185399514657
1714079196.7728384,-4.092328195218687
1714079196.7729511,-4.054968886905246
1714079196.7730641,-4.012939665052626
1714079196.7731771,-3.979082902272542
1714079196.77329,-3.939388416431568
1714079196.773403,-3.9020291081181275
1714079196.7735157,-3.8658371678105103
1714079196.7736287,-3.824975313963713
1714079196.7737415,-3.7864486376444497
1714079196.7738545,-3.743251606270119
1714079196.7739673,-3.691882557339138
1714079196.7740803,-3.6405135084081577
1714079196.7741933,-3.5833069571742304
1714079196.774306,-3.522597860406946
1714079196.774419,-3.4642239411671953
1714079196.7745318,-3.400012519624498
1714079196.7746449,-3.3393036436151573
1714079196.7747576,-3.271589676539103
1714079196.7748706,-3.2062108869905823
1714079196.7749834,-3.1349945951391147
1714079196.7750964,-3.061443346518057
1714079196.7752094,-2.983221963599876
1714079196.7753222,-2.9003308879004583
1714079196.7754352,-2.8092675738864474
1714079196.775548,-2.7158690823449025
1714079196.775661,-2.6166333092583547
1714079196.7757738,-2.519732492941397
1714079196.7758868,-2.4158265855577254
1714079196.7759995,-2.3119208989319975
1714079196.7761126,-2.20568025553668
1714079196.7762253,-2.093602109838415
1714079196.7763383,-1.980356596134327
1714079196.7764513,-1.8612735801272922
1714079196.7765641,-1.7363531721962822
1714079196.7766771,-1.6079303291108873
1714079196.77679,-1.4713351373319272
1714079196.776903,-1.338242491086324
1714079196.7770157,-1.1958099073833888
1714079196.7771287,-1.052209734916687
1714079196.7772415,-0.9062747712488527
1714079196.7773545,-0.7568373172371475
1714079196.7774675,-0.6085672864207514
1714079196.7775803,-0.4579623540242513
1714079196.7776933,-0.3050224372634181
1714079196.777806,-0.14974757753036638
1714079196.777919,0.011366913612518044
1714079196.7780318,0.17251070174905989
1714079196.7781448,0.33832531836297774
1714079196.7782576,0.5088108005347075
1714079196.7783706,0.6757931024939925
1714079196.7784836,0.8462785570709793
1714079196.7785964,1.0155963676947133
1714079196.7787094,1.1790755722257826
1714079196.7788222,1.3437224758995903
1714079196.7789352,1.5072016804306594
1714079196.779048,1.6741839823899445
1714079196.779161,1.8399985852064908
1714079196.7792737,2.0034779001165317
1714079196.7793868,2.1681246934113676
1714079196.7794995,2.3409457118422896
1714079196.7796125,2.5020895180878813
1714079196.7797256,2.6690717096681946
1714079196.7798383,2.8290479271500195
1714079196.7799513,2.986688525588424
1714079196.780064,3.1338197213632086
1714079196.780177,3.282118726659704
1714079196.78029,3.41990832929258
1714079196.780403,3.556530343161689
1714079196.7805157,3.6943199457945646
1714079196.7806287,3.8286063406202526
1714079196.7807417,3.9582221596329297
1714079196.7808545,4.0843345500804755
1714079196.7809675,4.204608775951244
1714079196.7810802,4.3213795732568805
1714079196.7811933,4.427640967898898
1714079196.781306,4.525728578920718
1714079196.781419,4.619144951855694
1714079196.7815318,4.70322017316465
1714079196.7816448,4.7814567883809405
1714079196.7817578,4.859692962081343
1714079196.7818706,4.932090971204969
1714079196.7819836,4.99865037423593
1714079196.7820964,5.066377586788601
1714079196.7822094,5.124763206199363
1714079196.7823222,5.176141968479863
1714079196.7824352,5.224018185227005
1714079196.782548,5.261384999310528
1714079196.782661,5.297584003872341
1714079196.782774,5.325608783298068
1714079196.7828867,5.347795398147017
1714079196.7829998,5.3688142034742565
1714079196.7831125,5.386329580236364
1714079196.7832255,5.398006792421694
1714079196.7833383,5.410851814128734
1714079196.7834513,5.420193407270643
1714079196.783564,5.422528584798177
1714079196.783677,5.426032013363308
1714079196.7837899,5.421360775276466
1714079196.783903,5.413186991656268
1714079196.784016,5.406180576041892
1714079196.7841287,5.389833008801495
1714079196.7842417,5.3781557966161655
1714079196.7843544,5.361807787859881
1714079196.7844675,5.340788982532642
1714079196.7845802,5.322105796248824
1714079196.7846932,5.302254800443296
1714079196.784806,5.280068185594346
1714079196.784919,5.259049380267108
1714079196.785032,5.233359778368914
1714079196.7851448,5.212340973041675
1714079196.7852578,5.186651371143482
1714079196.7853706,5.157458782196045
1714079196.7854836,5.132936989819561
1714079196.7855964,5.102576591350414
1714079196.7857094,5.069880573837845
1714079196.7858222,5.0453587814613625
1714079196.7859352,5.01149539594297
1714079196.7860482,4.984637984523067
1714079196.786161,4.960116192146583
1714079196.786274,4.932090971204969
1714079196.7863867,4.909904797871907
1714079196.7864997,4.883047386452003
1714079196.7866125,4.8561899750321
1714079196.7867255,4.828165195606372
1714079196.7868383,4.798972165143048
1714079196.7869513,4.76744395715219
1714079196.787064,4.742922164775707
1714079196.787177,4.710226588779025
1714079196.78729,4.683369177359122
1714079196.7874029,4.658847384982638
1714079196.7875159,4.633157783084445
1714079196.7876287,4.609803358713785
1714079196.7877417,4.5852815663373026
1714079196.7878544,4.5584241549173985
1714079196.7879674,4.532734553019205
1714079196.7880802,4.500038977022524
1714079196.7881932,4.4708459465592
1714079196.7883062,4.436982561040807
1714079196.788419,4.4031191755224155
1714079196.788532,4.375093954580802
1714079196.7886448,4.343565746589943
1714079196.7887578,4.313205348120795
1714079196.7888706,4.284012759173358
1714079196.7889836,4.250149373654966
1714079196.7890964,4.217453356142397
1714079196.7892094,4.1800865420588735
1714079196.7893224,4.136881563398573
1714079196.7894351,4.092508775216562
1714079196.7895482,4.046967735996953
1714079196.789661,3.999091960765697
1714079196.789774,3.950047934496844
1714079196.7898867,3.903339968787299
1714079196.7899997,3.8519607649909124
1714079196.7901125,3.8029167387220593
1714079196.7902255,3.749202357398139
1714079196.7903385,3.693152136272854
1714079196.7904513,3.633599148856269
1714079196.7905643,3.567039745825308
1714079196.790677,3.49697713498716
1714079196.79079,3.4257469353852446
1714079196.7909029,3.351013527976142
1714079196.7910159,3.276280341324983
1714079196.7911286,3.1945407390594482
1714079196.7912416,3.1151365350793907
1714079196.7913544,3.0310615345283787
1714079196.7914674,2.941147927884702
1714079196.7915804,2.858240516097457
1714079196.7916932,2.762488524119059
1714079196.7918062,2.6608977052900524
1714079196.791919,2.556971708933512
1714079196.792032,2.4483749160060175
1714079196.7921448,2.336274694513391
1714079196.7922578,2.220671706729465
1714079196.7923706,2.1003977016166404
1714079196.7924836,1.9812912852675826
1714079196.7925966,1.8540110852983263
1714079196.7927094,1.729066283614547
1714079196.7928224,1.6006183845025521
1714079196.7929351,1.4616610827269376
1714079196.7930481,1.3215359714296129
1714079196.793161,1.1767401739403054
1714079196.793274,1.02844116864381
1714079196.7933867,0.8743036124441358
1714079196.7934997,0.7166629036267598
1714079196.7936127,0.557854550856131
1714079196.7937255,0.39787847134802073
1714079196.7938385,0.23439926681695158
1714079196.7939513,0.07208776142862107
1714079196.7940643,-0.09137356860770118
1714079196.794177,-0.26065820345172175
1714079196.79429,-0.4264403824453
1714079196.7944028,-0.5980599809575964
1714079196.7945158,-0.7685121010850976
1714079196.7946286,-0.944801613136574
1714079196.7947416,-1.1222585483833596
1714079196.7948546,-1.2985481156243217
1714079196.7949674,-1.4736700941015173
1714079196.7950804,-1.6487921829576844
1714079196.7951932,-1.8180767695109048
1714079196.7953062,-1.987361466443097
1714079196.795419,-2.1578135313811124
1714079196.795532,-2.3212607260103577
1714079196.7956448,-2.487042877409193
1714079196.7957578,-2.649322704032615
1714079196.7958708,-2.8092675738864474
1714079196.7959836,-2.969212222982336
1714079196.7960966,-3.125654547302811
1714079196.7962093,-3.27742717884205
1714079196.7963223,-3.426864632853755
1714079196.796435,-3.56929721655669
1714079196.7965481,-3.704724929950855
1714079196.796661,-3.8389850545812534
1714079196.796774,-3.961570616121645
1714079196.796887,-4.081821000134503
1714079196.7969997,-4.198568838614005
1714079196.7971127,-4.3118145730760356
1714079196.7972255,-4.420390393998887
1714079196.7973385,-4.523128491860849
1714079196.7974513,-4.623531853711163
1714079196.7975643,-4.715762756488941
1714079196.797677,-4.8009885682000055
1714079196.79779,-4.878042362354419
1714079196.797903,-4.951593610975477
1714079196.7980158,-5.015805032518174
1714079196.7981288,-5.074179172515869
1714079196.7982416,-5.1255482214468495
1714079196.7983546,-5.17224735683865
1714079196.7984674,-5.21427657869127
1714079196.7985804,-5.253971064532244
1714079196.7986932,-5.283157913773148
1714079196.7988062,-5.312345204529938
1714079196.798919,-5.331024858686659
1714079196.799032,-5.350871880849202
1714079196.799145,-5.363714253460919
1714079196.7992578,-5.3707189030117455
1714079196.7993708,-5.373054080539279
1714079196.7994835,-5.371886712533456
1714079196.7995965,-5.367216798994276
1714079196.7997093,-5.363714253460919
1714079196.7998223,-5.349704512843379
1714079196.799935,-5.339197317759195
1714079196.800048,-5.3228523996141215
1714079196.8001611,-5.312345204529938
1714079196.800274,-5.290163004839862
1714079196.800387,-5.274985896216498
1714079196.8004997,-5.251636328520598
1714079196.8006127,-5.22828631930881
1714079196.8007255,-5.202602015601264
1714079196.8008385,-5.17224735683865
1714079196.8009512,-5.13955796206439
1714079196.8010643,-5.109203744817663
1714079196.8011773,-5.081183822066695
1714079196.80129,-5.044992323274966
1714079196.801403,-5.015805032518174
1714079196.8015158,-4.987785551283094
1714079196.8016288,-4.959766070048014
1714079196.8017416,-4.9340813248245805
1714079196.8018546,-4.900224562044497
1714079196.8019674,-4.871037712803593
1714079196.8020804,-4.8383483180293325
1714079196.8021932,-4.803323745727539
1714079196.8023062,-4.768299173425745
1714079196.8024192,-4.735609778651485
1714079196.802532,-4.7052555614047575
1714079196.802645,-4.677236080169678
1714079196.8027577,-4.651551334946244
1714079196.8028708,-4.6258665897228095
1714079196.8029835,-4.604852199554443
1714079196.8030965,-4.579167454331009
1714079196.8032093,-4.549980605090106
1714079196.8033223,-4.524295859866672
1714079196.8034353,-4.491606465092412
1714079196.803548,-4.462419615851508
1714079196.803661,-4.433232325094718
1714079196.8037739,-4.4017107398421675
1714079196.803887,-4.37836073063038
1714079196.8039997,-4.355011162934479
1714079196.8041127,-4.333996772766113
1714079196.8042254,-4.314149309087682
1714079196.8043385,-4.290799741391782
1714079196.8044515,-4.2639480696784124
1714079196.8045642,-4.235928146927445
1714079196.8046772,-4.202071384147361
1714079196.80479,-4.171716725384747
1714079196.804903,-4.134357417071307
1714079196.8050158,-4.1040031998245805
1714079196.8051288,-4.073648541061966
1714079196.8052416,-4.04329432381524
1714079196.8053546,-4.016442210585982
1714079196.8054676,-3.983752815811722
1714079196.8055804,-3.9498956115157515
1714079196.8056934,-3.912536303202311
1714079196.8058062,-3.8705070813496905
1714079196.8059192,-3.8261426819695363
1714079196.806032,-3.778276178571913
1714079196.806145,-3.7269071296409324
1714079196.8062577,-3.675537859952008
1714079196.8063707,-3.6241688110210277
1714079196.8064835,-3.5751344981016935
1714079196.8065965,-3.519095535631533
1714079196.8067095,-3.4665588979367854
1714079196.8068223,-3.404682433163678
1714079196.8069353,-3.3416386003847474
1714079196.807048,-3.273924633308693
1714079196.807161,-3.199206016681812
1714079196.8072739,-3.1198172657578076
1714079196.8073869,-3.0380935580642134
1714079196.8074996,-2.9540351143589723
1714079196.8076127,-2.867641493126198
1714079196.8077257,-2.778913135881777
1714079196.8078384,-2.6901845578794124
1714079196.8079515,-2.594451109568278
1714079196.8080642,-2.501052838784677
1714079196.8081772,-2.398314520164772
1714079196.80829,-2.2955762015448675
1714079196.808403,-2.1834980558466026
1714079196.8085158,-2.069084953378748
1714079196.8086288,-1.9500021581296567
1714079196.8087418,-1.82624911820447
1714079196.8088546,-1.6989938638828417
1714079196.8089676,-1.5694035424126518
1714079196.8090804,-1.439813220942462
1714079196.8091934,-1.3055529859330919
1714079196.8093061,-1.1677903157693368
1714079196.8094192,-1.0276926888359916
1714079196.809532,-0.8805901915938765
1714079196.809645,-0.7323202159669664
1714079196.8097577,-0.5758778364570052
1714079196.8098707,-0.41943551213652996
1714079196.8099837,-0.25482081152774666
1714079196.8100965,-0.08903861183811117
1714079196.8102095,0.07208776142862107
1714079196.8103223,0.24374094274308944
1714079196.8104353,0.40955554555963586
1714079196.810548,0.5753702035656681
1714079196.810661,0.7446879589999164
1714079196.8107738,0.9081671635309855
1714079196.8108869,1.073981766347532
1714079196.8109999,1.2456349752567433
1714079196.8111126,1.4172880737869826
1714079196.8112257,1.59244438012441
1714079196.8113384,1.7652652881763597
1714079196.8114514,1.938086085849338
1714079196.8115642,2.1085717059947826
1714079196.8116772,2.2720509105258517
1714079196.81179,2.435530115056921
1714079196.811903,2.5920029039736145
1714079196.812016,2.7461405153627747
1714079196.8121288,2.8979427284664574
1714079196.8122418,3.049744720812197
1714079196.8123546,3.1992115356304027
1714079196.8124676,3.3475105409268977
1714079196.8125803,3.4946417367016824
1714079196.8126934,3.635934547141746
1714079196.8128061,3.7725563402529114
1714079196.8129191,3.904507336793122
1714079196.813032,4.029452359234845
1714079196.813145,4.147390966062193
1714079196.813258,4.253652360704209
1714079196.8133707,4.362249374389648
1714079196.8134837,4.461504353417291
1714079196.8135965,4.5584241549173985
1714079196.8137095,4.654176588411684
1714079196.8138223,4.742922164775707
1714079196.8139353,4.829332563612196
1714079196.814048,4.907569178828487
1714079196.814161,4.979967187952112
1714079196.814274,5.044190971939652
1714079196.8143868,5.1049117688779475
1714079196.8144999,5.153955795146801
1714079196.8146126,5.202999379899766
1714079196.8147256,5.243869181032534
1714079196.8148384,5.281235995116057
1714079196.8149514,5.315099380634448
1714079196.8150642,5.345459779103597
1714079196.8151772,5.373485000045211
1714079196.8152902,5.396838982899983
1714079196.815403,5.413186991656268
1714079196.815516,5.427199381369131
1714079196.8156288,5.431870177940086
1714079196.8157418,5.4377087840327505
1714079196.8158545,5.435373606505217
1714079196.8159676,5.431870177940086
1714079196.8160803,5.4236963943198875
1714079196.8161933,5.415522610699688
1714079196.8163064,5.403845398514359
1714079196.8164191,5.389833008801495
1714079196.8165321,5.373485000045211
1714079196.816645,5.358304800810637
1714079196.816758,5.343124601576063
1714079196.8168707,5.319770177205403
1714079196.8169837,5.299919181399875
1714079196.8170965,5.277733008066813
1714079196.8172095,5.249707787125199
1714079196.8173223,5.226353804270426
1714079196.8174353,5.197160773807101
1714079196.8175483,5.172638981430619
1714079196.817661,5.144614202004892
1714079196.817774,5.116588981063277
1714079196.8178868,5.092067188686794
1714079196.8179998,5.0640419677451805
1714079196.8181126,5.040687984890408
1714079196.8182256,5.012662763948794
1714079196.8183384,4.985805794044777
1714079196.8184514,4.960116192146583
1714079196.8185644,4.929755793677436
1714079196.8186772,4.900562763214111
1714079196.8187902,4.866699377695719
1714079196.818903,4.839841966275816
1714079196.819016,4.809481567806667
1714079196.8191288,4.7814567883809405
1714079196.8192418,4.756934996004458
1714079196.8193545,4.730077584584554
1714079196.8194675,4.705555792208071
1714079196.8195806,4.681033558315701
1714079196.8196933,4.654176588411684
1714079196.8198063,4.628486986513491
1714079196.819919,4.595790969000922
1714079196.8200321,4.564262761010064
1714079196.820145,4.5350701720626265
1714079196.820258,4.502374154550058
1714079196.8203707,4.476684552651864
1714079196.8204837,4.446324154182716
1714079196.8205965,4.422970171327944
1714079196.8207095,4.392609772858796
1714079196.8208225,4.365752361438892
1714079196.8209352,4.334224153448034
1714079196.8210483,4.299192958407931
1714079196.821161,4.262993953846118
1714079196.821274,4.2256271397625955
1714079196.8213868,4.1847573386298285
1714079196.8214998,4.143887537497061
1714079196.8216126,4.104185545886004
1714079196.8217256,4.066819173318368
1714079196.8218386,4.025949372185601
1714079196.8219514,3.9850795710528337
1714079196.8220644,3.9418741508766453
1714079196.8221772,3.8916627566019693
1714079196.8222902,3.8402835528055825
1714079196.822403,3.7842335524382413
1714079196.822516,3.7270157425491894
1714079196.8226287,3.660456339518229
1714079196.8227417,3.597400144294456
1714079196.8228548,3.5308407412634955
1714079196.8229675,3.4642813382325346
1714079196.8230805,3.3965541256798635
1714079196.8231933,3.324156337314182
1714079196.8233063,3.2505907394267894
1714079196.823419,3.1735219337322094
1714079196.823532,3.0894469331811973
1714079196.8236449,3.003036313586765
1714079196.823758,2.907284321608367
1714079196.823871,2.813867727915446
1714079196.8239837,2.7111093203226724
1714079196.8240967,2.6071831032081887
1714079196.8242095,2.5055925051371255
1714079196.8243225,2.39582790268792
1714079196.8244352,2.288398698524192
1714079196.8245482,2.1716279012185553
1714079196.824661,2.0525217056274414
1714079196.824774,1.9334152892783836
1714079196.8248868,1.8049673901663885
1714079196.8249998,1.6718485841044672
1714079196.8251128,1.5375620788998072
1714079196.8252256,1.3962693788387157
1714079196.8253386,1.2514734709704363
1714079196.8254514,1.1055098639594183
1714079196.8255644,0.9548754603774459
1714079196.8256772,0.8089119085559138
1714079196.8257902,0.6547743523562396
1714079196.825903,0.5018045504887898
1714079196.826016,0.34649929514637695
1714079196.826129,0.18068466473508762
1714079196.8262417,0.020708583502305877
1714079196.8263547,-0.14741262076077638
1714079196.8264675,-0.31669724870611116
1714079196.8265805,-0.4894843256032025
1714079196.8266933,-0.6611039241154988
1714079196.8268063,-0.8362259577821801
1714079196.826919,-1.0090130346792714
1714079196.827032,-1.1806325780020819
1714079196.827145,-1.352252231703864
1714079196.8272579,-1.5203693398722895
1714079196.827371,-1.6931564719588668
1714079196.8274837,-1.8612735801272922
1714079196.8275967,-2.0340606018348977
1714079196.8277094,-2.2045126667729127
1714079196.8278224,-2.3737973637051053
1714079196.8279352,-2.5454170174068875
1714079196.8280482,-2.7065292552665428
1714079196.828161,-2.871144038659555
1714079196.828274,-3.02291644944085
1714079196.828387,-3.1781911849975586
1714079196.8284998,-3.32412631423385
1714079196.8286128,-3.4630563524034286
1714079196.8287256,-3.6008190225671837
1714079196.8288386,-3.7339117791917587
1714079196.8289514,-3.8658371678105103
1714079196.8290644,-3.9930926428900824
1714079196.8291771,-4.115677762914586
1714079196.8292902,-4.231258233388265
1714079196.8294032,-4.341001422316939
1714079196.829516,-4.446074697706434
1714079196.829629,-4.541808146017569
1714079196.8297417,-4.634039048795347
1714079196.8298547,-4.716930124494764
1714079196.8299675,-4.799821200194182
1714079196.8300805,-4.871037712803593
1714079196.8301933,-4.93991904788547
1714079196.8303063,-5.005297837433991
1714079196.8304193,-5.064839345437509
1714079196.830532,-5.123213485435203
1714079196.830645,-5.166410075293647
1714079196.8307579,-5.211941842679624
1714079196.8308709,-5.248133782987241
1714079196.8309836,-5.277320632228145
1714079196.8310966,-5.304172745457402
1714079196.8312094,-5.3228523996141215
1714079196.8313224,-5.339197317759195
1714079196.8314354,-5.349704512843379
1714079196.8315482,-5.359044339921739
1714079196.8316612,-5.362546885455096
1714079196.831774,-5.3648816214667425
1714079196.831887,-5.360211707927562
1714079196.8319998,-5.354374426382559
1714079196.8321128,-5.346201967310022
1714079196.8322256,-5.335694772225839
1714079196.8323386,-5.3228523996141215
1714079196.8324513,-5.303005377451578
1714079196.8325644,-5.283157913773148
1714079196.8326774,-5.2586409780714245
1714079196.8327901,-5.23295623284799
1714079196.8329031,-5.207271929140444
1714079196.833016,-5.178085079899541
1714079196.833129,-5.150065157148573
1714079196.8332417,-5.123213485435203
1714079196.8333547,-5.099863917739302
1714079196.8334675,-5.069509258976689
1714079196.8335805,-5.042657145747432
1714079196.8336935,-5.011135118978994
1714079196.8338063,-4.979613092210557
1714079196.8339193,-4.94809106544212
1714079196.834032,-4.9130669346562135
1714079196.834145,-4.879209730360243
1714079196.8342578,-4.843018231568513
1714079196.8343709,-4.814998308817545
1714079196.8344836,-4.784644091570819
1714079196.8345966,-4.757791978341562
1714079196.8347096,-4.734442410645661
1714079196.8348224,-4.706422929410581
1714079196.8349354,-4.681905993708858
1714079196.8350482,-4.651551334946244
1714079196.8351612,-4.6200293081778065
1714079196.835274,-4.5885072814093695
1714079196.835387,-4.558153064162642
1714079196.8354998,-4.528965773405852
1714079196.8356128,-4.500946292170772
1714079196.8357255,-4.4764293564690485
1714079196.8358386,-4.4554145247847945
1714079196.8359516,-4.4344001346164275
1714079196.8360643,-4.411050566920528
1714079196.8361773,-4.3865331897029165
1714079196.8362901,-4.362016254001193
1714079196.8364031,-4.329326859226933
1714079196.836516,-4.300139568470142
1714079196.836629,-4.266282805690059
1714079196.8367417,-4.238263324454978
1714079196.8368547,-4.209076475214075
1714079196.8369677,-4.182224361984818
1714079196.8370805,-4.156539616761384
1714079196.8371935,-4.1308553130538375
1714079196.8373063,-4.106337935836226
1714079196.8374193,-4.074815909067789
1714079196.837532,-4.04329432381524
1714079196.837645,-4.007102383507623
1714079196.8377578,-3.9674078976666483
1714079196.8378708,-3.9253786758140277
1714079196.8379838,-3.8833494539614075
1714079196.8380966,-3.845990145647967
1714079196.8382096,-3.8074630278128163
1714079196.8383224,-3.7630990699485496
1714079196.8384354,-3.7187346705683955
1714079196.8385482,-3.6767052279578314
1714079196.8386612,-3.6265037677906173
1714079196.838774,-3.57396713009587
1714079196.838887,-3.516760578861943
1714079196.8389997,-3.454884114088835
1714079196.8391128,-3.3906726925461377
1714079196.8392258,-3.3206237687004934
1714079196.8393385,-3.251742433618616
1714079196.8394516,-3.180526141767148
1714079196.8395643,-3.1081424819098578
1714079196.8396773,-3.0334236445250333
1714079196.83979,-2.9563700711285623
1714079196.839903,-2.875813952198735
1714079196.840016,-2.78708537419637
1714079196.840129,-2.6913519258852356
1714079196.840242,-2.5956186983320446
1714079196.8403547,-2.489377834178783
1714079196.8404677,-2.383137190783465
1714079196.8405805,-2.2745615906185574
1714079196.8406935,-2.1578135313811124
1714079196.8408062,-2.0457353856828475
1714079196.8409193,-1.9243174129062228
1714079196.841032,-1.8064019856629547
1714079196.841145,-1.6803140993471497
1714079196.841258,-1.5530588450255216
1714079196.8413708,-1.4246360019401267
1714079196.8414838,-1.2845383750067816
1714079196.8415966,-1.1432732696886414
1714079196.8417096,-0.9950032940617314
1714079196.8418224,-0.8455657848605402
1714079196.8419354,-0.69496085246404
1714079196.8420482,-0.538518472954079
1714079196.8421612,-0.3844111054031937
1714079196.8422742,-0.2279687534879755
1714079196.842387,-0.07152640847144304
1714079196.8425,0.08726797446056649
1714079196.8426127,0.24841176690878689
1714079196.8427258,0.41189097143985604
1714079196.8428385,0.578873300993884
1714079196.8429515,0.7481910564281322
1714079196.8430643,0.9198442101478576
1714079196.8431773,1.0973359699602478
1714079196.84329,1.2689890684904874
1714079196.843403,1.442977675685176
1714079196.843516,1.61229548630891
1714079196.843629,1.7816131865536724
1714079196.843742,1.9450925014637133
1714079196.8438547,2.1085717059947826
1714079196.8439677,2.270883101004141
1714079196.8440804,2.432026907249733
1714079196.8441935,2.59900931958799
1714079196.8443062,2.761320714597349
1714079196.8444192,2.9236323303646508
1714079196.8445323,3.081272928803055
1714079196.844645,3.2354105401922153
1714079196.844758,3.380206337681523
1714079196.8448708,3.526169944692541
1714079196.8449838,3.6616241490399393
1714079196.8450966,3.7912395265367294
1714079196.8452096,3.918520168021873
1714079196.8453224,4.041129571420175
1714079196.8454354,4.159068178247522
1714079196.8455484,4.275838975553159
1714079196.8456612,4.392609772858796
1714079196.8457742,4.4988711675008135
1714079196.845887,4.598126588044343
1714079196.846,4.69154296097932
1714079196.8461127,4.7767859918099855
1714079196.8462257,4.855022165510389
1714079196.8463385,4.92158156854135
1714079196.8464515,4.989308781094021
1714079196.8465643,5.051197387554027
1714079196.8466773,5.1095825654489015
1714079196.8467903,5.166800375337954
1714079196.846903,5.214676592085096
1714079196.847016,5.260217189788818
1714079196.8471289,5.299919181399875
1714079196.8472419,5.336118185961688
1714079196.8473547,5.362975597381592
1714079196.8474677,5.3874973897580745
1714079196.8475804,5.406180576041892
1714079196.8476934,5.420193407270643
1714079196.8478065,5.429535000412552
1714079196.8479192,5.435373606505217
1714079196.8480322,5.441212212597882
1714079196.848145,5.440044403076172
1714079196.848258,5.442379580603705
1714079196.8483708,5.4377087840327505
1714079196.8484838,5.431870177940086
1714079196.8485966,5.420193407270643
1714079196.8487096,5.408516195085313
1714079196.8488226,5.389833008801495
1714079196.8489354,5.369982012995967
1714079196.8490484,5.352466194717972
1714079196.8491611,5.326776592819779
1714079196.8492742,5.30458997797083
1714079196.849387,5.277733008066813
1714079196.8495,5.252043406168619
1714079196.8496127,5.224018185227005
1714079196.8497257,5.2006642023722325
1714079196.8498387,5.174974600474039
1714079196.8499515,5.145781570010715
1714079196.8500645,5.122427587155943
1714079196.8501773,5.093234998208505
1714079196.8502903,5.06520977726689
1714079196.850403,5.033681569276032
1714079196.850516,5.003321170806885
1714079196.8506289,4.971792962816026
1714079196.8507419,4.942600373868589
1714079196.8508546,4.915742962448685
1714079196.8509676,4.885382563979537
1714079196.8510807,4.860860771603054
1714079196.8511934,4.835171169704861
1714079196.8513064,4.811817186850088
1714079196.8514192,4.784959775430185
1714079196.8515322,4.759270173531991
1714079196.851645,4.731245394106264
1714079196.851758,4.70205236364294
1714079196.8518708,4.674027584217212
1714079196.8519838,4.641331566704644
1714079196.8520968,4.616809774328161
1714079196.8522096,4.586449375859013
1714079196.8523226,4.563094951488353
1714079196.8524354,4.538573159111871
1714079196.8525484,4.512883557213677
1714079196.8526611,4.48602658730966
1714079196.8527741,4.4580013663680464
1714079196.852887,4.425305348855478
1714079196.853,4.392609772858796
1714079196.853113,4.358745945824517
1714079196.8532257,4.320211763735171
1714079196.8533387,4.285180568695068
1714079196.8534515,4.2524845511825
1714079196.8535645,4.217453356142397
1714079196.8536773,4.183589970624005
1714079196.8537903,4.145055347018771
1714079196.853903,4.107688974451135
1714079196.854016,4.065651363796658
1714079196.8541288,4.022445943620469
1714079196.8542418,3.974570168389214
1714079196.8543549,3.922023155071117
1714079196.8544676,3.8694761417530197
1714079196.8545806,3.8157617604290994
1714079196.8546934,3.7608791280675815
1714079196.8548064,3.7048291277002403
1714079196.8549192,3.6476115385691323
1714079196.8550322,3.588058551152547
1714079196.855145,3.526169944692541
1714079196.855258,3.457275143376103
1714079196.855371,3.3860449437741877
1714079196.8554838,3.3089761380796077
1714079196.8555968,3.227236535814073
1714079196.8557096,3.1443291240268283
1714079196.8558226,3.0579187251903392
1714079196.8559353,2.9691729280683727
1714079196.8560483,2.8780915119029857
1714079196.856161,2.7846749182100647
1714079196.8562741,2.687755116709956
1714079196.8563871,2.5884999169243703
1714079196.8565,2.4845736998098866
1714079196.856613,2.3736415085969145
1714079196.8567257,2.2580383000550444
1714079196.8568387,2.1389321044639305
1714079196.8569515,2.0128194932584407
1714079196.8570645,1.8855392932891843
1714079196.8571773,1.7535881863700018
1714079196.8572903,1.6228047785935578
1714079196.8574033,1.4826797776752048
1714079196.857516,1.3437224758995903
1714079196.857629,1.2000942671740495
1714079196.8577418,1.0576338679702193
1714079196.8578548,0.9058317100560223
1714079196.8579676,0.751694209045834
1714079196.8580806,0.5952212545606824
1714079196.8581934,0.43174202243487037
1714079196.8583064,0.26709509116631963
1714079196.8584192,0.10011276851097742
1714079196.8585322,-0.06802396641837226
1714079196.8586452,-0.23380614541195055
1714079196.858758,-0.40309078715465685
1714079196.858871,-0.5712079229178252
1714079196.8589838,-0.7428275214301214
1714079196.8590968,-0.9121121631728277
1714079196.8592095,-1.082564283300329
1714079196.8593225,-1.2576862617775244
1714079196.8594353,-1.4269709587097168
1714079196.8595483,-1.6009254588021171
1714079196.8596613,-1.7748800692734894
1714079196.859774,-1.9488345693658897
1714079196.8598871,-2.119286634303905
1714079196.86,-2.285069006460684
1714079196.860113,-2.4508511578595193
1714079196.8602257,-2.610795806955408
1714079196.8603387,-2.76840572003965
1714079196.8604515,-2.922513087590535
1714079196.8605645,-3.0789554119110107
1714079196.8606775,-3.2272254979168924
1714079196.8607903,-3.3743279951590077
1714079196.8609033,-3.524932817176536
1714079196.861016,-3.663863076104058
1714079196.861129,-3.801625746267813
1714079196.8612418,-3.9300485893532078
1714079196.8613548,-4.0561362549110695
1714079196.8614676,-4.171716725384747
1714079196.8615806,-4.284962459846779
1714079196.8616934,-4.391203103242097
1714079196.8618064,-4.488103919559054
1714079196.8619194,-4.586172545397723
1714079196.8620322,-4.676068270647967
1714079196.8621452,-4.764797069408275
1714079196.862258,-4.841850422046802
1714079196.862371,-4.916569480189571
1714079196.8624837,-4.986618183277271
1714079196.8625968,-5.047327059286611
1714079196.8627095,-5.102198653750949
1714079196.8628225,-5.151232966670284
1714079196.8629355,-5.19092701099537
1714079196.8630483,-5.22828631930881
1714079196.8631613,-5.2586409780714245
1714079196.863274,-5.287827827312328
1714079196.863387,-5.310010027002405
1714079196.8634999,-5.328689681159125
1714079196.863613,-5.342699421776665
1714079196.8637257,-5.354374426382559
1714079196.8638387,-5.360211707927562
1714079196.8639517,-5.362546885455096
1714079196.8640645,-5.362546885455096
1714079196.8641775,-5.354374426382559
1714079196.8642902,-5.346201967310022
1714079196.8644032,-5.3333595946983055
1714079196.864516,-5.319349854080765
1714079196.864629,-5.303005377451578
1714079196.8647418,-5.284325723294859
1714079196.8648548,-5.2644782596164275
1714079196.8649676,-5.244631237453884
1714079196.8650806,-5.22361640576963
1714079196.8651936,-5.20143464759544
1714079196.8653064,-5.179252447905363
1714079196.8654194,-5.151232966670284
1714079196.8655322,-5.123213485435203
1714079196.8656452,-5.092858826672589
1714079196.865758,-5.060169431898329
1714079196.865871,-5.027480037124068
1714079196.8659837,-4.991288096816451
1714079196.8660967,-4.959766070048014
1714079196.8662097,-4.9235741297403965
1714079196.8663225,-4.89788982603285
1714079196.8664355,-4.86870253527606
1714079196.8665483,-4.843018231568513
1714079196.8666613,-4.812663572805898
1714079196.866774,-4.783476723564996
1714079196.866887,-4.749619519269024
1714079196.8669999,-4.718097492500587
1714079196.8671129,-4.686575907248038
1714079196.867226,-4.651551334946244
1714079196.8673387,-4.62236448570534
1714079196.8674517,-4.59317719494855
1714079196.8675644,-4.570994995258472
1714079196.8676775,-4.548813237084283
1714079196.8677902,-4.5301331414116754
1714079196.8679032,-4.505616205709952
1714079196.868016,-4.478764092480694
1714079196.868129,-4.453079788773148
1714079196.868242,-4.421557762004711
1714079196.8683548,-4.39353828076963
1714079196.8684678,-4.362016254001193
1714079196.8685806,-4.333996772766113
1714079196.8686936,-4.308312027542679
1714079196.8688064,-4.282627723835132
1714079196.8689194,-4.261612892150879
1714079196.8690321,-4.239430692460801
1714079196.8691452,-4.214913756759078
1714079196.869258,-4.1892290115356445
1714079196.869371,-4.1577069847672075
1714079196.869484,-4.12735276752048
1714079196.8695967,-4.091160827212863
1714079196.8697097,-4.053801518899423
1714079196.8698225,-4.021112124125162
1714079196.8699355,-3.983752815811722
1714079196.8700483,-3.9510629795215744
1714079196.8701613,-3.917206216741491
1714079196.870274,-3.881014276433874
1714079196.870387,-3.845990145647967
1714079196.8705,-3.801625746267813
1714079196.8706129,-3.7560939788818355
1714079196.8707259,-3.7058922979566784
1714079196.8708386,-3.649853335486518
1714079196.8709517,-3.5961491090280036
1714079196.8710644,-3.537775189788253
1714079196.8711774,-3.4758987250151456
1714079196.8712902,-3.417524805775395
1714079196.8714032,-3.3556483410022873
1714079196.8715162,-3.292604287465413
1714079196.871629,-3.2260579091531256
1714079196.871742,-3.156009206065425
1714079196.8718548,-3.0812903686806004
1714079196.8719678,-3.0019018385145397
1714079196.8720806,-2.9143406285179982
1714079196.8721936,-2.8291145960489907
1714079196.8723063,-2.736883693271213
1714079196.8724194,-2.641150465718022
1714079196.8725321,-2.5430820606372975
1714079196.8726451,-2.4450136555565725
1714079196.8727582,-2.344610293706258
1714079196.872871,-2.2383696503109403
1714079196.872984,-2.1286264613822654
1714079196.8730967,-2.015380947678177
1714079196.8732097,-1.8939629749015525
1714079196.8733225,-1.7737125908886944
1714079196.8734355,-1.6441222694185045
1714079196.8735483,-1.5086945560243394
1714079196.8736613,-1.3732668426301744
1714079196.8737743,-1.2331692156968292
1714079196.873887,-1.0907366319938943
1714079196.874,-0.948304048290959
1714079196.8741128,-0.8012015510488439
1714079196.8742259,-0.6540990538067287
1714079196.8743386,-0.5011591094511526
1714079196.8744516,-0.34938669866985744
1714079196.8745644,-0.19294434675463923
1714079196.8746774,-0.030664596016760224
1714079196.8747904,0.13514402563925143
1714079196.8749032,0.3021263689906509
1714079196.8750162,0.47377955030511926
1714079196.875129,0.6430973057393674
1714079196.875242,0.8089119085559138
1714079196.8753548,0.9770619648474234
1714079196.8754678,1.1405411693784926
1714079196.8755805,1.3075234713377775
1714079196.8756936,1.4733380741543238
1714079196.8758066,1.6379850882071034
1714079196.8759193,1.8084704875946043
1714079196.8760324,1.9742850904111509
1714079196.8761451,2.1447704897986517
1714079196.8762581,2.3140883004223856
1714079196.876371,2.4752321066679777
1714079196.876484,2.63754372243528
1714079196.8765967,2.792848922588207
1714079196.8767097,2.944650914933946
1714079196.8768225,3.091782331466675
1714079196.8769355,3.2330749211487944
1714079196.8770485,3.3767031298743353
1714079196.8771613,3.516828130792688
1714079196.8772743,3.652282335140087
1714079196.877387,3.790072158530906
1714079196.8775,3.922023155071117
1714079196.8776128,4.051638974083795
1714079196.8777258,4.171912758438675
1714079196.8778386,4.286348378216778
1714079196.8779516,4.392609772858796
1714079196.8780646,4.493032561408149
1714079196.8781774,4.5852815663373026
1714079196.8782904,4.6763627617447465
1714079196.8784032,4.760437983053701
1714079196.8785162,4.8410097757975254
1714079196.878629,4.92158156854135
1714079196.878742,4.990476590615732
1714079196.8788548,5.058203803168403
1714079196.8789678,5.118924600106698
1714079196.8790808,5.171471171908908
1714079196.8791935,5.21701176961263
1714079196.8793066,5.255546393217863
1714079196.8794193,5.290577588257966
1714079196.8795323,5.320937986727114
1714079196.879645,5.344292411097774
1714079196.8797581,5.366478584430835
1714079196.879871,5.388665199279785
1714079196.879984,5.403845398514359
1714079196.8800967,5.416689978705512
1714079196.8802097,5.421360775276466
1714079196.8803227,5.427199381369131
1714079196.8804355,5.4283671908908415
1714079196.8805485,5.422528584798177
1714079196.8806612,5.417857788227222
1714079196.8807743,5.408516195085313
1714079196.880887,5.393335995850739
1714079196.881,5.3781557966161655
1714079196.8811128,5.364143406903302
1714079196.8812258,5.343124601576063
1714079196.8813388,5.329112211863199
1714079196.8814516,5.309260774541784
1714079196.8815646,5.2870746012087215
1714079196.8816774,5.264887986359772
1714079196.8817904,5.245036990554244
1714079196.8819032,5.218179579134341
1714079196.8820162,5.193657786757857
1714079196.882129,5.16563300733213
1714079196.882242,5.136439976868806
1714079196.882355,5.1095825654489015
1714079196.8824677,5.079222166979754
1714079196.8825808,5.050029578032317
1714079196.8826935,5.024339976134123
1714079196.8828065,4.995147387186686
1714079196.8829193,4.969457785288492
1714079196.8830323,4.946103360917832
1714079196.883145,4.916910771970396
1714079196.883258,4.890053360550492
1714079196.883371,4.864363758652298
1714079196.883484,4.830500373133907
1714079196.883597,4.802475593708179
1714079196.8837097,4.770947385717321
1714079196.8838227,4.742922164775707
1714079196.8839355,4.71489738534998
1714079196.8840485,4.686872164408365
1714079196.8841612,4.663518181553593
1714079196.8842742,4.6401637571829335
1714079196.884387,4.61447415528474
1714079196.8845,4.5899523629082575
1714079196.884613,4.56075977396082
1714079196.8847258,4.532734553019205
1714079196.8848388,4.502374154550058
1714079196.8849516,4.469678578553376
1714079196.8850646,4.441653357611762
1714079196.8851774,4.410125149620904
1714079196.8852904,4.380932560673466
1714079196.8854032,4.3529077812477395
1714079196.8855162,4.324882560306125
1714079196.8856292,4.294522161836977
1714079196.885742,4.2618261443244085
1714079196.885855,4.2256271397625955
1714079196.8859677,4.187092957673249
1714079196.8860807,4.145055347018771
1714079196.8861935,4.104185545886004
1714079196.8863065,4.059812757703993
1714079196.8864193,4.015439969521982
1714079196.8865323,3.9698993718182596
1714079196.8866453,3.925526142120361
1714079196.886758,3.875314747845685
1714079196.886871,3.827438531098542
1714079196.8869839,3.7748919592963324
1714079196.887097,3.71650633988557
1714079196.8872097,3.654617733425564
1714079196.8873227,3.588058551152547
1714079196.8874354,3.5179959403143988
1714079196.8875484,3.4467657407124834
1714079196.8876612,3.372032333303381
1714079196.8877742,3.2972989258942778
1714079196.8878872,3.2178947219142207
1714079196.888,3.139658327455874
1714079196.888113,3.0579187251903392
1714079196.8882258,2.9691729280683727
1714079196.8883388,2.879259321424696
1714079196.8884516,2.781171710402877
1714079196.8885646,2.679581112331814
1714079196.8886774,2.5744873064535634
1714079196.8887904,2.462387305718881
1714079196.8889034,2.351455114505909
1714079196.8890162,2.238187304249516
1714079196.8891292,2.1179132991366916
1714079196.889242,1.9988071035455772
1714079196.889355,1.8726944923400877
1714079196.8894677,1.7465818811345983
1714079196.8895807,1.6146308845943873
1714079196.8896935,1.475673582818773
1714079196.8898065,1.335548471521448
1714079196.8899195,1.1884171653676916
1714079196.8900323,1.0366150626429804
1714079196.8901453,0.8848129599182694
1714079196.890258,0.7283400054331178
1714079196.890371,0.5683639535197504
1714079196.8904839,0.41189097143985604
1714079196.8905969,0.24841176690878689
1714079196.8907096,0.08610026841914212
1714079196.8908226,-0.07736380729410383
1714079196.8909357,-0.24664843523943863
1714079196.8910484,-0.41359812021255493
1714079196.8911614,-0.5852177187248512
1714079196.8912742,-0.7603397523915326
1714079196.8913872,-0.936629264443009
1714079196.8915,-1.1152536780745894
1714079196.891613,-1.2915432453155518
1714079196.8917258,-1.465497745407952
1714079196.8918388,-1.6371173991097343
1714079196.8919516,-1.8075694640477498
1714079196.8920646,-1.9768540506009702
1714079196.8921776,-2.146138747533162
1714079196.8922904,-2.3119208989319975
1714079196.8924034,-2.47653568232501
1714079196.8925161,-2.641150465718022
1714079196.8926291,-2.8045976603472673
1714079196.892742,-2.9657098982069225
1714079196.892855,-3.1221522225273977
1714079196.8929677,-3.27509222207246
1714079196.8930807,-3.421027130550808
1714079196.8931937,-3.563459714253743
1714079196.8933065,-3.6988874276479082
1714079196.8934195,-3.829645227502893
1714079196.8935323,-3.9557328930607545
1714079196.8936453,-4.077151086595323
1714079196.893758,-4.193898925074825
1714079196.893871,-4.309479395548502
1714079196.8939838,-4.418055216471354
1714079196.8940969,-4.520793314333315
1714079196.8942099,-4.6200293081778065
1714079196.8943226,-4.709925474943938
1714079196.8944356,-4.793983918649179
1714079196.8945484,-4.87337244881524
1714079196.8946614,-4.941086415891294
1714079196.8947742,-5.005297837433991
1714079196.8948872,-5.063671977431685
1714079196.895,-5.118543571896023
1714079196.895113,-5.16757744329947
1714079196.8952258,-5.2107744746738005
1714079196.8953388,-5.251636328520598
1714079196.8954518,-5.286660459306504
1714079196.8955646,-5.314679940541585
1714079196.8956776,-5.341532053770842
1714079196.8957903,-5.356709162394205
1714079196.8959033,-5.3707189030117455
1714079196.8960161,-5.378891362084282
1714079196.8961291,-5.378891362084282
1714079196.896242,-5.382393907617639
1714079196.896355,-5.376556626072636
1714079196.896468,-5.367216798994276
1714079196.8965807,-5.359044339921739
1714079196.8966937,-5.345034599304199
1714079196.8968065,-5.329857490680835
1714079196.8969195,-5.315847750063296
1714079196.8970323,-5.2960002863848645
1714079196.8971453,-5.277320632228145
1714079196.897258,-5.250468518998887
1714079196.897371,-5.224784215291341
1714079196.897484,-5.197932102062084
1714079196.8975968,-5.16757744329947
1714079196.8977098,-5.13488804852521
1714079196.8978226,-5.105701199284306
1714079196.8979356,-5.075346540521692
1714079196.8980484,-5.044992323274966
1714079196.8981614,-5.016972400523998
1714079196.8982742,-4.987785551283094
1714079196.8983872,-4.962101247575547
1714079196.8985,-4.93057922080711
1714079196.898613,-4.899057194038673
1714079196.898726,-4.867535167270236
1714079196.8988388,-4.832510594968443
1714079196.8989518,-4.799821200194182
1714079196.8990645,-4.764797069408275
1714079196.8991776,-4.733275042639838
1714079196.8992903,-4.707590297416404
1714079196.8994033,-4.679570816181323
1714079196.899516,-4.65855598449707
1714079196.899629,-4.634039048795347
1714079196.8997421,-4.607186935566089
1714079196.899855,-4.581502631858543
1714079196.899968,-4.551147973095929
1714079196.9000807,-4.520793314333315
1714079196.9001937,-4.490439097086588
1714079196.9003065,-4.458917070318151
1714079196.9004195,-4.433232325094718
1714079196.9005322,-4.408715389392993
1714079196.9006453,-4.385365821697094
1714079196.9007583,-4.366686167540373
1714079196.900871,-4.3433365998444735
1714079196.900984,-4.319987032148573
1714079196.9010968,-4.293134918919316
1714079196.9012098,-4.266282805690059
1714079196.9013226,-4.240598060466625
1714079196.9014356,-4.200904016141538
1714079196.9015484,-4.171716725384747
1714079196.9016614,-4.140195140132198
1714079196.9017744,-4.11217521738123
1714079196.9018872,-4.08065363212868
1714079196.9020002,-4.0561362549110695
1714079196.902113,-4.022279492130986
1714079196.902226,-3.9930926428900824
1714079196.9023387,-3.956900702582465
1714079196.9024518,-3.916038848735668
1714079196.9025645,-3.8716744493555137
1714079196.9026775,-3.8273100499753596
1714079196.9027903,-3.778276178571913
1714079196.9029033,-3.7292418656525785
1714079196.9030163,-3.680207773491188
1714079196.903129,-3.6323410493356207
1714079196.903242,-3.5856419139438205
1714079196.903355,-3.531937687485306
1714079196.903468,-3.4758987250151456
1714079196.9035807,-3.4140222602420383
1714079196.9036937,-3.3486434706935175
1714079196.9038064,-3.278594546847873
1714079196.9039195,-3.2038759302209923
1714079196.9040325,-3.1221522225273977
1714079196.9041452,-3.045098428372983
1714079196.9042583,-2.9622073526735657
1714079196.904371,-2.879316276974148
1714079196.904484,-2.792922876499317
1714079196.9045968,-2.7018593417273626
1714079196.9047098,-2.610795806955408
1714079196.9048226,-2.512727622632627
1714079196.9049356,-2.412324260782312
1714079196.9050486,-2.3037486606174045
1714079196.9051614,-2.192837882924963
1714079196.9052744,-2.0760900444454617
1714079196.9053872,-1.9523371148992466
1714079196.9055002,-1.8274167069682368
1714079196.905613,-1.7048312558068168
1714079196.905726,-1.574073455951832
1714079196.9058387,-1.4444831344816418
1714079196.9059517,-1.3125578562418618
1714079196.9060645,-1.1759626644629018
1714079196.9061775,-1.0358650375295568
1714079196.9062905,-0.8899300186722366
1714079196.9064033,-0.7393250862757365
1714079196.9065163,-0.5898876322640313
1714079196.906629,-0.4287753392148901
1714079196.906742,-0.26883055214528684
1714079196.9068549,-0.11122073564264509
1714079196.9069679,0.05340442337371685
1714079196.9070807,0.21571592876204737
1714079196.9071937,0.38036284623322664
1714079196.9073067,0.5426743516215571
1714079196.9074194,0.7049858570098877
1714079196.9075325,0.8719681589691727
1714079196.9076452,1.0389504609284577
1714079196.9077582,1.210603669837669
1714079196.907871,1.3822568787468803
1714079196.907984,1.5562453755625971
1714079196.9080968,1.7302339827572857
1714079196.9082098,1.899551683002048
1714079196.9083228,2.067701904862015
1714079196.9084356,2.232348698156851
1714079196.9085486,2.3899892965952554
1714079196.9086614,2.5476301157916033
1714079196.9087744,2.704102904708297
1714079196.9088871,2.8570729273336903
1714079196.9090002,3.013545716250384
1714079196.909113,3.1641801198323565
1714079196.909226,3.3159823329360396
1714079196.909339,3.4654489269963014
1714079196.9094517,3.604406339150888
1714079196.9095647,3.741028132262053
1714079196.9096775,3.8706439512747304
1714079196.9097905,3.9944211641947427
1714079196.9099033,4.11119196150038
1714079196.9100163,4.218621165664107
1714079196.910129,4.32955335687708
1714079196.910242,4.431143954948142
1714079196.9103549,4.531567185013382
1714079196.9104679,4.6308221640410245
1714079196.9105809,4.721903359448468
1714079196.9106936,4.808313758284957
1714079196.9108067,4.887718183022958
1714079196.9109194,4.956612763581452
1714079196.9110324,5.02200479860659
1714079196.9111452,5.079222166979754
1714079196.9112582,5.132936989819561
1714079196.911371,5.178477587523283
1714079196.911484,5.225185994748716
1714079196.911597,5.263720176838062
1714079196.9117098,5.301086990921585
1714079196.9118228,5.3326151989124435
1714079196.9119356,5.361807787859881
1714079196.9120486,5.38399440270883
1714079196.9121614,5.4015097794709375
1714079196.9122744,5.4143548011779785
1714079196.9123871,5.420193407270643
1714079196.9125001,5.422528584798177
1714079196.9126132,5.424864203841597
1714079196.912726,5.420193407270643
1714079196.912839,5.4143548011779785
1714079196.9129517,5.408516195085313
1714079196.9130647,5.396838982899983
1714079196.9131775,5.3874973897580745
1714079196.9132905,5.372317190523501
1714079196.9134033,5.357136991288926
1714079196.9135163,5.343124601576063
1714079196.913629,5.319770177205403
1714079196.913742,5.301086990921585
1714079196.913855,5.276565198545103
1714079196.9139678,5.250875596646909
1714079196.9140809,5.22752117227625
1714079196.9141936,5.197160773807101
1714079196.9143066,5.171471171908908
1714079196.9144194,5.146949379532425
1714079196.9145324,5.117756790584988
1714079196.9146452,5.090899379165084
1714079196.9147582,5.0640419677451805
1714079196.9148712,5.039520175368697
1714079196.914984,5.012662763948794
1714079196.915097,4.984637984523067
1714079196.9152098,4.955445395575629
1714079196.9153228,4.9274201746340145
1714079196.9154356,4.895891966643156
1714079196.9155486,4.86903499673914
1714079196.9156613,4.8410097757975254
1714079196.9157743,4.814152364377622
1714079196.9158874,4.789630572001139
1714079196.9160001,4.766276589146367
1714079196.9161131,4.740586987248173
1714079196.916226,4.717232562877514
1714079196.916339,4.689207783451787
1714079196.9164517,4.661182562510172
1714079196.9165647,4.634325592606156
1714079196.9166775,4.602797384615298
1714079196.9167905,4.572436986146149
1714079196.9169035,4.543243955682825
1714079196.9170163,4.516386985778809
1714079196.9171293,4.490697383880615
1714079196.917242,4.460336985411467
1714079196.917355,4.436982561040807
1714079196.9174678,4.4077899720933695
1714079196.9175808,4.375093954580802
1714079196.9176936,4.347069175155074
1714079196.9178066,4.310870170593262
1714079196.9179194,4.2711681789822045
1714079196.9180324,4.2349691744203914
1714079196.9181454,4.195266741293448
1714079196.9182582,4.156732559204102
1714079196.9183712,4.121701364163999
1714079196.918484,4.080831563031231
1714079196.918597,4.042296939425998
1714079196.9187098,4.001427138293231
1714079196.9188228,3.954719172583686
1714079196.9189355,3.9056751463148327
1714079196.9190485,3.8507929554692018
1714079196.9191616,3.7959107646235712
1714079196.9192743,3.737525145212809
1714079196.9193873,3.6768043482745134
1714079196.9195,3.614915741814507
1714079196.9196131,3.555362533639978
1714079196.919726,3.4888031306090177
1714079196.919839,3.4234115370997675
1714079196.9199517,3.352181337497852
1714079196.9200647,3.27861573961046
1714079196.9201777,3.2027145226796465
1714079196.9202905,3.1163041238431575
1714079196.9204035,3.0275583267211914
1714079196.9205163,2.9364771313137474
1714079196.9206293,2.840724918577406
1714079196.920742,2.7438051170772972
1714079196.920855,2.639879120720757
1714079196.9209678,2.5359529036062733
1714079196.9210808,2.4296915089642557
1714079196.9211936,2.3175915082295733
1714079196.9213066,2.205491507494891
1714079196.9214196,2.086385091145833
1714079196.9215324,1.9602727006982872
1714079196.9216454,1.8294892929218431
1714079196.9217582,1.6998735842881378
1714079196.9218712,1.5574131850843076
1714079196.921984,1.4196234720724599
1714079196.922097,1.2748276745831524
1714079196.9222097,1.1288640675721344
1714079196.9223228,0.9829004605611165
1714079196.9224358,0.8369369087395844
1714079196.9225485,0.6816316533971716
1714079196.9226615,0.5286618515297218
1714079196.9227743,0.37335659618730893
1714079196.9228873,0.21104509079897843
1714079196.923,0.04523046383703196
1714079196.923113,-0.12172805490317168
1714079196.9232259,-0.28984521826108295
1714079196.923339,-0.4579623540242513
1714079196.923452,-0.6272469957669575
1714079196.9235647,-0.7988665942792539
1714079196.9236777,-0.9669837024476793
1714079196.9237905,-1.1374358777646665
1714079196.9239035,-1.307887942702682
1714079196.9240162,-1.476005161250079
1714079196.9241292,-1.6464572261880943
1714079196.924242,-1.8145743343565197
1714079196.924355,-1.9885288344489203
1714079196.9244678,-2.1624834449202925
1714079196.9245808,-2.330600553088718
1714079196.9246938,-2.501052838784677
1714079196.9248066,-2.6633324446501554
1714079196.9249196,-2.8244446825098106
1714079196.9250324,-2.9785520500606957
1714079196.9251454,-3.1303246815999346
1714079196.9252582,-3.278594546847873
1714079196.9253712,-3.425697044089988
1714079196.925484,-3.5669622597871
1714079196.925597,-3.7035573411870883
1714079196.92571,-3.84248760011461
1714079196.9258227,-3.9720778112058284
1714079196.9259357,-4.096998108757867
1714079196.9260485,-4.2160811247649015
1714079196.9261615,-4.328159491221109
1714079196.9262743,-4.435567502622251
1714079196.9263873,-4.5301331414116754
1714079196.9265,-4.6258665897228095
1714079196.926613,-4.709925474943938
1714079196.926726,-4.793983918649179
1714079196.9268389,-4.866367799264413
1714079196.926952,-4.93875123836376
1714079196.9270647,-5.006465205439815
1714079196.9271777,-5.066006713443332
1714079196.9272904,-5.122045675913492
1714079196.9274035,-5.16757744329947
1714079196.9275162,-5.20960666515209
1714079196.9276292,-5.246966414981418
1714079196.9277422,-5.277320632228145
1714079196.927855,-5.300670199924045
1714079196.927968,-5.3228523996141215
1714079196.9280808,-5.339197317759195
1714079196.9281938,-5.347369335315845
1714079196.9283066,-5.360211707927562
1714079196.9284196,-5.362546885455096
1714079196.9285324,-5.366048989472565
1714079196.9286454,-5.366048989472565
1714079196.9287581,-5.360211707927562
1714079196.9288712,-5.353207058376736
1714079196.9289842,-5.341532053770842
1714079196.929097,-5.325187577141655
1714079196.92921,-5.306507481469048
1714079196.9293227,-5.2854930913006815
1714079196.9294357,-5.262143523604781
1714079196.9295485,-5.2376261463871705
1714079196.9296615,-5.20960666515209
1714079196.9297743,-5.1839223614445435
1714079196.9298873,-5.157070248215287
1714079196.9300003,-5.132553312513563
1714079196.930113,-5.108035935295953
1714079196.930226,-5.076513908527515
1714079196.9303389,-5.048494427292435
1714079196.9304519,-5.015805032518174
1714079196.9305646,-4.9819482697380915
1714079196.9306777,-4.945756329430474
1714079196.9307904,-4.91073175712868
1714079196.9309034,-4.879209730360243
1714079196.9310164,-4.846520335585982
1714079196.9311292,-4.820836031878436
1714079196.9312422,-4.791648741121645
1714079196.931355,-4.767131805419922
1714079196.931468,-4.737944956179018
1714079196.9315808,-4.713427578961407
1714079196.9316938,-4.680738184187147
1714079196.9318066,-4.651551334946244
1714079196.9319196,-4.618861940171983
1714079196.9320323,-4.587339913403546
1714079196.9321454,-4.560487800174289
1714079196.9322584,-4.532468318939209
1714079196.9323711,-4.507951383237486
1714079196.9324841,-4.484601815541585
1714079196.932597,-4.464754351863155
1714079196.93271,-4.441404784167254
1714079196.9328227,-4.419222584477177
1714079196.9329357,-4.390035735236274
1714079196.9330485,-4.36435099001284
1714079196.9331615,-4.333996772766113
1714079196.9332745,-4.303642114003499
1714079196.9333873,-4.2744552647625955
1714079196.9335003,-4.245267974005805
1714079196.933613,-4.223086215831615
1714079196.933726,-4.198568838614005
1714079196.9338388,-4.175219270918104
1714079196.9339519,-4.150702335216381
1714079196.9340646,-4.1203476764537665
1714079196.9341776,-4.087658281679507
1714079196.9342906,-4.053801518899423
1714079196.9344034,-4.0141070330584485
1714079196.9345164,-3.974412988733362
1714079196.9346292,-3.9335511348865646
1714079196.9347422,-3.8938566490455906
1714079196.934855,-3.8564973407321506
1714079196.934968,-3.81446811887953
1714079196.9350808,-3.7759410010443792
1714079196.9351938,-3.731577043180112
1714079196.9353068,-3.6848776870303683
1714079196.9354196,-3.6311736813297975
1714079196.9355326,-3.5751344981016935
1714079196.9356453,-3.514425622092353
1714079196.9357584,-3.4502142005496554
1714079196.9358711,-3.387170147012781
1714079196.9359841,-3.3182888119309033
1714079196.936097,-3.2494074768490258
1714079196.93621,-3.1793587737613254
1714079196.9363227,-3.109309849915681
1714079196.9364357,-3.0334236445250333
1714079196.9365487,-2.9540351143589723
1714079196.9366615,-2.872311406665378
1714079196.9367745,-2.78475041742678
1714079196.9368873,-2.6925195146490024
1714079196.9370003,-2.5932837415624546
1714079196.937113,-2.49288037971214
1714079196.937226,-2.386639736316822
1714079196.9373388,-2.279231504157737
1714079196.9374518,-2.1706559039928295
1714079196.9375648,-2.0550752127612077
1714079196.9376776,-1.9394947422875297
1714079196.9377906,-1.8192442478956998
1714079196.9379034,-1.6978263854980467
1714079196.9380164,-1.5694035424126518
1714079196.9381292,-1.4339758290184867
1714079196.9382422,-1.2950456804699366
1714079196.938355,-1.1491106616126165
1714079196.938468,-1.0020081643705014
1714079196.938581,-0.8502356983997204
1714079196.9386938,-0.7007982443880152
1714079196.9388068,-0.5455233984523349
1714079196.9389195,-0.38908101894237374
1714079196.9390326,-0.23380614541195055
1714079196.9391453,-0.07502884362582807
1714079196.9392583,0.08259714339618329
1714079196.939371,0.2460763410285667
1714079196.9394841,0.41189097143985604
1714079196.939597,0.5835441527543244
1714079196.93971,0.7551973064740498
1714079196.939823,0.9268504601937753
1714079196.9399357,1.0996713682457253
1714079196.9400487,1.2689890684904874
1714079196.9401615,1.4394745782569602
1714079196.9402745,1.6052891810735066
1714079196.9403872,1.7722714830327917
1714079196.9405003,1.9334152892783836
1714079196.940613,2.098062303331163
1714079196.940726,2.262709096625999
1714079196.940839,2.4273561106787787
1714079196.9409518,2.5908353152098478
1714079196.9410648,2.7531467102192066
1714079196.9411776,2.9154583259865086
1714079196.9412906,3.0684281278539585
1714079196.9414034,3.219062531435931
1714079196.9415164,3.362690740161472
1714079196.9416292,3.505151139365302
1714079196.9417422,3.641772932476467
1714079196.9418552,3.7725563402529114
1714079196.941968,3.8998365402221675
1714079196.942081,4.028284549713135
1714079196.9421937,4.152061762633147
1714079196.9423068,4.272335546988028
1714079196.9424195,4.383268179716887
1714079196.9425325,4.496535548457393
1714079196.9426453,4.593455791473389
1714079196.9427583,4.688039973930076
1714079196.9428713,4.7721151952390315
1714079196.942984,4.850351368939434
1714079196.943097,4.923917187584771
1714079196.94321,4.990476590615732
1714079196.943323,5.055868184124981
1714079196.9434357,5.116588981063277
1714079196.9435487,5.172638981430619
1714079196.9436615,5.224018185227005
1714079196.9437745,5.271894401974148
1714079196.9438872,5.308093406535961
1714079196.9440002,5.340788982532642
1714079196.9441133,5.3688142034742565
1714079196.944226,5.389833008801495
1714079196.944339,5.406180576041892
1714079196.9444518,5.417857788227222
1714079196.9445648,5.427199381369131
1714079196.9446776,5.430702809934263
1714079196.9447906,5.440044403076172
1714079196.9449034,5.438876593554461
1714079196.9450164,5.436541416026928
1714079196.9451294,5.434205796983506
1714079196.9452422,5.4236963943198875
1714079196.9453552,5.413186991656268
1714079196.945468,5.398006792421694
1714079196.945581,5.38165878366541
1714079196.9456937,5.361807787859881
1714079196.9458067,5.340788982532642
1714079196.9459195,5.319770177205403
1714079196.9460325,5.2964161943506305
1714079196.9461455,5.2730622114958585
1714079196.9462583,5.247372609597665
1714079196.9463713,5.226353804270426
1714079196.946484,5.202999379899766
1714079196.946597,5.173806790952329
1714079196.9467099,5.1504528080975565
1714079196.946823,5.120091968112521
1714079196.9469357,5.093234998208505
1714079196.9470487,5.062874599739357
1714079196.9471614,5.030178582226788
1714079196.9472744,4.9998181837576405
1714079196.9473875,4.969457785288492
1714079196.9475002,4.941432564346878
1714079196.9476132,4.9134077849211515
1714079196.947726,4.888885992544668
1714079196.947839,4.864363758652298
1714079196.9479518,4.835171169704861
1714079196.9480648,4.810649377328378
1714079196.9481776,4.7814567883809405
1714079196.9482906,4.755767186482747
1714079196.9484036,4.7265741560194225
1714079196.9485164,4.696213757550274
1714079196.9486294,4.668188978124547
1714079196.9487422,4.6401637571829335
1714079196.9488552,4.61447415528474
1714079196.948968,4.591120172429967
1714079196.949081,4.567766189575195
1714079196.9491937,4.5444117652045355
1714079196.9493067,4.518722163306342
1714079196.9494197,4.490697383880615
1714079196.9495325,4.461504353417291
1714079196.9496455,4.431143954948142
1714079196.9497583,4.3937775823805065
1714079196.9498713,4.361081564867938
1714079196.949984,4.327218179349546
1714079196.950097,4.293354352315267
1714079196.9502099,4.258323157275164
1714079196.9503229,4.226794949284306
1714079196.9504359,4.192931563765914
1714079196.9505486,4.157900368725811
1714079196.9506617,4.115862758071334
1714079196.9507744,4.072657337895146
1714079196.9508874,4.027116740191424
1714079196.9510002,3.9769053459167476
1714079196.9511132,3.9231909645928273
1714079196.951226,3.8718117607964406
1714079196.951339,3.8216003665217646
1714079196.9514518,3.7667177341602462
1714079196.9515648,3.713003352836326
1714079196.9516778,3.656953352468985
1714079196.9517906,3.593896936487268
1714079196.9519036,3.5308407412634955
1714079196.9520164,3.45961054166158
1714079196.9521294,3.3872125325379545
1714079196.9522421,3.3066407397941306
1714079196.9523551,3.226068726292363
1714079196.952468,3.1443291240268283
1714079196.952581,3.0590865347120495
1714079196.952694,2.972675915117617
1714079196.9528067,2.8815947197101734
1714079196.9529197,2.7905135243027295
1714079196.9530325,2.6924259132809105
1714079196.9531455,2.5920029039736145
1714079196.9532583,2.486909098095364
1714079196.9533713,2.3771444956461587
1714079196.953484,2.262709096625999
1714079196.953597,2.1424350915131742
1714079196.95371,2.0221610864003496
1714079196.9538229,1.8960486959528038
1714079196.9539359,1.767600686461837
1714079196.9540486,1.636817278685393
1714079196.9541616,1.5060339812879209
1714079196.9542744,1.3694120777977836
1714079196.9543874,1.2281192673577201
1714079196.9545002,1.08565886815389
1714079196.9546132,0.9350244645719175
1714079196.954726,0.784390005800459
1714079196.954839,0.6255816530298304
1714079196.954952,0.46443784678423844
1714079196.9550648,0.30562949401360967
1714079196.9551778,0.1374794515194716
1714079196.9552906,-0.028329637522498764
1714079196.9554036,-0.19294434675463923
1714079196.9555163,-0.35989403172775547
1714079196.9556293,-0.5245087323365388
1714079196.9557421,-0.6961283308488351
1714079196.9558551,-0.8630780158219513
1714079196.9559681,-1.0381999942991469
1714079196.956081,-1.210987126385724
1714079196.956194,-1.3861091048629195
1714079196.9563067,-1.5612311937190868
1714079196.9564197,-1.734018215426692
1714079196.9565325,-1.9068053475132694
1714079196.9566455,-2.0760900444454617
1714079196.9567583,-2.24303956385012
1714079196.9568713,-2.4053193904735424
1714079196.9569843,-2.5664316283331976
1714079196.957097,-2.7263764981870295
1714079196.95721,-2.881651233743738
1714079196.9573228,-3.0357586012946234
1714079196.9574358,-3.186363644070095
1714079196.9575486,-3.3393036436151573
1714079196.9576616,-3.4840711840876826
1714079196.9577744,-3.6241688110210277
1714079196.9578874,-3.761931260426839
1714079196.9580002,-3.8891867355064105
1714079196.9581132,-4.015274401064272
1714079196.9582262,-4.128520135526304
1714079196.958339,-4.244100605999981
1714079196.958452,-4.350341249395299
1714079196.9585648,-4.453079788773148
1714079196.9586778,-4.553483150623462
1714079196.9587905,-4.64921615741871
1714079196.9589036,-4.740279692190665
1714079196.9590163,-4.822003399884259
1714079196.9591293,-4.89672201651114
1714079196.9592423,-4.967938529120551
1714079196.959355,-5.030982582657425
1714079196.9594681,-5.085853735605875
1714079196.959581,-5.13488804852521
1714079196.959694,-5.180419815911187
1714079196.9598067,-5.21894649223045
1714079196.9599197,-5.255138432538067
1714079196.9600325,-5.2854930913006815
1714079196.9601455,-5.310010027002405
1714079196.9602585,-5.329857490680835
1714079196.9603713,-5.347369335315845
1714079196.9604843,-5.357876971915916
1714079196.960597,-5.366048989472565
1714079196.96071,-5.369551535005923
1714079196.9608228,-5.366048989472565
1714079196.9609358,-5.362546885455096
1714079196.9610486,-5.352039248855025
1714079196.9611616,-5.338029508237486
1714079196.9612746,-5.325187577141655
1714079196.9613874,-5.305340113463225
1714079196.9615004,-5.2854930913006815
1714079196.9616132,-5.265646069138138
1714079196.9617262,-5.246966414981418
1714079196.961839,-5.227118951302987
1714079196.961952,-5.2002668380737305
1714079196.9620647,-5.17691727037783
1714079196.9621778,-5.148897789142749
1714079196.9622905,-5.120878307907669
1714079196.9624035,-5.085853735605875
1714079196.9625165,-5.0566668863649715
1714079196.9626293,-5.0251448595965345
1714079196.9627423,-4.993622832828097
1714079196.962855,-4.963268615581371
1714079196.962968,-4.93991904788547
1714079196.963081,-4.908397021117033
1714079196.963194,-4.885047453421133
1714079196.9633067,-4.8593627081976996
1714079196.9634197,-4.826673313423439
1714079196.9635327,-4.795151286655002
1714079196.9636455,-4.760127155869095
1714079196.9637585,-4.7321072331181275
1714079196.9638712,-4.695915734326397
1714079196.9639843,-4.66322589803625
1714079196.964097,-4.637541594328703
1714079196.96421,-4.611856849105269
1714079196.9643228,-4.586172545397723
1714079196.9644358,-4.563990345707646
1714079196.9645488,-4.538305600484212
1714079196.9646616,-4.514956032788311
1714079196.9647746,-4.483434006019874
1714079196.9648874,-4.456581892790617
1714079196.9650004,-4.423892498016357
1714079196.9651132,-4.397040826302987
1714079196.9652262,-4.366686167540373
1714079196.965339,-4.341001422316939
1714079196.965452,-4.317651854621039
1714079196.9655647,-4.296637464452672
1714079196.9656777,-4.273287896756773
1714079196.9657907,-4.251105697066695
1714079196.9659035,-4.224253583837438
1714079196.9660165,-4.1950667345965345
1714079196.9661293,-4.162376898306388
1714079196.9662423,-4.126185399514657
1714079196.966355,-4.09349556322451
1714079196.966468,-4.058471432438603
1714079196.9665809,-4.025782037664342
1714079196.9666939,-3.9930926428900824
1714079196.966807,-3.9650727201391147
1714079196.9669197,-3.9323833253648544
1714079196.9670327,-3.8926892810397677
1714079196.9671454,-3.8564973407321506
1714079196.9672585,-3.810965573346173
1714079196.9673712,-3.7630990699485496
1714079196.9674842,-3.7105622114958585
1714079196.967597,-3.6591931625648777
1714079196.96771,-3.6043215681005405
1714079196.967823,-3.548282384872436
1714079196.9679358,-3.4934110111660424
1714079196.9680488,-3.4350368711683483
1714079196.9681616,-3.377830319934421
1714079196.9682746,-3.3112839416221336
1714079196.9683874,-3.244737563309846
1714079196.9685004,-3.1711863146887884
1714079196.9686131,-3.0953001092981407
1714079196.9687262,-3.0112416655929
1714079196.9688392,-2.9248480443601252
1714079196.968952,-2.8372870551215277
1714079196.969065,-2.74505615234375
1714079196.9691777,-2.652825249565972
1714079196.9692907,-2.5570918012548374
1714079196.9694035,-2.461358352943703
1714079196.9695165,-2.3609552118513317
1714079196.9696293,-2.25471434769807
1714079196.9697423,-2.148473704302752
1714079196.969855,-2.0328932338290744
1714079196.969968,-1.9149775858278626
1714079196.970081,-1.7900572882758246
1714079196.9701939,-1.6628019235752245
1714079196.9703069,-1.5320441237202396
1714079196.9704196,-1.4001188454804596
1714079196.9705327,-1.2635236537014995
1714079196.9706454,-1.1257610939167164
1714079196.9707584,-0.9856634669833713
1714079196.9708712,-0.8408958713213602
1714079196.9709842,-0.69496085246404
1714079196.9710972,-0.543188386493259
1714079196.97121,-0.38908101894237374
1714079196.971323,-0.22913623187277052
1714079196.9714358,-0.06685648113489151
1714079196.9715488,0.10011276851097742
1714079196.9716616,0.26709509116631963
1714079196.9717746,0.4375805733380494
1714079196.9718874,0.6045629028920774
1714079196.9720004,0.7703775057086237
1714079196.9721134,0.9396952611428719
1714079196.9722261,1.1020067665312026
1714079196.9723392,1.2724922762976751
1714079196.972452,1.4359714808287443
1714079196.972565,1.609959977644461
1714079196.9726777,1.7804454874109337
1714079196.9727907,1.953266285083912
1714079196.9729035,2.1237519052293563
1714079196.9730165,2.2930694950951467
1714079196.9731293,2.4577165091479265
1714079196.9732423,2.618860315393518
1714079196.9733553,2.7765009138319225
1714079196.973468,2.9294707156993725
1714079196.973581,3.0777697209958674
1714079196.9736938,3.224901137528596
1714079196.9738069,3.372032333303381
1714079196.9739196,3.5156605420289213
1714079196.9740326,3.656953352468985
1714079196.9741454,3.797078132629394
1714079196.9742584,3.927861761163782
1714079196.9743714,4.055141961133038
1714079196.9744842,4.171912758438675
1714079196.9745972,4.284012759173358
1714079196.97471,4.387938976287842
1714079196.974823,4.488361764837194
1714079196.9749358,4.582946388809769
1714079196.9750488,4.674027584217212
1714079196.9751616,4.761605792575412
1714079196.9752746,4.843345394840947
1714079196.9753876,4.923917187584771
1714079196.9755003,4.997482564714219
1714079196.9756134,5.062874599739357
1714079196.9757261,5.125930574205186
1714079196.9758391,5.177309778001573
1714079196.975952,5.226353804270426
1714079196.976065,5.262552808832239
1714079196.9761777,5.302254800443296
1714079196.9762907,5.3326151989124435
1714079196.9764037,5.361807787859881
1714079196.9765165,5.385162212230541
1714079196.9766295,5.407348385563603
1714079196.9767423,5.427199381369131
1714079196.9768553,5.434205796983506
1714079196.976968,5.445883009168837
1714079196.977081,5.449385996218081
1714079196.9771938,5.4470503771746595
1714079196.9773068,5.440044403076172
1714079196.9774196,5.4330379874617964
1714079196.9775326,5.421360775276466
1714079196.9776456,5.408516195085313
1714079196.9777584,5.395671614894161
1714079196.9778714,5.375820177572744
1714079196.9779842,5.359472610332348
1714079196.9780972,5.338453805005108
1714079196.97821,5.319770177205403
1714079196.978323,5.297584003872341
1714079196.9784358,5.275397389023392
1714079196.9785488,5.249707787125199
1714079196.9786618,5.225185994748716
1714079196.9787745,5.198328583328812
1714079196.9788876,5.170303803903085
1714079196.9790003,5.14227858296147
1714079196.9791133,5.114253803535743
1714079196.979226,5.08856420163755
1714079196.9793391,5.060538980695936
1714079196.979452,5.032514201270209
1714079196.979565,5.007991967377839
1714079196.979678,4.981134997473823
1714079196.9797907,4.955445395575629
1714079196.9799037,4.928587984155725
1714079196.9800165,4.900562763214111
1714079196.9801295,4.870202364744963
1714079196.9802423,4.839841966275816
1714079196.9803553,4.810649377328378
1714079196.980468,4.77912116933752
1714079196.980581,4.749928580390082
1714079196.9806938,4.723071168970178
1714079196.9808068,4.698549376593696
1714079196.9809198,4.675195393738923
1714079196.9810326,4.649505791840729
1714079196.9811456,4.623816189942536
1714079196.9812584,4.593455791473389
1714079196.9813714,4.565430570531774
1714079196.9814842,4.536237981584336
1714079196.9815972,4.502374154550058
1714079196.98171,4.474349375124331
1714079196.981823,4.442821167133472
1714079196.981936,4.413628578186035
1714079196.9820487,4.386771166766131
1714079196.9821618,4.354075149253562
1714079196.9822745,4.328385547355369
1714079196.9823875,4.296857780880398
1714079196.9825003,4.258323157275164
1714079196.9826133,4.222124152713351
1714079196.982726,4.1847573386298285
1714079196.982839,4.136881563398573
1714079196.982952,4.098346939793339
1714079196.983065,4.053974151611328
1714079196.983178,4.010769172951027
1714079196.9832907,3.9663959432531284
1714079196.9834037,3.925526142120361
1714079196.9835165,3.874146938323974
1714079196.9836295,3.8251033535710084
1714079196.9837422,3.770221162725378
1714079196.9838552,3.713003352836326
1714079196.983968,3.6499469368546094
1714079196.984081,3.5798845467744047
1714079196.984194,3.5133251437434443
1714079196.9843068,3.4444303424270064
1714079196.9844198,3.373200142825091
1714079196.9845326,3.296131337130511
1714079196.9846456,3.2225657392431186
1714079196.9847584,3.1431615352630615
1714079196.9848714,3.0590865347120495
1714079196.9849842,2.9703405168321395
1714079196.9850972,2.879259321424696
1714079196.9852102,2.777668723353633
1714079196.985323,2.6749103157608594
1714079196.985436,2.5686487003608987
1714079196.9855487,2.4600519074334035
1714079196.9856617,2.347951906698721
1714079196.9857745,2.2311811093930842
1714079196.9858875,2.114410091329504
1714079196.9860003,1.9941360862166793
1714079196.9861133,1.8715266828183774
1714079196.9862263,1.7454141819918596
1714079196.986339,1.6087922785017224
1714079196.986452,1.4710026758688466
1714079196.9865649,1.3285422766650163
1714079196.986678,1.1802432713685211
1714079196.9867907,1.0342796643575032
1714079196.9869037,0.8824775616327921
1714079196.9870164,0.7271723062903792
1714079196.9871294,0.5742024492334437
1714079196.9872425,0.4153940964628149
1714079196.9873552,0.25541801695470456
1714079196.9874682,0.09544193744659424
1714079196.987581,-0.07035892318796227
1714079196.987694,-0.23614110218154058
1714079196.9878068,-0.40309078715465685
1714079196.9879198,-0.5793803268008761
1714079196.9880326,-0.7509998701236865
1714079196.9881456,-0.9319593509038289
1714079196.9882584,-1.1070813293810242
1714079196.9883714,-1.2775335046980116
1714079196.9884844,-1.453822961560002
1714079196.9885972,-1.6254426152617842
1714079196.9887102,-1.7935597234302096
1714079196.988823,-1.9640118987471968
1714079196.988936,-2.129794050146032
1714079196.9890487,-2.2990787470782243
1714079196.9891617,-2.46953081201624
1714079196.9892745,-2.6341453746513084
1714079196.9893875,-2.799927746808087
1714079196.9895005,-2.9598723959039757
1714079196.9896133,-3.1163147202244508
1714079196.9897263,-3.271589676539103
1714079196.989839,-3.4163572170116283
1714079196.989952,-3.556454843944973
1714079196.9900649,-3.695385102872495
1714079196.9901779,-3.824975313963713
1714079196.9902906,-3.954565525054931
1714079196.9904037,-4.0759837185895
1714079196.9905167,-4.196234102602358
1714079196.9906294,-4.312981941081859
1714079196.9907424,-4.420390393998887
1714079196.9908552,-4.525463227872495
1714079196.9909682,-4.62236448570534
1714079196.991081,-4.707590297416404
1714079196.991194,-4.790481373115822
1714079196.9913068,-4.866367799264413
1714079196.9914198,-4.9340813248245805
1714079196.9915326,-4.9982927463672775
1714079196.9916456,-5.057834254370795
1714079196.9917586,-5.112705848835132
1714079196.9918714,-5.159404984226933
1714079196.9919844,-5.204936751612911
1714079196.9920971,-5.242296501442238
1714079196.9922101,-5.277320632228145
1714079196.992323,-5.304172745457402
1714079196.992436,-5.331024858686659
1714079196.9925487,-5.345034599304199
1714079196.9926617,-5.354374426382559
1714079196.9927747,-5.363714253460919
1714079196.9928875,-5.368384167000099
1714079196.9930005,-5.368384167000099
1714079196.9931133,-5.366048989472565
1714079196.9932263,-5.361379075933385
1714079196.993339,-5.350871880849202
1714079196.993452,-5.342699421776665
1714079196.9935648,-5.328689681159125
1714079196.9936779,-5.314679940541585
1714079196.9937909,-5.298335463912398
1714079196.9939036,-5.274985896216498
1714079196.9940166,-5.251636328520598
1714079196.9941294,-5.224784215291341
1714079196.9942424,-5.19559692453455
1714079196.9943552,-5.16757744329947
1714079196.9944682,-5.13488804852521
1714079196.994581,-5.108035935295953
1714079196.994694,-5.076513908527515
1714079196.994807,-5.050829604819969
1714079196.9949198,-5.0251448595965345
1714079196.9950328,-4.994790642349808
1714079196.9951456,-4.965603351593018
1714079196.9952586,-4.9340813248245805
1714079196.9953713,-4.90255973957203
1714079196.9954844,-4.866367799264413
1714079196.9955971,-4.832510594968443
1714079196.9957101,-4.798653832188359
1714079196.995823,-4.765964437414098
1714079196.995936,-4.740279692190665
1714079196.996049,-4.713427578961407
1714079196.9961617,-4.688910643259684
1714079196.9962747,-4.665561075563784
1714079196.9963875,-4.63987633034035
1714079196.9965005,-4.611856849105269
1714079196.9966133,-4.581502631858543
1714079196.9967263,-4.551147973095929
1714079196.996839,-4.525463227872495
1714079196.996952,-4.4927738330982345
1714079196.997065,-4.467089529390688
1714079196.9971778,-4.443739961694788
1714079196.9972908,-4.420390393998887
1714079196.9974036,-4.4017107398421675
1714079196.9975166,-4.377193362624556
1714079196.9976294,-4.355011162934479
1714079196.9977424,-4.330494227232756
1714079196.9978552,-4.298972200464319
1714079196.9979682,-4.266282805690059
1714079196.9980812,-4.233593410915798
1714079196.998194,-4.200904016141538
1714079196.998307,-4.169381989373101
1714079196.9984198,-4.139027330610487
1714079196.9985328,-4.11217521738123
1714079196.9986455,-4.08532354566786
1714079196.9987586,-4.054968886905246
1714079196.9988713,-4.023446860136809
1714079196.9989843,-3.9895900973567255
1714079196.999097,-3.9498956115157515
1714079196.9992101,-3.907866389663131
1714079196.9993231,-3.8658371678105103
1714079196.999436,-3.8179702228969994
1714079196.999549,-3.7736062650327327
1714079196.9996617,-3.7292418656525785
1714079196.9997747,-3.6825427302607783
1714079196.9998875,-3.634676006105211
1714079197.0000005,-3.590311827483
1714079197.0001132,-3.533105276249073
1714079197.0002263,-3.4805686385543257
1714079197.0003393,-3.4163572170116283
1714079197.000452,-3.3474758819297508
1714079197.000565,-3.278594546847873
1714079197.0006778,-3.2038759302209923
1714079197.0007908,-3.127989504072401
1714079197.0009036,-3.0521032986817533
1714079197.0010166,-2.9727147685156927
1714079197.0011294,-2.892158649585865
1714079197.0012424,-2.8092675738864474
1714079197.0013554,-2.7205389958840827
1714079197.0014682,-2.6294754611121283
1714079197.0015812,-2.531407276789347
1714079197.001694,-2.4286689581694425
1714079197.001807,-2.3212607260103577
1714079197.0019197,-2.20568025553668
1714079197.0020328,-2.0924347418325917
1714079197.0021455,-1.97218413706179
1714079197.0022585,-1.8495987962793419
1714079197.0023715,-1.7351856938114871
1714079197.0024843,-1.6032604155717072
1714079197.0025973,-1.4736700941015173
1714079197.00271,-1.341744926240709
1714079197.002823,-1.205149734461749
1714079197.002936,-1.0638846291436088
1714079197.003049,-0.9179495550968029
1714079197.0031617,-0.7696795794698926
1714079197.0032747,-0.6085672864207514
1714079197.0033875,-0.45679487563945625
1714079197.0035005,-0.29801756695464804
1714079197.0036135,-0.1392402582698398
1714079197.0037262,0.021876291268401675
1714079197.0038393,0.18068466473508762
1714079197.003952,0.3394930451004593
1714079197.004065,0.49830139787108807
1714079197.0041778,0.6664514541625977
1714079197.0042908,0.832266056979144
1714079197.0044036,0.9980806597956904
1714079197.0045166,1.172069266990379
1714079197.0046296,1.3425547767568518
1714079197.0047424,1.514207875287091
1714079197.0048554,1.6870287833390412
1714079197.0049682,1.851675687012849
1714079197.0050812,2.015154891543918
1714079197.005194,2.1786340960749873
1714079197.005307,2.333939296227914
1714079197.0054197,2.495083102473506
1714079197.0055327,2.6538915104336205
1714079197.0056458,2.810364520108258
1714079197.0057585,2.9703405168321395
1714079197.0058715,3.1256457169850664
1714079197.0059843,3.2774479300887496
1714079197.0060973,3.4257469353852446
1714079197.00621,3.5658719363035978
1714079197.006323,3.7001585518872293
1714079197.0064359,3.829774150141963
1714079197.006549,3.953551363061975
1714079197.0066617,4.071489969889322
1714079197.0067747,4.181254351580584
1714079197.0068877,4.296857780880398
1714079197.0070004,4.405454353049949
1714079197.0071135,4.510548379686143
1714079197.0072262,4.610971168235496
1714079197.0073392,4.70205236364294
1714079197.007452,4.790798381522849
1714079197.007565,4.866699377695719
1714079197.0076778,4.939097386819345
1714079197.0077908,5.003321170806885
1714079197.0079038,5.0593711711742255
1714079197.0080166,5.117756790584988
1714079197.0081296,5.166800375337954
1714079197.0082424,5.214676592085096
1714079197.0083554,5.257881570745397
1714079197.0084682,5.29408057530721
1714079197.0085812,5.3279444023414895
1714079197.008694,5.357136991288926
1714079197.008807,5.379323606137876
1714079197.00892,5.396838982899983
1714079197.0090327,5.407348385563603
1714079197.0091457,5.416689978705512
1714079197.0092585,5.4190255977489326
1714079197.0093715,5.4236963943198875
1714079197.0094843,5.422528584798177
1714079197.0095973,5.416689978705512
1714079197.00971,5.413186991656268
1714079197.009823,5.406180576041892
1714079197.0099359,5.396838982899983
1714079197.0100489,5.38399440270883
1714079197.0101619,5.367646393952546
1714079197.0102746,5.353634004239683
1714079197.0103877,5.3326151989124435
1714079197.0105004,5.309260774541784
1714079197.0106134,5.2870746012087215
1714079197.0107262,5.259049380267108
1714079197.0108392,5.235695397412335
1714079197.010952,5.208837985992432
1714079197.011065,5.180813206566705
1714079197.011178,5.156290972674334
1714079197.0112908,5.128266193248607
1714079197.0114038,5.103744400872125
1714079197.0115166,5.079222166979754
1714079197.0116296,5.048861768510606
1714079197.0117424,5.0231721666124125
1714079197.0118554,4.993979577664976
1714079197.0119681,4.9636191791958275
1714079197.0120811,4.93442659024839
1714079197.0121942,4.902898382257532
1714079197.012307,4.876040970837628
1714079197.01242,4.850351368939434
1714079197.0125327,4.823493957519531
1714079197.0126457,4.801307784186469
1714079197.0127585,4.775618182288276
1714079197.0128715,4.749928580390082
1714079197.0129843,4.725406788013599
1714079197.0130973,4.697381567071985
1714079197.0132103,4.6670211686028376
1714079197.013323,4.6378285796554
1714079197.013436,4.607468181186252
1714079197.0135489,4.5806107697663485
1714079197.0136619,4.5502503712972
1714079197.0137746,4.528063756448251
1714079197.0138876,4.501206786544234
1714079197.0140004,4.475517184646041
1714079197.0141134,4.452162760275382
1714079197.0142262,4.420634552284523
1714079197.0143392,4.387938976287842
1714079197.0144522,4.356410768296983
1714079197.014565,4.3167087766859265
1714079197.014678,4.282844949651647
1714079197.0147908,4.243142958040591
1714079197.0149038,4.206943953478778
1714079197.0150166,4.171912758438675
1714079197.0151296,4.134545944355152
1714079197.0152423,4.098346939793339
1714079197.0153553,4.056309770654749
1714079197.0154684,4.01310435047856
1714079197.0155811,3.965228133731418
1714079197.0156941,3.9138489299350314
1714079197.015807,3.8601345486111107
1714079197.01592,3.8064201672871905
1714079197.0160327,3.7456989288330074
1714079197.0161457,3.6884813397018994
1714079197.0162585,3.6289283522853144
1714079197.0163715,3.5658719363035978
1714079197.0164845,3.505151139365302
1714079197.0165973,3.4339209397633867
1714079197.0167103,3.3696969350179033
1714079197.016823,3.2902927310378463
1714079197.016936,3.2120563365794994
1714079197.0170488,3.129148924792254
1714079197.0171618,3.0380677293848106
1714079197.0172746,2.948154122741134
1714079197.0173876,2.854737529048213
1714079197.0175004,2.7554821085046837
1714079197.0176134,2.6608977052900524
1714079197.0177264,2.5593071072189892
1714079197.0178392,2.456548699626216
1714079197.0179522,2.347951906698721
1714079197.018065,2.2346840964423285
1714079197.018178,2.116745489614981
1714079197.0182908,1.990633099167435
1714079197.0184038,1.8645204879619457
1714079197.0185165,1.7337371905644734
1714079197.0186296,1.5982829862170749
1714079197.0187426,1.4604932732052271
1714079197.0188553,1.318032874001397
1714079197.0189683,1.1767401739403054
1714079197.019081,1.0331119652147647
1714079197.0191941,0.8836452607755307
1714079197.019307,0.7318431580508197
1714079197.01942,0.5706993518052277
1714079197.0195327,0.41305867058259466
1714079197.0196457,0.24724406776604826
1714079197.0197587,0.07909401147453873
1714079197.0198715,-0.09020609022290618
1714079197.0199845,-0.2594907250669267
1714079197.0200973,-0.4334452803488131
1714079197.0202103,-0.6050648512663664
1714079197.020323,-0.7766844497786627
1714079197.020436,-0.948304048290959
1714079197.0205488,-1.1187561132289745
1714079197.0206618,-1.2927107237003468
1714079197.0207748,-1.461995310253567
1714079197.0208876,-1.6347824423401442
1714079197.0210006,-1.8122393775869299
1714079197.0211134,-1.982691552903917
1714079197.0212264,-2.1578135313811124
1714079197.0213392,-2.3270982283133046
1714079197.0214522,-2.49288037971214
1714079197.021565,-2.6563275743413852
1714079197.021678,-2.8151048554314504
1714079197.0217907,-2.971547179751926
1714079197.0219038,-3.123319590533221
1714079197.0220168,-3.2704223085332798
1714079197.0221295,-3.418692173781218
1714079197.0222425,-3.5657946710233333
1714079197.0223553,-3.7058922979566784
1714079197.0224683,-3.84248760011461
1714079197.022581,-3.975580356739185
1714079197.022694,-4.101668022297047
1714079197.022807,-4.223086215831615
1714079197.02292,-4.3328294047602895
1714079197.023033,-4.4344001346164275
1714079197.0231457,-4.535970864472565
1714079197.0232587,-4.632871680789523
1714079197.0233715,-4.715762756488941
1714079197.0234845,-4.804491113733362
1714079197.0235972,-4.8803775398819536
1714079197.0237103,-4.953928788503011
1714079197.023823,-5.020474946057354
1714079197.023936,-5.082351631588406
1714079197.024049,-5.132553312513563
1714079197.0241618,-5.182754993438721
1714079197.0242748,-5.224784215291341
1714079197.0243876,-5.2586409780714245
1714079197.0245006,-5.288995636834038
1714079197.0246134,-5.310010027002405
1714079197.0247264,-5.3333595946983055
1714079197.0248392,-5.347369335315845
1714079197.0249522,-5.361379075933385
1714079197.025065,-5.368384167000099
1714079197.025178,-5.374221448545103
1714079197.025291,-5.375388816550926
1714079197.0254037,-5.373054080539279
1714079197.0255167,-5.369551535005923
1714079197.0256295,-5.361379075933385
1714079197.0257425,-5.346201967310022
1714079197.0258553,-5.331024858686659
1714079197.0259683,-5.310010027002405
1714079197.026081,-5.291330372845684
1714079197.026194,-5.266813437143961
1714079197.026307,-5.242296501442238
1714079197.0264199,-5.221281669757984
1714079197.026533,-5.19559692453455
1714079197.0266457,-5.16874525282118
1714079197.0267587,-5.14422787560357
1714079197.0268714,-5.115041026362666
1714079197.0269845,-5.087021545127586
1714079197.0270972,-5.055499518359149
1714079197.0272102,-5.022810123584888
1714079197.0273232,-4.987785551283094
1714079197.027436,-4.9527609789813
1714079197.027549,-4.92123939372875
1714079197.0276618,-4.88854999895449
1714079197.0277748,-4.860530076203522
1714079197.0278876,-4.833678404490152
1714079197.0280006,-4.8068262912608954
1714079197.0281134,-4.7799741780316385
1714079197.0282264,-4.750787328790735
1714079197.0283394,-4.719265302022298
1714079197.0284522,-4.687743275253861
1714079197.0285652,-4.65388607095789
1714079197.028678,-4.623531853711163
1714079197.028791,-4.590842458936903
1714079197.0289037,-4.5616551681801125
1714079197.0290167,-4.538305600484212
1714079197.0291295,-4.5137886647824885
1714079197.0292425,-4.4927738330982345
1714079197.0293553,-4.470592074924045
1714079197.0294683,-4.443739961694788
1714079197.0295813,-4.419222584477177
1714079197.029694,-4.3865331897029165
1714079197.029807,-4.357346340462013
1714079197.0299199,-4.329326859226933
1714079197.0300329,-4.298972200464319
1714079197.0301456,-4.272120087235062
1714079197.0302587,-4.247603151533339
1714079197.0303714,-4.224253583837438
1714079197.0304844,-4.205573929680718
1714079197.0305974,-4.178721816451461
1714079197.0307102,-4.151869703222204
1714079197.0308232,-4.1226828539813
1714079197.030936,-4.0888256496853295
1714079197.031049,-4.050298973366066
1714079197.0311618,-4.0141070330584485
1714079197.0312748,-3.974412988733362
1714079197.0313876,-3.9382210484257447
1714079197.0315006,-3.9020291081181275
1714079197.0316136,-3.8623346222771535
1714079197.0317264,-3.824975313963713
1714079197.0318394,-3.785280828122739
1714079197.0319521,-3.739749060736762
1714079197.0320652,-3.6907149685753713
1714079197.032178,-3.6358435948689776
1714079197.032291,-3.5809720004046404
1714079197.0324037,-3.5179279468677658
1714079197.0325167,-3.454884114088835
1714079197.0326295,-3.3906726925461377
1714079197.0327425,-3.3264612710034402
1714079197.0328555,-3.256412347157796
1714079197.0329683,-3.1898659688455084
1714079197.0330813,-3.1163147202244508
1714079197.033194,-3.03926114682798
1714079197.033307,-2.9645423094431558
1714079197.0334198,-2.874646363434968
1714079197.0335329,-2.785918006190547
1714079197.0336456,-2.6890169691156456
1714079197.0337586,-2.5897811960290977
1714079197.0338717,-2.49054542294255
1714079197.0339844,-2.386639736316822
1714079197.0340974,-2.2780639153939704
1714079197.0342102,-2.1718232719986528
1714079197.0343232,-2.059745126300388
1714079197.034436,-1.9429972878208865
1714079197.034549,-1.822746683050085
1714079197.0346618,-1.7001613422676367
1714079197.0347748,-1.5694035424126518
1714079197.0348878,-1.4351433074032818
1714079197.0350006,-1.2962131588547317
1714079197.0351136,-1.1537805751517967
1714079197.0352263,-1.0101805130640664
1714079197.0353394,-0.8607430590523614
1714079197.0354521,-0.7124730282359653
1714079197.0355651,-0.5642030526090551
1714079197.035678,-0.4065932223090419
1714079197.035791,-0.2524858271634137
1714079197.035904,-0.09721096743036199
1714079197.0360167,0.06508151138270342
1714079197.0361297,0.22739301677103393
1714079197.0362425,0.39787847134802073
1714079197.0363555,0.5695316526624891
1714079197.0364683,0.7423525055249531
1714079197.0365813,0.9140056592446786
1714079197.036694,1.0891619655821059
1714079197.036807,1.2561442675413907
1714079197.0369198,1.4242943790223863
1714079197.0370328,1.5947797784098872
1714079197.0371459,1.7605944916054053
1714079197.0372586,1.9264090944219516
1714079197.0373716,2.092223697238498
1714079197.0374844,2.261541507862232
1714079197.0375974,2.426188301157068
1714079197.0377102,2.594338302259092
1714079197.0378232,2.757817506790161
1714079197.037936,2.9119551181793213
1714079197.038049,3.0684281278539585
1714079197.038162,3.213223925343266
1714079197.0382748,3.3545167357833297
1714079197.0383878,3.4923063384162054
1714079197.0385005,3.6289283522853144
1714079197.0386136,3.756208331496627
1714079197.0387263,3.8904949470802586
1714079197.0388393,4.017775147049515
1714079197.038952,4.142720169491238
1714079197.0390651,4.259490966796875
1714079197.0391781,4.373926145059091
1714079197.039291,4.476684552651864
1714079197.039404,4.573604354151973
1714079197.0395167,4.668188978124547
1714079197.0396297,4.747592961346661
1714079197.0397425,4.828165195606372
1714079197.0398555,4.9040661917792425
1714079197.0399683,4.974128581859447
1714079197.0400813,5.040687984890408
1714079197.040194,5.1049117688779475
1714079197.040307,5.16329738828871
1714079197.04042,5.214676592085096
1714079197.0405328,5.260217189788818
1714079197.0406458,5.297584003872341
1714079197.0407586,5.331447389390733
1714079197.0408716,5.353634004239683
1714079197.0409844,5.3781557966161655
1714079197.0410974,5.395671614894161
1714079197.0412102,5.408516195085313
1714079197.0413232,5.420193407270643
1714079197.0414362,5.424864203841597
1714079197.041549,5.430702809934263
1714079197.041662,5.430702809934263
1714079197.0417747,5.430702809934263
1714079197.0418878,5.4236963943198875
1714079197.0420005,5.413186991656268
1714079197.0421135,5.399174601943404
1714079197.0422263,5.386329580236364
1714079197.0423393,5.37114938100179
1714079197.0424523,5.351298385196261
1714079197.042565,5.333783008434154
1714079197.042678,5.312764203106915
1714079197.042791,5.29408057530721
1714079197.042904,5.271894401974148
1714079197.0430167,5.249707787125199
1714079197.0431297,5.226353804270426
1714079197.0432425,5.206502808464898
1714079197.0433555,5.181980574572528
1714079197.0434682,5.15278798562509
1714079197.0435812,5.125930574205186
1714079197.0436943,5.097905794779459
1714079197.043807,5.06520977726689
1714079197.04392,5.038352365846987
1714079197.0440328,5.003321170806885
1714079197.0441458,4.977631568908691
1714079197.0442586,4.947271170439543
1714079197.0443716,4.925084997106481
1714079197.0444844,4.894724598637334
1714079197.0445974,4.8678671872174295
1714079197.0447104,4.843345394840947
1714079197.0448232,4.815320173899332
1714079197.0449362,4.787295394473605
1714079197.045049,4.754599376961036
1714079197.045162,4.724238978491889
1714079197.0452747,4.6997171861154055
1714079197.0453877,4.669356787646258
1714079197.0455005,4.647170172797309
1714079197.0456135,4.621480570899116
1714079197.0457265,4.598126588044343
1714079197.0458393,4.572436986146149
1714079197.0459523,4.54791475225378
1714079197.046065,4.518722163306342
1714079197.046178,4.488361764837194
1714079197.0462909,4.455665747324625
1714079197.046404,4.422970171327944
1714079197.0465167,4.390274153815375
1714079197.0466297,4.358745945824517
1714079197.0467427,4.326050369827835
1714079197.0468554,4.295689971358687
1714079197.0469685,4.264161763367829
1714079197.0470812,4.233801364898682
1714079197.0471942,4.196434550815158
1714079197.047307,4.160235546253346
1714079197.04742,4.1205335546422885
1714079197.0475328,4.076160766460277
1714079197.0476458,4.030620168756555
1714079197.0477586,3.980408332965992
1714079197.0478716,3.93486773526227
1714079197.0479846,3.8869919600310148
1714079197.0480974,3.8379479337621616
1714079197.0482104,3.787736539487485
1714079197.0483232,3.734022158163565
1714079197.0484362,3.6791397465599904
1714079197.048549,3.6160835513362177
1714079197.048662,3.5518595465907343
1714079197.0487747,3.480629346988819
1714079197.0488877,3.407063528343483
1714079197.0490007,3.3299949434068465
1714079197.0491135,3.2505907394267894
1714079197.0492265,3.168851137161255
1714079197.0493393,3.0859437253740096
1714079197.0494523,3.003036313586765
1714079197.049565,2.9131229277010315
1714079197.049678,2.8243769098211216
1714079197.0497909,2.723954121271769
1714079197.0499039,2.6246989214861833
1714079197.0500169,2.5172697173224554
1714079197.0501297,2.405169495829829
1714079197.0502427,2.29190190633138
1714079197.0503554,2.1716279012185553
1714079197.0504684,2.0501860865840205
1714079197.0505812,1.9264090944219516
1714079197.0506942,1.8026319918809113
1714079197.050807,1.6730162832472057
1714079197.05092,1.5410651763280232
1714079197.0510328,1.404443272837886
1714079197.0511458,1.2619828736340557
1714079197.0512588,1.1206900631939922
1714079197.0513716,0.9712233587547584
1714079197.0514846,0.8194213112195332
1714079197.0515974,0.665283755019859
1714079197.0517104,0.5064753470597444
1714079197.0518231,0.3488347210265972
1714079197.0519361,0.18535550269815657
1714079197.052049,0.026547125782127732
1714079197.052162,-0.14040773665463482
1714079197.052275,-0.30385495887862307
1714079197.0523877,-0.4696371378722014
1714079197.0525007,-0.6389217796149077
1714079197.0526135,-0.812876334896794
1714079197.0527265,-0.9856634669833713
1714079197.0528393,-1.1631204022301567
1714079197.0529523,-1.339409969471119
1714079197.053065,-1.5168669047179044
1714079197.053178,-1.6919889935740717
1714079197.053291,-1.8624409481331152
1714079197.0534039,-2.0363955586044877
1714079197.0535169,-2.2010103419975
1714079197.0536296,-2.369127450165925
1714079197.0537426,-2.5325746447951705
1714079197.0538554,-2.6925195146490024
1714079197.0539684,-2.8512967957390676
1714079197.0540812,-3.0112416655929
1714079197.0541942,-3.1665164011496083
1714079197.0543072,-3.31945640069467
1714079197.05442,-3.4665588979367854
1714079197.054533,-3.6031539793367737
1714079197.0546458,-3.7374143247251155
1714079197.0547588,-3.8670045358163336
1714079197.0548716,-3.9884227293509023
1714079197.0549846,-4.105170567830403
1714079197.0550973,-4.219583670298258
1714079197.0552104,-4.3269916816994
1714079197.0553231,-4.433232325094718
1714079197.0554361,-4.533635686945032
1714079197.0555491,-4.629369135256167
1714079197.055662,-4.716930124494764
1714079197.055775,-4.799821200194182
1714079197.0558877,-4.875707626342773
1714079197.0560007,-4.942253783897117
1714079197.0561135,-5.006465205439815
1714079197.0562265,-5.063671977431685
1714079197.0563393,-5.113873658356843
1714079197.0564523,-5.160572793748643
1714079197.0565653,-5.20143464759544
1714079197.056678,-5.239961323914704
1714079197.056791,-5.272650718688965
1714079197.0569038,-5.300670199924045
1714079197.0570168,-5.3228523996141215
1714079197.0571296,-5.341532053770842
1714079197.0572426,-5.354374426382559
1714079197.0573554,-5.363714253460919
1714079197.0574684,-5.368384167000099
1714079197.0575814,-5.366048989472565
1714079197.0576942,-5.361379075933385
1714079197.0578072,-5.353207058376736
1714079197.05792,-5.345034599304199
1714079197.058033,-5.331024858686659
1714079197.0581458,-5.314679940541585
1714079197.0582588,-5.301837567929868
1714079197.0583715,-5.280823177761501
1714079197.0584846,-5.262143523604781
1714079197.0585973,-5.239961323914704
1714079197.0587103,-5.217779124224627
1714079197.0588233,-5.19092701099537
1714079197.058936,-5.159404984226933
1714079197.0590491,-5.13021813498603
1714079197.059162,-5.0940261946784124
1714079197.059275,-5.064839345437509
1714079197.0593877,-5.032149950663248
1714079197.0595007,-5.004130469428168
1714079197.0596135,-4.973775810665554
1714079197.0597265,-4.94342115190294
1714079197.0598395,-4.917736848195394
1714079197.0599523,-4.88854999895449
1714079197.0600653,-4.8593627081976996
1714079197.060178,-4.826673313423439
1714079197.060291,-4.793983918649179
1714079197.0604038,-4.760127155869095
1714079197.0605168,-4.727437319578947
1714079197.0606296,-4.699417838343868
1714079197.0607426,-4.6678958115754305
1714079197.0608556,-4.6468814214070635
1714079197.0609684,-4.621196676183629
1714079197.0610814,-4.600182286015263
1714079197.0611942,-4.574497540791829
1714079197.0613072,-4.549980605090106
1714079197.06142,-4.520793314333315
1714079197.061533,-4.490439097086588
1714079197.0616457,-4.460084438323975
1714079197.0617588,-4.427395043549714
1714079197.0618718,-4.4017107398421675
1714079197.0619845,-4.374858626612911
1714079197.0620975,-4.35150905891701
1714079197.0622103,-4.329326859226933
1714079197.0623233,-4.305977291531033
1714079197.062436,-4.283795091840956
1714079197.062549,-4.255775610605875
1714079197.062662,-4.228923497376618
1714079197.062775,-4.196234102602358
1714079197.0628877,-4.162376898306388
1714079197.0630007,-4.1308553130538375
1714079197.0631137,-4.096998108757867
1714079197.0632265,-4.06547608198943
1714079197.0633395,-4.036289232748526
1714079197.0634522,-4.009437119519268
1714079197.0635653,-3.9767477247450085
1714079197.063678,-3.9417231524432146
1714079197.063791,-3.9055316536514844
1714079197.0639038,-3.8658371678105103
1714079197.0640168,-3.821472768430356
1714079197.0641298,-3.7736062650327327
1714079197.0642426,-3.7199020385742183
1714079197.0643556,-3.673202903182418
1714079197.0644684,-3.6171637199543136
1714079197.0645814,-3.5681296277929233
1714079197.0646942,-3.514425622092353
1714079197.0648072,-3.457219070858425
1714079197.06492,-3.4035148443999113
1714079197.065033,-3.3346335093180337
1714079197.065146,-3.265752174236156
1714079197.0652587,-3.1922009256150985
1714079197.0653718,-3.118649676994041
1714079197.0654845,-3.0334236445250333
1714079197.0655975,-2.9481976120560254
1714079197.0657103,-2.862971579587018
1714079197.0658233,-2.7742430015846535
1714079197.065936,-2.6820120988068754
1714079197.066049,-2.5897811960290977
1714079197.0661619,-2.489377834178783
1714079197.066275,-2.3901420610922353
1714079197.066388,-2.281566460927327
1714079197.0665007,-2.1729908607624195
1714079197.0666137,-2.0539078447553845
1714079197.0667264,-1.9336574607425265
1714079197.0668395,-1.8052345072781597
1714079197.0669522,-1.6768116641927648
1714079197.0670652,-1.5437189075681896
1714079197.067178,-1.4117937397073816
1714079197.067291,-1.2775335046980116
1714079197.067404,-1.1374358777646665
1714079197.0675168,-0.9985057292161164
1714079197.0676298,-0.8502356983997204
1714079197.0677426,-0.7054681579271952
1714079197.0678556,-0.54902583360672
1714079197.0679684,-0.39491843846109176
1714079197.0680814,-0.23263866702715555
1714079197.0681942,-0.06919144480316727
1714079197.0683072,0.09544193744659424
1714079197.0684202,0.2624242670006222
1714079197.068533,0.4294065965546502
1714079197.068646,0.5940535002284579
1714079197.0687587,0.7587004590917517
1714079197.0688717,0.9268504601937753
1714079197.0689845,1.0903296647248444
1714079197.0690975,1.2608151744913172
1714079197.0692103,1.4301328747360793
1714079197.0693233,1.606456880216245
1714079197.069436,1.7816131865536724
1714079197.069549,1.953266285083912
1714079197.069662,2.1260873035148338
1714079197.0697749,2.2930694950951467
1714079197.0698879,2.456548699626216
1714079197.0700006,2.617692505871808
1714079197.0701137,2.7753333250681558
1714079197.0702264,2.925967728650128
1714079197.0703394,3.078937530517578
1714079197.0704522,3.2307395228633173
1714079197.0705652,3.3790385281598123
1714079197.0706782,3.5273375334563077
1714079197.070791,3.6709657421818482
1714079197.070904,3.808755344814724
1714079197.0710168,3.9418741508766453
1714079197.0711298,4.064483554274947
1714079197.0712426,4.181254351580584
1714079197.0713556,4.292186542793556
1714079197.0714684,4.399615746957284
1714079197.0715814,4.496535548457393
1714079197.0716944,4.593455791473389
1714079197.0718071,4.686872164408365
1714079197.0719202,4.775618182288276
1714079197.072033,4.859692962081343
1714079197.072146,4.939097386819345
1714079197.0722587,5.0091597768995495
1714079197.0723717,5.072216192881266
1714079197.0724845,5.129434002770318
1714079197.0725975,5.180813206566705
1714079197.0727105,5.224018185227005
1714079197.0728233,5.264887986359772
1714079197.0729363,5.301086990921585
1714079197.073049,5.334950376439977
1714079197.073162,5.361807787859881
1714079197.0732749,5.389833008801495
1714079197.0733879,5.412019182134557
1714079197.0735006,5.429535000412552
1714079197.0736136,5.440044403076172
1714079197.0737264,5.4470503771746595
1714079197.0738394,5.44821818669637
1714079197.0739524,5.449385996218081
1714079197.0740652,5.444715199647126
1714079197.0741782,5.436541416026928
1714079197.074291,5.427199381369131
1714079197.074404,5.415522610699688
1714079197.0745168,5.403845398514359
1714079197.0746298,5.38399440270883
1714079197.0747426,5.3688142034742565
1714079197.0748556,5.348963207668728
1714079197.0749686,5.329112211863199
1714079197.0750813,5.30692559701425
1714079197.0751944,5.2824038046377675
1714079197.0753071,5.257881570745397
1714079197.0754201,5.22752117227625
1714079197.075533,5.202999379899766
1714079197.075646,5.171471171908908
1714079197.0757587,5.143446392483181
1714079197.0758717,5.115421171541567
1714079197.0759847,5.089731569643374
1714079197.0760975,5.060538980695936
1714079197.0762105,5.034849378797743
1714079197.0763233,5.006824599372016
1714079197.0764363,4.977631568908691
1714079197.076549,4.950774599004674
1714079197.076662,4.92158156854135
1714079197.0767748,4.893556789115623
1714079197.0768878,4.860860771603054
1714079197.0770006,4.8316681826556165
1714079197.0771136,4.802475593708179
1714079197.0772266,4.774450372766565
1714079197.0773394,4.747592961346661
1714079197.0774524,4.724238978491889
1714079197.0775652,4.70205236364294
1714079197.0776782,4.6763627617447465
1714079197.077791,4.651840969368263
1714079197.077904,4.621480570899116
1714079197.0780168,4.5946231594792115
1714079197.0781298,4.563094951488353
1714079197.0782428,4.532734553019205
1714079197.0783556,4.501206786544234
1714079197.0784686,4.474349375124331
1714079197.0785813,4.446324154182716
1714079197.0786943,4.4194671842787
1714079197.078807,4.392609772858796
1714079197.0789201,4.362249374389648
1714079197.079033,4.334224153448034
1714079197.079146,4.298025148886222
1714079197.079259,4.264161763367829
1714079197.0793717,4.222124152713351
1714079197.0794847,4.181254351580584
1714079197.0795975,4.1392167409261065
1714079197.0797105,4.097179571787516
1714079197.0798233,4.058644948182282
1714079197.0799363,4.015439969521982
1714079197.080049,3.972234549345793
1714079197.080162,3.9266939516420716
1714079197.080275,3.877650366889106
1714079197.0803878,3.823935544049298
1714079197.0805008,3.7713885307312007
1714079197.0806136,3.7071647467436613
1714079197.0807266,3.645276140283655
1714079197.0808394,3.5798845467744047
1714079197.0809524,3.514492732507211
1714079197.0810652,3.4467657407124834
1714079197.0811782,3.3767031298743353
1714079197.081291,3.3066407397941306
1714079197.081404,3.22840412457784
1714079197.081517,3.1525031284049705
1714079197.0816298,3.0684281278539585
1714079197.0817428,2.977346932446515
1714079197.0818555,2.8850979275173607
1714079197.0819685,2.7858425069738315
1714079197.0820813,2.6842519089027688
1714079197.0821943,2.579158103024518
1714079197.082307,2.4752321066679777
1714079197.08242,2.3631321059332953
1714079197.0825331,2.251032105198613
1714079197.082646,2.1330934983712653
1714079197.082759,2.017490289829395
1714079197.0828717,1.8925454881456163
1714079197.0829847,1.7629298898908825
1714079197.0830975,1.6263079864007455
1714079197.0832105,1.485015175960682
1714079197.0833232,1.3425547767568518
1714079197.0834363,1.1965911697458338
1714079197.0835493,1.0471244653065999
1714079197.083662,0.8929869091069256
1714079197.083775,0.7388494080967373
1714079197.0838878,0.5847118518970631
1714079197.0840008,0.4294065965546502
1714079197.0841136,0.26943051704653986
1714079197.0842266,0.10244818749251189
1714079197.0843394,-0.05868412554264068
1714079197.0844524,-0.23380614541195055
1714079197.0845652,-0.4019233087698618
1714079197.0846782,-0.5770453148418002
1714079197.0847912,-0.7486649133540966
1714079197.084904,-0.9249544254055729
1714079197.085017,-1.0965740239178692
1714079197.0851297,-1.2693611560044464
1714079197.0852427,-1.4386457425576669
1714079197.0853555,-1.6079303291108873
1714079197.0854685,-1.7760475476582844
1714079197.0855813,-1.9441646558267098
1714079197.0856943,-2.113449352758902
1714079197.0858073,-2.2827338289331505
1714079197.08592,-2.4461812443203397
1714079197.086033,-2.613130763724998
1714079197.0861459,-2.7742430015846535
1714079197.086259,-2.933020503432662
1714079197.0863717,-3.0871278709835472
1714079197.0864847,-3.235397736231486
1714079197.0865974,-3.381332865467778
1714079197.0867105,-3.520262903637356
1714079197.0868235,-3.6568582057952876
1714079197.0869362,-3.787616005650273
1714079197.0870492,-3.920708762274848
1714079197.087162,-4.044461691821063
1714079197.087275,-4.1682146213672775
1714079197.0873878,-4.284962459846779
1714079197.0875008,-4.394705648775454
1714079197.0876136,-4.499778924164948
1714079197.0877266,-4.594344562954372
1714079197.0878396,-4.685408097726327
1714079197.0879524,-4.765964437414098
1714079197.0880654,-4.845352967580159
1714079197.0881782,-4.9130669346562135
1714079197.0882912,-4.980780901732268
1714079197.088404,-5.0403224097357855
1714079197.088517,-5.097528740211769
1714079197.0886297,-5.148897789142749
1714079197.0887427,-5.1897596429895465
1714079197.0888555,-5.230621496836344
1714079197.0889685,-5.263310891610605
1714079197.0890815,-5.292497740851508
1714079197.0891943,-5.310010027002405
1714079197.0893073,-5.329857490680835
1714079197.08942,-5.340364685765019
1714079197.089533,-5.350871880849202
1714079197.0896459,-5.355541794388382
1714079197.0897589,-5.357876971915916
1714079197.0898716,-5.354374426382559
1714079197.0899847,-5.352039248855025
1714079197.0900977,-5.345034599304199
1714079197.0902104,-5.335694772225839
1714079197.0903234,-5.325187577141655
1714079197.0904362,-5.310010027002405
1714079197.0905492,-5.292497740851508
1714079197.090662,-5.271483350683141
1714079197.090775,-5.245798605459707
1714079197.0908878,-5.220114301752161
1714079197.0910008,-5.19559692453455
1714079197.0911138,-5.166410075293647
1714079197.0912266,-5.140725330070213
1714079197.0913396,-5.113873658356843
1714079197.0914524,-5.087021545127586
1714079197.0915654,-5.059002063892505
1714079197.0916781,-5.033317318669072
1714079197.0917912,-5.001795291900635
1714079197.091904,-4.969105897126374
1714079197.092017,-4.936416502352114
1714079197.0921297,-4.90139193005032
1714079197.0922427,-4.866367799264413
1714079197.0923557,-4.833678404490152
1714079197.0924685,-4.8009885682000055
1714079197.0925815,-4.7741368964866355
1714079197.0926943,-4.746117415251555
1714079197.0928073,-4.720432670028121
1714079197.09292,-4.693580556798864
1714079197.093033,-4.6678958115754305
1714079197.0931458,-4.637541594328703
1714079197.0932589,-4.6083547450878
1714079197.0933719,-4.576832718319363
1714079197.0934846,-4.548813237084283
1714079197.0935977,-4.5196259463274915
1714079197.0937104,-4.491606465092412
1714079197.0938234,-4.468256897396511
1714079197.0939362,-4.447242065712257
1714079197.0940492,-4.425060307538067
1714079197.094162,-4.4075480213871705
1714079197.094275,-4.38303064416956
1714079197.094388,-4.35617897245619
1714079197.0945008,-4.329326859226933
1714079197.0946138,-4.296637464452672
1714079197.0947266,-4.267450173695882
1714079197.0948396,-4.235928146927445
1714079197.0949523,-4.205573929680718
1714079197.0950654,-4.179889184457284
1714079197.0951781,-4.151869703222204
1714079197.0952911,-4.128520135526304
1714079197.0954041,-4.100500654291223
1714079197.095517,-4.070145995528609
1714079197.09563,-4.038623968760172
1714079197.0957427,-4.000097292440909
1714079197.0958557,-3.961570616121645
1714079197.0959685,-3.920708762274848
1714079197.0960815,-3.876344362894694
1714079197.0961943,-3.8343151410420733
1714079197.0963073,-3.7922859191894527
1714079197.09642,-3.749088887815122
1714079197.096533,-3.7058922979566784
1714079197.096646,-3.660360530570701
1714079197.0967588,-3.6089914816397206
1714079197.0968719,-3.554119887175383
1714079197.0969846,-3.4945783791718656
1714079197.0970976,-3.431534546392935
1714079197.0972104,-3.3626532113110574
1714079197.0973234,-3.290269330695823
1714079197.0974362,-3.2178856708385326
1714079197.0975492,-3.143166833453708
1714079197.0976622,-3.0707831735964173
1714079197.097775,-2.993729379442003
1714079197.097888,-2.9108383037425853
1714079197.0980008,-2.8302821848127575
1714079197.0981138,-2.74272119557416
1714079197.0982265,-2.650490292796382
1714079197.0983396,-2.5524218877156573
1714079197.0984523,-2.4496835690957526
1714079197.0985653,-2.343442925700435
1714079197.0986784,-2.23369973677176
1714079197.0987911,-2.122789179837262
1714079197.0989041,-2.007208709363584
1714079197.099017,-1.8904606501261392
1714079197.09913,-1.7678751989647192
1714079197.0992427,-1.6487921829576844
1714079197.0993557,-1.5180343831026994
1714079197.0994685,-1.3872765832477145
1714079197.0995815,-1.2506813914687545
1714079197.0996943,-1.1070813293810242
1714079197.0998073,-0.9623137889084992
1714079197.0999203,-0.808206421357614
1714079197.100033,-0.6552665321915238
1714079197.100146,-0.49999163106635763
1714079197.1002588,-0.34121432238154936
1714079197.1003718,-0.1871069410332927
1714079197.1004846,-0.028329637522498764
1714079197.1005976,0.1304731876761825
1714079197.1007104,0.2904492671842928
1714079197.1008234,0.4574315967383208
1714079197.1009364,0.6209108012693899
1714079197.1010492,0.7925640101786012
1714079197.1011622,0.9642171638983267
1714079197.101275,1.133534864143089
1714079197.101388,1.3075234713377775
1714079197.1015007,1.4791766802469888
1714079197.1016138,1.6461589822062739
1714079197.1017265,1.815476792830008
1714079197.1018395,1.9731175016473839
1714079197.1019526,2.1377642949422198
1714079197.1020653,2.2965727029023344
1714079197.1021783,2.455381110862449
1714079197.102291,2.618860315393518
1714079197.102404,2.777668723353633
1714079197.102517,2.9364771313137474
1714079197.10263,3.091782331466675
1714079197.1027427,3.24008133676317
1714079197.1028557,3.388380342059665
1714079197.1029685,3.528505342978018
1714079197.1030815,3.6592887507544622
1714079197.1031945,3.788904349009196
1714079197.1033072,3.912681561929208
1714079197.1034203,4.03645877484922
1714079197.103533,4.15439694016068
1714079197.103646,4.270000369460494
1714079197.1037588,4.382100370195176
1714079197.1038718,4.490697383880615
1714079197.1039846,4.5899523629082575
1714079197.1040976,4.686872164408365
1714079197.1042106,4.769779576195611
1714079197.1043234,4.852686987982856
1714079197.1044364,4.9227493780630605
1714079197.1045492,4.98814097157231
1714079197.1046622,5.053532565081561
1714079197.104775,5.107247387921368
1714079197.104888,5.162129578766999
1714079197.1050007,5.213508782563386
1714079197.1051137,5.257881570745397
1714079197.1052268,5.2964161943506305
1714079197.1053395,5.3326151989124435
1714079197.1054525,5.358304800810637
1714079197.1055653,5.3781557966161655
1714079197.1056783,5.396838982899983
1714079197.105791,5.408516195085313
1714079197.105904,5.417857788227222
1714079197.1060169,5.422528584798177
1714079197.10613,5.426032013363308
1714079197.106243,5.427199381369131
1714079197.1063557,5.427199381369131
1714079197.1064687,5.420193407270643
1714079197.1065814,5.4143548011779785
1714079197.1066945,5.406180576041892
1714079197.1068072,5.391000376807319
1714079197.1069202,5.380490974143699
1714079197.107033,5.359472610332348
1714079197.107146,5.340788982532642
1714079197.1072588,5.319770177205403
1714079197.1073718,5.292913207301387
1714079197.1074848,5.267223605403194
1714079197.1075976,5.245036990554244
1714079197.1077106,5.220515198177761
1714079197.1078234,5.194825596279568
1714079197.1079364,5.169135994381374
1714079197.1080492,5.144614202004892
1714079197.1081622,5.117756790584988
1714079197.108275,5.090899379165084
1714079197.108388,5.062874599739357
1714079197.108501,5.031346391748499
1714079197.1086137,5.002153802801061
1714079197.1087267,4.971792962816026
1714079197.1088395,4.939097386819345
1714079197.1089525,4.91107216587773
1714079197.1090653,4.884215195973714
1714079197.1091783,4.85735778455381
1714079197.109291,4.8316681826556165
1714079197.109404,4.805978580757423
1714079197.109517,4.7814567883809405
1714079197.1096299,4.754599376961036
1714079197.1097429,4.724238978491889
1714079197.1098557,4.696213757550274
1714079197.1099687,4.665853359081127
1714079197.1100814,4.634325592606156
1714079197.1101944,4.608635990707962
1714079197.1103072,4.579442960244638
1714079197.1104202,4.556088977389865
1714079197.110533,4.531567185013382
1714079197.110646,4.507044951121012
1714079197.110759,4.480187981216996
1714079197.1108718,4.4533305697970915
1714079197.1109848,4.422970171327944
1714079197.1110976,4.391441963337085
1714079197.1112106,4.354075149253562
1714079197.1113234,4.322547382778591
1714079197.1114364,4.285180568695068
1714079197.1115491,4.251316741660789
1714079197.1116621,4.218621165664107
1714079197.1117752,4.183589970624005
1714079197.111888,4.150893953111436
1714079197.112001,4.11119196150038
1714079197.1121137,4.0703221603676125
1714079197.1122267,4.025949372185601
1714079197.1123395,3.9769053459167476
1714079197.1124525,3.9290295706854925
1714079197.1125653,3.874146938323974
1714079197.1126783,3.8169291284349227
1714079197.1127913,3.7655503661544234
1714079197.112904,3.7059969372219506
1714079197.113017,3.6499469368546094
1714079197.1131299,3.5892261399163137
1714079197.1132429,3.5273375334563077
1714079197.1133556,3.45961054166158
1714079197.1134686,3.3872125325379545
1714079197.1135814,3.3089761380796077
1714079197.1136944,3.22840412457784
1714079197.1138074,3.140826136977584
1714079197.1139202,3.0544155173831515
1714079197.1140332,2.9609989236902305
1714079197.114146,2.869917728282787
1714079197.114259,2.7741655155464455
1714079197.1143718,2.6749103157608594
1714079197.1144848,2.5733197176897966
1714079197.1145976,2.4693935005753125
1714079197.1147106,2.3561259110768633
1714079197.1148233,2.24169029129876
1714079197.1149364,2.1202486974221686
1714079197.1150494,1.9953038957383897
1714079197.1151621,1.866855886247423
1714079197.1152751,1.7337371905644734
1714079197.115388,1.6017860836452906
1714079197.115501,1.4639964810124149
1714079197.1156137,1.3227036705723514
1714079197.1157267,1.1849140679394756
1714079197.1158395,1.0389504609284577
1714079197.1159525,0.891819209964187
1714079197.1160655,0.7376816537645128
1714079197.1161783,0.5800410001366226
1714079197.1162913,0.4200649206285123
1714079197.116404,0.25541801695470456
1714079197.116517,0.08610026841914212
1714079197.1166298,-0.07969876406369385
1714079197.1167428,-0.25015087039382367
1714079197.1168556,-0.41943551213652996
1714079197.1169686,-0.5898876322640313
1714079197.1170816,-0.7603397523915326
1714079197.1171944,-0.9342943076734189
1714079197.1173074,-1.1070813293810242
1714079197.1174202,-1.2833708966219866
1714079197.1175332,-1.454990439944797
1714079197.117646,-1.6324474855705542
1714079197.117759,-1.8075694640477498
1714079197.1178718,-1.982691552903917
1714079197.1179848,-2.1578135313811124
1714079197.1180975,-2.3247632715437145
1714079197.1182106,-2.49288037971214
1714079197.1183236,-2.652825249565972
1714079197.1184363,-2.8080999851226807
1714079197.1185493,-2.9645423094431558
1714079197.118662,-3.118649676994041
1714079197.1187751,-3.266919762999923
1714079197.118888,-3.415189849005805
1714079197.119001,-3.55995738947833
1714079197.1191137,-3.7012223844174983
1714079197.1192267,-3.836650318569607
1714079197.1193397,-3.962737984127468
1714079197.1194525,-4.087658281679507
1714079197.1195655,-4.203238752153184
1714079197.1196783,-4.312981941081859
1714079197.1197913,-4.418055216471354
1714079197.119904,-4.516123400794135
1714079197.120017,-4.61302465862698
1714079197.1201298,-4.701753015871401
1714079197.1202428,-4.786978827582465
1714079197.1203558,-4.871037712803593
1714079197.1204686,-4.9445889614246505
1714079197.1205816,-5.014637664512351
1714079197.1206944,-5.076513908527515
1714079197.1208074,-5.13021813498603
1714079197.1209202,-5.182754993438721
1714079197.1210332,-5.221281669757984
1714079197.121146,-5.256306242059778
1714079197.121259,-5.290163004839862
1714079197.121372,-5.314679940541585
1714079197.1214848,-5.339197317759195
1714079197.1215978,-5.356709162394205
1714079197.1217105,-5.368384167000099
1714079197.1218235,-5.380059171605993
1714079197.1219363,-5.3858964531509965
1714079197.1220493,-5.383561275623462
1714079197.122162,-5.383561275623462
1714079197.122275,-5.376556626072636
1714079197.122388,-5.363714253460919
1714079197.122501,-5.349704512843379
1714079197.122614,-5.329857490680835
1714079197.1227267,-5.314679940541585
1714079197.1228397,-5.291330372845684
1714079197.1229525,-5.265646069138138
1714079197.1230655,-5.246966414981418
1714079197.1231782,-5.221281669757984
1714079197.1232913,-5.19559692453455
1714079197.123404,-5.174582534366183
1714079197.123517,-5.145395243609393
1714079197.12363,-5.113873658356843
1714079197.1237428,-5.0835189995942285
1714079197.1238558,-5.048494427292435
1714079197.1239686,-5.016972400523998
1714079197.1240816,-4.983115637743914
1714079197.1241944,-4.9504262429696535
1714079197.1243074,-4.92007158420704
1714079197.1244202,-4.8920521029719595
1714079197.1245332,-4.86403262173688
1714079197.1246462,-4.837180508507623
1714079197.124759,-4.807993659266719
1714079197.124872,-4.782308914043285
1714079197.1249847,-4.747284783257379
1714079197.1250978,-4.719265302022298
1714079197.1252105,-4.685408097726327
1714079197.1253235,-4.65388607095789
1714079197.1254363,-4.62236448570534
1714079197.1255493,-4.5990144764935526
1714079197.125662,-4.569827627252649
1714079197.125775,-4.547645427562572
1714079197.125888,-4.527798405400029
1714079197.126001,-4.502113660176595
1714079197.126114,-4.474094178941514
1714079197.1262267,-4.450744611245614
1714079197.1263397,-4.422725130010534
1714079197.1264524,-4.38886836723045
1714079197.1265655,-4.3596810764736595
1714079197.1266782,-4.329326859226933
1714079197.1267912,-4.300139568470142
1714079197.1269042,-4.276790000774242
1714079197.127017,-4.252273065072519
1714079197.12713,-4.230090865382442
1714079197.1272428,-4.204406561674895
1714079197.1273558,-4.177554448445638
1714079197.1274686,-4.148367157688847
1714079197.1275816,-4.114510394908764
1714079197.1276944,-4.078318454601146
1714079197.1278074,-4.044461691821063
1714079197.1279204,-4.0082697515134456
1714079197.1280332,-3.9720778112058284
1714079197.1281462,-3.9405557844373913
1714079197.128259,-3.904363844129774
1714079197.128372,-3.8705070813496905
1714079197.1284847,-3.83314777303625
1714079197.1285977,-3.788783373656096
1714079197.1287105,-3.7420842382642956
1714079197.1288235,-3.695385102872495
1714079197.1289363,-3.6381785516385676
1714079197.1290493,-3.5809720004046404
1714079197.1291623,-3.5214304924011226
1714079197.129275,-3.4595540276280152
1714079197.129388,-3.398844930860731
1714079197.1295009,-3.3369684660876238
1714079197.1296139,-3.271589676539103
1714079197.1297266,-3.2003733846876354
1714079197.1298397,-3.1268221360665778
1714079197.1299524,-3.0486009739063404
1714079197.1300654,-2.966877266212746
1714079197.1301785,-2.876981320204558
1714079197.1302912,-2.785918006190547
1714079197.1304042,-2.6901845578794124
1714079197.130517,-2.5897811960290977
1714079197.13063,-2.49054542294255
1714079197.1307428,-2.386639736316822
1714079197.1308558,-2.2839014176969172
1714079197.1309686,-2.177660774301599
1714079197.1310816,-2.062080083069978
1714079197.1311946,-1.9476672013600667
1714079197.1313074,-1.82391416143488
1714079197.1314204,-1.7001613422676367
1714079197.1315331,-1.5694035424126518
1714079197.1316462,-1.4316408722488967
1714079197.131759,-1.2950456804699366
1714079197.131872,-1.1537805751517967
1714079197.1319847,-1.0101805130640664
1714079197.1320977,-0.8665804509763364
1714079197.1322107,-0.7183104201599403
1714079197.1323235,-0.5700404445330302
1714079197.1324365,-0.420602990521325
1714079197.1325493,-0.2653281169909018
1714079197.1326623,-0.10888577197436933
1714079197.132775,0.055739842355251305
1714079197.132888,0.22038675292774482
1714079197.1330009,0.3908722213021031
1714079197.1331139,0.5601899491416084
1714079197.1332266,0.7283400054331178
1714079197.1333396,0.897657760867366
1714079197.1334527,1.0681432706338387
1714079197.1335654,1.2304547760221693
1714079197.1336784,1.3974370779814542
1714079197.1337912,1.562083981655262
1714079197.1339042,1.7267308853290697
1714079197.134017,1.8948808864310935
1714079197.13413,2.0618632987693504
1714079197.1342428,2.230013299871374
1714079197.1343558,2.399331110495108
1714079197.1344688,2.5604749167407
1714079197.1345816,2.722786311750059
1714079197.1346946,2.879259321424696
1714079197.1348073,3.0275583267211914
1714079197.1349204,3.1758573320176864
1714079197.1350331,3.313646934650562
1714079197.1351461,3.4537719355689154
1714079197.135259,3.591561538201791
1714079197.135372,3.724680565021656
1714079197.135485,3.8589667390894005
1714079197.1355977,3.9885825581020775
1714079197.1357107,4.110024151978669
1714079197.1358235,4.229130568327727
1714079197.1359365,4.338894950018989
1714079197.1360493,4.4393181800842285
1714079197.1361623,4.536237981584336
1714079197.136275,4.62615136747007
1714079197.136388,4.709058779257315
1714079197.1365008,4.79196619104456
1714079197.1366138,4.866699377695719
1714079197.1367269,4.941432564346878
1714079197.1368396,5.01032758642126
1714079197.1369526,5.073384002402976
1714079197.1370654,5.132936989819561
1714079197.1371784,5.184316193615948
1714079197.1372912,5.22752117227625
1714079197.1374042,5.266055795881483
1714079197.137517,5.299919181399875
1714079197.13763,5.325608783298068
1714079197.137743,5.354801813761393
1714079197.1378558,5.374652809566921
1714079197.1379688,5.389833008801495
1714079197.1380816,5.408516195085313
1714079197.1381946,5.4190255977489326
1714079197.1383073,5.427199381369131
1714079197.1384203,5.431870177940086
1714079197.138533,5.429535000412552
1714079197.1386461,5.427199381369131
1714079197.1387591,5.417857788227222
1714079197.138872,5.408516195085313
1714079197.138985,5.393335995850739
1714079197.1390977,5.374652809566921
1714079197.1392107,5.357136991288926
1714079197.1393235,5.337285995483398
1714079197.1394365,5.31743499967787
1714079197.1395493,5.297584003872341
1714079197.1396623,5.2730622114958585
1714079197.1397753,5.252043406168619
1714079197.139888,5.228688981797959
1714079197.140001,5.201831570378056
1714079197.1401138,5.174974600474039
1714079197.1402268,5.149284998575846
1714079197.1403396,5.118924600106698
1714079197.1404526,5.090899379165084
1714079197.1405654,5.062874599739357
1714079197.1406784,5.034849378797743
1714079197.1407912,5.004488980328595
1714079197.1409042,4.979967187952112
1714079197.1410172,4.957780573103163
1714079197.14113,4.930923161683259
1714079197.141243,4.905233559785065
1714079197.1413558,4.878376589881049
1714079197.1414688,4.849183559417725
1714079197.1415815,4.8223265895137075
1714079197.1416945,4.79196619104456
1714079197.1418073,4.761605792575412
1714079197.1419203,4.733580571633798
1714079197.1420333,4.70205236364294
1714079197.142146,4.679866190309878
1714079197.1422591,4.654176588411684
1714079197.142372,4.629654354519314
1714079197.142485,4.608635990707962
1714079197.1425977,4.581778579288058
1714079197.1427107,4.5537533583464445
1714079197.1428235,4.525728578920718
1714079197.1429365,4.493032561408149
1714079197.1430495,4.460336985411467
1714079197.1431623,4.431143954948142
1714079197.1432753,4.398448378951461
1714079197.143388,4.369255348488136
1714079197.143501,4.340062759540698
1714079197.1436138,4.30853455154984
1714079197.1437268,4.279341962602403
1714079197.1438396,4.246645945089835
1714079197.1439526,4.206943953478778
1714079197.1440654,4.169577139395255
1714079197.1441784,4.126372160734953
1714079197.1442914,4.080831563031231
1714079197.1444042,4.037626142855044
1714079197.1445172,3.9885825581020775
1714079197.14463,3.940706341354935
1714079197.144743,3.8928305661236795
1714079197.1448557,3.847289968419958
1714079197.1449687,3.797078132629394
1714079197.1450815,3.743363751305474
1714079197.1451945,3.683810543130945
1714079197.1453075,3.6265927332418935
1714079197.1454203,3.5576979319254556
1714079197.1455333,3.489970940130728
1714079197.145646,3.4164053422433356
1714079197.145759,3.3475105409268977
1714079197.1458719,3.26693852742513
1714079197.145985,3.1922051200160273
1714079197.1460977,3.1151365350793907
1714079197.1462107,3.028725915484958
1714079197.1463237,2.942315516648469
1714079197.1464365,2.854737529048213
1714079197.1465495,2.756649918026394
1714079197.1466622,2.6527239216698537
1714079197.1467752,2.54879770455537
1714079197.146888,2.43436230553521
1714079197.147001,2.3234298935642945
1714079197.1471138,2.2043236979731806
1714079197.1472268,2.086385091145833
1714079197.1473398,1.9661110860330087
1714079197.1474526,1.8388308860637523
1714079197.1475656,1.7103829869517573
1714079197.1476784,1.5807672783180517
1714079197.1477914,1.4394745782569602
1714079197.1479042,1.2993495773386072
1714079197.1480172,1.1533859703275893
1714079197.14813,1.001583867602878
1714079197.148243,0.8486140105459424
1714079197.1483557,0.692141056060791
1714079197.1484687,0.5345004024329009
1714079197.1485817,0.37569199447278623
1714079197.1486945,0.21571592876204737
1714079197.1488075,0.05340442337371685
1714079197.1489203,-0.11005325035916434
1714079197.1490333,-0.27466797166400486
1714079197.149146,-0.44045015065758314
1714079197.149259,-0.6109022431903415
1714079197.1493719,-0.7825218417026378
1714079197.1494849,-0.9576438753693192
1714079197.149598,-1.1327659642254864
1714079197.1497107,-1.3043855075482969
1714079197.1498237,-1.477172639634874
1714079197.1499364,-1.6464572261880943
1714079197.1500494,-1.8122393775869299
1714079197.1501622,-1.982691552903917
1714079197.1502752,-2.146138747533162
1714079197.150388,-2.3095859421624074
1714079197.150501,-2.4753680935612428
1714079197.150614,-2.637647920184665
1714079197.1507268,-2.8022627035776773
1714079197.1508398,-2.9622073526735657
1714079197.1509526,-3.120984633763631
1714079197.1510656,-3.273924633308693
1714079197.1511784,-3.421027130550808
1714079197.1512914,-3.5669622597871
1714079197.1514041,-3.6988874276479082
1714079197.1515172,-3.8343151410420733
1714079197.15163,-3.958068070588288
1714079197.151743,-4.081821000134503
1714079197.151856,-4.200904016141538
1714079197.1519687,-4.312981941081859
1714079197.1520817,-4.426227675543891
1714079197.1521945,-4.526631037394205
1714079197.1523075,-4.6258665897228095
1714079197.1524203,-4.714595388483118
1714079197.1525333,-4.798653832188359
1714079197.152646,-4.875707626342773
1714079197.152759,-4.94342115190294
1714079197.152872,-5.008800382967348
1714079197.1529849,-5.064839345437509
1714079197.1530979,-5.118543571896023
1714079197.1532106,-5.165242707287823
1714079197.1533237,-5.20960666515209
1714079197.1534364,-5.246966414981418
1714079197.1535494,-5.278488000233968
1714079197.1536622,-5.307675290990758
1714079197.1537752,-5.329857490680835
1714079197.1538882,-5.347369335315845
1714079197.154001,-5.360211707927562
1714079197.154114,-5.368384167000099
1714079197.1542268,-5.369551535005923
1714079197.1543398,-5.368384167000099
1714079197.1544526,-5.366048989472565
1714079197.1545656,-5.357876971915916
1714079197.1546783,-5.352039248855025
1714079197.1547914,-5.336862140231662
1714079197.1549044,-5.324019767619945
1714079197.1550171,-5.308842658996582
1714079197.1551301,-5.294832918379042
1714079197.155243,-5.272650718688965
1714079197.155356,-5.252803696526421
1714079197.1554687,-5.22361640576963
1714079197.1555817,-5.197932102062084
1714079197.1556945,-5.166410075293647
1714079197.1558075,-5.132553312513563
1714079197.1559203,-5.103366021756773
1714079197.1560333,-5.070676626982512
1714079197.1561463,-5.042657145747432
1714079197.156259,-5.011135118978994
1714079197.156372,-4.983115637743914
1714079197.1564848,-4.956263524514657
1714079197.1565979,-4.9235741297403965
1714079197.1567106,-4.894387280499493
1714079197.1568236,-4.860530076203522
1714079197.1569364,-4.826673313423439
1714079197.1570494,-4.790481373115822
1714079197.1571624,-4.760127155869095
1714079197.1572752,-4.728605129100658
1714079197.1573882,-4.700585647865577
1714079197.157501,-4.6737335346363205
1714079197.157614,-4.651551334946244
1714079197.1577268,-4.63053650326199
1714079197.1578398,-4.60251702202691
1714079197.1579525,-4.578000086325186
1714079197.1580656,-4.548813237084283
1714079197.1581786,-4.518458578321669
1714079197.1582913,-4.489271729080765
1714079197.1584044,-4.4554145247847945
1714079197.1585171,-4.429730221077247
1714079197.1586301,-4.404045475853814
1714079197.158743,-4.38419845369127
1714079197.158856,-4.363183622007017
1714079197.1589687,-4.339834054311116
1714079197.1590817,-4.319987032148573
1714079197.1591945,-4.290799741391782
1714079197.1593075,-4.2639480696784124
1714079197.1594205,-4.233593410915798
1714079197.1595333,-4.200904016141538
1714079197.1596463,-4.1682146213672775
1714079197.159759,-4.13669259459884
1714079197.159872,-4.10750530384205
1714079197.1599848,-4.077151086595323
1714079197.1600978,-4.051466341371889
1714079197.1602106,-4.018776946597629
1714079197.1603236,-3.9884227293509023
1714079197.1604366,-3.9510629795215744
1714079197.1605494,-3.9113689351964878
1714079197.1606624,-3.8670045358163336
1714079197.1607752,-3.81913803241871
1714079197.1608882,-3.7724388970269094
1714079197.161001,-3.7222372161017523
1714079197.161114,-3.673202903182418
1714079197.1612267,-3.6218338542514377
1714079197.1613398,-3.5751344981016935
1714079197.1614528,-3.5214304924011226
1714079197.1615655,-3.4630563524034286
1714079197.1616786,-3.404682433163678
1714079197.1617913,-3.3369684660876238
1714079197.1619043,-3.268087131005746
1714079197.162017,-3.1945358823846886
1714079197.16213,-3.115147352218628
1714079197.162243,-3.0345912332888
1714079197.162356,-2.951700157589382
1714079197.1624687,-2.867641493126198
1714079197.1625817,-2.781248092651367
1714079197.1626947,-2.6948544714185925
1714079197.1628075,-2.6002886118712247
1714079197.1629205,-2.5022202067905
1714079197.1630332,-2.4029844337039523
1714079197.1631463,-2.2932412447752775
1714079197.163259,-2.1823306878407793
1714079197.163372,-2.0632476718337447
1714079197.1634848,-1.9429972878208865
1714079197.1635978,-1.8145743343565197
1714079197.1637108,-1.6919889935740717
1714079197.1638236,-1.5600637153342918
1714079197.1639366,-1.4281384370945118
1714079197.1640494,-1.2938782020851416
1714079197.1641624,-1.1549480535365917
1714079197.1642752,-1.0148504266032465
1714079197.1643882,-0.8642454942067463
1714079197.164501,-0.7136405066207603
1714079197.164614,-0.5571981823002851
1714079197.164727,-0.39725339523068176
1714079197.1648397,-0.23497362379674558
1714079197.1649528,-0.07386136524103305
1714079197.1650655,0.08960339344210094
1714079197.1651785,0.25892114197766336
1714079197.1652913,0.42240034650873254
1714079197.1654043,0.5847118518970631
1714079197.165517,0.7493587555708708
1714079197.16563,0.9175088118623803
1714079197.165743,1.0809880715829354
1714079197.165856,1.2561442675413907
1714079197.165969,1.4231266798796476
1714079197.1660817,1.5971151766953644
1714079197.1661947,1.7687683856045757
1714079197.1663074,1.9404214841348153
1714079197.1664205,2.1085717059947826
1714079197.1665332,2.268547702718664
1714079197.1666462,2.4308590977280224
1714079197.166759,2.5884999169243703
1714079197.166872,2.7449727058410645
1714079197.166985,2.8991103172302246
1714079197.1670978,3.0544155173831515
1714079197.1672108,3.207385540008545
1714079197.1673236,3.361522930639761
1714079197.1674366,3.5098219359362566
1714079197.1675494,3.654617733425564
1714079197.1676624,3.7912395265367294
1714079197.1677752,3.9231909645928273
1714079197.1678882,4.045800367991129
1714079197.1680012,4.162571165296766
1714079197.168114,4.273503356509738
1714079197.168227,4.382100370195176
1714079197.1683397,4.48602658730966
1714079197.1684527,4.588784553386547
1714079197.1685655,4.682201367837411
1714079197.1686785,4.774450372766565
1714079197.1687913,4.862028581124765
1714079197.1689043,4.939097386819345
1714079197.1690173,5.0091597768995495
1714079197.16913,5.071048383359556
1714079197.169243,5.127098383726897
1714079197.1693559,5.176141968479863
1714079197.1694689,5.221683007699472
1714079197.1695817,5.264887986359772
1714079197.1696947,5.301086990921585
1714079197.1698074,5.338453805005108
1714079197.1699204,5.365310774909125
1714079197.1700332,5.393335995850739
1714079197.1701462,5.413186991656268
1714079197.1702592,5.427199381369131
1714079197.170372,5.438876593554461
1714079197.170485,5.441212212597882
1714079197.1705978,5.444715199647126
1714079197.1707108,5.440044403076172
1714079197.1708236,5.436541416026928
1714079197.1709366,5.4283671908908415
1714079197.1710494,5.4190255977489326
1714079197.1711624,5.406180576041892
1714079197.1712754,5.39450380537245
1714079197.1713881,5.3781557966161655
1714079197.1715012,5.361807787859881
1714079197.171614,5.343124601576063
1714079197.171727,5.320937986727114
1714079197.1718397,5.301086990921585
1714079197.1719527,5.274229579501681
1714079197.1720655,5.248539977603488
1714079197.1721785,5.224018185227005
1714079197.1722915,5.194825596279568
1714079197.1724043,5.167968184859664
1714079197.1725173,5.138775595912227
1714079197.17263,5.114253803535743
1714079197.172743,5.08856420163755
1714079197.1728559,5.060538980695936
1714079197.1729689,5.034849378797743
1714079197.1730816,5.005656789850305
1714079197.1731946,4.978799378430401
1714079197.1733077,4.9496067894829645
1714079197.1734204,4.920414200535527
1714079197.1735334,4.888885992544668
1714079197.1736462,4.859692962081343
1714079197.1737592,4.830500373133907
1714079197.173872,4.801307784186469
1714079197.173985,4.777953359815809
1714079197.1740978,4.752263757917616
1714079197.1742108,4.728909775062843
1714079197.1743236,4.70438798268636
1714079197.1744366,4.678698380788167
1714079197.1745496,4.651840969368263
1714079197.1746624,4.622648380420825
1714079197.1747754,4.591120172429967
1714079197.1748881,4.559591964439109
1714079197.1750011,4.532734553019205
1714079197.175114,4.504709773593478
1714079197.175227,4.480187981216996
1714079197.1753397,4.4533305697970915
1714079197.1754527,4.426473158377188
1714079197.1755657,4.400783556478995
1714079197.1756785,4.368087980482313
1714079197.1757915,4.338894950018989
1714079197.1759043,4.301528577451353
1714079197.1760173,4.264161763367829
1714079197.17613,4.226794949284306
1714079197.176243,4.1847573386298285
1714079197.1763558,4.147390966062193
1714079197.1764688,4.106521164929425
1714079197.1765819,4.069154350845902
1714079197.1766946,4.027116740191424
1714079197.1768076,3.983911761531123
1714079197.1769204,3.937203354305691
1714079197.1770334,3.885824150509304
1714079197.1771462,3.832109327669497
1714079197.1772592,3.7737241497746217
1714079197.177372,3.710667733792905
1714079197.177485,3.645276140283655
1714079197.1775978,3.584555343345359
1714079197.1777108,3.516828130792688
1714079197.1778238,3.4502687277617277
1714079197.1779366,3.3790385281598123
1714079197.1780496,3.3066407397941306
1714079197.1781623,3.2319073323850276
1714079197.1782753,3.15133531888326
1714079197.178388,3.0684281278539585
1714079197.1785011,2.975011313403094
1714079197.178614,2.8815947197101734
1714079197.178727,2.787010316495542
1714079197.17884,2.6842519089027688
1714079197.1789527,2.5849967091171826
1714079197.1790657,2.4787353144751654
1714079197.1791785,2.3736415085969145
1714079197.1792915,2.261541507862232
1714079197.1794043,2.1494415071275497
1714079197.1795173,2.029167502014725
1714079197.17963,1.905390289094713
1714079197.179743,1.776942389982718
1714079197.179856,1.642655884778058
1714079197.1799688,1.5060339812879209
1714079197.1800818,1.3612380734196414
1714079197.1801946,1.2187776742158112
1714079197.1803076,1.073981766347532
1714079197.1804204,0.9233473627655594
1714079197.1805334,0.7750483574690642
1714079197.1806462,0.6197431021266513
1714079197.1807592,0.46560554592697706
1714079197.1808722,0.30562949401360967
1714079197.180985,0.14331798862527917
1714079197.181098,-0.023659717084632978
1714079197.1812108,-0.1906093899850492
1714079197.1813238,-0.3633964668821405
1714079197.1814365,-0.538518472954079
1714079197.1815495,-0.7089705930815802
1714079197.1816623,-0.8805901915938765
1714079197.1817753,-1.0545448020652488
1714079197.181888,-1.2238293886184692
1714079197.182001,-1.3942814535564845
1714079197.1821141,-1.5635661504886766
1714079197.182227,-1.732850737041897
1714079197.18234,-1.9044703907436793
1714079197.1824527,-2.0749224556816945
1714079197.1825657,-2.244207152613887
1714079197.1826785,-2.4111566720185453
1714079197.1827915,-2.575771455411558
1714079197.1829042,-2.73805128203498
1714079197.1830173,-2.894493606355455
1714079197.1831303,-3.0462660171367504
1714079197.183243,-3.1957034711484553
1714079197.183356,-3.3381360548513905
1714079197.1834688,-3.479401049790559
1714079197.1835818,-3.6171637199543136
1714079197.1836946,-3.7525914333484787
1714079197.1838076,-3.882181644439697
1714079197.1839204,-4.010604487525092
1714079197.1840334,-4.134357417071307
1714079197.1841464,-4.249937887544985
1714079197.1842592,-4.362016254001193
1714079197.1843722,-4.462419615851508
1714079197.184485,-4.560487800174289
1714079197.184598,-4.651551334946244
1714079197.1847107,-4.734442410645661
1714079197.1848238,-4.813830940811722
1714079197.1849365,-4.88854999895449
1714079197.1850495,-4.959766070048014
1714079197.1851623,-5.021642314063178
1714079197.1852753,-5.0835189995942285
1714079197.1853883,-5.137223226052743
1714079197.185501,-5.18158718391701
1714079197.185614,-5.22361640576963
1714079197.185727,-5.257473610065601
1714079197.18584,-5.288995636834038
1714079197.1859527,-5.307675290990758
1714079197.1860657,-5.328689681159125
1714079197.1861784,-5.340364685765019
1714079197.1862915,-5.350871880849202
1714079197.1864045,-5.355541794388382
1714079197.1865172,-5.360211707927562
1714079197.1866302,-5.357876971915916
1714079197.186743,-5.355541794388382
1714079197.186856,-5.349704512843379
1714079197.1869688,-5.338029508237486
1714079197.1870818,-5.326354945147479
1714079197.1871946,-5.308842658996582
1714079197.1873076,-5.293665550373218
1714079197.1874206,-5.270315982677318
1714079197.1875334,-5.244631237453884
1714079197.1876464,-5.220114301752161
1714079197.1877592,-5.19559692453455
1714079197.1878722,-5.169912620827003
1714079197.187985,-5.143060507597746
1714079197.188098,-5.120878307907669
1714079197.1882107,-5.095193562684235
1714079197.1883237,-5.0671740814491555
1714079197.1884365,-5.037987232208252
1714079197.1885495,-5.006465205439815
1714079197.1886625,-4.974943178671377
1714079197.1887753,-4.93875123836376
1714079197.1888883,-4.9072296531112105
1714079197.189001,-4.871037712803593
1714079197.189114,-4.841850422046802
1714079197.1892269,-4.811496204800076
1714079197.1893399,-4.7858114595766414
1714079197.1894526,-4.7589593463473845
1714079197.1895657,-4.735609778651485
1714079197.1896787,-4.707590297416404
1714079197.1897914,-4.677236080169678
1714079197.1899045,-4.6468814214070635
1714079197.1900172,-4.614192026632804
1714079197.1901302,-4.586172545397723
1714079197.190243,-4.553483150623462
1714079197.190356,-4.527798405400029
1714079197.1904688,-4.504448837704128
1714079197.1905818,-4.481099270008228
1714079197.1906948,-4.462419615851508
1714079197.1908076,-4.436734870628074
1714079197.1909206,-4.414552670937997
1714079197.1910334,-4.38886836723045
1714079197.1911464,-4.358513708467837
1714079197.1912591,-4.3269916816994
1714079197.1913722,-4.297804832458496
1714079197.191485,-4.265115437684235
1714079197.191598,-4.2370959564491555
1714079197.191711,-4.211411211225721
1714079197.1918237,-4.184559097996464
1714079197.1919367,-4.160042162294741
1714079197.1920495,-4.133190049065484
1714079197.1921625,-4.105170567830403
1714079197.1922753,-4.074815909067789
1714079197.1923883,-4.0409591462877055
1714079197.192501,-4.002432469968443
1714079197.192614,-3.962737984127468
1714079197.1927269,-3.9253786758140277
1714079197.1928399,-3.8856841899730536
1714079197.1929529,-3.844822336126257
1714079197.1930656,-3.8039604822794595
1714079197.1931787,-3.766601173966019
1714079197.1932914,-3.7222372161017523
1714079197.1934044,-3.675537859952008
1714079197.1935172,-3.6230012222572605
1714079197.1936302,-3.5657946710233333
1714079197.193743,-3.503918206250226
1714079197.193856,-3.4397067847075284
1714079197.193969,-3.373160406395241
1714079197.1940818,-3.30077674653795
1714079197.1941948,-3.2318954114560725
1714079197.1943076,-3.159511530840838
1714079197.1944206,-3.0882952389893705
1714079197.1945333,-3.0112416655929
1714079197.1946464,-2.930685546663072
1714079197.1947591,-2.846626882199888
1714079197.1948721,-2.757898304197523
1714079197.1949852,-2.6633324446501554
1714079197.195098,-2.5640966715636075
1714079197.195211,-2.463693309713293
1714079197.1953237,-2.3562852983121516
1714079197.1954367,-2.248877066153067
1714079197.1955495,-2.1391338772243924
1714079197.1956625,-2.0270557315261275
1714079197.1957753,-1.9126426290582725
1714079197.1958883,-1.7900572882758246
1714079197.196001,-1.6686393154991996
1714079197.196114,-1.5413839507985998
1714079197.196227,-1.4094587829377916
1714079197.1963398,-1.2705286343892415
1714079197.1964529,-1.1292635290711013
1714079197.1965656,-0.9844959885985762
1714079197.1966786,-0.8338910010125902
1714079197.1967914,-0.683286013426604
1714079197.1969044,-0.5326810810301038
1714079197.1970172,-0.3774062350944236
1714079197.1971302,-0.22446631833359046
1714079197.1972432,-0.0656890027500965
1714079197.197356,0.08960339344210094
1714079197.197469,0.25308259107448433
1714079197.1975818,0.4188972214857737
1714079197.1976948,0.5893827036575034
1714079197.1978076,0.7610358573772289
1714079197.1979206,0.9326890662864402
1714079197.1980333,1.106677563102157
1714079197.1981463,1.2759953737258911
1714079197.1982594,1.448816281777841
1714079197.1983721,1.6146308845943873
1714079197.1984851,1.782780885696411
1714079197.198598,1.9450925014637133
1714079197.198711,2.1085717059947826
1714079197.1988237,2.2743863088113287
1714079197.1989367,2.4390331021061646
1714079197.1990495,2.6036801161589445
1714079197.1991625,2.770662307739258
1714079197.1992755,2.927135317413895
1714079197.1993883,3.0847759158522994
1714079197.1995013,3.2330749211487944
1714079197.199614,3.380206337681523
1714079197.199727,3.516828130792688
1714079197.1998398,3.652282335140087
1714079197.1999528,3.780730565388997
1714079197.2000656,3.910345942885787
1714079197.2001786,4.032955346284089
1714079197.2002914,4.155564749682391
1714079197.2004044,4.274671166031449
1714079197.2005174,4.386771166766131
1714079197.2006302,4.495368180451569
1714079197.2007432,4.592287981951678
1714079197.200856,4.684536986880832
1714079197.200969,4.770947385717321
1714079197.2010818,4.849183559417725
1714079197.2011948,4.920414200535527
1714079197.2013075,4.990476590615732
1714079197.2014205,5.0547003746032715
1714079197.2015336,5.114253803535743
1714079197.2016463,5.172638981430619
1714079197.2017593,5.222850375705295
1714079197.201872,5.270726592452437
1714079197.2019851,5.311596393585205
1714079197.202098,5.340788982532642
1714079197.202211,5.372317190523501
1714079197.2023237,5.393335995850739
1714079197.2024367,5.412019182134557
1714079197.2025497,5.421360775276466
1714079197.2026625,5.4330379874617964
1714079197.2027755,5.438876593554461
1714079197.2028883,5.443547390125415
1714079197.2030013,5.445883009168837
1714079197.203114,5.443547390125415
1714079197.203227,5.438876593554461
1714079197.2033398,5.4283671908908415
1714079197.2034528,5.417857788227222
1714079197.2035656,5.4015097794709375
1714079197.2036786,5.386329580236364
1714079197.2037916,5.364143406903302
1714079197.2039044,5.345459779103597
1714079197.2040174,5.322105796248824
1714079197.2041302,5.297584003872341
1714079197.2042432,5.274229579501681
1714079197.204356,5.249707787125199
1714079197.204469,5.226353804270426
1714079197.2045817,5.199496392850523
1714079197.2046947,5.174974600474039
1714079197.2048078,5.149284998575846
1714079197.2049205,5.123595396677652
1714079197.2050335,5.0955701757360385
1714079197.2051463,5.066377586788601
1714079197.2052593,5.037184997841163
1714079197.205372,5.005656789850305
1714079197.205485,4.976464200902868
1714079197.2055979,4.94493599291201
1714079197.205711,4.920414200535527
1714079197.205824,4.895891966643156
1714079197.2059367,4.873705793310094
1714079197.2060497,4.84451276284677
1714079197.2061625,4.818823160948576
1714079197.2062755,4.794301368572094
1714079197.2063882,4.759270173531991
1714079197.2065012,4.732412762112087
1714079197.206614,4.697381567071985
1714079197.206727,4.665853359081127
1714079197.20684,4.63899638917711
1714079197.2069528,4.61447415528474
1714079197.2070658,4.586449375859013
1714079197.2071786,4.563094951488353
1714079197.2072916,4.536237981584336
1714079197.2074044,4.512883557213677
1714079197.2075174,4.48485877778795
1714079197.2076302,4.450994950753671
1714079197.2077432,4.421802361806233
1714079197.207856,4.391441963337085
1714079197.207969,4.3529077812477395
1714079197.208082,4.320211763735171
1714079197.2081947,4.288683555744312
1714079197.2083077,4.25482017022592
1714079197.2084205,4.223291962235062
1714079197.2085335,4.18942857671667
1714079197.2086463,4.150893953111436
1714079197.2087593,4.113527139027913
1714079197.208872,4.069154350845902
1714079197.208985,4.021278134098759
1714079197.209098,3.971066739824083
1714079197.2092109,3.919687536027696
1714079197.209324,3.8683083322313094
1714079197.2094367,3.8134261413856785
1714079197.2095497,3.7608791280675815
1714079197.2096624,3.7059969372219506
1714079197.2097754,3.6464439498053656
1714079197.2098882,3.5892261399163137
1714079197.2100012,3.5238345464070635
1714079197.2101142,3.4561073338543924
1714079197.210227,3.383709324730767
1714079197.21034,3.3008021337014655
1714079197.2104528,3.2237333280068854
1714079197.2105658,3.138490517934163
1714079197.2106786,3.052080119097674
1714079197.2107916,2.965669720261185
1714079197.2109044,2.8734207153320312
1714079197.2110174,2.781171710402877
1714079197.2111301,2.6830843201390016
1714079197.2112432,2.579158103024518
1714079197.2113562,2.4728967083825
1714079197.211469,2.360796707647818
1714079197.211582,2.24169029129876
1714079197.2116947,2.122584095707646
1714079197.2118077,1.9964714845021565
1714079197.2119205,1.8680236957691332
1714079197.2120335,1.7372402879926891
1714079197.2121463,1.6029537827880294
1714079197.2122593,1.4686672775833693
1714079197.2123723,1.329709975807755
1714079197.212485,1.1895849748894018
1714079197.212598,1.0436213678783839
1714079197.2127109,0.891819209964187
1714079197.2128239,0.7400171072394759
1714079197.2129366,0.5800410001366226
1714079197.2130497,0.4200649206285123
1714079197.2131624,0.25775344283492474
1714079197.2132754,0.09077109948352531
1714079197.2133884,-0.07736380729410383
1714079197.2135012,-0.2431460000850536
1714079197.2136142,-0.41126313584822194
1714079197.213727,-0.5782127932265952
1714079197.21384,-0.7498323917388916
1714079197.2139528,-0.9202845118663928
1714079197.2140658,-1.0942390671482791
1714079197.2141786,-1.2705286343892415
1714079197.2142916,-1.4444831344816418
1714079197.2144043,-1.6231076584921942
1714079197.2145174,-1.8017320721237746
1714079197.2146304,-1.9733517258255568
1714079197.2147431,-2.1426362019998053
1714079197.2148561,-2.3154234444653543
1714079197.214969,-2.477703050330833
1714079197.215082,-2.641150465718022
1714079197.2151947,-2.8022627035776773
1714079197.2153077,-2.9587050278981524
1714079197.2154205,-3.112812395449038
1714079197.2155335,-3.266919762999923
1714079197.2156465,-3.4163572170116283
1714079197.2157593,-3.563459714253743
1714079197.2158723,-3.7035573411870883
1714079197.215985,-3.836650318569607
1714079197.216098,-3.966240529660825
1714079197.2162108,-4.086490913673683
1714079197.2163239,-4.202071384147361
1714079197.2164366,-4.309479395548502
1714079197.2165496,-4.414552670937997
1714079197.2166626,-4.514956032788311
1714079197.2167754,-4.6095221130936235
1714079197.2168884,-4.702920383877224
1714079197.2170012,-4.788146637104175
1714079197.2171142,-4.8651999897427025
1714079197.217227,-4.941086415891294
1714079197.21734,-5.006465205439815
1714079197.2174528,-5.064839345437509
1714079197.2175658,-5.120878307907669
1714079197.2176788,-5.165242707287823
1714079197.2177916,-5.208439297146267
1714079197.2179046,-5.243463869448061
1714079197.2180173,-5.276153264222321
1714079197.2181304,-5.305340113463225
1714079197.2182431,-5.326354945147479
1714079197.2183561,-5.347369335315845
1714079197.218469,-5.359044339921739
1714079197.218582,-5.3707189030117455
1714079197.2186947,-5.374221448545103
1714079197.2188077,-5.377723994078459
1714079197.2189207,-5.371886712533456
1714079197.2190335,-5.367216798994276
1714079197.2191465,-5.355541794388382
1714079197.2192593,-5.3438672312983755
1714079197.2193723,-5.328689681159125
1714079197.219485,-5.306507481469048
1714079197.219598,-5.288995636834038
1714079197.2197108,-5.270315982677318
1714079197.2198238,-5.249301150993064
1714079197.2199368,-5.22828631930881
1714079197.2200496,-5.204936751612911
1714079197.2201626,-5.178085079899541
1714079197.2202754,-5.151232966670284
1714079197.2203884,-5.119710939901846
1714079197.2205012,-5.087021545127586
1714079197.2206142,-5.055499518359149
1714079197.220727,-5.0193075780515315
1714079197.22084,-4.986618183277271
1714079197.220953,-4.9527609789813
1714079197.2210658,-4.92590930726793
1714079197.2211788,-4.89672201651114
1714079197.2212915,-4.866367799264413
1714079197.2214046,-4.839515686035156
1714079197.2215173,-4.810328395278365
1714079197.2216303,-4.776471632498281
1714079197.221743,-4.743782237724021
1714079197.221856,-4.711092842949761
1714079197.221969,-4.678403448175501
1714079197.222082,-4.64921615741871
1714079197.222195,-4.62236448570534
1714079197.2223077,-4.59784710848773
1714079197.2224207,-4.575664908797652
1714079197.2225335,-4.552315341101752
1714079197.2226465,-4.531300950933385
1714079197.2227592,-4.506783573715775
1714079197.2228723,-4.4764293564690485
1714079197.222985,-4.451911979251437
1714079197.223098,-4.419222584477177
1714079197.223211,-4.391203103242097
1714079197.2233238,-4.36084888599537
1714079197.2234368,-4.336331508777759
1714079197.2235496,-4.312981941081859
1714079197.2236626,-4.289632373385959
1714079197.2237754,-4.267450173695882
1714079197.2238884,-4.244100605999981
1714079197.2240012,-4.2160811247649015
1714079197.2241142,-4.186894275523998
1714079197.2242272,-4.154204880749737
1714079197.22434,-4.116845572436297
1714079197.224453,-4.081821000134503
1714079197.2245657,-4.045629059826886
1714079197.2246788,-4.009437119519268
1714079197.2247915,-3.9779150927508318
1714079197.2249045,-3.942890961964925
1714079197.2250173,-3.9090337576689542
1714079197.2251303,-3.8716744493555137
1714079197.2252433,-3.82847785949707
1714079197.225356,-3.785280828122739
1714079197.225469,-3.736246956719292
1714079197.225582,-3.6848776870303683
1714079197.225695,-3.6288387245602074
1714079197.2258077,-3.5727995413321034
1714079197.2259207,-3.520262903637356
1714079197.2260334,-3.4630563524034286
1714079197.2261465,-3.400012519624498
1714079197.2262592,-3.3416386003847474
1714079197.2263722,-3.27742717884205
1714079197.2264853,-3.2097132117659957
1714079197.226598,-3.1373295519087048
1714079197.226711,-3.059108389748467
1714079197.2268238,-2.9750497252852828
1714079197.2269368,-2.893326017591688
1714079197.2270496,-2.799927746808087
1714079197.2271626,-2.708864212036133
1714079197.2272754,-2.6142983524887646
1714079197.2273884,-2.515062579402217
1714079197.2275014,-2.4181615423273155
1714079197.2276142,-2.3177584012349444
1714079197.2277272,-2.20801521230627
1714079197.22784,-2.097104655371772
1714079197.227953,-1.982691552903917
1714079197.2280657,-1.8577710345939353
1714079197.2281787,-1.732850737041897
1714079197.2282915,-1.599757980417322
1714079197.2284045,-1.465497745407952
1714079197.2285175,-1.330070032013787
1714079197.2286303,-1.1899724050804419
1714079197.2287433,-1.051042256531892
1714079197.228856,-0.9086097280184428
1714079197.228969,-0.7615072307763275
1714079197.2290819,-0.6144047335342124
1714079197.2291949,-0.46263226756343134
1714079197.2293077,-0.30618991564821313
1714079197.2294207,-0.1509150559151614
1714079197.2295334,0.013702330869381074
1714079197.2296464,0.1771815397121288
1714079197.2297595,0.34299617012341815
1714079197.2298722,0.5111461988201847
1714079197.2299852,0.6746254033512539
1714079197.230098,0.8404400613572862
1714079197.230211,1.0050869650310938
1714079197.2303238,1.166230771276686
1714079197.2304368,1.3308776749504936
1714079197.2305496,1.4943568794815627
1714079197.2306626,1.6625068805835863
1714079197.2307756,1.8341600894927976
1714079197.2308884,1.9999746923093442
1714079197.2310014,2.170460091696845
1714079197.2311141,2.338610313556812
1714079197.2312272,2.4997538990444608
1714079197.23134,2.6620655148117627
1714079197.231453,2.81737071496469
1714079197.2315657,2.9680051185466625
1714079197.2316787,3.117471933364868
1714079197.2317917,3.2599323325686984
1714079197.2319045,3.4047281300580057
1714079197.2320175,3.5483563387835466
1714079197.2321303,3.6884813397018994
1714079197.2322433,3.827438531098542
1714079197.232356,3.9582221596329297
1714079197.232469,4.0843345500804755
1714079197.2325819,4.203440966429533
1714079197.2326949,4.3120379801149715
1714079197.2328079,4.413628578186035
1714079197.2329206,4.511715747691967
1714079197.2330337,4.6039647526211205
1714079197.2331464,4.686872164408365
1714079197.2332594,4.773282563244854
1714079197.2333722,4.853854797504566
1714079197.2334852,4.929755793677436
1714079197.233598,4.99865037423593
1714079197.233711,5.0640419677451805
1714079197.2338238,5.121259777634232
1714079197.2339368,5.170303803903085
1714079197.2340498,5.215844401606807
1714079197.2341626,5.252043406168619
1714079197.2342756,5.284738982165301
1714079197.2343884,5.31743499967787
1714079197.2345014,5.340788982532642
1714079197.2346141,5.364143406903302
1714079197.2347271,5.385162212230541
1714079197.23484,5.400342411465115
1714079197.234953,5.413186991656268
1714079197.235066,5.421360775276466
1714079197.2351787,5.4236963943198875
1714079197.2352917,5.426032013363308
1714079197.2354045,5.4190255977489326
1714079197.2355175,5.413186991656268
1714079197.2356303,5.4015097794709375
1714079197.2357433,5.391000376807319
1714079197.235856,5.376987987094455
1714079197.235969,5.359472610332348
1714079197.236082,5.344292411097774
1714079197.2361948,5.329112211863199
1714079197.2363079,5.3057577874925395
1714079197.2364206,5.2870746012087215
1714079197.2365336,5.264887986359772
1714079197.2366464,5.24036619398329
1714079197.2367594,5.21701176961263
1714079197.2368722,5.186651371143482
1714079197.2369852,5.160961769245288
1714079197.237098,5.135272167347095
1714079197.237211,5.103744400872125
1714079197.237324,5.07571917993051
1714079197.2374368,5.048861768510606
1714079197.2375498,5.020836989084879
1714079197.2376626,4.997482564714219
1714079197.2377756,4.968289975766782
1714079197.2378883,4.942600373868589
1714079197.2380013,4.9180785814921055
1714079197.238114,4.887718183022958
1714079197.2382271,4.860860771603054
1714079197.2383401,4.829332563612196
1714079197.238453,4.796636987615514
1714079197.238566,4.769779576195611
1714079197.2386787,4.741754355253996
1714079197.2387917,4.71489738534998
1714079197.2389045,4.692710770501031
1714079197.2390175,4.665853359081127
1714079197.2391303,4.643667185748065
1714079197.2392433,4.616809774328161
1714079197.2393563,4.591120172429967
1714079197.239469,4.563094951488353
1714079197.239582,4.530399375491672
1714079197.2396948,4.501206786544234
1714079197.2398078,4.469678578553376
1714079197.2399206,4.4393181800842285
1714079197.2400336,4.4124607686643245
1714079197.2401464,4.384435547722711
1714079197.2402594,4.3575785778186935
1714079197.2403724,4.327218179349546
1714079197.2404852,4.293354352315267
1714079197.2405982,4.2618261443244085
1714079197.240711,4.222124152713351
1714079197.240824,4.181254351580584
1714079197.2409368,4.138049372920284
1714079197.2410498,4.092508775216562
1714079197.2411625,4.050471164562084
1714079197.2412755,4.004930566858362
1714079197.2413883,3.960557337160463
1714079197.2415013,3.9150167394567417
1714079197.2416143,3.864805345182065
1714079197.241727,3.8157617604290994
1714079197.2418401,3.7620469375892918
1714079197.241953,3.698990742365519
1714079197.242066,3.6382699454272234
1714079197.2421787,3.568207334589075
1714079197.2422917,3.5004803427943476
1714079197.2424045,3.4327531302416765
1714079197.2425175,3.3580199435905174
1714079197.2426305,3.287957332752369
1714079197.2427433,3.2108885270577887
1714079197.2428563,3.130316734313965
1714079197.242969,3.0485771320484303
1714079197.243082,2.9609989236902305
1714079197.2431948,2.867582109239366
1714079197.2433078,2.771830117260968
1714079197.2434206,2.666736311382717
1714079197.2435336,2.562810315026177
1714079197.2436466,2.454213301340739
1714079197.2437594,2.3409457118422896
1714079197.2438724,2.2311811093930842
1714079197.2439852,2.1109071042802596
1714079197.2440982,1.9941360862166793
1714079197.244211,1.8726944923400877
1714079197.244324,1.7430787837063824
1714079197.2444367,1.6111277871661716
1714079197.2445498,1.4721703750115853
1714079197.2446625,1.3285422766650163
1714079197.2447755,1.1849140679394756
1714079197.2448885,1.035447363500242
1714079197.2450013,0.8824775616327921
1714079197.2451143,0.7271723062903792
1714079197.245227,0.5695316526624891
1714079197.24534,0.41422639732007627
1714079197.245453,0.25308259107448433
1714079197.245566,0.09077109948352531
1714079197.2456787,-0.07386136524103305
1714079197.2457917,-0.2431460000850536
1714079197.2459047,-0.41126313584822194
1714079197.2460175,-0.5852177187248512
1714079197.2461305,-0.7615072307763275
1714079197.2462432,-0.9389642212125989
1714079197.2463562,-1.1187561132289745
1714079197.246469,-1.2880408101611667
1714079197.246582,-1.461995310253567
1714079197.2466948,-1.6336149639553492
1714079197.2468078,-1.8040670288933647
1714079197.2469208,-1.97218413706179
1714079197.2470336,-2.143803790763572
1714079197.2471466,-2.3049160286232278
1714079197.2472594,-2.47653568232501
1714079197.2473724,-2.6423178337238453
1714079197.2474852,-2.8045976603472673
1714079197.2475982,-2.9633749414373325
1714079197.247711,-3.120984633763631
1714079197.247824,-3.27275726530287
1714079197.2479367,-3.417524805775395
1714079197.2480497,-3.556454843944973
1714079197.2481627,-3.691882557339138
1714079197.2482755,-3.82847785949707
1714079197.2483885,-3.9533981570491084
1714079197.2485013,-4.077151086595323
1714079197.2486143,-4.198568838614005
1714079197.248727,-4.314149309087682
1714079197.24884,-4.425060307538067
1714079197.2489529,-4.531300950933385
1714079197.2490659,-4.629369135256167
1714079197.249179,-4.719265302022298
1714079197.2492917,-4.803323745727539
1714079197.2494047,-4.878042362354419
1714079197.2495174,-4.9504262429696535
1714079197.2496305,-5.0134702965065285
1714079197.2497432,-5.074179172515869
1714079197.2498562,-5.127883398974383
1714079197.249969,-5.17691727037783
1714079197.250082,-5.221281669757984
1714079197.250195,-5.257473610065601
1714079197.2503078,-5.291330372845684
1714079197.2504208,-5.319349854080765
1714079197.2505336,-5.340364685765019
1714079197.2506466,-5.356709162394205
1714079197.2507594,-5.368384167000099
1714079197.2508724,-5.373054080539279
1714079197.2509851,-5.375388816550926
1714079197.2510982,-5.376556626072636
1714079197.2512112,-5.3707189030117455
1714079197.251324,-5.366048989472565
1714079197.251437,-5.354374426382559
1714079197.2515497,-5.345034599304199
1714079197.2516627,-5.3333595946983055
1714079197.2517755,-5.3170151180691185
1714079197.2518885,-5.298335463912398
1714079197.2520013,-5.278488000233968
1714079197.2521143,-5.255138432538067
1714079197.252227,-5.229454128830521
1714079197.25234,-5.2002668380737305
1714079197.252453,-5.16874525282118
1714079197.2525659,-5.140725330070213
1714079197.2526789,-5.110371112823486
1714079197.2527916,-5.0835189995942285
1714079197.2529047,-5.054332150353326
1714079197.2530174,-5.028647405129892
1714079197.2531304,-4.999460555888988
1714079197.2532432,-4.9714410746539075
1714079197.2533562,-4.936416502352114
1714079197.2534692,-4.904894475583677
1714079197.253582,-4.869869903281883
1714079197.253695,-4.833678404490152
1714079197.2538078,-4.802156377721715
1714079197.2539208,-4.767131805419922
1714079197.2540336,-4.739112324184841
1714079197.2541466,-4.712260210955584
1714079197.2542593,-4.6842407297205035
1714079197.2543724,-4.660891162024604
1714079197.2544854,-4.634039048795347
1714079197.2545981,-4.606019567560266
1714079197.2547112,-4.575664908797652
1714079197.254824,-4.544143323545103
1714079197.254937,-4.5137886647824885
1714079197.2550497,-4.483434006019874
1714079197.2551627,-4.454247156778971
1714079197.2552755,-4.430897589083071
1714079197.2553885,-4.408715389392993
1714079197.2555013,-4.385365821697094
1714079197.2556143,-4.367853535546197
1714079197.2557273,-4.34216923183865
1714079197.25584,-4.318819222626862
1714079197.255953,-4.290799741391782
1714079197.2560658,-4.260445524145055
1714079197.2561789,-4.230090865382442
1714079197.2562916,-4.197401470608181
1714079197.2564046,-4.165879443839744
1714079197.2565174,-4.140195140132198
1714079197.2566304,-4.1098404813695835
1714079197.2567434,-4.084155736146149
1714079197.2568562,-4.0561362549110695
1714079197.2569692,-4.025782037664342
1714079197.257082,-3.9919248333683717
1714079197.257195,-3.9533981570491084
1714079197.2573078,-3.9113689351964878
1714079197.2574208,-3.8670045358163336
1714079197.2575336,-3.8203054004245334
1714079197.2576466,-3.774773633038556
1714079197.2577596,-3.7269071296409324
1714079197.2578723,-3.680207773491188
1714079197.2579854,-3.6335086380993875
1714079197.2580981,-3.5809720004046404
1714079197.2582111,-3.530770319479483
1714079197.258324,-3.4700612227121987
1714079197.258437,-3.407017389933268
1714079197.2585497,-3.3404710116209806
1714079197.2586627,-3.264584806230333
1714079197.2587757,-3.1898659688455084
1714079197.2588885,-3.111644806685271
1714079197.2590015,-3.0334236445250333
1714079197.2591143,-2.9552024823647955
1714079197.2592273,-2.871144038659555
1714079197.25934,-2.78475041742678
1714079197.259453,-2.698356796194006
1714079197.2595658,-2.6002886118712247
1714079197.2596788,-2.505722752323857
1714079197.2597916,-2.4006494769343623
1714079197.2599046,-2.2909062880056874
1714079197.2600176,-2.1799957310711893
1714079197.2601304,-2.0609127150641546
1714079197.2602434,-1.9406623310512965
1714079197.2603562,-1.8215792046652899
1714079197.2604692,-1.6966589071132518
1714079197.260582,-1.5682360640278568
1714079197.260695,-1.4386457425576669
1714079197.2608078,-1.3032180291635018
1714079197.2609208,-1.1654553589997467
1714079197.2610338,-1.0241902536816065
1714079197.2611465,-0.8724178429003114
1714079197.2612596,-0.7218129105038112
1714079197.2613723,-0.5630355742242601
1714079197.2614853,-0.4019233087698618
1714079197.261598,-0.2431460000850536
1714079197.2617111,-0.07736380729410383
1714079197.261824,0.08493255547903202
1714079197.261937,0.24724406776604826
1714079197.26205,0.41305867058259466
1714079197.2621627,0.578873300993884
1714079197.2622757,0.7446879589999164
1714079197.2623885,0.9175088118623803
1714079197.2625015,1.0868265672966286
1714079197.2626143,1.2596474753485785
1714079197.2627273,1.4359714808287443
1714079197.26284,1.6111277871661716
1714079197.262953,1.7839485848391496
1714079197.2630658,1.952098696320145
1714079197.2631788,2.1190808879004583
1714079197.2632918,2.28022469414605
1714079197.2634046,2.437865513342398
1714079197.2635176,2.5955061117808023
1714079197.2636304,2.7519791214554394
1714079197.2637434,2.909619719893844
1714079197.2638562,3.063757331283004
1714079197.2639692,3.215559323628743
1714079197.264082,3.3638583289252386
1714079197.264195,3.5121573342217336
1714079197.264308,3.6499469368546094
1714079197.2644207,3.7830657429165306
1714079197.2645338,3.9091781333640765
1714079197.2646465,4.030620168756555
1714079197.2647595,4.145055347018771
1714079197.2648723,4.258323157275164
1714079197.2649853,4.365752361438892
1714079197.265098,4.468510769031665
1714079197.265211,4.572436986146149
1714079197.265324,4.665853359081127
1714079197.265437,4.761605792575412
1714079197.26555,4.8410097757975254
1714079197.2656627,4.919246391013816
1714079197.2657757,4.985805794044777
1714079197.2658885,5.048861768510606
1714079197.2660015,5.106079578399658
1714079197.2661142,5.157458782196045
1714079197.2662272,5.206502808464898
1714079197.2663403,5.248539977603488
1714079197.266453,5.289409778736255
1714079197.266566,5.324440973776357
1714079197.2666788,5.354801813761393
1714079197.2667918,5.380490974143699
1714079197.2669046,5.4015097794709375
1714079197.2670176,5.4143548011779785
1714079197.2671304,5.422528584798177
1714079197.2672434,5.4283671908908415
1714079197.2673562,5.429535000412552
1714079197.2674692,5.429535000412552
1714079197.2675822,5.422528584798177
1714079197.267695,5.4190255977489326
1714079197.267808,5.410851814128734
1714079197.2679207,5.400342411465115
1714079197.2680337,5.3874973897580745
1714079197.2681465,5.369982012995967
1714079197.2682595,5.355969181767216
1714079197.2683723,5.338453805005108
1714079197.2684853,5.315099380634448
1714079197.2685983,5.292913207301387
1714079197.268711,5.270726592452437
1714079197.268824,5.248539977603488
1714079197.2689369,5.221683007699472
1714079197.26905,5.194825596279568
1714079197.2691627,5.172638981430619
1714079197.2692757,5.144614202004892
1714079197.2693884,5.121259777634232
1714079197.2695014,5.0955701757360385
1714079197.2696145,5.071048383359556
1714079197.2697272,5.044190971939652
1714079197.2698402,5.014998382992214
1714079197.269953,4.98814097157231
1714079197.270066,4.956612763581452
1714079197.2701788,4.923917187584771
1714079197.2702918,4.898227585686578
1714079197.2704046,4.866699377695719
1714079197.2705176,4.8410097757975254
1714079197.2706304,4.811817186850088
1714079197.2707434,4.789630572001139
1714079197.2708564,4.762773160581236
1714079197.2709692,4.738251368204752
1714079197.2710822,4.707890969735605
1714079197.271195,4.683369177359122
1714079197.271308,4.654176588411684
1714079197.2714207,4.623816189942536
1714079197.2715337,4.5946231594792115
1714079197.2716465,4.564262761010064
1714079197.2717595,4.5350701720626265
1714079197.2718725,4.509380570164433
1714079197.2719853,4.48602658730966
1714079197.2720983,4.459169175889756
1714079197.272211,4.432311764469853
1714079197.272324,4.401951366000705
1714079197.2724369,4.369255348488136
1714079197.2725499,4.335391962969744
1714079197.2726626,4.298025148886222
1714079197.2727757,4.2618261443244085
1714079197.2728887,4.222124152713351
1714079197.2730014,4.185925148151539
1714079197.2731144,4.148558775583902
1714079197.2732272,4.11235977102209
1714079197.2733402,4.073825147416856
1714079197.273453,4.0341231558057995
1714079197.273566,3.9920855451513217
1714079197.2736788,3.9418741508766453
1714079197.2737918,3.8916627566019693
1714079197.2739046,3.8367805657563383
1714079197.2740176,3.778394946345576
1714079197.2741306,3.720009326934814
1714079197.2742434,3.6616241490399393
1714079197.2743564,3.6009031313437
1714079197.2744691,3.53667934735616
1714079197.2745821,3.472455342610677
1714079197.274695,3.403560541294239
1714079197.274808,3.334665739977801
1714079197.2749207,3.2564291247615107
1714079197.2750337,3.1735219337322094
1714079197.2751467,3.0871115348957203
1714079197.2752595,2.9971979282520436
1714079197.2753725,2.903781113801179
1714079197.2754853,2.809196710586548
1714079197.2755983,2.7111093203226724
1714079197.275711,2.6060155144444215
1714079197.275824,2.5055925051371255
1714079197.2759368,2.402834097544352
1714079197.2760499,2.288398698524192
1714079197.2761629,2.175131109025743
1714079197.2762756,2.0548571039129184
1714079197.2763886,1.9299120814711959
1714079197.2765014,1.7991287840737236
1714079197.2766144,1.66951318581899
1714079197.2767272,1.5340589814715915
1714079197.2768402,1.3939339805532385
1714079197.276953,1.2514734709704363
1714079197.277066,1.1101807709093445
1714079197.277179,0.9642171638983267
1714079197.2772918,0.8147504594590929
1714079197.2774048,0.665283755019859
1714079197.2775176,0.5076431013919689
1714079197.2776306,0.3511701193120744
1714079197.2777433,0.18535550269815657
1714079197.2778563,0.020708583502305877
1714079197.2779691,-0.14624514237598135
1714079197.2780821,-0.3213671622452912
1714079197.278195,-0.4894843256032025
1714079197.278308,-0.6599364457307038
1714079197.278421,-0.8292210874734101
1714079197.2785337,-1.0031756427552965
1714079197.2786467,-1.1712927509237219
1714079197.2787595,-1.3440798830102991
1714079197.2788725,-1.5156994263331094
1714079197.2789853,-1.6861514912711248
1714079197.2790983,-1.8601059913635252
1714079197.279211,-2.0340606018348977
1714079197.279324,-2.2045126667729127
1714079197.279437,-2.372629995699282
1714079197.2795498,-2.5395795151039406
1714079197.2796628,-2.6995243849577726
1714079197.2797756,-2.8583016660478378
1714079197.2798886,-3.00890670882331
1714079197.2800014,-3.158344162835015
1714079197.2801144,-3.3066140280829535
1714079197.2802272,-3.4478792437800654
1714079197.2803402,-3.5891442387192334
1714079197.2804532,-3.7245719521133984
1714079197.280566,-3.8623346222771535
1714079197.280679,-3.9860875518233687
1714079197.2807918,-4.1098404813695835
1714079197.2809048,-4.224253583837438
1714079197.2810175,-4.328159491221109
1714079197.2811306,-4.433232325094718
1714079197.2812433,-4.527798405400029
1714079197.2813563,-4.6200293081778065
1714079197.281469,-4.704087751883048
1714079197.281582,-4.786978827582465
1714079197.2816951,-4.862865253731056
1714079197.281808,-4.932913956818757
1714079197.281921,-4.999460555888988
1714079197.2820337,-5.057834254370795
1714079197.2821467,-5.115041026362666
1714079197.2822595,-5.160572793748643
1714079197.2823725,-5.203769383607087
1714079197.2824852,-5.239961323914704
1714079197.2825983,-5.269148173155608
1714079197.2827113,-5.2960002863848645
1714079197.282824,-5.313512572535762
1714079197.282937,-5.3333595946983055
1714079197.2830498,-5.345034599304199
1714079197.2831628,-5.355541794388382
1714079197.2832756,-5.362546885455096
1714079197.2833886,-5.3648816214667425
1714079197.2835014,-5.363714253460919
1714079197.2836144,-5.359044339921739
1714079197.2837274,-5.352039248855025
1714079197.2838402,-5.336862140231662
1714079197.2839532,-5.3228523996141215
1714079197.284066,-5.304172745457402
1714079197.284179,-5.281990545767324
1714079197.2842917,-5.2586409780714245
1714079197.2844048,-5.2317888648421675
1714079197.2845175,-5.2107744746738005
1714079197.2846305,-5.182754993438721
1714079197.2847435,-5.160572793748643
1714079197.2848563,-5.132553312513563
1714079197.2849693,-5.105701199284306
1714079197.285082,-5.0776817180492255
1714079197.285195,-5.0461596912807885
1714079197.285308,-5.0134702965065285
1714079197.285421,-4.979613092210557
1714079197.2855337,-4.94809106544212
1714079197.2856467,-4.909564389122857
1714079197.2857594,-4.883879643899423
1714079197.2858725,-4.853525426652696
1714079197.2859855,-4.826673313423439
1714079197.2860982,-4.8009885682000055
1714079197.2862113,-4.772969086964925
1714079197.286324,-4.747284783257379
1714079197.286437,-4.714595388483118
1714079197.2865498,-4.6842407297205035
1714079197.2866628,-4.650383966940421
1714079197.2867756,-4.618861940171983
1714079197.2868886,-4.587339913403546
1714079197.2870016,-4.563990345707646
1714079197.2871144,-4.535970864472565
1714079197.2872274,-4.512621296776666
1714079197.2873402,-4.491606465092412
1714079197.2874532,-4.474094178941514
1714079197.287566,-4.443739961694788
1714079197.287679,-4.420390393998887
1714079197.2877917,-4.390035735236274
1714079197.2879047,-4.362016254001193
1714079197.2880177,-4.33166159523858
1714079197.2881305,-4.3013073779918525
1714079197.2882435,-4.272120087235062
1714079197.2883563,-4.249937887544985
1714079197.2884693,-4.225420951843262
1714079197.288582,-4.203238752153184
1714079197.288695,-4.176386638923927
1714079197.2888079,-4.148367157688847
1714079197.2889209,-4.1203476764537665
1714079197.2890337,-4.084155736146149
1714079197.2891467,-4.04796423735442
1714079197.2892597,-4.005934573985912
1714079197.2893724,-3.9674078976666483
1714079197.2894855,-3.9300485893532078
1714079197.2895982,-3.891521471518057
1714079197.2897112,-3.8553299727263273
1714079197.289824,-3.8179702228969994
1714079197.289937,-3.7771088105660895
1714079197.2900498,-3.731577043180112
1714079197.2901628,-3.6848776870303683
1714079197.2902758,-3.6335086380993875
1714079197.2903886,-3.5763020868654603
1714079197.2905016,-3.516760578861943
1714079197.2906144,-3.454884114088835
1714079197.2907274,-3.3930076493157277
1714079197.2908401,-3.3276286390092635
1714079197.2909532,-3.262249849460743
1714079197.291066,-3.1968708391542786
1714079197.291179,-3.1244871792969877
1714079197.291292,-3.0521032986817533
1714079197.2914047,-2.969212222982336
1714079197.2915177,-2.883986190513328
1714079197.2916305,-2.792922876499317
1714079197.2917435,-2.6971894281881825
1714079197.2918563,-2.599121023107458
1714079197.2919693,-2.49288037971214
1714079197.292082,-2.3901420610922353
1714079197.292195,-2.281566460927327
1714079197.292308,-2.1741582287682424
1714079197.2924209,-2.057410169530798
1714079197.2925339,-1.9418296990571198
1714079197.2926466,-1.8204117262804949
1714079197.2927597,-1.6954914287284568
1714079197.2928724,-1.5647336288734717
1714079197.2929854,-1.4304733938641017
1714079197.2930982,-1.2915432453155518
1714079197.2932112,-1.1456082264582315
1714079197.293324,-1.0031756427552965
1714079197.293437,-0.8514031767845153
1714079197.29355,-0.7031332011576051
1714079197.2936628,-0.5536957471459
1714079197.2937758,-0.3984208736154768
1714079197.2938886,-0.24548095685464363
1714079197.2940016,-0.0867036481698354
1714079197.2941144,0.07325547436873117
1714079197.2942274,0.2367346926971718
1714079197.2943401,0.4048847213939384
1714079197.2944531,0.5765379027084068
1714079197.2945662,0.7493587555708708
1714079197.294679,0.9221796636228208
1714079197.294792,1.0950005716747706
1714079197.2949047,1.2619828736340557
1714079197.2950177,1.431300573878818
1714079197.2951305,1.5994506853598134
1714079197.2952435,1.7640975890336212
1714079197.2953563,1.9310798909929063
1714079197.2954693,2.098062303331163
1714079197.2955823,2.2662123044331866
1714079197.295695,2.4331947167714434
1714079197.295808,2.6036801161589445
1714079197.2959208,2.7683269094537803
1714079197.2960339,2.925967728650128
1714079197.2961466,3.0836083270885326
1714079197.2962596,3.2319073323850276
1714079197.2963724,3.3767031298743353
1714079197.2964854,3.514492732507211
1714079197.2965982,3.652282335140087
1714079197.2967112,3.7854013619599516
1714079197.2968242,3.9150167394567417
1714079197.296937,4.0434647489477085
1714079197.29705,4.16724196186772
1714079197.2971628,4.287515746222602
1714079197.2972758,4.398448378951461
1714079197.2973886,4.503541964071768
1714079197.2975016,4.598126588044343
1714079197.2976143,4.6903755929734965
1714079197.2977273,4.7721151952390315
1714079197.2978404,4.848016191411901
1714079197.2979531,4.9227493780630605
1714079197.2980661,4.991644400137441
1714079197.298179,5.058203803168403
1714079197.298292,5.118924600106698
1714079197.2984047,5.174974600474039
1714079197.2985177,5.224018185227005
1714079197.2986305,5.269558782930727
1714079197.2987435,5.30692559701425
1714079197.2988565,5.340788982532642
1714079197.2989693,5.364143406903302
1714079197.2990823,5.385162212230541
1714079197.299195,5.406180576041892
1714079197.299308,5.4190255977489326
1714079197.2994208,5.429535000412552
1714079197.2995338,5.438876593554461
1714079197.2996466,5.445883009168837
1714079197.2997596,5.44821818669637
1714079197.2998726,5.444715199647126
1714079197.2999854,5.442379580603705
1714079197.3000984,5.4330379874617964
1714079197.3002112,5.421360775276466
1714079197.3003242,5.407348385563603
1714079197.300437,5.3874973897580745
1714079197.30055,5.369982012995967
1714079197.3006628,5.348963207668728
1714079197.3007758,5.329112211863199
1714079197.3008885,5.30458997797083
1714079197.3010015,5.281235995116057
1714079197.3011146,5.256714202739574
1714079197.3012273,5.2321924103630915
1714079197.3013403,5.208837985992432
1714079197.301453,5.179645397044994
1714079197.3015661,5.153955795146801
1714079197.301679,5.123595396677652
1714079197.301792,5.0955701757360385
1714079197.3019047,5.0640419677451805
1714079197.3020177,5.033681569276032
1714079197.3021307,5.004488980328595
1714079197.3022435,4.975296391381158
1714079197.3023565,4.948438979961254
1714079197.3024693,4.9227493780630605
1714079197.3025823,4.894724598637334
1714079197.302695,4.870202364744963
1714079197.302808,4.843345394840947
1714079197.3029208,4.816487983421043
1714079197.3030338,4.7861275849518945
1714079197.3031468,4.759270173531991
1714079197.3032596,4.724238978491889
1714079197.3033726,4.697381567071985
1714079197.3034854,4.6670211686028376
1714079197.3035984,4.641331566704644
1714079197.3037112,4.616809774328161
1714079197.3038242,4.591120172429967
1714079197.303937,4.568933557581018
1714079197.30405,4.540908778155291
1714079197.3041627,4.514051366735387
1714079197.3042758,4.482523158744529
1714079197.3043888,4.452162760275382
1714079197.3045015,4.420634552284523
1714079197.3046145,4.384435547722711
1714079197.3047273,4.354075149253562
1714079197.3048403,4.31904395421346
1714079197.304953,4.289851365266022
1714079197.305066,4.258323157275164
1714079197.3051789,4.226794949284306
1714079197.305292,4.191763754244204
1714079197.305405,4.150893953111436
1714079197.3055177,4.11119196150038
1714079197.3056307,4.065651363796658
1714079197.3057435,4.018942956571226
1714079197.3058565,3.9698993718182596
1714079197.3059692,3.919687536027696
1714079197.3060822,3.8683083322313094
1714079197.306195,3.8169291284349227
1714079197.306308,3.7667177341602462
1714079197.306421,3.709499924271195
1714079197.3065338,3.654617733425564
1714079197.3066468,3.595064746008979
1714079197.3067596,3.5250021351708303
1714079197.3068726,3.4561073338543924
1714079197.3069854,3.38137392644529
1714079197.3070984,3.3066407397941306
1714079197.3072112,3.2225657392431186
1714079197.3073242,3.138490517934163
1714079197.307437,3.0567509156686286
1714079197.30755,2.9703405168321395
1714079197.307663,2.8850979275173607
1714079197.3077757,2.787010316495542
1714079197.3078887,2.6924259132809105
1714079197.3080015,2.5884999169243703
1714079197.3081145,2.479902903238932
1714079197.3082273,2.366635313740483
1714079197.3083403,2.251032105198613
1714079197.308453,2.1260873035148338
1714079197.308566,2.005813298402009
1714079197.308679,1.8785330984327526
1714079197.3087919,1.7477496906563086
1714079197.308905,1.6193016811653418
1714079197.3090177,1.481512078532466
1714079197.3091307,1.344890175042329
1714079197.3092434,1.1965911697458338
1714079197.3093565,1.0517952618775543
1714079197.3094692,0.8988254600101047
1714079197.3095822,0.7411848063822145
1714079197.3096952,0.5835441527543244
1714079197.309808,0.4188972214857737
1714079197.309921,0.25308259107448433
1714079197.3100338,0.08843568050199084
1714079197.3101468,-0.07853128567889885
1714079197.3102596,-0.2431460000850536
1714079197.3103726,-0.41126313584822194
1714079197.3104854,-0.5770453148418002
1714079197.3105984,-0.7486649133540966
1714079197.3107114,-0.9191170334815978
1714079197.3108242,-1.093071588763484
1714079197.3109372,-1.2658587208500613
1714079197.31105,-1.443315656096847
1714079197.311163,-1.6161026778044523
1714079197.3112757,-1.7865548531214395
1714079197.3113887,-1.95583943967466
1714079197.3115015,-2.122789179837262
1714079197.3116145,-2.2885713312360974
1714079197.3117273,-2.4485162010899293
1714079197.3118403,-2.609628438949585
1714079197.3119533,-2.7672381312758834
1714079197.312066,-2.9271830011297153
1714079197.312179,-3.0801230006747775
1714079197.3122919,-3.235397736231486
1714079197.3124049,-3.3860027790069576
1714079197.3125176,-3.529602730715716
1714079197.3126307,-3.670867946412828
1714079197.3127434,-3.801625746267813
1714079197.3128564,-3.931215957359031
1714079197.3129694,-4.052634150893599
1714079197.3130822,-4.1682146213672775
1714079197.3131952,-4.276790000774242
1714079197.313308,-4.38886836723045
1714079197.313421,-4.490439097086588
1714079197.3135338,-4.587339913403546
1714079197.3136468,-4.683073361714681
1714079197.3137596,-4.770634350953278
1714079197.3138726,-4.850022881119339
1714079197.3139856,-4.922406761734574
1714079197.3140984,-4.990120728810628
1714079197.3142114,-5.048494427292435
1714079197.3143241,-5.101031285745126
1714079197.3144372,-5.151232966670284
1714079197.31455,-5.194429556528727
1714079197.314663,-5.230621496836344
1714079197.3147757,-5.265646069138138
1714079197.3148887,-5.292497740851508
1714079197.3150015,-5.318182486074941
1714079197.3151145,-5.335694772225839
1714079197.3152275,-5.349704512843379
1714079197.3153403,-5.359044339921739
1714079197.3154533,-5.363714253460919
1714079197.315566,-5.366048989472565
1714079197.315679,-5.362546885455096
1714079197.3157918,-5.357876971915916
1714079197.3159049,-5.345034599304199
1714079197.3160176,-5.332192226692482
1714079197.3161306,-5.319349854080765
1714079197.3162436,-5.300670199924045
1714079197.3163564,-5.286660459306504
1714079197.3164694,-5.266813437143961
1714079197.3165822,-5.246966414981418
1714079197.3166952,-5.225951583297164
1714079197.316808,-5.202602015601264
1714079197.316921,-5.17691727037783
1714079197.3170338,-5.1465630531311035
1714079197.3171468,-5.117375762374312
1714079197.3172598,-5.0835189995942285
1714079197.3173726,-5.053164340831615
1714079197.3174856,-5.021642314063178
1714079197.3175983,-4.990120728810628
1714079197.3177114,-4.963268615581371
1714079197.3178241,-4.93524913434629
1714079197.3179371,-4.9060618435895
1714079197.31805,-4.878042362354419
1714079197.318163,-4.845352967580159
1714079197.318276,-4.814998308817545
1714079197.3183887,-4.781141546037461
1714079197.3185017,-4.746117415251555
1714079197.3186145,-4.713427578961407
1714079197.3187275,-4.678403448175501
1714079197.3188403,-4.6527187029520665
1714079197.3189533,-4.624699221716987
1714079197.319066,-4.601349654021086
1714079197.319179,-4.576832718319363
1714079197.3192918,-4.556985254640932
1714079197.3194048,-4.531300950933385
1714079197.3195179,-4.5032814696983055
1714079197.3196306,-4.475261988463225
1714079197.3197436,-4.4449073297006105
1714079197.3198564,-4.4133853029321735
1714079197.3199694,-4.38886836723045
1714079197.3200822,-4.36084888599537
1714079197.3201952,-4.336331508777759
1714079197.320308,-4.317651854621039
1714079197.320421,-4.294302286925139
1714079197.320534,-4.273287896756773
1714079197.3206468,-4.246435783527516
1714079197.3207598,-4.217248492770724
1714079197.3208725,-4.186894275523998
1714079197.3209856,-4.151869703222204
1714079197.3210983,-4.119180308447944
1714079197.3212113,-4.08999345920704
1714079197.321324,-4.054968886905246
1714079197.3214371,-4.0246142281426325
1714079197.3215501,-3.996594746907552
1714079197.321663,-3.962737984127468
1714079197.321776,-3.9277134118256742
1714079197.3218887,-3.8891867355064105
1714079197.3220017,-3.844822336126257
1714079197.3221145,-3.7992905687402794
1714079197.3222275,-3.7502566973368325
1714079197.3223403,-3.697720059642085
1714079197.3224533,-3.645183421947338
1714079197.322566,-3.5914791954888234
1714079197.322679,-3.535440233018663
1714079197.322792,-3.4805686385543257
1714079197.3229048,-3.423362087320398
1714079197.3230178,-3.3626532113110574
1714079197.3231306,-3.29844178976836
1714079197.3232436,-3.2295604546864825
1714079197.3233564,-3.152506660532068
1714079197.3234694,-3.0766204551414207
1714079197.3235822,-2.993729379442003
1714079197.3236952,-2.9085033469729953
1714079197.3238082,-2.8232773145039873
1714079197.323921,-2.732213779732033
1714079197.324034,-2.6423178337238453
1714079197.3241467,-2.547751974176477
1714079197.3242598,-2.4508511578595193
1714079197.3243725,-2.351615164015028
1714079197.3244855,-2.24537452061971
1714079197.3245983,-2.1321290069156222
1714079197.3247113,-2.0177159044477673
1714079197.3248243,-1.8916280181319625
1714079197.324937,-1.7678751989647192
1714079197.32505,-1.6382848774945293
1714079197.325163,-1.5040246424851593
1714079197.325276,-1.3709318858605843
1714079197.3253887,-1.2355041724664193
1714079197.3255017,-1.0942390671482791
1714079197.3256145,-0.9553089185997291
1714079197.3257275,-0.808206421357614
1714079197.3258405,-0.6576014889611138
1714079197.3259532,-0.5046615446055377
1714079197.3260663,-0.3482192202850624
1714079197.326179,-0.18827443321545917
1714079197.326292,-0.023659717084632978
1714079197.3264048,0.14215027568516908
1714079197.3265178,0.3091326190365685
1714079197.3266306,0.4714440968301561
1714079197.3267436,0.6395941531216657
1714079197.3268564,0.7995702602245189
1714079197.3269694,0.9653848630410653
1714079197.3270824,1.1311994658576117
1714079197.3271952,1.2958463695314195
1714079197.3273082,1.4639964810124149
1714079197.327421,1.636817278685393
1714079197.327534,1.8037996910236498
1714079197.3276467,1.975452899932861
1714079197.3277597,2.143602901034885
1714079197.3278725,2.309417503851431
1714079197.3279855,2.470561310097023
1714079197.3280985,2.6235311119644726
1714079197.3282113,2.7788363121174
1714079197.3283243,2.925967728650128
1714079197.328437,3.0754343227103904
1714079197.32855,3.2225657392431186
1714079197.3286629,3.372032333303381
1714079197.328776,3.5121573342217336
1714079197.3288887,3.656953352468985
1714079197.3290017,3.7935751455801503
1714079197.3291147,3.9208553455494064
1714079197.3292274,4.046967735996953
1714079197.3293405,4.163738974818477
1714079197.3294532,4.273503356509738
1714079197.3295662,4.375093954580802
1714079197.329679,4.479020171695285
1714079197.329792,4.572436986146149
1714079197.3299048,4.668188978124547
1714079197.3300178,4.759270173531991
1714079197.3301306,4.839841966275816
1714079197.3302436,4.920414200535527
1714079197.3303566,4.992811768143265
1714079197.3304694,5.057035993646692
1714079197.3305824,5.115421171541567
1714079197.3306952,5.16563300733213
1714079197.3308082,5.2100057955141414
1714079197.330921,5.250875596646909
1714079197.331034,5.2870746012087215
1714079197.3311467,5.3186028091995805
1714079197.3312597,5.350130575674551
1714079197.3313727,5.374652809566921
1714079197.3314855,5.398006792421694
1714079197.3315985,5.412019182134557
1714079197.3317113,5.4236963943198875
1714079197.3318243,5.431870177940086
1714079197.331937,5.431870177940086
1714079197.33205,5.430702809934263
1714079197.3321629,5.424864203841597
1714079197.3322759,5.4190255977489326
1714079197.3323889,5.408516195085313
1714079197.3325016,5.396838982899983
1714079197.3326147,5.380490974143699
1714079197.3327274,5.367646393952546
1714079197.3328404,5.351298385196261
1714079197.3329532,5.3326151989124435
1714079197.3330662,5.312764203106915
1714079197.333179,5.292913207301387
1714079197.333292,5.268390973409017
1714079197.3334048,5.245036990554244
1714079197.3335178,5.220515198177761
1714079197.3336308,5.192489977236147
1714079197.3337436,5.167968184859664
1714079197.3338566,5.138775595912227
1714079197.3339694,5.114253803535743
1714079197.3340824,5.08739639211584
1714079197.3341951,5.060538980695936
1714079197.3343081,5.034849378797743
1714079197.334421,5.01149539594297
1714079197.334534,4.983470175001356
1714079197.334647,4.955445395575629
1714079197.3347597,4.928587984155725
1714079197.3348727,4.898227585686578
1714079197.3349855,4.866699377695719
1714079197.3350985,4.835171169704861
1714079197.3352113,4.805978580757423
1714079197.3353243,4.777953359815809
1714079197.335437,4.749928580390082
1714079197.33555,4.725406788013599
1714079197.335663,4.700884554121229
1714079197.3357759,4.671691965173792
1714079197.3358889,4.649505791840729
1714079197.3360016,4.621480570899116
1714079197.3361146,4.591120172429967
1714079197.3362274,4.563094951488353
1714079197.3363404,4.528063756448251
1714079197.3364532,4.501206786544234
1714079197.3365662,4.4720137560809095
1714079197.3366792,4.442821167133472
1714079197.336792,4.420634552284523
1714079197.336905,4.391441963337085
1714079197.3370178,4.362249374389648
1714079197.3371308,4.3318889759205
1714079197.3372436,4.298025148886222
1714079197.3373566,4.264161763367829
1714079197.3374693,4.226794949284306
1714079197.3375823,4.183589970624005
1714079197.3376951,4.146223156540482
1714079197.3378081,4.105353355407715
1714079197.3379211,4.064483554274947
1714079197.338034,4.0247815626638905
1714079197.338147,3.981576142487702
1714079197.3382597,3.937203354305691
1714079197.3383727,3.8904949470802586
1714079197.3384855,3.8367805657563383
1714079197.3385985,3.780730565388997
1714079197.3387113,3.718841958928991
1714079197.3388243,3.6557855429472745
1714079197.3389373,3.591561538201791
1714079197.33905,3.5214991481215865
1714079197.339163,3.4549397450906256
1714079197.3392758,3.383709324730767
1714079197.3393888,3.30547293027242
1714079197.3395016,3.2354105401922153
1714079197.3396146,3.1525031284049705
1714079197.3397274,3.067260318332248
1714079197.3398404,2.9785145212102817
1714079197.3399534,2.8827625292318837
1714079197.3400662,2.7835071086883545
1714079197.3401792,2.679581112331814
1714079197.340292,2.5733197176897966
1714079197.340405,2.4658905135260687
1714079197.3405178,2.3537905127913863
1714079197.3406308,2.2451934991059477
1714079197.3407435,2.1260873035148338
1714079197.3408566,2.006980887165776
1714079197.3409693,1.8820360854819969
1714079197.3410823,1.7500850889417858
1714079197.3411953,1.615798583737126
1714079197.341308,1.4780089811042503
1714079197.3414211,1.3320453740932323
1714079197.341534,1.1849140679394756
1714079197.341647,1.0366150626429804
1714079197.3417597,0.8836452607755307
1714079197.3418727,0.7330108571935583
1714079197.3419855,0.5753702035656681
1714079197.3420985,0.4200649206285123
1714079197.3422115,0.25775344283492474
1714079197.3423243,0.09310651846505977
1714079197.3424373,-0.07269388685623804
1714079197.34255,-0.2419785217002586
1714079197.342663,-0.4147655985973499
1714079197.3427758,-0.5887201538792363
1714079197.3428888,-0.7661771443155077
1714079197.3430016,-0.943634134751779
1714079197.3431146,-1.1164211564593844
1714079197.3432276,-1.2915432453155518
1714079197.3433404,-1.463162788638362
1714079197.3434534,-1.6347824423401442
1714079197.3435662,-1.8040670288933647
1714079197.3436792,-1.9733517258255568
1714079197.343792,-2.1449713795273393
1714079197.343905,-2.3130884876957643
1714079197.3440177,-2.480038007100423
1714079197.3441308,-2.648155336026792
1714079197.3442438,-2.8104349418922707
1714079197.3443565,-2.9680448549765126
1714079197.3444695,-3.123319590533221
1714079197.3445823,-3.2704223085332798
1714079197.3446953,-3.4140222602420383
1714079197.344808,-3.556454843944973
1714079197.344921,-3.689547600569548
1714079197.345034,-3.8226401364361795
1714079197.345147,-3.9498956115157515
1714079197.3452597,-4.074815909067789
1714079197.3453727,-4.198568838614005
1714079197.3454857,-4.3118145730760356
1714079197.3455985,-4.422725130010534
1714079197.3457115,-4.525463227872495
1714079197.3458242,-4.6200293081778065
1714079197.3459373,-4.709925474943938
1714079197.34605,-4.791648741121645
1714079197.346163,-4.871037712803593
1714079197.3462758,-4.941086415891294
1714079197.3463888,-5.006465205439815
1714079197.3465018,-5.0671740814491555
1714079197.3466146,-5.123213485435203
1714079197.3467276,-5.1734151663603605
1714079197.3468404,-5.222449037763807
1714079197.3469534,-5.260976155598958
1714079197.3470662,-5.2960002863848645
1714079197.3471792,-5.3228523996141215
1714079197.347292,-5.3438672312983755
1714079197.347405,-5.360211707927562
1714079197.347518,-5.371886712533456
1714079197.3476307,-5.380059171605993
1714079197.3477437,-5.383561275623462
1714079197.3478565,-5.383561275623462
1714079197.3479695,-5.381226539611816
1714079197.3480823,-5.374221448545103
1714079197.3481953,-5.3648816214667425
1714079197.348308,-5.354374426382559
1714079197.348421,-5.341532053770842
1714079197.3485339,-5.319349854080765
1714079197.3486469,-5.304172745457402
1714079197.34876,-5.2796558097556785
1714079197.3488727,-5.252803696526421
1714079197.3489857,-5.225951583297164
1714079197.3490984,-5.197932102062084
1714079197.3492115,-5.165242707287823
1714079197.3493242,-5.13955796206439
1714079197.3494372,-5.110371112823486
1714079197.34955,-5.081183822066695
1714079197.349663,-5.054332150353326
1714079197.349776,-5.027480037124068
1714079197.3498888,-4.999460555888988
1714079197.3500018,-4.964435983587194
1714079197.3501146,-4.931746588812934
1714079197.3502276,-4.89672201651114
1714079197.3503404,-4.861697885725233
1714079197.3504534,-4.829008490950972
1714079197.3505661,-4.795151286655002
1714079197.3506792,-4.769466982947455
1714079197.3507922,-4.740279692190665
1714079197.350905,-4.715762756488941
1714079197.351018,-4.691245820787217
1714079197.3511307,-4.665561075563784
1714079197.3512437,-4.63520641680117
1714079197.3513565,-4.607186935566089
1714079197.3514695,-4.574497540791829
1714079197.3515823,-4.544143323545103
1714079197.3516953,-4.514956032788311
1714079197.3518083,-4.486936551553232
1714079197.351921,-4.462419615851508
1714079197.352034,-4.437902238633897
1714079197.3521469,-4.418055216471354
1714079197.3522599,-4.397040826302987
1714079197.3523726,-4.372523449085376
1714079197.3524857,-4.348006513383653
1714079197.3525984,-4.317651854621039
1714079197.3527114,-4.288465005380136
1714079197.3528242,-4.255775610605875
1714079197.3529372,-4.2219184063099044
1714079197.3530502,-4.1950667345965345
1714079197.353163,-4.164712075833921
1714079197.353276,-4.137859962604664
1714079197.3533888,-4.11334302690294
1714079197.3535018,-4.084155736146149
1714079197.3536146,-4.053801518899423
1714079197.3537276,-4.019944314603452
1714079197.3538404,-3.983752815811722
1714079197.3539534,-3.944058329970748
1714079197.3540664,-3.9020291081181275
1714079197.3541791,-3.8588320767437967
1714079197.3542922,-3.8168028548911765
1714079197.354405,-3.7736062650327327
1714079197.354518,-3.7280744976467552
1714079197.3546307,-3.686045055036191
1714079197.3547437,-3.6405135084081577
1714079197.3548565,-3.590311827483
1714079197.3549695,-3.533105276249073
1714079197.3550825,-3.4735637682455556
1714079197.3551953,-3.411687303472448
1714079197.3553083,-3.3404710116209806
1714079197.355421,-3.265752174236156
1714079197.355534,-3.1945358823846886
1714079197.3556468,-3.1174823089882175
1714079197.3557599,-3.0415961035975703
1714079197.3558726,-2.9633749414373325
1714079197.3559856,-2.880483865737915
1714079197.3560984,-2.7940902445051403
1714079197.3562114,-2.7018593417273626
1714079197.3563244,-2.606125893416228
1714079197.3564372,-2.508057709093447
1714079197.3565502,-2.4006494769343623
1714079197.356663,-2.289738919999864
1714079197.356776,-2.1764931855378324
1714079197.3568888,-2.0585777582945646
1714079197.3570018,-1.9394947422875297
1714079197.3571146,-1.8180767695109048
1714079197.3572276,-1.6943239503436618
1714079197.3573406,-1.5694035424126518
1714079197.3574533,-1.4374782641728718
1714079197.3575664,-1.3032180291635018
1714079197.3576791,-1.1642878806149517
1714079197.3577921,-1.0183528617576316
1714079197.357905,-0.8735853212851065
1714079197.358018,-0.7194778985447353
1714079197.3581307,-0.5653705309938502
1714079197.3582437,-0.4100956574634269
1714079197.3583567,-0.2524858271634137
1714079197.3584695,-0.0925410469924962
1714079197.3585825,0.06741693036423789
1714079197.3586953,0.22505759089081373
1714079197.3588083,0.3873690962791443
1714079197.358921,0.5473451481925117
1714079197.359034,0.7166629036267598
1714079197.3591468,0.8848129599182694
1714079197.3592598,1.0576338679702193
1714079197.3593726,1.2304547760221693
1714079197.3594856,1.4009401754096702
1714079197.3595986,1.57376108346162
1714079197.3597114,1.7419110845636436
1714079197.3598244,1.9065580986164232
1714079197.3599372,2.0712048919112593
1714079197.3600502,2.232348698156851
1714079197.360163,2.3888217078314886
1714079197.360276,2.5511331028408475
1714079197.3603888,2.7111093203226724
1714079197.3605018,2.8687499187610768
1714079197.3606148,3.0275583267211914
1714079197.3607275,3.1828635268741183
1714079197.3608406,3.332330341692324
1714079197.3609533,3.478293727945398
1714079197.3610663,3.61258034352903
1714079197.361179,3.7456989288330074
1714079197.3612921,3.8706439512747304
1714079197.361405,3.9909177356296115
1714079197.361518,4.107688974451135
1714079197.361631,4.222124152713351
1714079197.3617437,4.333056343926324
1714079197.3618567,4.441653357611762
1714079197.3619695,4.5444117652045355
1714079197.3620825,4.6401637571829335
1714079197.3621953,4.730077584584554
1714079197.3623083,4.811817186850088
1714079197.362421,4.885382563979537
1714079197.362534,4.955445395575629
1714079197.362647,5.017334002035635
1714079197.3627598,5.073384002402976
1714079197.3628728,5.130601370776141
1714079197.3629856,5.180813206566705
1714079197.3630986,5.228688981797959
1714079197.3632114,5.2730622114958585
1714079197.3633244,5.309260774541784
1714079197.3634372,5.344292411097774
1714079197.3635502,5.3688142034742565
1714079197.363663,5.385162212230541
1714079197.363776,5.403845398514359
1714079197.363889,5.413186991656268
1714079197.3640018,5.420193407270643
1714079197.3641148,5.426032013363308
1714079197.3642275,5.426032013363308
1714079197.3643405,5.424864203841597
1714079197.3644533,5.420193407270643
1714079197.3645663,5.412019182134557
1714079197.364679,5.403845398514359
1714079197.364792,5.393335995850739
1714079197.364905,5.376987987094455
1714079197.365018,5.361807787859881
1714079197.365131,5.340788982532642
1714079197.3652437,5.322105796248824
1714079197.3653567,5.298751371878164
1714079197.3654695,5.271894401974148
1714079197.3655825,5.247372609597665
1714079197.3656952,5.225185994748716
1714079197.3658082,5.195993405801278
1714079197.3659213,5.173806790952329
1714079197.366034,5.146949379532425
1714079197.366147,5.120091968112521
1714079197.3662598,5.096737985257749
1714079197.3663728,5.066377586788601
1714079197.3664856,5.041855794412118
1714079197.3665986,5.01149539594297
1714079197.3667114,4.979967187952112
1714079197.3668244,4.951941967010498
1714079197.3669372,4.9227493780630605
1714079197.3670502,4.894724598637334
1714079197.3671632,4.870202364744963
1714079197.367276,4.8410097757975254
1714079197.367389,4.819990970470287
1714079197.3675017,4.796636987615514
1714079197.3676147,4.770947385717321
1714079197.3677275,4.745257783819127
1714079197.3678405,4.71606519487169
1714079197.3679533,4.688039973930076
1714079197.3680663,4.656511765939218
1714079197.3681793,4.623816189942536
1714079197.368292,4.595790969000922
1714079197.368405,4.570101367102729
1714079197.3685179,4.5444117652045355
1714079197.368631,4.518722163306342
1714079197.3687437,4.490697383880615
1714079197.3688567,4.463839972460711
1714079197.3689694,4.436982561040807
1714079197.3690825,4.40662216257166
1714079197.3691955,4.369255348488136
1714079197.3693082,4.337727582013165
1714079197.3694212,4.301528577451353
1714079197.369534,4.26532957288954
1714079197.369647,4.230298377849437
1714079197.3697598,4.194099373287624
1714079197.3698728,4.161403355775056
1714079197.3699856,4.126372160734953
1714079197.3700986,4.0890053466514305
1714079197.3702116,4.044632558469419
1714079197.3703244,4.002594947814941
1714079197.3704374,3.953551363061975
1714079197.3705502,3.8998365402221675
1714079197.3706632,3.847289968419958
1714079197.370776,3.7924073360584396
1714079197.370889,3.735189526169388
1714079197.3710017,3.680307335323757
1714079197.3711147,3.6195865383854615
1714079197.3712275,3.558865741447166
1714079197.3713405,3.49697713498716
1714079197.3714535,3.428082333670722
1714079197.3715663,3.3556843245470964
1714079197.3716793,3.27861573961046
1714079197.371792,3.195708327823215
1714079197.371905,3.1128011367939137
1714079197.3720179,3.0217197206285262
1714079197.3721309,2.93297392350656
1714079197.3722436,2.841892728099116
1714079197.3723567,2.7449727058410645
1714079197.3724697,2.6457175060554787
1714079197.3725824,2.545294717506126
1714079197.3726954,2.435530115056921
1714079197.3728082,2.3257655126077155
1714079197.3729212,2.208994494544135
1714079197.373034,2.086385091145833
1714079197.373147,1.9626080989837644
1714079197.3732598,1.8306569920645819
1714079197.3733728,1.6975381860026606
1714079197.3734858,1.562083981655262
1714079197.3735986,1.4231266798796476
1714079197.3737116,1.2841692677250613
1714079197.3738244,1.1405411693784926
1714079197.3739374,0.9957452615102131
1714079197.3740501,0.8462785570709793
1714079197.3741632,0.6944764543462683
1714079197.374276,0.5380034998611167
1714079197.374389,0.38036284623322664
1714079197.3745017,0.21221280373908855
1714079197.3746147,0.04990129835075802
1714079197.3747277,-0.11705812756662015
1714079197.3748405,-0.286342755511955
1714079197.3749535,-0.4521249621002762
1714079197.3750663,-0.6190746470733924
1714079197.3751793,-0.7860242768570228
1714079197.375292,-0.9541414402149341
1714079197.375405,-1.1257610939167164
1714079197.3755178,-1.2962131588547317
1714079197.3756309,-1.466665223792747
1714079197.3757439,-1.6394523558793244
1714079197.3758566,-1.8099044208173398
1714079197.3759696,-1.987361466443097
1714079197.3760824,-2.1601484881507025
1714079197.3761954,-2.325930639549538
1714079197.3763082,-2.491712790948373
1714079197.3764212,-2.651657660802205
1714079197.376534,-2.8139374874256275
1714079197.376647,-2.966877266212746
1714079197.37676,-3.1198172657578076
1714079197.3768728,-3.269254719769513
1714079197.3769858,-3.4163572170116283
1714079197.3770986,-3.56229234624792
1714079197.3772116,-3.7035573411870883
1714079197.3773243,-3.841320232108787
1714079197.3774374,-3.9685752656724715
1714079197.3775501,-4.08999345920704
1714079197.3776631,-4.207908665692364
1714079197.3777761,-4.317651854621039
1714079197.377889,-4.422725130010534
1714079197.378002,-4.5196259463274915
1714079197.3781147,-4.614192026632804
1714079197.3782277,-4.702920383877224
1714079197.3783405,-4.788146637104175
1714079197.3784535,-4.867535167270236
1714079197.3785663,-4.93991904788547
1714079197.3786793,-5.008800382967348
1714079197.378792,-5.068341890970865
1714079197.378905,-5.123213485435203
1714079197.379018,-5.169912620827003
1714079197.3791308,-5.20960666515209
1714079197.3792439,-5.248133782987241
1714079197.3793566,-5.276153264222321
1714079197.3794696,-5.304172745457402
1714079197.3795824,-5.325187577141655
1714079197.3796954,-5.342699421776665
1714079197.3798082,-5.354374426382559
1714079197.3799212,-5.362546885455096
1714079197.3800342,-5.367216798994276
1714079197.380147,-5.3707189030117455
1714079197.38026,-5.369551535005923
1714079197.3803728,-5.361379075933385
1714079197.3804858,-5.352039248855025
1714079197.3805985,-5.336862140231662
1714079197.3807116,-5.321685031608299
1714079197.3808243,-5.304172745457402
1714079197.3809373,-5.283157913773148
1714079197.3810503,-5.260976155598958
1714079197.3811631,-5.2376261463871705
1714079197.3812761,-5.217779124224627
1714079197.381389,-5.193262188522904
1714079197.381502,-5.171079988832827
1714079197.3816147,-5.143060507597746
1714079197.3817277,-5.113873658356843
1714079197.3818405,-5.0835189995942285
1714079197.3819535,-5.053164340831615
1714079197.3820662,-5.018140210045709
1714079197.3821793,-4.9819482697380915
1714079197.3822923,-4.949258874963831
1714079197.382405,-4.916569480189571
1714079197.382518,-4.887382189432779
1714079197.3826308,-4.8593627081976996
1714079197.3827438,-4.832510594968443
1714079197.3828566,-4.803323745727539
1714079197.3829696,-4.7741368964866355
1714079197.3830824,-4.746117415251555
1714079197.3831954,-4.712260210955584
1714079197.3833084,-4.679570816181323
1714079197.3834212,-4.6468814214070635
1714079197.3835342,-4.61769457216616
1714079197.383647,-4.590842458936903
1714079197.38376,-4.566325081719293
1714079197.3838727,-4.544143323545103
1714079197.3839858,-4.5196259463274915
1714079197.3840985,-4.498611556159125
1714079197.3842115,-4.471759442929868
1714079197.3843246,-4.448409875233968
1714079197.3844373,-4.419222584477177
1714079197.3845503,-4.390035735236274
1714079197.384663,-4.362016254001193
1714079197.384776,-4.329326859226933
1714079197.384889,-4.303642114003499
1714079197.385002,-4.2802925463075985
1714079197.3851147,-4.256942978611699
1714079197.3852277,-4.234760778921622
1714079197.3853407,-4.211411211225721
1714079197.3854535,-4.185726907518174
1714079197.3855665,-4.154204880749737
1714079197.3856792,-4.123850221987124
1714079197.3857923,-4.0829883681403265
1714079197.385905,-4.04796423735442
1714079197.386018,-4.009437119519268
1714079197.3861308,-3.974412988733362
1714079197.3862438,-3.9417231524432146
1714079197.3863566,-3.904363844129774
1714079197.3864696,-3.869339713343867
1714079197.3865826,-3.8273100499753596
1714079197.3866954,-3.787616005650273
1714079197.3868084,-3.736246956719292
1714079197.3869212,-3.6883800118057812
1714079197.3870342,-3.6311736813297975
1714079197.387147,-3.5751344981016935
1714079197.38726,-3.513258033328586
1714079197.3873727,-3.4513815685554783
1714079197.3874857,-3.3906726925461377
1714079197.3875988,-3.3276286390092635
1714079197.3877115,-3.263417217466566
1714079197.3878245,-3.1945358823846886
1714079197.3879373,-3.123319590533221
1714079197.3880503,-3.0486009739063404
1714079197.388163,-2.9657098982069225
1714079197.388276,-2.878148908968325
1714079197.3883889,-2.788252962960137
1714079197.388502,-2.6948544714185925
1714079197.388615,-2.5979536551016347
1714079197.3887277,-2.49755029325132
1714079197.3888407,-2.395979563395182
1714079197.3889534,-2.2909062880056874
1714079197.3890665,-2.1858330126161927
1714079197.3891792,-2.0714199101483377
1714079197.3892922,-1.95817439644425
1714079197.389405,-1.8344215772770067
1714079197.389518,-1.708333690961202
1714079197.3896308,-1.576408412721422
1714079197.3897438,-1.4374782641728718
1714079197.3898568,-1.2973806372395267
1714079197.3899696,-1.1537805751517967
1714079197.3900826,-1.0090130346792714
1714079197.3901954,-0.8607430590523614
1714079197.3903084,-0.7101380714663752
1714079197.3904212,-0.55836566068508
1714079197.3905342,-0.4065932223090419
1714079197.390647,-0.24781591362423366
1714079197.39076,-0.08903861183811117
1714079197.390873,0.0755908864515799
1714079197.3909857,0.24140551686286923
1714079197.3910987,0.41305867058259466
1714079197.3912115,0.5858795510398017
1714079197.3913245,0.7540296073313112
1714079197.3914373,0.9256827610510366
1714079197.3915503,1.0914973638675831
1714079197.391663,1.2631505727767944
1714079197.391776,1.4242943790223863
1714079197.391889,1.5912766809816712
1714079197.3920019,1.7582589829409563
1714079197.3921149,1.9252412849002414
1714079197.3922276,2.0933915067602085
1714079197.3923407,2.261541507862232
1714079197.3924534,2.4296915089642557
1714079197.3925664,2.5955061117808023
1714079197.3926792,2.756649918026394
1714079197.3927922,2.9142905164647983
1714079197.392905,3.0649249200467708
1714079197.393018,3.213223925343266
1714079197.393131,3.353348926261619
1714079197.3932438,3.49697713498716
1714079197.3933568,3.633599148856269
1714079197.3934696,3.769053353203667
1714079197.3935826,3.904507336793122
1714079197.3936954,4.0341231558057995
1714079197.3938084,4.161403355775056
1714079197.3939211,4.281677581645824
1714079197.3940341,4.3937775823805065
1714079197.3941472,4.497703357979103
1714079197.39426,4.592287981951678
1714079197.394373,4.6857043548866555
1714079197.3944857,4.76744395715219
1714079197.3945987,4.848016191411901
1714079197.3947115,4.923917187584771
1714079197.3948245,4.997482564714219
1714079197.3949373,5.0640419677451805
1714079197.3950503,5.125930574205186
1714079197.3951633,5.183148384094238
1714079197.395276,5.231024600841381
1714079197.395389,5.275397389023392
1714079197.3955019,5.3057577874925395
1714079197.3956149,5.336118185961688
1714079197.3957276,5.362975597381592
1714079197.3958406,5.3828265931871195
1714079197.3959534,5.4015097794709375
1714079197.3960664,5.417857788227222
1714079197.3961794,5.429535000412552
1714079197.3962922,5.4377087840327505
1714079197.3964052,5.444715199647126
1714079197.396518,5.443547390125415
1714079197.396631,5.442379580603705
1714079197.3967438,5.435373606505217
1714079197.3968568,5.427199381369131
1714079197.3969696,5.4143548011779785
1714079197.3970826,5.395671614894161
1714079197.3971953,5.3828265931871195
1714079197.3973083,5.362975597381592
1714079197.3974214,5.344292411097774
1714079197.3975341,5.320937986727114
1714079197.3976471,5.30458997797083
1714079197.39776,5.277733008066813
1714079197.397873,5.256714202739574
1714079197.3979857,5.2321924103630915
1714079197.3980987,5.205334998943187
1714079197.3982115,5.180813206566705
1714079197.3983245,5.151620176103379
1714079197.3984375,5.121259777634232
1714079197.3985503,5.089731569643374
1714079197.3986633,5.061706790217647
1714079197.398776,5.030178582226788
1714079197.398889,5.002153802801061
1714079197.3990018,4.976464200902868
1714079197.3991148,4.947271170439543
1714079197.3992276,4.92158156854135
1714079197.3993406,4.897059776164867
1714079197.3994536,4.872537983788384
1714079197.3995664,4.843345394840947
1714079197.3996794,4.811817186850088
1714079197.3997922,4.7861275849518945
1714079197.3999052,4.753431567439327
1714079197.400018,4.725406788013599
1714079197.400131,4.698549376593696
1714079197.4002438,4.672859774695502
1714079197.4003568,4.648337982319019
1714079197.4004695,4.62498355794836
1714079197.4005826,4.602797384615298
1714079197.4006956,4.577107782717104
1714079197.4008083,4.54791475225378
1714079197.4009213,4.521057782349763
1714079197.401034,4.488361764837194
1714079197.4011471,4.456833556846336
1714079197.40126,4.422970171327944
1714079197.401373,4.392609772858796
1714079197.4014857,4.361081564867938
1714079197.4015987,4.32955335687708
1714079197.4017117,4.299192958407931
1714079197.4018245,4.267664750417073
1714079197.4019375,4.2349691744203914
1714079197.4020503,4.197602360336869
1714079197.4021633,4.159068178247522
1714079197.402276,4.11235977102209
1714079197.402389,4.067986541324191
1714079197.4025018,4.020110766092936
1714079197.4026148,3.9698993718182596
1714079197.4027278,3.925526142120361
1714079197.4028406,3.874146938323974
1714079197.4029536,3.827438531098542
1714079197.4030664,3.7725563402529114
1714079197.4031794,3.720009326934814
1714079197.4032922,3.6581209412327516
1714079197.4034052,3.5962323347727456
1714079197.403518,3.5273375334563077
1714079197.403631,3.4537719355689154
1714079197.403744,3.38137392644529
1714079197.4038568,3.304305341508653
1714079197.4039698,3.224901137528596
1714079197.4040825,3.141993725741351
1714079197.4041955,3.0602541234758163
1714079197.4043083,2.975011313403094
1714079197.4044213,2.886265516281128
1714079197.404534,2.7940165113519737
1714079197.404647,2.6912583245171438
1714079197.40476,2.5884999169243703
1714079197.404873,2.482238301524409
1714079197.404986,2.3678029025042497
1714079197.4050987,2.2545350922478566
1714079197.4052117,2.1354288966567427
1714079197.4053245,2.015154891543918
1714079197.4054375,1.8913778993818493
1714079197.4055502,1.7640975890336212
1714079197.4056633,1.6379850882071034
1714079197.405776,1.502530883859705
1714079197.405889,1.3635734717051187
1714079197.406002,1.2234484707867657
1714079197.4061148,1.0751494654902705
1714079197.4062278,0.9256827610510366
1714079197.4063406,0.7692098065658851
1714079197.4064536,0.6127368520807337
1714079197.4065664,0.45392847171536194
1714079197.4066794,0.2939523922072516
1714079197.4067922,0.13397632649651278
1714079197.4069052,-0.0318320778508981
1714079197.4070182,-0.19294434675463923
1714079197.407131,-0.35989403172775547
1714079197.407244,-0.5268436891061288
1714079197.4073567,-0.6996307660032202
1714079197.4074697,-0.8712503645155164
1714079197.4075825,-1.047539821377507
1714079197.4076955,-1.2238293886184692
1714079197.4078083,-1.3966164103260745
1714079197.4079213,-1.5717384991822418
1714079197.408034,-1.7410230857354623
1714079197.408147,-1.9126426290582725
1714079197.40826,-2.078425001215052
1714079197.4083729,-2.244207152613887
1714079197.408486,-2.4076543472431324
1714079197.4085987,-2.5687665851027877
1714079197.4087117,-2.732213779732033
1714079197.4088244,-2.892158649585865
1714079197.4089375,-3.0497683419121633
1714079197.4090502,-3.201540973451402
1714079197.4091632,-3.3521457954689304
1714079197.4092762,-3.4957459679356324
1714079197.409389,-3.634676006105211
1714079197.409502,-3.7642664379543724
1714079197.4096148,-3.895024017051414
1714079197.4097278,-4.011772297046803
1714079197.4098406,-4.13202268105966
1714079197.4099536,-4.244100605999981
1714079197.4100664,-4.355011162934479
1714079197.4101794,-4.458917070318151
1714079197.4102924,-4.560487800174289
1714079197.4104052,-4.657388616491247
1714079197.4105182,-4.7426148697181985
1714079197.410631,-4.822003399884259
1714079197.410744,-4.89672201651114
1714079197.4108567,-4.965603351593018
1714079197.4109697,-5.027480037124068
1714079197.4110825,-5.080016454060872
1714079197.4111955,-5.1313855029918525
1714079197.4113085,-5.17691727037783
1714079197.4114213,-5.216611756218804
1714079197.4115343,-5.252803696526421
1714079197.411647,-5.284325723294859
1714079197.41176,-5.313512572535762
1714079197.4118729,-5.329857490680835
1714079197.4119859,-5.347369335315845
1714079197.4120986,-5.356709162394205
1714079197.4122117,-5.361379075933385
1714079197.4123244,-5.366048989472565
1714079197.4124374,-5.361379075933385
1714079197.4125504,-5.354374426382559
1714079197.4126632,-5.345034599304199
1714079197.4127762,-5.335694772225839
1714079197.412889,-5.320517663602476
1714079197.413002,-5.304172745457402
1714079197.4131148,-5.288995636834038
1714079197.4132278,-5.269148173155608
1714079197.4133406,-5.249301150993064
1714079197.4134536,-5.224784215291341
1714079197.4135666,-5.2002668380737305
1714079197.4136794,-5.17224735683865
1714079197.4137924,-5.145395243609393
1714079197.4139051,-5.113873658356843
1714079197.4140182,-5.0835189995942285
1714079197.414131,-5.053164340831615
1714079197.414244,-5.0251448595965345
1714079197.4143567,-4.999460555888988
1714079197.4144697,-4.970273265132198
1714079197.4145827,-4.945756329430474
1714079197.4146955,-4.916569480189571
1714079197.4148085,-4.8862148214269565
1714079197.4149213,-4.857027972186053
1714079197.4150343,-4.822003399884259
1714079197.415147,-4.789314005109999
1714079197.41526,-4.754289432808204
1714079197.4153728,-4.723935215561478
1714079197.4154859,-4.6947479248046875
1714079197.4155986,-4.66906362109714
1714079197.4157116,-4.64454624387953
1714079197.4158247,-4.621196676183629
1714079197.4159374,-4.596679740481906
1714079197.4160504,-4.570994995258472
1714079197.4161632,-4.5406407780117455
1714079197.4162762,-4.510286119249131
1714079197.416389,-4.4822666380140515
1714079197.416502,-4.449577243239791
1714079197.4166148,-4.420390393998887
1714079197.4167278,-4.395873016781277
1714079197.4168408,-4.372523449085376
1714079197.4169536,-4.350341249395299
1714079197.4170666,-4.3269916816994
1714079197.4171793,-4.308312027542679
1714079197.4172924,-4.2802925463075985
1714079197.4174051,-4.2534404330783415
1714079197.4175181,-4.223086215831615
1714079197.417631,-4.1892290115356445
1714079197.417744,-4.154204880749737
1714079197.417857,-4.126185399514657
1714079197.4179697,-4.09349556322451
1714079197.4180827,-4.063141345977783
1714079197.4181955,-4.037456600754349
1714079197.4183085,-4.005934573985912
1714079197.4184213,-3.974412988733362
1714079197.4185343,-3.9370532389040345
1714079197.418647,-3.8985265625847707
1714079197.41876,-3.8529947951987937
1714079197.4188728,-3.8074630278128163
1714079197.4189858,-3.758428714893482
1714079197.4190989,-3.7093948434900352
1714079197.4192116,-3.6568582057952876
1714079197.4193246,-3.607823892875954
1714079197.4194374,-3.556454843944973
1714079197.4195504,-3.501583249480636
1714079197.4196632,-3.4502142005496554
1714079197.4197762,-3.384835190243191
1714079197.419889,-3.31945640069467
1714079197.420002,-3.245905152073613
1714079197.420115,-3.1711863146887884
1714079197.4202278,-3.0917977845227274
1714079197.4203408,-3.00890670882331
1714079197.4204535,-2.926015633123892
1714079197.4205666,-2.841956968660708
1714079197.4206793,-2.755563347427933
1714079197.4207923,-2.6656674014197455
1714079197.420905,-2.5711015418723777
1714079197.4210181,-2.4753680935612428
1714079197.4211311,-2.372629995699282
1714079197.421244,-2.265221763540197
1714079197.421357,-2.1531436178419323
1714079197.4214697,-2.0363955586044877
1714079197.4215827,-1.9149775858278626
1714079197.4216955,-1.7935597234302096
1714079197.4218085,-1.6639694019600195
1714079197.4219213,-1.5343790804898296
1714079197.4220343,-1.4024538022500497
1714079197.4221473,-1.2740310695436265
1714079197.42226,-1.1327659642254864
1714079197.422373,-0.9950032940617314
1714079197.4224858,-0.8490682200149253
1714079197.4225988,-0.6996307660032202
1714079197.4227116,-0.5443559200675399
1714079197.4228246,-0.3879135405575787
1714079197.4229374,-0.22913623187277052
1714079197.4230504,-0.0656890027500965
1714079197.4231632,0.09777734952944296
1714079197.4232762,0.2624242670006222
1714079197.4233892,0.42590347153169134
1714079197.423502,0.5905504028002421
1714079197.423615,0.7540296073313112
1714079197.4237278,0.9175088118623803
1714079197.4238408,1.0868265672966286
1714079197.4239535,1.2549765683986522
1714079197.4240665,1.4289651755933408
1714079197.4241793,1.6029537827880294
1714079197.4242923,1.776942389982718
1714079197.4244053,1.9485954885129575
1714079197.424518,2.115577900851214
1714079197.424631,2.2790571053822832
1714079197.424744,2.4390331021061646
1714079197.424857,2.601344717873467
1714079197.4249697,2.7554821085046837
1714079197.4250827,2.909619719893844
1714079197.4251955,3.063757331283004
1714079197.4253085,3.2143917348649764
1714079197.4254215,3.3661937272107156
1714079197.4255342,3.510989745457967
1714079197.4256473,3.654617733425564
1714079197.42576,3.7924073360584396
1714079197.425873,3.922023155071117
1714079197.4259858,4.044632558469419
1714079197.4260988,4.156732559204102
1714079197.4262116,4.268832559938784
1714079197.4263246,4.373926145059091
1714079197.4264374,4.476684552651864
1714079197.4265504,4.577107782717104
1714079197.4266634,4.671691965173792
1714079197.4267762,4.763940970102945
1714079197.4268892,4.848016191411901
1714079197.427002,4.929755793677436
1714079197.427115,4.99865037423593
1714079197.4272277,5.061706790217647
1714079197.4273407,5.121259777634232
1714079197.4274535,5.172638981430619
1714079197.4275665,5.21934738865605
1714079197.4276795,5.261384999310528
1714079197.4277923,5.301086990921585
1714079197.4279053,5.334950376439977
1714079197.428018,5.366478584430835
1714079197.428131,5.3921681863290285
1714079197.4282439,5.413186991656268
1714079197.428357,5.431870177940086
1714079197.4284697,5.440044403076172
1714079197.4285827,5.445883009168837
1714079197.4286957,5.445883009168837
1714079197.4288085,5.444715199647126
1714079197.4289215,5.440044403076172
1714079197.4290342,5.430702809934263
1714079197.4291472,5.421360775276466
1714079197.42926,5.408516195085313
1714079197.429373,5.396838982899983
1714079197.4294858,5.38399440270883
1714079197.4295988,5.366478584430835
1714079197.4297118,5.347795398147017
1714079197.4298246,5.329112211863199
1714079197.4299376,5.303422609965006
1714079197.4300504,5.2824038046377675
1714079197.4301634,5.253210774174443
1714079197.4302762,5.22752117227625
1714079197.4303892,5.199496392850523
1714079197.430502,5.172638981430619
1714079197.430615,5.144614202004892
1714079197.4307277,5.116588981063277
1714079197.4308407,5.090899379165084
1714079197.4309537,5.06520977726689
1714079197.4310665,5.037184997841163
1714079197.4311795,5.0091597768995495
1714079197.4312923,4.984637984523067
1714079197.4314053,4.955445395575629
1714079197.431518,4.9274201746340145
1714079197.431631,4.897059776164867
1714079197.4317439,4.86903499673914
1714079197.4318569,4.839841966275816
1714079197.43197,4.815320173899332
1714079197.4320827,4.789630572001139
1714079197.4321957,4.761605792575412
1714079197.4323084,4.740586987248173
1714079197.4324214,4.712561766306559
1714079197.4325342,4.688039973930076
1714079197.4326472,4.660014752988462
1714079197.43276,4.628486986513491
1714079197.432873,4.595790969000922
1714079197.432986,4.566598380053485
1714079197.4330988,4.5350701720626265
1714079197.4332118,4.504709773593478
1714079197.4333246,4.479020171695285
1714079197.4334376,4.4486597732261375
1714079197.4335504,4.424137980849654
1714079197.4336634,4.394944950386329
1714079197.4337761,4.364584551917182
1714079197.4338892,4.335391962969744
1714079197.434002,4.296857780880398
1714079197.434115,4.259490966796875
1714079197.434228,4.223291962235062
1714079197.4343407,4.181254351580584
1714079197.4344537,4.142720169491238
1714079197.4345665,4.105353355407715
1714079197.4346795,4.065651363796658
1714079197.4347923,4.025949372185601
1714079197.4349053,3.981576142487702
1714079197.435018,3.93486773526227
1714079197.435131,3.885824150509304
1714079197.435244,3.829774150141963
1714079197.4353569,3.7725563402529114
1714079197.4354699,3.710667733792905
1714079197.4355826,3.6464439498053656
1714079197.4356956,3.582219945059882
1714079197.4358084,3.5179959403143988
1714079197.4359214,3.44793332947625
1714079197.4360342,3.38137392644529
1714079197.4361472,3.3066407397941306
1714079197.4362602,3.2319073323850276
1714079197.436373,3.150167730119493
1714079197.436486,3.0602541234758163
1714079197.4365988,2.9703405168321395
1714079197.4367118,2.8757561136175083
1714079197.4368246,2.7741655155464455
1714079197.4369376,2.6725749174753823
1714079197.4370503,2.5686487003608987
1714079197.4371634,2.461219716955114
1714079197.4372764,2.3537905127913863
1714079197.4373891,2.239354893013283
1714079197.4375021,2.1237519052293563
1714079197.437615,2.0011425018310547
1714079197.437728,1.8738620811038547
1714079197.4378407,1.7454141819918596
1714079197.4379537,1.6087922785017224
1714079197.4380665,1.469834976726108
1714079197.4381795,1.326206878379539
1714079197.4382923,1.1802432713685211
1714079197.4384053,1.035447363500242
1714079197.4385183,0.8836452607755307
1714079197.438631,0.7341785563362969
1714079197.438744,0.5835441527543244
1714079197.4388568,0.4247357723889527
1714079197.4389699,0.2647596928808424
1714079197.4390826,0.10011276851097742
1714079197.4391956,-0.06802396641837226
1714079197.4393084,-0.23380614541195055
1714079197.4394214,-0.4065932223090419
1714079197.4395344,-0.5828827619552612
1714079197.4396472,-0.7568373172371475
1714079197.4397602,-0.9331268292886239
1714079197.439873,-1.1024114158418443
1714079197.439986,-1.2751985479284216
1714079197.4400988,-1.4468180912512318
1714079197.4402118,-1.6161026778044523
1714079197.4403245,-1.7900572882758246
1714079197.4404376,-1.9593419852080167
1714079197.4405506,-2.1309614181518555
1714079197.4406633,-2.3037486606174045
1714079197.4407763,-2.473033136791653
1714079197.4408891,-2.643485422487612
1714079197.4410021,-2.8045976603472673
1714079197.441115,-2.966877266212746
1714079197.441228,-3.1198172657578076
1714079197.4413407,-3.269254719769513
1714079197.4414537,-3.417524805775395
1714079197.4415665,-3.556454843944973
1714079197.4416795,-3.696552470878318
1714079197.4417925,-3.829645227502893
1714079197.4419053,-3.9604028065999346
1714079197.4420183,-4.086490913673683
1714079197.442131,-4.2102438432198985
1714079197.442244,-4.323489136166042
1714079197.4423568,-4.430897589083071
1714079197.4424698,-4.5301331414116754
1714079197.4425826,-4.624699221716987
1714079197.4426956,-4.711092842949761
1714079197.4428086,-4.791648741121645
1714079197.4429214,-4.866367799264413
1714079197.4430344,-4.93524913434629
1714079197.4431472,-5.001795291900635
1714079197.4432602,-5.062504167909975
1714079197.443373,-5.115041026362666
1714079197.443486,-5.166410075293647
1714079197.4435987,-5.20960666515209
1714079197.4437118,-5.248133782987241
1714079197.4438248,-5.281990545767324
1714079197.4439375,-5.307675290990758
1714079197.4440506,-5.328689681159125
1714079197.4441633,-5.346201967310022
1714079197.4442763,-5.361379075933385
1714079197.444389,-5.367216798994276
1714079197.444502,-5.373054080539279
1714079197.444615,-5.373054080539279
1714079197.444728,-5.371886712533456
1714079197.444841,-5.368384167000099
1714079197.4449537,-5.359044339921739
1714079197.4450667,-5.349704512843379
1714079197.4451795,-5.335694772225839
1714079197.4452925,-5.318182486074941
1714079197.4454052,-5.298335463912398
1714079197.4455183,-5.272650718688965
1714079197.445631,-5.249301150993064
1714079197.445744,-5.221281669757984
1714079197.4458568,-5.193262188522904
1714079197.4459698,-5.166410075293647
1714079197.4460828,-5.13955796206439
1714079197.4461956,-5.109203744817663
1714079197.4463086,-5.084686367600052
1714079197.4464214,-5.057834254370795
1714079197.4465344,-5.029814773135715
1714079197.4466472,-4.997125378361455
1714079197.4467602,-4.964435983587194
1714079197.446873,-4.9294114112854
1714079197.446986,-4.895554648505317
1714079197.447099,-4.861697885725233
1714079197.4472117,-4.831343226962619
1714079197.4473248,-4.8009885682000055
1714079197.4474375,-4.775304264492458
1714079197.4475505,-4.749619519269024
1714079197.4476633,-4.725102583567301
1714079197.4477763,-4.698250470338044
1714079197.447889,-4.6678958115754305
1714079197.448002,-4.63637422632288
1714079197.448115,-4.6095221130936235
1714079197.448228,-4.575664908797652
1714079197.448341,-4.545310691550926
1714079197.4484537,-4.5196259463274915
1714079197.4485667,-4.493941642619945
1714079197.4486794,-4.471759442929868
1714079197.4487925,-4.450744611245614
1714079197.4489052,-4.427395043549714
1714079197.4490182,-4.405212843859637
1714079197.449131,-4.3806959081579135
1714079197.449244,-4.350341249395299
1714079197.449357,-4.323489136166042
1714079197.4494698,-4.291967550913492
1714079197.4495828,-4.259278156139232
1714079197.4496956,-4.226588319849085
1714079197.4498086,-4.200904016141538
1714079197.4499214,-4.176386638923927
1714079197.4500344,-4.153037071228027
1714079197.4501472,-4.121515485975477
1714079197.4502602,-4.0993332862854
1714079197.4503732,-4.063141345977783
1714079197.450486,-4.028116773675989
1714079197.450599,-3.9884227293509023
1714079197.4507117,-3.9452256979765714
1714079197.4508247,-3.9020291081181275
1714079197.4509375,-3.8623346222771535
1714079197.4510505,-3.8203054004245334
1714079197.4511633,-3.7759410010443792
1714079197.4512763,-3.7339117791917587
1714079197.4513893,-3.6883800118057812
1714079197.451502,-3.6428484651777477
1714079197.451615,-3.590311827483
1714079197.4517279,-3.533105276249073
1714079197.4518409,-3.4700612227121987
1714079197.4519536,-3.4081847579390914
1714079197.4520667,-3.3381360548513905
1714079197.4521794,-3.269254719769513
1714079197.4522924,-3.1980384279180454
1714079197.4524052,-3.1268221360665778
1714079197.4525182,-3.05327088744552
1714079197.4526312,-2.976217093291106
1714079197.452744,-2.894493606355455
1714079197.452857,-2.8116025306560375
1714079197.4529698,-2.7182040391144926
1714079197.4530828,-2.623638179567125
1714079197.4531956,-2.5232348177168102
1714079197.4533086,-2.4181615423273155
1714079197.4534214,-2.3107535309261746
1714079197.4535344,-2.1986753852279097
1714079197.4536474,-2.0854298715238215
1714079197.4537601,-1.9710167690559668
1714079197.4538732,-1.851933753048932
1714079197.453986,-1.731683258657102
1714079197.454099,-1.6055953723412972
1714079197.4542117,-1.476005161250079
1714079197.4543247,-1.341744926240709
1714079197.4544375,-1.2004798209225689
1714079197.4545505,-1.058047237219634
1714079197.4546635,-0.9097772064032378
1714079197.4547763,-0.7556698388523525
1714079197.4548893,-0.6062323296511615
1714079197.455002,-0.4509574837154812
1714079197.455115,-0.29568261018505804
1714079197.4552279,-0.14274269342422485
1714079197.4553409,0.013702330869381074
1714079197.4554536,0.17251070174905989
1714079197.4555666,0.33248679505454165
1714079197.4556797,0.49713369872834945
1714079197.4557924,0.6641160558771204
1714079197.4559054,0.8334338113113685
1714079197.4560182,1.0062546641738326
1714079197.4561312,1.177907873083044
1714079197.456244,1.344890175042329
1714079197.456357,1.5153755744298298
1714079197.4564698,1.6800225884826094
1714079197.4565828,1.844669492156417
1714079197.4566956,2.009316285451253
1714079197.4568086,2.1692925029330783
1714079197.4569216,2.3327717074641474
1714079197.4570343,2.4974185007589833
1714079197.4571474,2.6620655148117627
1714079197.4572601,2.8255447193428322
1714079197.4573731,2.9820177290174694
1714079197.457486,3.136155119648686
1714079197.457599,3.287957332752369
1714079197.4577117,3.430417731956199
1714079197.4578247,3.5658719363035978
1714079197.4579377,3.6978231536017523
1714079197.4580505,3.8227677345275874
1714079197.4581635,3.9488805664910207
1714079197.4582763,4.071489969889322
1714079197.4583893,4.187092957673249
1714079197.458502,4.306199374022307
1714079197.458615,4.414795946191858
1714079197.4587278,4.516386985778809
1714079197.4588408,4.613306787278916
1714079197.4589539,4.700884554121229
1714079197.4590666,4.783791965908474
1714079197.4591796,4.859692962081343
1714079197.4592924,4.9274201746340145
1714079197.4594054,4.995147387186686
1714079197.4595182,5.0547003746032715
1714079197.4596312,5.114253803535743
1714079197.459744,5.169135994381374
1714079197.459857,5.213508782563386
1714079197.4599698,5.260217189788818
1714079197.4600828,5.297584003872341
1714079197.4601958,5.330279579869023
1714079197.4603086,5.357136991288926
1714079197.4604216,5.375820177572744
1714079197.4605343,5.3921681863290285
1714079197.4606473,5.402677588992648
1714079197.46076,5.412019182134557
1714079197.4608731,5.4190255977489326
1714079197.460986,5.4190255977489326
1714079197.461099,5.421360775276466
1714079197.461212,5.4190255977489326
1714079197.4613247,5.413186991656268
1714079197.4614377,5.4050132080360695
1714079197.4615505,5.393335995850739
1714079197.4616635,5.380490974143699
1714079197.4617763,5.364143406903302
1714079197.4618893,5.343124601576063
1714079197.462002,5.326776592819779
1714079197.462115,5.303422609965006
1714079197.462228,5.278900376072636
1714079197.4623408,5.256714202739574
1714079197.4624538,5.2321924103630915
1714079197.4625666,5.2100057955141414
1714079197.4626796,5.181980574572528
1714079197.4627924,5.160961769245288
1714079197.4629054,5.135272167347095
1714079197.4630182,5.106079578399658
1714079197.4631312,5.079222166979754
1714079197.4632442,5.053532565081561
1714079197.463357,5.02200479860659
1714079197.46347,4.992811768143265
1714079197.4635828,4.962451369674117
1714079197.4636958,4.93442659024839
1714079197.4638085,4.908736988350197
1714079197.4639215,4.881879576930293
1714079197.4640343,4.8585255940755205
1714079197.4641473,4.832835992177327
1714079197.46426,4.809481567806667
1714079197.464373,4.782624156386763
1714079197.4644861,4.753431567439327
1714079197.464599,4.725406788013599
1714079197.464712,4.695046389544451
1714079197.4648247,4.665853359081127
1714079197.4649377,4.6378285796554
1714079197.4650505,4.610971168235496
1714079197.4651635,4.587617185380723
1714079197.4652762,4.563094951488353
1714079197.4653893,4.53740534959016
1714079197.4655023,4.511715747691967
1714079197.465615,4.480187981216996
1714079197.465728,4.455665747324625
1714079197.4658408,4.4194671842787
1714079197.4659538,4.38560335724442
1714079197.4660666,4.350572162204318
1714079197.4661796,4.315540967164216
1714079197.4662924,4.281677581645824
1714079197.4664054,4.250149373654966
1714079197.4665184,4.215118178614864
1714079197.4666312,4.181254351580584
1714079197.4667442,4.143887537497061
1714079197.466857,4.104185545886004
1714079197.46697,4.059812757703993
1714079197.4670827,4.01193654095685
1714079197.4671957,3.965228133731418
1714079197.4673085,3.9115137524074974
1714079197.4674215,3.8554637520401562
1714079197.4675343,3.8029167387220593
1714079197.4676473,3.7480345478764283
1714079197.4677603,3.693152136272854
1714079197.467873,3.6371021359055127
1714079197.467986,3.57404594068174
1714079197.4680989,3.510989745457967
1714079197.468212,3.442094944141529
1714079197.4683247,3.3673615367324263
1714079197.4684377,3.2914605405595565
1714079197.4685504,3.209720938294022
1714079197.4686635,3.126813526506777
1714079197.4687765,3.040403127670288
1714079197.4688892,2.9504895210266113
1714079197.4690022,2.865246710953889
1714079197.469115,2.7694947189754906
1714079197.469228,2.673742506239149
1714079197.4693408,2.5756551159752736
1714079197.4694538,2.464722704004358
1714079197.4695666,2.35729349984063
1714079197.4696796,2.24169029129876
1714079197.4697926,2.1190808879004583
1714079197.4699054,1.9929684974529123
1714079197.4700184,1.8691912845329002
1714079197.4701312,1.734904889707212
1714079197.4702442,1.6041214819307679
1714079197.470357,1.4674995784406308
1714079197.47047,1.329709975807755
1714079197.4705827,1.1849140679394756
1714079197.4706957,1.0401182704501681
1714079197.4708087,0.8883161125359711
1714079197.4709215,0.7341785563362969
1714079197.4710345,0.578873300993884
1714079197.4711473,0.4165617956055535
1714079197.4712603,0.24957946605152553
1714079197.471373,0.08376484943760765
1714079197.471486,-0.08436868450155964
1714079197.4715989,-0.2524858271634137
1714079197.4717119,-0.41826803375173494
1714079197.4718246,-0.5933900674184163
1714079197.4719377,-0.7591722740067376
1714079197.4720507,-0.9319593509038289
1714079197.4721634,-1.1059138509962294
1714079197.4722764,-1.2787009830828064
1714079197.4723892,-1.457325396714387
1714079197.4725022,-1.6301125288009644
1714079197.472615,-1.8052345072781597
1714079197.472728,-1.97918900737056
1714079197.4728408,-2.149641293066519
1714079197.4729538,-2.3165908124711776
1714079197.4730668,-2.4788706390945996
1714079197.4731796,-2.6399828769542553
1714079197.4732926,-2.8010951148139105
1714079197.4734054,-2.9552024823647955
1714079197.4735184,-3.110477438679448
1714079197.4736311,-3.261082260696976
1714079197.4737442,-3.411687303472448
1714079197.473857,-3.561124757484153
1714079197.47397,-3.7012223844174983
1714079197.474083,-3.8354825090478966
1714079197.4741957,-3.966240529660825
1714079197.4743087,-4.087658281679507
1714079197.4744215,-4.209076475214075
1714079197.4745345,-4.315317118609393
1714079197.4746473,-4.420390393998887
1714079197.4747603,-4.523128491860849
1714079197.474873,-4.618861940171983
1714079197.474986,-4.711092842949761
1714079197.4750988,-4.797486464182535
1714079197.4752119,-4.876874994348596
1714079197.4753249,-4.9504262429696535
1714079197.4754376,-5.015805032518174
1714079197.4755507,-5.076513908527515
1714079197.4756634,-5.129050766980206
1714079197.4757764,-5.1734151663603605
1714079197.4758892,-5.216611756218804
1714079197.4760022,-5.251636328520598
1714079197.476115,-5.281990545767324
1714079197.476228,-5.308842658996582
1714079197.476341,-5.328689681159125
1714079197.4764538,-5.349704512843379
1714079197.4765668,-5.362546885455096
1714079197.4766796,-5.3707189030117455
1714079197.4767926,-5.380059171605993
1714079197.4769053,-5.380059171605993
1714079197.4770184,-5.376556626072636
1714079197.4771311,-5.3707189030117455
1714079197.4772441,-5.356709162394205
1714079197.4773571,-5.346201967310022
1714079197.47747,-5.328689681159125
1714079197.477583,-5.312345204529938
1714079197.4776957,-5.2960002863848645
1714079197.4778087,-5.271483350683141
1714079197.4779215,-5.252803696526421
1714079197.4780345,-5.230621496836344
1714079197.4781473,-5.20610456113462
1714079197.4782603,-5.18158718391701
1714079197.478373,-5.1524003346761065
1714079197.478486,-5.122045675913492
1714079197.478599,-5.090523649145055
1714079197.4787118,-5.057834254370795
1714079197.4788249,-5.023977491590712
1714079197.4789376,-4.991288096816451
1714079197.4790506,-4.957431334036367
1714079197.4791634,-4.93057922080711
1714079197.4792764,-4.90255973957203
1714079197.4793892,-4.874539816821063
1714079197.4795022,-4.846520335585982
1714079197.4796152,-4.814998308817545
1714079197.479728,-4.784644091570819
1714079197.479841,-4.750787328790735
1714079197.4799538,-4.715762756488941
1714079197.4800668,-4.685408097726327
1714079197.4801795,-4.6527187029520665
1714079197.4802926,-4.621196676183629
1714079197.4804053,-4.59784710848773
1714079197.4805183,-4.5721628047801826
1714079197.4806314,-4.551147973095929
1714079197.4807441,-4.528965773405852
1714079197.4808571,-4.5032814696983055
1714079197.48097,-4.475261988463225
1714079197.481083,-4.4449073297006105
1714079197.4811957,-4.414552670937997
1714079197.4813087,-4.385365821697094
1714079197.4814215,-4.352676426922833
1714079197.4815345,-4.328159491221109
1714079197.4816475,-4.3013073779918525
1714079197.4817603,-4.2802925463075985
1714079197.4818733,-4.261612892150879
1714079197.481986,-4.234760778921622
1714079197.482099,-4.2102438432198985
1714079197.4822118,-4.181056552463107
1714079197.4823248,-4.149534967210557
1714079197.4824376,-4.11801294044212
1714079197.4825506,-4.084155736146149
1714079197.4826634,-4.046796427832709
1714079197.4827764,-4.016442210585982
1714079197.4828894,-3.982585006290012
1714079197.4830022,-3.9498956115157515
1714079197.4831152,-3.9148714807298446
1714079197.483228,-3.8786795404222274
1714079197.483341,-3.8401524225870767
1714079197.4834538,-3.7946206552010993
1714079197.4835668,-3.744418974275942
1714079197.4836795,-3.691882557339138
1714079197.4837925,-3.6335086380993875
1714079197.4839056,-3.5774694548712835
1714079197.4840183,-3.516760578861943
1714079197.4841313,-3.4595540276280152
1714079197.484244,-3.397677562854908
1714079197.484357,-3.3322985525484436
1714079197.48447,-3.265752174236156
1714079197.484583,-3.1968708391542786
1714079197.4846957,-3.1221522225273977
1714079197.4848087,-3.0439310603671603
1714079197.4849217,-2.9587050278981524
1714079197.4850345,-2.872311406665378
1714079197.4851475,-2.7800805038876
1714079197.4852602,-2.6866820123460555
1714079197.4853733,-2.5897811960290977
1714079197.485486,-2.49288037971214
1714079197.485599,-2.3924770178618253
1714079197.4857118,-2.2885713312360974
1714079197.4858248,-2.1811630990770126
1714079197.4859376,-2.066749996609158
1714079197.4860506,-1.9523371148992466
1714079197.4861636,-1.8309191421226219
1714079197.4862764,-1.7013288206524317
1714079197.4863894,-1.5717384991822418
1714079197.4865022,-1.4351433074032818
1714079197.4866152,-1.2985481156243217
1714079197.486728,-1.1596179670757716
1714079197.486841,-1.0148504266032465
1714079197.4869537,-0.8700828861307214
1714079197.4870667,-0.7218129105038112
1714079197.4871798,-0.5712079229178252
1714079197.4872925,-0.41826803375173494
1714079197.4874055,-0.26065820345172175
1714079197.4875183,-0.09837845271384274
1714079197.4876313,0.06741693036423789
1714079197.487744,0.2379023918399104
1714079197.487857,0.406052420536677
1714079197.4879699,0.5800410001366226
1714079197.488083,0.7481910564281322
1714079197.488196,0.9163411127196417
1714079197.4883087,1.08565886815389
1714079197.4884217,1.2514734709704363
1714079197.4885345,1.4196234720724599
1714079197.4886475,1.59244438012441
1714079197.4887602,1.7582589829409563
1714079197.4888732,1.9310798909929063
1714079197.488986,2.1003977016166404
1714079197.489099,2.269715291482431
1714079197.489212,2.4366977038206876
1714079197.4893248,2.59900931958799
1714079197.4894378,2.757817506790161
1714079197.4895506,2.910787529415554
1714079197.4896636,3.061421932997527
1714079197.4897764,3.2027145226796465
1714079197.4898894,3.3486781296906645
1714079197.4900022,3.487635541845251
1714079197.4901152,3.6265927332418935
1714079197.490228,3.7643825566327127
1714079197.490341,3.897501362694634
1714079197.490454,4.028284549713135
1714079197.4905667,4.152061762633147
1714079197.4906797,4.26532957288954
1714079197.4907925,4.376261764102511
1714079197.4909055,4.474349375124331
1714079197.4910183,4.572436986146149
1714079197.4911313,4.660014752988462
1714079197.491244,4.745257783819127
1714079197.491357,4.829332563612196
1714079197.49147,4.907569178828487
1714079197.4915829,4.9823023654796454
1714079197.491696,5.048861768510606
1714079197.4918087,5.111918184492323
1714079197.4919217,5.167968184859664
1714079197.4920344,5.214676592085096
1714079197.4921474,5.254378583696153
1714079197.4922602,5.29408057530721
1714079197.4923732,5.3232736057705345
1714079197.4924862,5.350130575674551
1714079197.492599,5.37114938100179
1714079197.492712,5.39450380537245
1714079197.4928248,5.410851814128734
1714079197.4929378,5.422528584798177
1714079197.4930506,5.434205796983506
1714079197.4931636,5.4377087840327505
1714079197.4932764,5.441212212597882
1714079197.4933894,5.434205796983506
1714079197.4935021,5.4283671908908415
1714079197.4936152,5.4190255977489326
1714079197.4937282,5.403845398514359
1714079197.493841,5.3921681863290285
1714079197.493954,5.373485000045211
1714079197.4940667,5.357136991288926
1714079197.4941797,5.338453805005108
1714079197.4942925,5.319770177205403
1714079197.4944055,5.298751371878164
1714079197.4945183,5.276565198545103
1714079197.4946313,5.256714202739574
1714079197.4947443,5.231024600841381
1714079197.494857,5.205334998943187
1714079197.49497,5.178477587523283
1714079197.4950829,5.1504528080975565
1714079197.4951959,5.123595396677652
1714079197.4953086,5.090899379165084
1714079197.4954216,5.06520977726689
1714079197.4955344,5.033681569276032
1714079197.4956474,5.007991967377839
1714079197.4957604,4.9823023654796454
1714079197.4958732,4.955445395575629
1714079197.4959862,4.928587984155725
1714079197.496099,4.899395395208288
1714079197.496212,4.873705793310094
1714079197.4963248,4.843345394840947
1714079197.4964378,4.815320173899332
1714079197.4965506,4.784959775430185
1714079197.4966636,4.755767186482747
1714079197.4967766,4.727741965541133
1714079197.4968894,4.6997171861154055
1714079197.4970024,4.677530571266456
1714079197.4971151,4.654176588411684
1714079197.4972281,4.628486986513491
1714079197.497341,4.6039647526211205
1714079197.497454,4.577107782717104
1714079197.4975667,4.546747384247956
1714079197.4976797,4.514051366735387
1714079197.4977925,4.48369096826624
1714079197.4979055,4.450994950753671
1714079197.4980185,4.420634552284523
1714079197.4981313,4.389106344293665
1714079197.4982443,4.361081564867938
1714079197.498357,4.3318889759205
1714079197.49847,4.301528577451353
1714079197.4985828,4.2711681789822045
1714079197.4986959,4.2349691744203914
1714079197.4988086,4.197602360336869
1714079197.4989216,4.153229572154857
1714079197.4990346,4.113527139027913
1714079197.4991474,4.065651363796658
1714079197.4992604,4.022445943620469
1714079197.4993732,3.9792409649601685
1714079197.4994862,3.931364748213026
1714079197.499599,3.8869919600310148
1714079197.499712,3.8379479337621616
1714079197.4998248,3.788904349009196
1714079197.4999378,3.731686539120144
1714079197.5000508,3.6733011404673257
1714079197.5001636,3.606741737436365
1714079197.5002766,3.537846936119927
1714079197.5003893,3.4701199443251998
1714079197.5005023,3.3942187273943865
1714079197.5006151,3.322988527792471
1714079197.5007281,3.243584323812414
1714079197.500841,3.168851137161255
1714079197.500954,3.088279123659487
1714079197.5010667,3.001868724822998
1714079197.5011797,2.9131229277010315
1714079197.5012927,2.816203126200923
1714079197.5014055,2.718115515179104
1714079197.5015185,2.6130217093008534
1714079197.5016313,2.5055925051371255
1714079197.5017443,2.393492504402443
1714079197.501857,2.2790571053822832
1714079197.50197,2.163453896840413
1714079197.5020828,2.0431798917275885
1714079197.5021958,1.9240736961364744
1714079197.5023088,1.797961084930985
1714079197.5024216,1.6683454866762513
1714079197.5025346,1.5363943797570687
1714079197.5026474,1.3997724762669315
1714079197.5027604,1.2573119666841295
1714079197.5028732,1.1113484700520833
1714079197.5029862,0.9630494647555881
1714079197.503099,0.8089119085559138
1714079197.503212,0.6582775049739413
1714079197.503325,0.4994690970138267
1714079197.5034378,0.34299617012341815
1714079197.5035508,0.18302007681793636
1714079197.5036635,0.023044000759168907
1714079197.5037766,-0.14040773665463482
1714079197.5038893,-0.3096923783973411
1714079197.5040023,-0.47780954175525236
1714079197.504115,-0.6529315754219337
1714079197.504228,-0.8268861307038201
1714079197.504341,-1.0066780779096816
1714079197.504454,-1.181800056386877
1714079197.504567,-1.3545871884734542
1714079197.5046797,-1.5320441237202396
1714079197.5047927,-1.7001613422676367
1714079197.5049055,-1.871780995969419
1714079197.5050185,-2.0363955586044877
1714079197.5051312,-2.2068476235425027
1714079197.5052443,-2.3714624069355152
1714079197.505357,-2.5360771903285273
1714079197.50547,-2.6995243849577726
1714079197.505583,-2.860636622817428
1714079197.5056958,-3.021748860677083
1714079197.5058088,-3.1711863146887884
1714079197.5059216,-3.32179135746426
1714079197.5060346,-3.4607213956338385
1714079197.5061474,-3.5996516545613604
1714079197.5062604,-3.7339117791917587
1714079197.5063732,-3.8588320767437967
1714079197.5064862,-3.9849201838175454
1714079197.5065992,-4.10283539030287
1714079197.506712,-4.219583670298258
1714079197.506825,-4.330494227232756
1714079197.5069377,-4.439070048155608
1714079197.5070508,-4.539473410005923
1714079197.5071635,-4.6317043127837
1714079197.5072765,-4.719265302022298
1714079197.5073893,-4.799821200194182
1714079197.5075023,-4.87337244881524
1714079197.5076153,-4.93875123836376
1714079197.507728,-5.002962659906458
1714079197.507841,-5.062504167909975
1714079197.507954,-5.111538480829309
1714079197.508067,-5.1629075297602895
1714079197.5081797,-5.204936751612911
1714079197.5082927,-5.244631237453884
1714079197.5084054,-5.277320632228145
1714079197.5085185,-5.304172745457402
1714079197.5086312,-5.328689681159125
1714079197.5087442,-5.342699421776665
1714079197.5088573,-5.355541794388382
1714079197.50897,-5.361379075933385
1714079197.509083,-5.3648816214667425
1714079197.5091958,-5.362546885455096
1714079197.5093088,-5.360211707927562
1714079197.5094216,-5.352039248855025
1714079197.5095346,-5.348537144837556
1714079197.5096474,-5.3333595946983055
1714079197.5097604,-5.319349854080765
1714079197.5098734,-5.304172745457402
1714079197.5099862,-5.284325723294859
1714079197.5100992,-5.265646069138138
1714079197.510212,-5.238793955908881
1714079197.510325,-5.21427657869127
1714079197.5104377,-5.1839223614445435
1714079197.5105507,-5.157070248215287
1714079197.5106635,-5.1255482214468495
1714079197.5107765,-5.0940261946784124
1714079197.5108895,-5.066006713443332
1714079197.5110023,-5.039154600214075
1714079197.5111153,-5.011135118978994
1714079197.511228,-4.986618183277271
1714079197.511341,-4.955096156508834
1714079197.5114539,-4.92590930726793
1714079197.5115669,-4.894387280499493
1714079197.5116796,-4.857027972186053
1714079197.5117927,-4.825505945417616
1714079197.5119054,-4.791648741121645
1714079197.5120184,-4.761294523874918
1714079197.5121315,-4.730939865112305
1714079197.5122442,-4.702920383877224
1714079197.5123572,-4.680738184187147
1714079197.51247,-4.65855598449707
1714079197.512583,-4.63053650326199
1714079197.5126958,-4.603684390032733
1714079197.5128088,-4.573330172786006
1714079197.5129216,-4.545310691550926
1714079197.5130346,-4.512621296776666
1714079197.5131476,-4.483434006019874
1714079197.5132604,-4.4554145247847945
1714079197.5133734,-4.4285624115555375
1714079197.5134861,-4.406380653381348
1714079197.5135992,-4.385365821697094
1714079197.513712,-4.36551879953455
1714079197.513825,-4.338666686305293
1714079197.5139377,-4.315317118609393
1714079197.5140507,-4.284962459846779
1714079197.5141637,-4.254608242600052
1714079197.5142765,-4.2219184063099044
1714079197.5143895,-4.1892290115356445
1714079197.5145023,-4.160042162294741
1714079197.5146153,-4.128520135526304
1714079197.514728,-4.101668022297047
1714079197.514841,-4.073648541061966
1714079197.5149539,-4.044461691821063
1714079197.5150669,-4.015274401064272
1714079197.5151799,-3.9802502702783653
1714079197.5152926,-3.944058329970748
1714079197.5154057,-3.9008612985964173
1714079197.5155184,-3.8588320767437967
1714079197.5156314,-3.8121329413519964
1714079197.5157442,-3.7654338059601957
1714079197.5158572,-3.7199020385742183
1714079197.51597,-3.6743702711882413
1714079197.516083,-3.6288387245602074
1714079197.5161958,-3.5798044116408736
1714079197.5163088,-3.5261004059403027
1714079197.5164218,-3.4688938547063755
1714079197.5165346,-3.407017389933268
1714079197.5166476,-3.3404710116209806
1714079197.5167603,-3.268087131005746
1714079197.5168734,-3.1933685143788653
1714079197.5169861,-3.115147352218628
1714079197.5170991,-3.0345912332888
1714079197.517212,-2.9552024823647955
1714079197.517325,-2.8688090818899648
1714079197.517438,-2.7835830494209572
1714079197.5175507,-2.6948544714185925
1714079197.5176637,-2.599121023107458
1714079197.5177765,-2.5022202067905
1714079197.5178895,-2.398314520164772
1714079197.5180023,-2.2885713312360974
1714079197.5181153,-2.1741582287682424
1714079197.518228,-2.0550752127612077
1714079197.518341,-1.9359924175121166
1714079197.518454,-1.8110718992021348
1714079197.5185668,-1.6873190800348916
1714079197.5186799,-1.5577287585647017
1714079197.5187926,-1.4269709587097168
1714079197.5189056,-1.2938782020851416
1714079197.5190184,-1.1526130967670016
1714079197.5191314,-1.0160179049880416
1714079197.5192442,-0.8642454942067463
1714079197.5193572,-0.7124730282359653
1714079197.51947,-0.554863225530695
1714079197.519583,-0.39725339523068176
1714079197.519696,-0.23730860816107854
1714079197.5198088,-0.07619632890930882
1714079197.5199218,0.08493255547903202
1714079197.5200346,0.24724406776604826
1714079197.5201476,0.41305867058259466
1714079197.5202603,0.573034750090705
1714079197.5203733,0.7388494080967373
1714079197.520486,0.9081671635309855
1714079197.5205991,1.079820262061225
1714079197.5207121,1.2538088692559135
1714079197.520825,1.4242943790223863
1714079197.520938,1.6029537827880294
1714079197.5210507,1.7722714830327917
1714079197.5211637,1.943924691942003
1714079197.5212765,2.1109071042802596
1714079197.5213895,2.2743863088113287
1714079197.5215023,2.437865513342398
1714079197.5216153,2.594338302259092
1714079197.5217283,2.7531467102192066
1714079197.521841,2.910787529415554
1714079197.521954,3.0684281278539585
1714079197.5220668,3.2237333280068854
1714079197.5221798,3.374367731588858
1714079197.5222926,3.5214991481215865
1714079197.5224056,3.662791737803706
1714079197.5225184,3.7959107646235712
1714079197.5226314,3.9231909645928273
1714079197.5227444,4.044632558469419
1714079197.5228572,4.159068178247522
1714079197.5229702,4.268832559938784
1714079197.523083,4.377429573624222
1714079197.523196,4.48369096826624
1714079197.5233088,4.584113756815592
1714079197.5234218,4.681033558315701
1714079197.5235345,4.770947385717321
1714079197.5236475,4.855022165510389
1714079197.5237603,4.930923161683259
1714079197.5238733,4.9998181837576405
1714079197.5239863,5.061706790217647
1714079197.524099,5.118924600106698
1714079197.5242121,5.170303803903085
1714079197.524325,5.21701176961263
1714079197.524438,5.261384999310528
1714079197.5245507,5.301086990921585
1714079197.5246637,5.337285995483398
1714079197.5247765,5.369982012995967
1714079197.5248895,5.39450380537245
1714079197.5250025,5.416689978705512
1714079197.5251153,5.429535000412552
1714079197.5252283,5.440044403076172
1714079197.525341,5.442379580603705
1714079197.525454,5.4470503771746595
1714079197.5255668,5.444715199647126
1714079197.5256798,5.441212212597882
1714079197.5257926,5.435373606505217
1714079197.5259056,5.427199381369131
1714079197.5260186,5.415522610699688
1714079197.5261314,5.403845398514359
1714079197.5262444,5.388665199279785
1714079197.5263572,5.373485000045211
1714079197.5264702,5.351298385196261
1714079197.526583,5.331447389390733
1714079197.526696,5.308093406535961
1714079197.5268087,5.2824038046377675
1714079197.5269217,5.256714202739574
1714079197.5270345,5.22985679131967
1714079197.5271475,5.201831570378056
1714079197.5272605,5.172638981430619
1714079197.5273733,5.146949379532425
1714079197.5274863,5.122427587155943
1714079197.527599,5.094402366214328
1714079197.527712,5.0687127643161345
1714079197.5278249,5.039520175368697
1714079197.527938,5.01149539594297
1714079197.5280507,4.983470175001356
1714079197.5281637,4.950774599004674
1714079197.5282767,4.9227493780630605
1714079197.5283895,4.891221170072202
1714079197.5285025,4.862028581124765
1714079197.5286152,4.835171169704861
1714079197.5287282,4.810649377328378
1714079197.528841,4.787295394473605
1714079197.528954,4.760437983053701
1714079197.5290668,4.739419177726463
1714079197.5291798,4.711393956784849
1714079197.5292928,4.684536986880832
1714079197.5294056,4.656511765939218
1714079197.5295186,4.62498355794836
1714079197.5296314,4.595790969000922
1714079197.5297444,4.564262761010064
1714079197.5298572,4.538573159111871
1714079197.5299702,4.509380570164433
1714079197.530083,4.48485877778795
1714079197.530196,4.459169175889756
1714079197.530309,4.432311764469853
1714079197.5304217,4.404286985044126
1714079197.5305347,4.370423158009847
1714079197.5306475,4.334224153448034
1714079197.5307605,4.295689971358687
1714079197.5308733,4.25482017022592
1714079197.5309863,4.218621165664107
1714079197.531099,4.181254351580584
1714079197.531212,4.143887537497061
1714079197.5313249,4.099514749315049
1714079197.5314379,4.064483554274947
1714079197.531551,4.021278134098759
1714079197.5316637,3.9780731554384583
1714079197.5317767,3.9301969386913154
1714079197.5318894,3.876482557367395
1714079197.5320024,3.820432557000054
1714079197.5321152,3.7667177341602462
1714079197.5322282,3.7048291277002403
1714079197.532341,3.645276140283655
1714079197.532454,3.582219945059882
1714079197.532567,3.5214991481215865
1714079197.5326798,3.4561073338543924
1714079197.5327928,3.3848771342524775
1714079197.5329056,3.3159823329360396
1714079197.5330186,3.236578128955982
1714079197.5331314,3.156006336212158
1714079197.5332444,3.070763526139436
1714079197.5333571,2.9761791229248047
1714079197.5334702,2.8815947197101734
1714079197.5335832,2.7846749182100647
1714079197.533696,2.686587307188246
1714079197.533809,2.583829120353416
1714079197.5339217,2.4787353144751654
1714079197.5340347,2.3713061103114375
1714079197.5341475,2.2557029017695673
1714079197.5342605,2.1389321044639305
1714079197.5343733,2.017490289829395
1714079197.5344863,1.8878746915746616
1714079197.534599,1.7582589829409563
1714079197.534712,1.6181339820226033
1714079197.534825,1.4780089811042503
1714079197.5349379,1.335548471521448
1714079197.5350509,1.1872494662249529
1714079197.5351636,1.0436213678783839
1714079197.5352767,0.8929869091069256
1714079197.5353894,0.7423525055249531
1714079197.5355024,0.5823764536115857
1714079197.5356152,0.42707119826917295
1714079197.5357282,0.26359196614336083
1714079197.5358412,0.09660964348801859
1714079197.535954,-0.06919144480316727
1714079197.536067,-0.2419785217002586
1714079197.5361798,-0.41359812021255493
1714079197.5362928,-0.5840502403400563
1714079197.5364056,-0.7545023052780716
1714079197.5365186,-0.9261219589798538
1714079197.5366313,-1.0977415023026642
1714079197.5367444,-1.2646911320862946
1714079197.5368574,-1.4374782641728718
1714079197.5369701,-1.6079303291108873
1714079197.5370831,-1.7772150260430795
1714079197.537196,-1.9476672013600667
1714079197.537309,-2.120454223067672
1714079197.5374217,-2.2909062880056874
1714079197.5375347,-2.4566884394045228
1714079197.5376475,-2.620135634033768
1714079197.5377605,-2.781248092651367
1714079197.5378733,-2.9353554602022522
1714079197.5379863,-3.0894628277531373
1714079197.5380993,-3.2342303682256626
1714079197.538212,-3.380165276704011
1714079197.538325,-3.5214304924011226
1714079197.5384378,-3.6615281193344678
1714079197.5385509,-3.7992905687402794
1714079197.5386636,-3.9277134118256742
1714079197.5387766,-4.0561362549110695
1714079197.5388894,-4.177554448445638
1714079197.5390024,-4.291967550913492
1714079197.5391154,-4.399375562314634
1714079197.5392282,-4.499778924164948
1714079197.5393412,-4.59317719494855
1714079197.539454,-4.679570816181323
1714079197.539567,-4.764797069408275
1714079197.5396798,-4.841850422046802
1714079197.5397928,-4.91540167066786
1714079197.5399055,-4.985450815271448
1714079197.5400186,-5.0461596912807885
1714079197.5401316,-5.103366021756773
1714079197.5402443,-5.151232966670284
1714079197.5403574,-5.19676473405626
1714079197.5404701,-5.234124042369701
1714079197.5405831,-5.266813437143961
1714079197.540696,-5.292497740851508
1714079197.540809,-5.312345204529938
1714079197.5409217,-5.332192226692482
1714079197.5410347,-5.342699421776665
1714079197.5411477,-5.354374426382559
1714079197.5412605,-5.360211707927562
1714079197.5413735,-5.361379075933385
1714079197.5414863,-5.361379075933385
1714079197.5415993,-5.359044339921739
1714079197.541712,-5.349704512843379
1714079197.541825,-5.339197317759195
1714079197.5419378,-5.327522313153302
1714079197.5420508,-5.307675290990758
1714079197.5421636,-5.291330372845684
1714079197.5422766,-5.267980805149785
1714079197.5423896,-5.246966414981418
1714079197.5425024,-5.221281669757984
1714079197.5426154,-5.19559692453455
1714079197.5427282,-5.169912620827003
1714079197.5428412,-5.145395243609393
1714079197.542954,-5.122045675913492
1714079197.543067,-5.092858826672589
1714079197.5431798,-5.064839345437509
1714079197.5432928,-5.036819864202428
1714079197.5434058,-4.999460555888988
1714079197.5435185,-4.965603351593018
1714079197.5436316,-4.93057922080711
1714079197.5437443,-4.89672201651114
1714079197.5438573,-4.867535167270236
1714079197.54397,-4.836013140501799
1714079197.544083,-4.807993659266719
1714079197.544196,-4.781141546037461
1714079197.544309,-4.754289432808204
1714079197.544422,-4.725102583567301
1714079197.5445347,-4.697083102332221
1714079197.5446477,-4.665561075563784
1714079197.5447605,-4.632871680789523
1714079197.5448735,-4.603684390032733
1714079197.5449862,-4.569827627252649
1714079197.5450993,-4.545310691550926
1714079197.545212,-4.520793314333315
1714079197.545325,-4.495109010625768
1714079197.5454378,-4.4764293564690485
1714079197.5455508,-4.451911979251437
1714079197.5456638,-4.429730221077247
1714079197.5457766,-4.40287810784799
1714079197.5458896,-4.3736908170912
1714079197.5460024,-4.345671335856119
1714079197.5461154,-4.315317118609393
1714079197.5462282,-4.283795091840956
1714079197.5463412,-4.259278156139232
1714079197.546454,-4.233593410915798
1714079197.546567,-4.207908665692364
1714079197.54668,-4.1892290115356445
1714079197.5467927,-4.160042162294741
1714079197.5469058,-4.135525226593018
1714079197.5470185,-4.105170567830403
1714079197.5471315,-4.070145995528609
1714079197.5472443,-4.0351218647427025
1714079197.5473573,-3.9954273789017285
1714079197.54747,-3.9533981570491084
1714079197.547583,-3.9148714807298446
1714079197.547696,-3.8751769948888706
1714079197.547809,-3.8354825090478966
1714079197.547922,-3.798123200734456
1714079197.5480347,-3.753758801354302
1714079197.5481477,-3.708227475484212
1714079197.5482605,-3.6591931625648777
1714079197.5483735,-3.6031539793367737
1714079197.5484862,-3.5459474281028465
1714079197.5485992,-3.4840711840876826
1714079197.5487123,-3.417524805775395
1714079197.548825,-3.3591506657777006
1714079197.548938,-3.28676700592041
1714079197.5490508,-3.2178856708385326
1714079197.5491638,-3.149004335756655
1714079197.5492766,-3.0754530871355974
1714079197.5493896,-3.000734249750773
1714079197.5495024,-2.919010762815122
1714079197.5496154,-2.833784509588171
1714079197.5497282,-2.743888563579983
1714079197.5498412,-2.646987747263025
1714079197.5499542,-2.547751974176477
1714079197.550067,-2.4438462875507496
1714079197.55018,-2.337605423397488
1714079197.5502927,-2.23136478000217
1714079197.5504057,-2.119286634303905
1714079197.5505185,-2.0037061638302274
1714079197.5506315,-1.8916280181319625
1714079197.5507443,-1.7678751989647192
1714079197.5508573,-1.6429547910337094
1714079197.5509703,-1.5133644695635193
1714079197.551083,-1.3791042345541493
1714079197.551196,-1.2413415643903944
1714079197.5513089,-1.091904110378689
1714079197.5514219,-0.945969091521369
1714079197.5515347,-0.7965316375096638
1714079197.5516477,-0.6470941283084728
1714079197.5517604,-0.49415423914238255
1714079197.5518734,-0.3458842635154724
1714079197.5519865,-0.1871069410332927
1714079197.5520992,-0.0318320778508981
1714079197.5522122,0.12813777559333375
1714079197.552325,0.2939523922072516
1714079197.552438,0.4632701476414998
1714079197.5525508,0.6314202039330093
1714079197.5526638,0.8007379593672576
1714079197.5527766,0.9758942657046847
1714079197.5528896,1.145211965949447
1714079197.5530024,1.3133620774304424
1714079197.5531154,1.4780089811042503
1714079197.5532284,1.6438235839207966
1714079197.5533412,1.8084704875946043
1714079197.5534542,1.9707818826039631
1714079197.553567,2.134261307892976
1714079197.55368,2.300075910709522
1714079197.5537927,2.462387305718881
1714079197.5539057,2.6223633024427624
1714079197.5540185,2.787010316495542
1714079197.5541315,2.941147927884702
1714079197.5542445,3.094117729752152
1714079197.5543573,3.2389135272414595
1714079197.5544703,3.380206337681523
1714079197.554583,3.5156605420289213
1714079197.554696,3.6476115385691323
1714079197.5548089,3.7748919592963324
1714079197.5549219,3.904507336793122
1714079197.5550346,4.032955346284089
1714079197.5551476,4.159068178247522
1714079197.5552607,4.273503356509738
1714079197.5553734,4.387938976287842
1714079197.5554864,4.490697383880615
1714079197.5555992,4.586449375859013
1714079197.5557122,4.677530571266456
1714079197.555825,4.759270173531991
1714079197.555938,4.838674598269992
1714079197.5560508,4.909904797871907
1714079197.5561638,4.979967187952112
1714079197.5562768,5.0453587814613625
1714079197.5563896,5.108415197443079
1714079197.5565026,5.16446519781042
1714079197.5566154,5.21701176961263
1714079197.5567284,5.259049380267108
1714079197.5568411,5.299919181399875
1714079197.5569541,5.329112211863199
1714079197.557067,5.353634004239683
1714079197.55718,5.375820177572744
1714079197.5572927,5.3921681863290285
1714079197.5574057,5.406180576041892
1714079197.5575187,5.417857788227222
1714079197.5576315,5.4236963943198875
1714079197.5577445,5.429535000412552
1714079197.5578573,5.4283671908908415
1714079197.5579703,5.427199381369131
1714079197.558083,5.422528584798177
1714079197.558196,5.413186991656268
1714079197.5583088,5.402677588992648
1714079197.5584219,5.385162212230541
1714079197.5585349,5.3688142034742565
1714079197.5586476,5.351298385196261
1714079197.5587606,5.330279579869023
1714079197.5588734,5.311596393585205
1714079197.5589864,5.288242410730432
1714079197.5590992,5.267223605403194
1714079197.5592122,5.245036990554244
1714079197.559325,5.220515198177761
1714079197.559438,5.198328583328812
1714079197.559551,5.170303803903085
1714079197.5596638,5.145781570010715
1714079197.5597768,5.120091968112521
1714079197.5598896,5.090899379165084
1714079197.5600026,5.0593711711742255
1714079197.5601153,5.030178582226788
1714079197.5602283,4.9998181837576405
1714079197.5603411,4.971792962816026
1714079197.5604541,4.94493599291201
1714079197.560567,4.916910771970396
1714079197.56068,4.892388979593912
1714079197.560793,4.866699377695719
1714079197.5609057,4.842177585319236
1714079197.5610187,4.811817186850088
1714079197.5611315,4.784959775430185
1714079197.5612445,4.754599376961036
1714079197.5613573,4.723071168970178
1714079197.5614703,4.693878580022741
1714079197.561583,4.665853359081127
1714079197.561696,4.6378285796554
1714079197.561809,4.615641964806451
1714079197.5619218,4.588784553386547
1714079197.5620348,4.565430570531774
1714079197.5621476,4.539740968633581
1714079197.5622606,4.510548379686143
1714079197.5623734,4.48369096826624
1714079197.5624864,4.4533305697970915
1714079197.5625992,4.418299374756989
1714079197.5627122,4.387938976287842
1714079197.5628252,4.350572162204318
1714079197.562938,4.322547382778591
1714079197.563051,4.294522161836977
1714079197.5631638,4.260658776318585
1714079197.5632768,4.229130568327727
1714079197.5633895,4.195266741293448
1714079197.5635026,4.156732559204102
1714079197.5636153,4.119365745120578
1714079197.5637283,4.073825147416856
1714079197.563841,4.025949372185601
1714079197.563954,3.9757375363950374
1714079197.5640671,3.9266939516420716
1714079197.56418,3.874146938323974
1714079197.564293,3.827438531098542
1714079197.5644057,3.7725563402529114
1714079197.5645187,3.7211771364565247
1714079197.5646315,3.660456339518229
1714079197.5647445,3.5997355425799333
1714079197.5648572,3.5331761395489725
1714079197.5649703,3.45961054166158
1714079197.5650833,3.3860449437741877
1714079197.565196,3.3066407397941306
1714079197.565309,3.2237333280068854
1714079197.5654218,3.1431615352630615
1714079197.5655348,3.0579187251903392
1714079197.5656476,2.9691729280683727
1714079197.5657606,2.879259321424696
1714079197.5658734,2.787010316495542
1714079197.5659864,2.687755116709956
1714079197.5660994,2.5826613108317056
1714079197.5662122,2.476399916189688
1714079197.5663252,2.360796707647818
1714079197.566438,2.2463613086276584
1714079197.566551,2.124919493993123
1714079197.5666637,1.9999746923093442
1714079197.5667768,1.875029890625565
1714079197.5668895,1.7477496906563086
1714079197.5670025,1.6134631854516488
1714079197.5671155,1.4791766802469888
1714079197.5672283,1.3402193784713745
1714079197.5673413,1.1977588688885723
1714079197.567454,1.0517952618775543
1714079197.567567,0.8988254600101047
1714079197.56768,0.7435202046676918
1714079197.567793,0.5835441527543244
1714079197.5679057,0.42240034650873254
1714079197.5680187,0.25775344283492474
1714079197.5681314,0.0919388124236354
1714079197.5682445,-0.07502884362582807
1714079197.5683575,-0.2419785217002586
1714079197.5684702,-0.41126313584822194
1714079197.5685833,-0.5793803268008761
1714079197.568696,-0.7509998701236865
1714079197.568809,-0.9237869470207779
1714079197.5689218,-1.1012439374570493
1714079197.5690348,-1.2787009830828064
1714079197.5691476,-1.452655483175207
1714079197.5692606,-1.6324474855705542
1714079197.5693736,-1.8040670288933647
1714079197.5694864,-1.9768540506009702
1714079197.5695994,-2.147306336296929
1714079197.5697122,-2.3119208989319975
1714079197.5698252,-2.4753680935612428
1714079197.569938,-2.636480552178842
1714079197.570051,-2.7964252012747304
1714079197.5701637,-2.9540351143589723
1714079197.5702767,-3.1081424819098578
1714079197.5703897,-3.261082260696976
1714079197.5705025,-3.411687303472448
1714079197.5706155,-3.55528747593915
1714079197.5707283,-3.694217514108728
1714079197.5708413,-3.82847785949707
1714079197.570954,-3.9533981570491084
1714079197.571067,-4.073648541061966
1714079197.5711799,-4.1892290115356445
1714079197.5712929,-4.300139568470142
1714079197.5714056,-4.408715389392993
1714079197.5715187,-4.5137886647824885
1714079197.5716317,-4.6095221130936235
1714079197.5717444,-4.7052555614047575
1714079197.5718575,-4.790481373115822
1714079197.5719702,-4.87337244881524
1714079197.5720832,-4.946923697436297
1714079197.572196,-5.015805032518174
1714079197.572309,-5.071843994988336
1714079197.5724218,-5.13021813498603
1714079197.5725348,-5.178085079899541
1714079197.5726478,-5.21894649223045
1714079197.5727606,-5.255138432538067
1714079197.5728736,-5.288995636834038
1714079197.5729864,-5.319349854080765
1714079197.5730994,-5.341532053770842
1714079197.5732121,-5.359044339921739
1714079197.5733252,-5.374221448545103
1714079197.573438,-5.388231189162642
1714079197.573551,-5.390566366690176
1714079197.573664,-5.389398998684353
1714079197.5737767,-5.387063821156819
1714079197.5738897,-5.376556626072636
1714079197.5740025,-5.366048989472565
1714079197.5741155,-5.352039248855025
1714079197.5742283,-5.334527404220015
1714079197.5743413,-5.318182486074941
1714079197.574454,-5.2960002863848645
1714079197.574567,-5.277320632228145
1714079197.57468,-5.257473610065601
1714079197.5747929,-5.23295623284799
1714079197.5749059,-5.204936751612911
1714079197.5750186,-5.179252447905363
1714079197.5751317,-5.147730421136926
1714079197.5752444,-5.116208394368489
1714079197.5753574,-5.0835189995942285
1714079197.5754702,-5.048494427292435
1714079197.5755832,-5.016972400523998
1714079197.575696,-4.984283005749737
1714079197.575809,-4.955096156508834
1714079197.575922,-4.93057922080711
1714079197.5760348,-4.899057194038673
1714079197.5761478,-4.872205080809416
1714079197.5762606,-4.843018231568513
1714079197.5763736,-4.810328395278365
1714079197.5764863,-4.7799741780316385
1714079197.5765994,-4.744949605729844
1714079197.5767121,-4.712260210955584
1714079197.5768251,-4.686575907248038
1714079197.5769382,-4.6550538804796
1714079197.577051,-4.629369135256167
1714079197.577164,-4.6095221130936235
1714079197.5772767,-4.585004735876012
1714079197.5773897,-4.5616551681801125
1714079197.5775025,-4.537138232478389
1714079197.5776155,-4.506783573715775
1714079197.5777283,-4.477596724474871
1714079197.5778413,-4.443739961694788
1714079197.5779543,-4.4133853029321735
1714079197.578067,-4.385365821697094
1714079197.57818,-4.357346340462013
1714079197.5782928,-4.33166159523858
1714079197.5784059,-4.3118145730760356
1714079197.5785186,-4.287297637374312
1714079197.5786316,-4.265115437684235
1714079197.5787444,-4.239430692460801
1714079197.5788574,-4.207908665692364
1714079197.5789702,-4.177554448445638
1714079197.5790832,-4.143697244149667
1714079197.5791962,-4.108673113363761
1714079197.579309,-4.077151086595323
1714079197.579422,-4.044461691821063
1714079197.5795348,-4.011772297046803
1714079197.5796478,-3.9814176382841886
1714079197.5797606,-3.9498956115157515
1714079197.5798736,-3.918373584747314
1714079197.5799863,-3.877511730900517
1714079197.5800993,-3.83781768657543
1714079197.5802124,-3.7922859191894527
1714079197.5803251,-3.7385816927309388
1714079197.5804381,-3.6883800118057812
1714079197.580551,-3.6335086380993875
1714079197.580664,-3.5774694548712835
1714079197.5807767,-3.522597860406946
1714079197.5808897,-3.4665588979367854
1714079197.5810025,-3.407017389933268
1714079197.5811155,-3.3463085139239275
1714079197.5812285,-3.278594546847873
1714079197.5813413,-3.2073782549964056
1714079197.5814543,-3.1303246815999346
1714079197.581567,-3.0497683419121633
1714079197.58168,-2.966877266212746
1714079197.5817928,-2.876981320204558
1714079197.5819058,-2.7835830494209572
1714079197.5820186,-2.6925195146490024
1714079197.5821316,-2.5979536551016347
1714079197.5822446,-2.498717882015087
1714079197.5823574,-2.4006494769343623
1714079197.5824704,-2.292073876769454
1714079197.5825832,-2.1846656446103694
1714079197.5826962,-2.070252542142515
1714079197.582809,-1.9500021581296567
1714079197.582922,-1.82624911820447
1714079197.5830348,-1.6966589071132518
1714079197.5831478,-1.5670685856430617
1714079197.5832605,-1.4316408722488967
1714079197.5833735,-1.2950456804699366
1714079197.5834866,-1.1572830103061817
1714079197.5835993,-1.0183528617576316
1714079197.5837123,-0.8735853212851065
1714079197.583825,-0.7288177808125813
1714079197.5839381,-0.5793803268008761
1714079197.584051,-0.422937947290915
1714079197.584164,-0.2676630737604918
1714079197.5842767,-0.10538332992129855
1714079197.5843897,0.05807526133678577
1714079197.5845027,0.22622530383092385
1714079197.5846155,0.39554304546780056
1714079197.5847285,0.5601899491416084
1714079197.5848413,0.7260046071476406
1714079197.5849543,0.8929869091069256
1714079197.585067,1.055298469684742
1714079197.58518,1.2234484707867657
1714079197.5852928,1.3904307727460508
1714079197.5854058,1.558580884227046
1714079197.5855188,1.7302339827572857
1714079197.5856316,1.9007194925237583
1714079197.5857446,2.0712048919112593
1714079197.5858574,2.239354893013283
1714079197.5859704,2.402834097544352
1714079197.5860832,2.566313302075421
1714079197.5861962,2.7192833247008146
1714079197.586309,2.872253126568264
1714079197.586422,3.022887530150237
1714079197.5865347,3.165347929354067
1714079197.5866477,3.312479125128852
1714079197.5867608,3.4561073338543924
1714079197.5868735,3.5985677330582226
1714079197.5869865,3.7386929547345193
1714079197.5870993,3.872979128802264
1714079197.5872123,4.000259770287408
1714079197.587325,4.1205335546422885
1714079197.587438,4.23146574585526
1714079197.5875509,4.341230569062409
1714079197.587664,4.440485548090051
1714079197.587777,4.533902362540916
1714079197.5878897,4.628486986513491
1714079197.5880027,4.713729575828269
1714079197.5881155,4.800139974664758
1714079197.5882285,4.879544399402759
1714079197.5883412,4.951941967010498
1714079197.5884542,5.020836989084879
1714079197.588567,5.081557786023175
1714079197.58868,5.139943405433937
1714079197.588793,5.185484003137659
1714079197.5889058,5.22752117227625
1714079197.5890188,5.268390973409017
1714079197.5891316,5.301086990921585
1714079197.5892446,5.330279579869023
1714079197.5893574,5.36063997833817
1714079197.5894704,5.38165878366541
1714079197.5895832,5.403845398514359
1714079197.5896962,5.416689978705512
1714079197.5898092,5.427199381369131
1714079197.589922,5.434205796983506
1714079197.590035,5.434205796983506
1714079197.5901477,5.431870177940086
1714079197.5902607,5.427199381369131
1714079197.5903735,5.415522610699688
1714079197.5904865,5.402677588992648
1714079197.5905993,5.389833008801495
1714079197.5907123,5.37114938100179
1714079197.590825,5.354801813761393
1714079197.590938,5.338453805005108
1714079197.591051,5.315099380634448
1714079197.5911639,5.298751371878164
1714079197.591277,5.274229579501681
1714079197.5913897,5.249707787125199
1714079197.5915027,5.22752117227625
1714079197.5916154,5.199496392850523
1714079197.5917284,5.170303803903085
1714079197.5918412,5.1411107734397605
1714079197.5919542,5.116588981063277
1714079197.5920672,5.090899379165084
1714079197.59218,5.062874599739357
1714079197.592293,5.034849378797743
1714079197.5924058,5.0138305734705035
1714079197.5925188,4.983470175001356
1714079197.5926316,4.956612763581452
1714079197.5927446,4.932090971204969
1714079197.5928574,4.9040661917792425
1714079197.5929704,4.876040970837628
1714079197.5930834,4.846848381890191
1714079197.5931962,4.8129849963717986
1714079197.5933092,4.783791965908474
1714079197.593422,4.759270173531991
1714079197.593535,4.732412762112087
1714079197.5936477,4.709058779257315
1714079197.5937607,4.682201367837411
1714079197.5938735,4.657679575460929
1714079197.5939865,4.635492960611979
1714079197.5940993,4.607468181186252
1714079197.5942123,4.579442960244638
1714079197.5943253,4.5502503712972
1714079197.594438,4.518722163306342
1714079197.594551,4.488361764837194
1714079197.5946639,4.460336985411467
1714079197.5947769,4.431143954948142
1714079197.5948896,4.4031191755224155
1714079197.5950027,4.376261764102511
1714079197.5951154,4.345901365633364
1714079197.5952284,4.3167087766859265
1714079197.5953414,4.282844949651647
1714079197.5954542,4.2443107675623
1714079197.5955672,4.204608775951244
1714079197.59568,4.161403355775056
1714079197.595793,4.118198377114755
1714079197.5959058,4.077328575981988
1714079197.5960188,4.031787536762379
1714079197.5961316,3.9885825581020775
1714079197.5962446,3.9453771379258895
1714079197.5963576,3.901004349743878
1714079197.5964704,3.8507929554692018
1714079197.5965834,3.799413751672815
1714079197.5966961,3.741028132262053
1714079197.5968091,3.6826427336092347
1714079197.596922,3.6195865383854615
1714079197.597035,3.5518595465907343
1714079197.5971477,3.4864677323235402
1714079197.5972607,3.4140699439578586
1714079197.5973735,3.3463427314051875
1714079197.5974865,3.272777133517795
1714079197.5975995,3.1945407390594482
1714079197.5977123,3.1163041238431575
1714079197.5978253,3.028725915484958
1714079197.597938,2.938812529599225
1714079197.598051,2.8453957151483604
1714079197.5981638,2.742637307555587
1714079197.5982769,2.639879120720757
1714079197.5983896,2.531282107035319
1714079197.5985026,2.4203499158223467
1714079197.5986156,2.309417503851431
1714079197.5987284,2.193814295309561
1714079197.5988414,2.078211086767691
1714079197.5989542,1.9567694928910997
1714079197.5990672,1.8271537842573942
1714079197.59918,1.6998735842881378
1714079197.599293,1.5632516807980006
1714079197.5994058,1.421958980736909
1714079197.5995188,1.2794984711541069
1714079197.5996318,1.127696368429396
1714079197.5997446,0.9805650622756392
1714079197.5998576,0.8287629595509282
1714079197.5999703,0.6746254033512539
1714079197.6000834,0.5216556014838042
1714079197.6001961,0.3663503461413913
1714079197.6003091,0.2052065398957994
1714079197.600422,0.04639817332779919
1714079197.600535,-0.12056057651837666
1714079197.600648,-0.28517527712715995
1714079197.6007607,-0.45445991886986625
1714079197.6008737,-0.6249120389973676
1714079197.6009865,-0.7965316375096638
1714079197.6010995,-0.9681511808324743
1714079197.6012123,-1.1409383129190516
1714079197.6013253,-1.3102228994722718
1714079197.601438,-1.4783401180196691
1714079197.601551,-1.6441222694185045
1714079197.6016638,-1.8075694640477498
1714079197.6017768,-1.978021639364737
1714079197.6018898,-2.143803790763572
1714079197.6020026,-2.3142558557015875
1714079197.6021156,-2.4812055958641897
1714079197.6022284,-2.648155336026792
1714079197.6023414,-2.8127698986618603
1714079197.6024542,-2.973882136521516
1714079197.6025672,-3.127989504072401
1714079197.60268,-3.278594546847873
1714079197.602793,-3.424529676084165
1714079197.602906,-3.56462730301751
1714079197.6030188,-3.7012223844174983
1714079197.6031318,-3.8343151410420733
1714079197.6032445,-3.962737984127468
1714079197.6033576,-4.087658281679507
1714079197.6034703,-4.204406561674895
1714079197.6035833,-4.318819222626862
1714079197.603696,-4.427395043549714
1714079197.603809,-4.527798405400029
1714079197.6039221,-4.621196676183629
1714079197.604035,-4.708757665422227
1714079197.604148,-4.786978827582465
1714079197.6042607,-4.8593627081976996
1714079197.6043737,-4.93057922080711
1714079197.6044865,-4.994790642349808
1714079197.6045995,-5.053164340831615
1714079197.6047122,-5.109203744817663
1714079197.6048253,-5.157070248215287
1714079197.604938,-5.202602015601264
1714079197.605051,-5.239961323914704
1714079197.605164,-5.277320632228145
1714079197.6052768,-5.303005377451578
1714079197.6053898,-5.325187577141655
1714079197.6055026,-5.342699421776665
1714079197.6056156,-5.353207058376736
1714079197.6057284,-5.362546885455096
1714079197.6058414,-5.3648816214667425
1714079197.6059542,-5.366048989472565
1714079197.6060672,-5.363714253460919
1714079197.6061802,-5.361379075933385
1714079197.606293,-5.350871880849202
1714079197.606406,-5.341532053770842
1714079197.6065187,-5.327522313153302
1714079197.6066318,-5.313512572535762
1714079197.6067445,-5.292497740851508
1714079197.6068575,-5.270315982677318
1714079197.6069703,-5.248133782987241
1714079197.6070833,-5.21894649223045
1714079197.6071963,-5.19209482051708
1714079197.607309,-5.161740161754467
1714079197.607422,-5.132553312513563
1714079197.607535,-5.106868567290129
1714079197.607648,-5.076513908527515
1714079197.6077607,-5.049662236814146
1714079197.6078737,-5.0193075780515315
1714079197.6079865,-4.991288096816451
1714079197.6080995,-4.9609334380538375
1714079197.6082125,-4.928244043279577
1714079197.6083252,-4.8920521029719595
1714079197.6084383,-4.855860162664342
1714079197.608551,-4.820836031878436
1714079197.608664,-4.789314005109999
1714079197.6087768,-4.762461891880742
1714079197.6088898,-4.734442410645661
1714079197.6090026,-4.709925474943938
1714079197.6091156,-4.685408097726327
1714079197.6092284,-4.657388616491247
1714079197.6093414,-4.63053650326199
1714079197.6094544,-4.603684390032733
1714079197.6095672,-4.574497540791829
1714079197.6096802,-4.541808146017569
1714079197.609793,-4.514956032788311
1714079197.609906,-4.485769183547408
1714079197.6100187,-4.4612518063297975
1714079197.6101317,-4.440237416161431
1714079197.6102445,-4.416887848465531
1714079197.6103575,-4.400542930320457
1714079197.6104705,-4.376025994618733
1714079197.6105833,-4.35150905891701
1714079197.6106963,-4.321154400154396
1714079197.610809,-4.291967550913492
1714079197.610922,-4.261612892150879
1714079197.6110349,-4.227756129370795
1714079197.6111479,-4.198568838614005
1714079197.6112607,-4.1682146213672775
1714079197.6113737,-4.144865053671378
1714079197.6114867,-4.114510394908764
1714079197.6115994,-4.087658281679507
1714079197.6117125,-4.058471432438603
1714079197.6118252,-4.023446860136809
1714079197.6119382,-3.9895900973567255
1714079197.612051,-3.9487282435099282
1714079197.612164,-3.9090337576689542
1714079197.6122768,-3.8623346222771535
1714079197.6123898,-3.8179702228969994
1714079197.6125026,-3.7724388970269094
1714079197.6126156,-3.7292418656525785
1714079197.6127286,-3.6848776870303683
1714079197.6128414,-3.6381785516385676
1714079197.6129544,-3.5868092819496433
1714079197.6130672,-3.535440233018663
1714079197.6131802,-3.4712288114759655
1714079197.613293,-3.4081847579390914
1714079197.613406,-3.3369684660876238
1714079197.6135187,-3.263417217466566
1714079197.6136317,-3.1922009256150985
1714079197.6137447,-3.115147352218628
1714079197.6138575,-3.0357586012946234
1714079197.6139705,-2.9587050278981524
1714079197.6140833,-2.879316276974148
1714079197.6141963,-2.792922876499317
1714079197.614309,-2.7018593417273626
1714079197.614422,-2.606125893416228
1714079197.6145349,-2.5092250770992703
1714079197.6146479,-2.4029844337039523
1714079197.6147609,-2.292073876769454
1714079197.6148736,-2.1799957310711893
1714079197.6149867,-2.0655826286033347
1714079197.6150994,-1.9476672013600667
1714079197.6152124,-1.82391416143488
1714079197.6153252,-1.7001613422676367
1714079197.6154382,-1.574073455951832
1714079197.615551,-1.443315656096847
1714079197.615664,-1.307887942702682
1714079197.615777,-1.1642878806149517
1714079197.6158898,-1.0218552969120167
1714079197.6160028,-0.8689154077459265
1714079197.6161156,-0.7148079850055553
1714079197.6162286,-0.56070061745467
1714079197.6163414,-0.4007558303850668
1714079197.6164544,-0.23847608654587354
1714079197.6165671,-0.07736380729410383
1714079197.6166801,0.08259714339618329
1714079197.616793,0.24374094274308944
1714079197.616906,0.4072201472741586
1714079197.617019,0.5718670509479664
1714079197.6171317,0.7388494080967373
1714079197.6172447,0.9081671635309855
1714079197.6173575,1.0833234698684127
1714079197.6174705,1.2538088692559135
1714079197.6175833,1.4289651755933408
1714079197.6176963,1.5994506853598134
1714079197.617809,1.7699360847473142
1714079197.617922,1.938086085849338
1714079197.618035,2.101565290380407
1714079197.6181479,2.262709096625999
1714079197.6182609,2.422685314107824
1714079197.6183736,2.5849967091171826
1714079197.6184866,2.742637307555587
1714079197.6185994,2.903781113801179
1714079197.6187124,3.0602541234758163
1714079197.6188252,3.2202301201996977
1714079197.6189382,3.3673615367324263
1714079197.6190512,3.514492732507211
1714079197.619164,3.654617733425564
1714079197.619277,3.7830657429165306
1714079197.6193898,3.9138489299350314
1714079197.6195028,4.0341231558057995
1714079197.6196156,4.153229572154857
1714079197.6197286,4.270000369460494
1714079197.6198413,4.382100370195176
1714079197.6199543,4.488361764837194
1714079197.6200671,4.593455791473389
1714079197.6201801,4.69154296097932
1714079197.6202931,4.782624156386763
1714079197.620406,4.866699377695719
1714079197.620519,4.939097386819345
1714079197.6206317,5.006824599372016
1714079197.6207447,5.067545396310312
1714079197.6208575,5.128266193248607
1714079197.6209705,5.178477587523283
1714079197.6210833,5.226353804270426
1714079197.6211963,5.270726592452437
1714079197.6213093,5.310428584063494
1714079197.621422,5.343124601576063
1714079197.621535,5.375820177572744
1714079197.6216478,5.398006792421694
1714079197.6217608,5.413186991656268
1714079197.6218736,5.429535000412552
1714079197.6219866,5.434205796983506
1714079197.6220994,5.442379580603705
1714079197.6222124,5.438876593554461
1714079197.6223254,5.442379580603705
1714079197.6224382,5.438876593554461
1714079197.6225512,5.434205796983506
1714079197.622664,5.426032013363308
1714079197.622777,5.4143548011779785
1714079197.6228898,5.406180576041892
1714079197.6230028,5.388665199279785
1714079197.6231155,5.369982012995967
1714079197.6232285,5.348963207668728
1714079197.6233413,5.330279579869023
1714079197.6234543,5.3057577874925395
1714079197.6235673,5.278900376072636
1714079197.62368,5.254378583696153
1714079197.6237931,5.226353804270426
1714079197.623906,5.2006642023722325
1714079197.624019,5.173806790952329
1714079197.6241317,5.149284998575846
1714079197.6242447,5.124763206199363
1714079197.6243575,5.0955701757360385
1714079197.6244705,5.069880573837845
1714079197.6245835,5.038352365846987
1714079197.6246963,5.01149539594297
1714079197.6248093,4.978799378430401
1714079197.624922,4.950774599004674
1714079197.625035,4.9180785814921055
1714079197.6251478,4.887718183022958
1714079197.6252608,4.862028581124765
1714079197.6253736,4.83400336018315
1714079197.6254866,4.810649377328378
1714079197.6255996,4.783791965908474
1714079197.6257124,4.759270173531991
1714079197.6258254,4.733580571633798
1714079197.6259382,4.70438798268636
1714079197.6260512,4.675195393738923
1714079197.626164,4.647170172797309
1714079197.626277,4.617977583849871
1714079197.6263897,4.587617185380723
1714079197.6265028,4.563094951488353
1714079197.6266158,4.536237981584336
1714079197.6267285,4.511715747691967
1714079197.6268415,4.487193955315484
1714079197.6269543,4.460336985411467
1714079197.6270673,4.432311764469853
1714079197.62718,4.4031191755224155
1714079197.627293,4.369255348488136
1714079197.627406,4.3307211663987895
1714079197.627519,4.298025148886222
1714079197.6276317,4.260658776318585
1714079197.6277447,4.2256271397625955
1714079197.6278577,4.190595944722493
1714079197.6279705,4.153229572154857
1714079197.6280835,4.117030567593044
1714079197.6281962,4.076160766460277
1714079197.6283092,4.03529096532751
1714079197.628422,3.9885825581020775
1714079197.628535,3.9395385318332248
1714079197.6286478,3.883488531465883
1714079197.6287608,3.826271163092719
1714079197.6288738,3.770221162725378
1714079197.6289866,3.709499924271195
1714079197.6290996,3.65111474637632
1714079197.6292124,3.5903939494380244
1714079197.6293254,3.5273375334563077
1714079197.6294382,3.460778130425347
1714079197.6295512,3.388380342059665
1714079197.629664,3.3159823329360396
1714079197.629777,3.2354105401922153
1714079197.62989,3.150167730119493
1714079197.6300027,3.0625895217612937
1714079197.6301157,2.9738437246393272
1714079197.6302285,2.879259321424696
1714079197.6303415,2.7846749182100647
1714079197.6304543,2.685419718424479
1714079197.6305673,2.5849967091171826
1714079197.63068,2.482238301524409
1714079197.630793,2.3736415085969145
1714079197.6309059,2.262709096625999
1714079197.6310189,2.143602901034885
1714079197.631132,2.0233288959220603
1714079197.6312447,1.8937132976673265
1714079197.6313577,1.7652652881763597
1714079197.6314704,1.6321464821144385
1714079197.6315835,1.4955245786243014
1714079197.6316962,1.356567276848687
1714079197.6318092,1.214106767265885
1714079197.631922,1.0716463680620545
1714079197.632035,0.924515061908298
1714079197.632148,0.7738806583263256
1714079197.6322608,0.6197431021266513
1714079197.6323738,0.45976702261854097
1714079197.6324866,0.2939523922072516
1714079197.6325996,0.13631173857936152
1714079197.6327124,-0.0318320778508981
1714079197.6328254,-0.20345166601516582
1714079197.6329381,-0.3750712507300906
1714079197.6330512,-0.5466908768371299
1714079197.6331642,-0.7159754633903503
1714079197.633277,-0.8829251483634666
1714079197.63339,-1.059214715604429
1714079197.6335027,-1.2284993021576491
1714079197.6336157,-1.4001188454804596
1714079197.6337285,-1.5717384991822418
1714079197.6338415,-1.7480279560442322
1714079197.6339543,-1.9219824561366328
1714079197.6340673,-2.088932196299235
1714079197.6341803,-2.255881936461837
1714079197.634293,-2.4239990446302624
1714079197.634406,-2.5874462392595077
1714079197.6345189,-2.74505615234375
1714079197.6346319,-2.8979959311308683
1714079197.6347446,-3.045098428372983
1714079197.6348577,-3.1933685143788653
1714079197.6349704,-3.3393036436151573
1714079197.6350834,-3.482903595323916
1714079197.6351962,-3.6218338542514377
1714079197.6353092,-3.761931260426839
1714079197.6354222,-3.891521471518057
1714079197.635535,-4.017609578591806
1714079197.635648,-4.139027330610487
1714079197.6357608,-4.249937887544985
1714079197.6358738,-4.36084888599537
1714079197.6359866,-4.460084438323975
1714079197.6360996,-4.558153064162642
1714079197.6362123,-4.64921615741871
1714079197.6363254,-4.736777146657308
1714079197.6364384,-4.819668663872613
1714079197.6365511,-4.89788982603285
1714079197.6366642,-4.970273265132198
1714079197.636777,-5.033317318669072
1714079197.63689,-5.0940261946784124
1714079197.6370027,-5.145395243609393
1714079197.6371157,-5.19092701099537
1714079197.6372285,-5.230621496836344
1714079197.6373415,-5.262143523604781
1714079197.6374545,-5.291330372845684
1714079197.6375673,-5.312345204529938
1714079197.6376803,-5.331024858686659
1714079197.637793,-5.345034599304199
1714079197.637906,-5.356709162394205
1714079197.6380188,-5.362546885455096
1714079197.6381319,-5.367216798994276
1714079197.6382446,-5.363714253460919
1714079197.6383576,-5.361379075933385
1714079197.6384704,-5.353207058376736
1714079197.6385834,-5.340364685765019
1714079197.6386964,-5.326354945147479
1714079197.6388092,-5.307675290990758
1714079197.6389222,-5.290163004839862
1714079197.639035,-5.266813437143961
1714079197.639148,-5.243463869448061
1714079197.6392608,-5.221281669757984
1714079197.6393738,-5.2002668380737305
1714079197.6394866,-5.174582534366183
1714079197.6395996,-5.148897789142749
1714079197.6397126,-5.124380853441026
1714079197.6398253,-5.095193562684235
1714079197.6399384,-5.064839345437509
1714079197.6400511,-5.032149950663248
1714079197.6401641,-5.001795291900635
1714079197.640277,-4.964435983587194
1714079197.64039,-4.9340813248245805
1714079197.6405027,-4.90139193005032
1714079197.6406157,-4.871037712803593
1714079197.6407287,-4.844185599574336
1714079197.6408415,-4.819668663872613
1714079197.6409545,-4.792816550643355
1714079197.6410673,-4.763629259886565
1714079197.6411803,-4.736777146657308
1714079197.641293,-4.702920383877224
1714079197.641406,-4.6737335346363205
1714079197.6415188,-4.63987633034035
1714079197.6416318,-4.6083547450878
1714079197.6417449,-4.581502631858543
1714079197.6418576,-4.554650518629286
1714079197.6419706,-4.533635686945032
1714079197.6420834,-4.511453487254955
1714079197.6421964,-4.490439097086588
1714079197.6423092,-4.464754351863155
1714079197.6424222,-4.437902238633897
1714079197.642535,-4.409882757398817
1714079197.642648,-4.376025994618733
1714079197.6427608,-4.348006513383653
1714079197.6428738,-4.315317118609393
1714079197.6429868,-4.288465005380136
1714079197.6430995,-4.2639480696784124
1714079197.6432126,-4.2370959564491555
1714079197.6433253,-4.2160811247649015
1714079197.6434383,-4.190396821057354
1714079197.643551,-4.165879443839744
1714079197.6436641,-4.134357417071307
1714079197.643777,-4.10283539030287
1714079197.64389,-4.068978627522786
1714079197.644003,-4.030451951203522
1714079197.6441157,-3.9954273789017285
1714079197.6442287,-3.958068070588288
1714079197.6443415,-3.924211307808205
1714079197.6444545,-3.8880193675005876
1714079197.6445673,-3.8553299727263273
1714079197.6446803,-3.8156354868853533
1714079197.644793,-3.7724388970269094
1714079197.644906,-3.7269071296409324
1714079197.645019,-3.6720353144186513
1714079197.6451318,-3.6171637199543136
1714079197.6452448,-3.55762243270874
1714079197.6453576,-3.4980809247052225
1714079197.6454706,-3.433869503162525
1714079197.6455834,-3.368490492856061
1714079197.6456964,-3.3042790713133634
1714079197.6458092,-3.237732693001076
1714079197.6459222,-3.167683989913375
1714079197.646035,-3.0929651525285506
1714079197.646148,-3.017078947137903
1714079197.646261,-2.933020503432662
1714079197.6463737,-2.8454592934361207
1714079197.6464868,-2.7520610226525197
1714079197.6465995,-2.6563275743413852
1714079197.6467125,-2.5594267580244274
1714079197.6468253,-2.4566884394045228
1714079197.6469383,-2.3562852983121516
1714079197.647051,-2.25237939092848
1714079197.647164,-2.1449713795273393
1714079197.647277,-2.0317256450653076
1714079197.64739,-1.9149775858278626
1714079197.647503,-1.7958946801997997
1714079197.6476157,-1.6674718371144046
1714079197.6477287,-1.5413839507985998
1714079197.6478415,-1.4047887590196397
1714079197.6479545,-1.2693611560044464
1714079197.6480672,-1.1269285723015114
1714079197.6481802,-0.9844959885985762
1714079197.6482933,-0.8373934361669751
1714079197.648406,-0.69029093892486
1714079197.648519,-0.5420209081084639
1714079197.6486318,-0.38908101894237374
1714079197.6487448,-0.23614110218154058
1714079197.6488576,-0.07736380729410383
1714079197.6489706,0.08376484943760765
1714079197.6490834,0.2519148919317457
1714079197.6491964,0.42240034650873254
1714079197.6493092,0.5917181019429807
1714079197.6494222,0.7657067091376693
1714079197.6495352,0.9338567654291788
1714079197.649648,1.1055098639594183
1714079197.649761,1.2713245771549366
1714079197.6498737,1.4406422773996987
1714079197.6499867,1.606456880216245
1714079197.6500995,1.7722714830327917
1714079197.6502125,1.9392538953710483
1714079197.6503253,2.107403896473072
1714079197.6504383,2.276721707096806
1714079197.6505513,2.4425363099133524
1714079197.650664,2.6071831032081887
1714079197.650777,2.7694947189754906
1714079197.6508899,2.927135317413895
1714079197.651003,3.0777697209958674
1714079197.6511157,3.2213979297214084
1714079197.6512287,3.365026138446949
1714079197.6513414,3.5016479315581144
1714079197.6514544,3.63943753419099
1714079197.6515675,3.7725563402529114
1714079197.6516802,3.904507336793122
1714079197.6517932,4.0341231558057995
1714079197.651906,4.156732559204102
1714079197.652019,4.275838975553159
1714079197.6521318,4.38560335724442
1714079197.6522448,4.488361764837194
1714079197.6523576,4.584113756815592
1714079197.6524706,4.672859774695502
1714079197.6525836,4.755767186482747
1714079197.6526964,4.836338979226571
1714079197.6528094,4.907569178828487
1714079197.6529222,4.984637984523067
1714079197.6530352,5.053532565081561
1714079197.653148,5.116588981063277
1714079197.653261,5.171471171908908
1714079197.6533737,5.225185994748716
1714079197.6534867,5.266055795881483
1714079197.6535995,5.3057577874925395
1714079197.6537125,5.334950376439977
1714079197.6538255,5.364143406903302
1714079197.6539383,5.3828265931871195
1714079197.6540513,5.406180576041892
1714079197.654164,5.420193407270643
1714079197.654277,5.4283671908908415
1714079197.6543899,5.441212212597882
1714079197.6545029,5.4470503771746595
1714079197.6546156,5.44821818669637
1714079197.6547287,5.441212212597882
1714079197.6548417,5.438876593554461
1714079197.6549544,5.426032013363308
1714079197.6550674,5.415522610699688
1714079197.6551802,5.400342411465115
1714079197.6552932,5.380490974143699
1714079197.655406,5.361807787859881
1714079197.655519,5.3419567920543525
1714079197.6556318,5.322105796248824
1714079197.6557448,5.2964161943506305
1714079197.6558578,5.276565198545103
1714079197.6559706,5.250875596646909
1714079197.6560836,5.22752117227625
1714079197.6561964,5.202999379899766
1714079197.6563094,5.177309778001573
1714079197.6564221,5.151620176103379
1714079197.6565351,5.123595396677652
1714079197.656648,5.0955701757360385
1714079197.656761,5.0640419677451805
1714079197.6568737,5.032514201270209
1714079197.6569867,5.007991967377839
1714079197.6570997,4.983470175001356
1714079197.6572125,4.957780573103163
1714079197.6573255,4.932090971204969
1714079197.6574383,4.906401369306776
1714079197.6575513,4.880711767408583
1714079197.657664,4.853854797504566
1714079197.657777,4.823493957519531
1714079197.6578898,4.794301368572094
1714079197.6580029,4.761605792575412
1714079197.6581159,4.731245394106264
1714079197.6582286,4.70322017316465
1714079197.6583416,4.675195393738923
1714079197.6584544,4.649505791840729
1714079197.6585674,4.62498355794836
1714079197.6586802,4.602797384615298
1714079197.6587932,4.574772163673683
1714079197.658906,4.5490825617754895
1714079197.659019,4.521057782349763
1714079197.659132,4.487193955315484
1714079197.6592448,4.456833556846336
1714079197.6593578,4.421802361806233
1714079197.6594706,4.390274153815375
1714079197.6595836,4.361081564867938
1714079197.6596963,4.32955335687708
1714079197.6598094,4.299192958407931
1714079197.6599221,4.266496940895363
1714079197.6600351,4.233801364898682
1714079197.6601481,4.197602360336869
1714079197.660261,4.156732559204102
1714079197.660374,4.113527139027913
1714079197.6604867,4.069154350845902
1714079197.6605997,4.021278134098759
1714079197.6607125,3.973402358867504
1714079197.6608255,3.925526142120361
1714079197.6609383,3.872979128802264
1714079197.6610513,3.823935544049298
1714079197.661164,3.7737241497746217
1714079197.661277,3.7176741494072805
1714079197.66139,3.6592887507544622
1714079197.6615028,3.5962323347727456
1714079197.6616158,3.526169944692541
1714079197.6617286,3.457275143376103
1714079197.6618416,3.38137392644529
1714079197.6619544,3.3019697224652322
1714079197.6620674,3.226068726292363
1714079197.6621802,3.1443291240268283
1714079197.6622932,3.0590865347120495
1714079197.6624062,2.9761791229248047
1714079197.662519,2.8827625292318837
1714079197.662632,2.7905135243027295
1714079197.6627448,2.6889227054737233
1714079197.6628578,2.5826613108317056
1714079197.6629705,2.47172889886079
1714079197.6630836,2.3584613093623408
1714079197.6631963,2.24169029129876
1714079197.6633093,2.122584095707646
1714079197.6634223,1.9964714845021565
1714079197.663535,1.8726944923400877
1714079197.6636481,1.7454141819918596
1714079197.663761,1.6146308845943873
1714079197.663874,1.4803443793897275
1714079197.6639867,1.3402193784713745
1714079197.6640997,1.195423470603095
1714079197.6642125,1.049459863592077
1714079197.6643255,0.8953223625818888
1714079197.6644382,0.7423525055249531
1714079197.6645513,0.5800410001366226
1714079197.6646643,0.4200649206285123
1714079197.664777,0.25892114197766336
1714079197.66489,0.09544193744659424
1714079197.6650028,-0.06802396641837226
1714079197.6651158,-0.23380614541195055
1714079197.6652286,-0.40309078715465685
1714079197.6653416,-0.5723754013026202
1714079197.6654544,-0.7451624781997115
1714079197.6655674,-0.9202845118663928
1714079197.6656804,-1.0977415023026642
1714079197.6657932,-1.2751985479284216
1714079197.6659062,-1.450320526405617
1714079197.666019,-1.6277775720313743
1714079197.666132,-1.8005645937389796
1714079197.6662447,-1.9710167690559668
1714079197.6663578,-2.1403012452302153
1714079197.6664705,-2.3037486606174045
1714079197.6665835,-2.468363223252473
1714079197.6666965,-2.632978006645485
1714079197.6668093,-2.792922876499317
1714079197.6669223,-2.9540351143589723
1714079197.667035,-3.111644806685271
1714079197.667148,-3.266919762999923
1714079197.667261,-3.419859762544985
1714079197.667374,-3.563459714253743
1714079197.6674867,-3.7035573411870883
1714079197.6675997,-3.836650318569607
1714079197.6677127,-3.962737984127468
1714079197.6678255,-4.086490913673683
1714079197.6679385,-4.199736648135715
1714079197.6680512,-4.3118145730760356
1714079197.6681643,-4.421557762004711
1714079197.668277,-4.524295859866672
1714079197.66839,-4.623531853711163
1714079197.6685028,-4.713427578961407
1714079197.6686158,-4.796318654660825
1714079197.6687286,-4.876874994348596
1714079197.6688416,-4.945756329430474
1714079197.6689546,-5.008800382967348
1714079197.6690674,-5.068341890970865
1714079197.6691804,-5.118543571896023
1714079197.6692932,-5.166410075293647
1714079197.6694062,-5.207271929140444
1714079197.669519,-5.244631237453884
1714079197.669632,-5.280823177761501
1714079197.6697447,-5.305340113463225
1714079197.6698577,-5.331024858686659
1714079197.6699708,-5.350871880849202
1714079197.6700835,-5.362546885455096
1714079197.6701965,-5.374221448545103
1714079197.6703093,-5.377723994078459
1714079197.6704223,-5.378891362084282
1714079197.670535,-5.375388816550926
1714079197.670648,-5.368384167000099
1714079197.6707609,-5.359044339921739
1714079197.6708739,-5.347369335315845
1714079197.670987,-5.332192226692482
1714079197.6710997,-5.318182486074941
1714079197.6712127,-5.299502831918222
1714079197.6713254,-5.280823177761501
1714079197.6714385,-5.262143523604781
1714079197.6715512,-5.236458778381348
1714079197.6716642,-5.2107744746738005
1714079197.671777,-5.180419815911187
1714079197.67189,-5.147730421136926
1714079197.6720028,-5.117375762374312
1714079197.6721158,-5.0835189995942285
1714079197.6722288,-5.050829604819969
1714079197.6723416,-5.020474946057354
1714079197.6724546,-4.991288096816451
1714079197.6725674,-4.963268615581371
1714079197.6726804,-4.9340813248245805
1714079197.6727931,-4.90255973957203
1714079197.6729062,-4.874539816821063
1714079197.673019,-4.841850422046802
1714079197.673132,-4.809161027272542
1714079197.673245,-4.7741368964866355
1714079197.6733577,-4.740279692190665
1714079197.6734707,-4.709925474943938
1714079197.6735835,-4.681905993708858
1714079197.6736965,-4.656221248485424
1714079197.6738093,-4.632871680789523
1714079197.6739223,-4.6095221130936235
1714079197.674035,-4.5885072814093695
1714079197.674148,-4.562822977701822
1714079197.674261,-4.533635686945032
1714079197.6743739,-4.505616205709952
1714079197.6744869,-4.475261988463225
1714079197.6745996,-4.446074697706434
1714079197.6747127,-4.418055216471354
1714079197.6748254,-4.39237047124792
1714079197.6749384,-4.367853535546197
1714079197.6750512,-4.353843794928657
1714079197.6751642,-4.3269916816994
1714079197.6752772,-4.304809482009322
1714079197.67539,-4.279125178301776
1714079197.675503,-4.246435783527516
1714079197.6756158,-4.214913756759078
1714079197.6757288,-4.181056552463107
1714079197.6758416,-4.146032421677201
1714079197.6759546,-4.11217521738123
1714079197.6760674,-4.077151086595323
1714079197.6761804,-4.045629059826886
1714079197.6762931,-4.016442210585982
1714079197.6764061,-3.983752815811722
1714079197.6765192,-3.9498956115157515
1714079197.676632,-3.9137036712081343
1714079197.676745,-3.8705070813496905
1714079197.6768577,-3.82847785949707
1714079197.6769707,-3.779443546577736
1714079197.6770835,-3.7292418656525785
1714079197.6771965,-3.6848776870303683
1714079197.6773093,-3.6311736813297975
1714079197.6774223,-3.5786370436350503
1714079197.6775353,-3.527267773946126
1714079197.677648,-3.472396179481789
1714079197.677761,-3.417524805775395
1714079197.6778738,-3.3533133842326976
1714079197.6779869,-3.28676700592041
1714079197.6780996,-3.214383125305176
1714079197.6782126,-3.133827006375348
1714079197.6783254,-3.05560584421511
1714079197.6784384,-2.9703798117461027
1714079197.6785514,-2.883986190513328
1714079197.6786642,-2.797592790038497
1714079197.6787772,-2.7065292552665428
1714079197.67889,-2.615465720494588
1714079197.679003,-2.51856490417763
1714079197.6791158,-2.416994174321492
1714079197.6792288,-2.3142558557015875
1714079197.6793416,-2.2045126667729127
1714079197.6794546,-2.091267153068825
1714079197.6795673,-1.9698491802922
1714079197.6796803,-1.847263839509752
1714079197.6797934,-1.720008474809152
1714079197.6799061,-1.588083196569372
1714079197.6800191,-1.459660353483977
1714079197.680132,-1.3242326400898121
1714079197.680245,-1.186469969926057
1714079197.6803577,-1.049874778147097
1714079197.6804707,-0.9027723360944677
1714079197.6805835,-0.7580047956219426
1714079197.6806965,-0.6073998080359565
1714079197.6808095,-0.44862252694589116
1714079197.6809223,-0.291012696645878
1714079197.6810353,-0.1275654606245182
1714079197.681148,0.03705650430034708
1714079197.681261,0.20053571573010195
1714079197.6813738,0.36751804528412996
1714079197.6814868,0.5274941523869832
1714079197.6815996,0.6909733569180524
1714079197.6817126,0.8567879597345988
1714079197.6818256,1.0179317659801905
1714079197.6819384,1.1837463687967371
1714079197.6820514,1.350728670756022
1714079197.6821642,1.5212141805224948
1714079197.6822772,1.6928673894317061
1714079197.68239,1.861017280154758
1714079197.682503,2.0315029003002025
1714079197.6826158,2.199652901402226
1714079197.6827288,2.3596288981261075
1714079197.6828415,2.5196051156079324
1714079197.6829545,2.673742506239149
1714079197.6830676,2.8255447193428322
1714079197.6831803,2.977346932446515
1714079197.6832933,3.1279813360284874
1714079197.683406,3.27861573961046
1714079197.6835191,3.4234115370997675
1714079197.683632,3.5658719363035978
1714079197.683745,3.7083325562653715
1714079197.6838577,3.841451362327293
1714079197.6839707,3.9687315622965493
1714079197.6840837,4.08783753712972
1714079197.6841965,4.199937979380289
1714079197.6843095,4.3073667420281305
1714079197.6844223,4.40895778161508
1714079197.6845353,4.507044951121012
1714079197.684648,4.602797384615298
1714079197.684761,4.693878580022741
1714079197.6848738,4.782624156386763
1714079197.6849868,4.864363758652298
1714079197.6850998,4.940265196341055
1714079197.6852126,5.01032758642126
1714079197.6853256,5.0687127643161345
1714079197.6854384,5.123595396677652
1714079197.6855514,5.172638981430619
1714079197.6856642,5.215844401606807
1714079197.6857772,5.254378583696153
1714079197.68589,5.289409778736255
1714079197.686003,5.322105796248824
1714079197.686116,5.352466194717972
1714079197.6862288,5.373485000045211
1714079197.6863418,5.393335995850739
1714079197.6864545,5.410851814128734
1714079197.6865675,5.420193407270643
1714079197.6866803,5.424864203841597
1714079197.6867933,5.426032013363308
1714079197.686906,5.4190255977489326
1714079197.687019,5.420193407270643
1714079197.687132,5.409684004607024
1714079197.687245,5.398006792421694
1714079197.687358,5.389833008801495
1714079197.6874707,5.375820177572744
1714079197.6875837,5.361807787859881
1714079197.6876965,5.344292411097774
1714079197.6878095,5.325608783298068
1714079197.6879222,5.30692559701425
1714079197.6880352,5.28357117264359
1714079197.688148,5.263720176838062
1714079197.688261,5.238030574939868
1714079197.688374,5.208837985992432
1714079197.6884868,5.184316193615948
1714079197.6885998,5.156290972674334
1714079197.6887126,5.128266193248607
1714079197.6888256,5.103744400872125
1714079197.6889384,5.07571917993051
1714079197.6890514,5.050029578032317
1714079197.6891642,5.025507785655834
1714079197.6892772,4.99865037423593
1714079197.6893902,4.9729607723377365
1714079197.689503,4.943768183390299
1714079197.689616,4.915742962448685
1714079197.6897287,4.885382563979537
1714079197.6898417,4.853854797504566
1714079197.6899545,4.8269973860846624
1714079197.6900675,4.796636987615514
1714079197.6901803,4.7721151952390315
1714079197.6902933,4.748760770868372
1714079197.690406,4.721903359448468
1714079197.690519,4.698549376593696
1714079197.690632,4.671691965173792
1714079197.6907449,4.646002363275598
1714079197.690858,4.616809774328161
1714079197.6909707,4.584113756815592
1714079197.6910837,4.557256786911576
1714079197.6911964,4.525728578920718
1714079197.6913095,4.497703357979103
1714079197.6914222,4.4720137560809095
1714079197.6915352,4.4439889766551826
1714079197.6916482,4.418299374756989
1714079197.691761,4.391441963337085
1714079197.691874,4.361081564867938
1714079197.6919868,4.328385547355369
1714079197.6920998,4.291019174787733
1714079197.6922126,4.25482017022592
1714079197.6923256,4.212782559571442
1714079197.6924384,4.171912758438675
1714079197.6925514,4.133378576349329
1714079197.6926644,4.09017315617314
1714079197.6927772,4.046967735996953
1714079197.6928902,4.008433553907606
1714079197.693003,3.961725146682174
1714079197.693116,3.916184548978452
1714079197.6932287,3.865973154703776
1714079197.6933417,3.8064201672871905
1714079197.6934545,3.7480345478764283
1714079197.6935675,3.6884813397018994
1714079197.6936805,3.6265927332418935
1714079197.6937933,3.5612011397326433
1714079197.6939063,3.4911385288944947
1714079197.694019,3.428082333670722
1714079197.694132,3.3545167357833297
1714079197.6942449,3.2832865361814143
1714079197.6943579,3.2085531287723117
1714079197.6944706,3.1244781282212997
1714079197.6945837,3.0392353181485774
1714079197.6946964,2.9539927288337986
1714079197.6948094,2.854737529048213
1714079197.6949224,2.756649918026394
1714079197.6950352,2.6597301165262857
1714079197.6951482,2.5534685011263245
1714079197.695261,2.447207106484307
1714079197.695374,2.339777902320579
1714079197.6954868,2.2265100920641863
1714079197.6955998,2.115577900851214
1714079197.6957126,1.9941360862166793
1714079197.6958256,1.8680236957691332
1714079197.6959386,1.7384079871354279
1714079197.6960514,1.6017860836452906
1714079197.6961644,1.4616610827269376
1714079197.6962771,1.3215359714296129
1714079197.6963902,1.1732369661331177
1714079197.696503,1.026105659979361
1714079197.696616,0.8754713115868744
1714079197.6967287,0.724836908004902
1714079197.6968417,0.573034750090705
1714079197.6969547,0.41422639732007627
1714079197.6970675,0.25308259107448433
1714079197.6971805,0.09077109948352531
1714079197.6972933,-0.07736380729410383
1714079197.6974063,-0.24548095685464363
1714079197.697519,-0.41943551213652996
1714079197.697632,-0.5922225890336212
1714079197.6977448,-0.7661771443155077
1714079197.6978579,-0.943634134751779
1714079197.6979706,-1.1129187213049994
1714079197.6980836,-1.2868733317763716
1714079197.6981966,-1.454990439944797
1714079197.6983094,-1.6254426152617842
1714079197.6984224,-1.7982296369693895
1714079197.6985352,-1.96517926675302
1714079197.6986482,-2.1391338772243924
1714079197.698761,-2.3095859421624074
1714079197.698874,-2.4753680935612428
1714079197.6989868,-2.643485422487612
1714079197.6990998,-2.8022627035776773
1714079197.6992128,-2.9622073526735657
1714079197.6993256,-3.112812395449038
1714079197.6994386,-3.262249849460743
1714079197.6995513,-3.409352346702858
1714079197.6996644,-3.5459474281028465
1714079197.6997771,-3.686045055036191
1714079197.6998901,-3.8179702228969994
1714079197.700003,-3.9510629795215744
1714079197.700116,-4.078318454601146
1714079197.700229,-4.197401470608181
1714079197.7003417,-4.317651854621039
1714079197.7004547,-4.425060307538067
1714079197.7005675,-4.5301331414116754
1714079197.7006805,-4.624699221716987
1714079197.7007933,-4.711092842949761
1714079197.7009063,-4.795151286655002
1714079197.701019,-4.871037712803593
1714079197.701132,-4.942253783897117
1714079197.701245,-5.007632573445638
1714079197.7013578,-5.0671740814491555
1714079197.7014709,-5.126715589452672
1714079197.7015836,-5.174582534366183
1714079197.7016966,-5.217779124224627
1714079197.7018094,-5.252803696526421
1714079197.7019224,-5.284325723294859
1714079197.7020352,-5.312345204529938
1714079197.7021482,-5.328689681159125
1714079197.702261,-5.345034599304199
1714079197.702374,-5.356709162394205
1714079197.702487,-5.366048989472565
1714079197.7025998,-5.369551535005923
1714079197.7027128,-5.3707189030117455
1714079197.7028255,-5.3707189030117455
1714079197.7029386,-5.366048989472565
1714079197.7030513,-5.356709162394205
1714079197.7031643,-5.348537144837556
1714079197.703277,-5.3333595946983055
1714079197.7033901,-5.319349854080765
1714079197.7035031,-5.300670199924045
1714079197.703616,-5.277320632228145
1714079197.703729,-5.253971064532244
1714079197.7038417,-5.225951583297164
1714079197.7039547,-5.197932102062084
1714079197.7040675,-5.171079988832827
1714079197.7041805,-5.141893139591923
1714079197.7042933,-5.117375762374312
1714079197.7044063,-5.092858826672589
1714079197.7045193,-5.064839345437509
1714079197.704632,-5.034484686674895
1714079197.704745,-5.002962659906458
1714079197.7048578,-4.972608442659731
1714079197.7049708,-4.936416502352114
1714079197.7050836,-4.90139193005032
1714079197.7051966,-4.866367799264413
1714079197.7053094,-4.833678404490152
1714079197.7054224,-4.804491113733362
1714079197.7055352,-4.7741368964866355
1714079197.7056482,-4.750787328790735
1714079197.7057612,-4.722767406039767
1714079197.705874,-4.695915734326397
1714079197.705987,-4.6678958115754305
1714079197.7060997,-4.63520641680117
1714079197.7062128,-4.606019567560266
1714079197.7063255,-4.573330172786006
1714079197.7064385,-4.542975514023392
1714079197.7065513,-4.514956032788311
1714079197.7066643,-4.488103919559054
1714079197.7067773,-4.464754351863155
1714079197.70689,-4.443739961694788
1714079197.707003,-4.422725130010534
1714079197.707116,-4.4017107398421675
1714079197.707229,-4.374858626612911
1714079197.7073417,-4.345671335856119
1714079197.7074547,-4.318819222626862
1714079197.7075675,-4.286129827852602
1714079197.7076805,-4.255775610605875
1714079197.7077935,-4.227756129370795
1714079197.7079062,-4.198568838614005
1714079197.7080193,-4.178721816451461
1714079197.708132,-4.150702335216381
1714079197.708245,-4.126185399514657
1714079197.7083578,-4.09816547676369
1714079197.7084708,-4.06547608198943
1714079197.7085836,-4.030451951203522
1714079197.7086966,-3.9930926428900824
1714079197.7088094,-3.9498956115157515
1714079197.7089224,-3.9090337576689542
1714079197.7090354,-3.8670045358163336
1714079197.7091482,-3.824975313963713
1714079197.7092612,-3.784113460116916
1714079197.709374,-3.7409168702584723
1714079197.709487,-3.6988874276479082
1714079197.7095997,-3.647518378716928
1714079197.7097127,-3.5961491090280036
1714079197.7098255,-3.540110146557843
1714079197.7099385,-3.4735637682455556
1714079197.7100515,-3.410519935466625
1714079197.7101643,-3.3393036436151573
1714079197.7102773,-3.268087131005746
1714079197.71039,-3.1957034711484553
1714079197.710503,-3.1198172657578076
1714079197.7106159,-3.0462660171367504
1714079197.710729,-2.966877266212746
1714079197.7108417,-2.886321147282918
1714079197.7109547,-2.7987601580443204
1714079197.7110677,-2.705361666502776
1714079197.7111804,-2.611963395719175
1714079197.7112935,-2.5092250770992703
1714079197.7114062,-2.4041518017097756
1714079197.7115192,-2.2967437903086343
1714079197.711632,-2.1823306878407793
1714079197.711745,-2.070252542142515
1714079197.7118578,-1.9535044829050698
1714079197.7119708,-1.8332540988922117
1714079197.7120838,-1.711836126115587
1714079197.7121966,-1.583413283030192
1714079197.7123096,-1.453822961560002
1714079197.7124224,-1.319562726550632
1714079197.7125354,-1.1759626644629018
1714079197.7126482,-1.0311951239903767
1714079197.7127612,-0.8794227132090815
1714079197.712874,-0.7264828240429914
1714079197.712987,-0.5723754013026202
1714079197.7130997,-0.4147655985973499
1714079197.7132127,-0.2583232466821317
1714079197.7133257,-0.10071340948343277
1714079197.7134385,0.0604106734196345
1714079197.7135515,0.2192190537850062
1714079197.7136643,0.38503367039892405
1714079197.7137773,0.5508483008102134
1714079197.71389,0.7236691536726775
1714079197.714003,0.897657760867366
1714079197.7141159,1.070478668919316
1714079197.7142289,1.2421317674495556
1714079197.7143419,1.4184557729297214
1714079197.7144547,1.5901089818389327
1714079197.7145677,1.761762190748144
1714079197.7146804,1.9264090944219516
1714079197.7147934,2.0898882989530208
1714079197.7149062,2.25336750348409
1714079197.7150192,2.4156788984934487
1714079197.715132,2.577990514260751
1714079197.715245,2.7391343205063428
1714079197.715358,2.9014457155157016
1714079197.7154708,3.0602541234758163
1714079197.7155838,3.213223925343266
1714079197.7156966,3.3580199435905174
1714079197.7158096,3.5004803427943476
1714079197.7159224,3.635934547141746
1714079197.7160354,3.7655503661544234
1714079197.7161481,3.8904949470802586
1714079197.7162611,4.014272160000271
1714079197.716374,4.132210766827618
1714079197.716487,4.250149373654966
1714079197.7166,4.361081564867938
1714079197.7167127,4.47318156560262
1714079197.7168257,4.574772163673683
1714079197.7169385,4.669356787646258
1714079197.7170515,4.758102364010281
1714079197.7171643,4.837506788748281
1714079197.7172773,4.9134077849211515
1714079197.71739,4.979967187952112
1714079197.717503,5.041855794412118
1714079197.717616,5.103744400872125
1714079197.7177289,5.157458782196045
1714079197.7178419,5.2100057955141414
1714079197.7179546,5.259049380267108
1714079197.7180676,5.297584003872341
1714079197.7181804,5.333783008434154
1714079197.7182934,5.365310774909125
1714079197.7184062,5.38399440270883
1714079197.7185192,5.403845398514359
1714079197.7186322,5.417857788227222
1714079197.718745,5.427199381369131
1714079197.718858,5.4330379874617964
1714079197.7189708,5.434205796983506
1714079197.7190838,5.434205796983506
1714079197.7191966,5.430702809934263
1714079197.7193096,5.4283671908908415
1714079197.7194223,5.417857788227222
1714079197.7195354,5.409684004607024
1714079197.7196484,5.39450380537245
1714079197.7197611,5.380490974143699
1714079197.7198741,5.359472610332348
1714079197.719987,5.340788982532642
1714079197.7201,5.31743499967787
1714079197.7202127,5.298751371878164
1714079197.7203257,5.2730622114958585
1714079197.7204385,5.249707787125199
1714079197.7205515,5.22752117227625
1714079197.7206643,5.199496392850523
1714079197.7207773,5.179645397044994
1714079197.7208903,5.15278798562509
1714079197.721003,5.129434002770318
1714079197.721116,5.102576591350414
1714079197.7212288,5.074551370408799
1714079197.7213418,5.046526590983072
1714079197.7214546,5.017334002035635
1714079197.7215676,4.98814097157231
1714079197.7216804,4.955445395575629
1714079197.7217934,4.9274201746340145
1714079197.7219064,4.899395395208288
1714079197.7220192,4.873705793310094
1714079197.7221322,4.848016191411901
1714079197.722245,4.824661767041241
1714079197.722358,4.794301368572094
1714079197.7224708,4.7686117666739
1714079197.7225838,4.740586987248173
1714079197.7226965,4.710226588779025
1714079197.7228096,4.679866190309878
1714079197.7229226,4.648337982319019
1714079197.7230353,4.619144951855694
1714079197.7231483,4.5899523629082575
1714079197.723261,4.566598380053485
1714079197.7233741,4.536237981584336
1714079197.723487,4.514051366735387
1714079197.7236,4.488361764837194
1714079197.7237127,4.460336985411467
1714079197.7238257,4.429976145426432
1714079197.7239385,4.394944950386329
1714079197.7240515,4.362249374389648
1714079197.7241645,4.326050369827835
1714079197.7242773,4.291019174787733
1714079197.7243903,4.258323157275164
1714079197.724503,4.226794949284306
1714079197.724616,4.192931563765914
1714079197.7247288,4.155564749682391
1714079197.7248418,4.124036541691533
1714079197.7249546,4.0796637535095215
1714079197.7250676,4.037626142855044
1714079197.7251806,3.989750367623788
1714079197.7252934,3.940706341354935
1714079197.7254064,3.8869919600310148
1714079197.7255192,3.8344449467129174
1714079197.7256322,3.776059327302155
1714079197.725745,3.7235127554999456
1714079197.725858,3.6662949456108938
1714079197.7259707,3.605574148672598
1714079197.7260838,3.546020940498069
1714079197.7261968,3.4794615374671087
1714079197.7263095,3.40939892662896
1714079197.7264225,3.3311625321706133
1714079197.7265353,3.2529261377122665
1714079197.7266483,3.168851137161255
1714079197.726761,3.0847759158522994
1714079197.726874,2.996030118730333
1714079197.726987,2.9049489233228893
1714079197.7271,2.8126999183937356
1714079197.727213,2.718115515179104
1714079197.7273257,2.617692505871808
1714079197.7274387,2.5125986999935574
1714079197.7275515,2.40750511487325
1714079197.7276645,2.2930694950951467
1714079197.7277772,2.175131109025743
1714079197.7278903,2.0525217056274414
1714079197.728003,1.9264090944219516
1714079197.728116,1.8002964832164623
1714079197.7282288,1.666010088390774
1714079197.7283418,1.5317235831861142
1714079197.7284548,1.392766171031528
1714079197.7285676,1.2573119666841295
1714079197.7286806,1.1148515674802992
1714079197.7287934,0.9700556596120198
1714079197.7289064,0.8182535568873087
1714079197.7290192,0.665283755019859
1714079197.7291322,0.5064753470597444
1714079197.729245,0.3441638692661568
1714079197.729358,0.17834925265223892
1714079197.729471,0.013702330869381074
1714079197.7295837,-0.1544175048669179
1714079197.7296968,-0.32253464063008624
1714079197.7298095,-0.4906518039879975
1714079197.7299225,-0.6599364457307038
1714079197.7300353,-0.8292210874734101
1714079197.7301483,-1.0008406859857064
1714079197.730261,-1.1747951860781067
1714079197.730374,-1.348749796549479
1714079197.730487,-1.5215368182570845
1714079197.7305999,-1.6978263854980467
1714079197.730713,-1.8752833207448323
1714079197.7308257,-2.0480703424524376
1714079197.7309387,-2.2173550393846297
1714079197.7310514,-2.384304779547232
1714079197.7311645,-2.5465843854127104
1714079197.7312772,-2.7065292552665428
1714079197.7313902,-2.8641391683507846
1714079197.731503,-3.01591157913208
1714079197.731616,-3.1688513579191984
1714079197.731729,-3.3182888119309033
1714079197.7318418,-3.4642239411671953
1714079197.7319548,-3.605488936106364
1714079197.7320676,-3.743251606270119
1714079197.7321806,-3.8751769948888706
1714079197.7322934,-4.000097292440909
1714079197.7324064,-4.116845572436297
1714079197.7325191,-4.231258233388265
1714079197.7326322,-4.3328294047602895
1714079197.7327452,-4.435567502622251
1714079197.732858,-4.532468318939209
1714079197.732971,-4.6258665897228095
1714079197.7330837,-4.712260210955584
1714079197.7331967,-4.795151286655002
1714079197.7333095,-4.87337244881524
1714079197.7334225,-4.94342115190294
1714079197.7335353,-5.009967750973171
1714079197.7336483,-5.0671740814491555
1714079197.7337613,-5.119710939901846
1714079197.733874,-5.164074897766113
1714079197.733987,-5.207271929140444
1714079197.7340999,-5.244631237453884
1714079197.7342129,-5.271483350683141
1714079197.7343256,-5.298335463912398
1714079197.7344387,-5.320517663602476
1714079197.7345514,-5.342699421776665
1714079197.7346644,-5.349704512843379
1714079197.7347775,-5.3648816214667425
1714079197.7348902,-5.368384167000099
1714079197.7350032,-5.3707189030117455
1714079197.735116,-5.367216798994276
1714079197.735229,-5.361379075933385
1714079197.7353418,-5.347369335315845
1714079197.7354548,-5.335694772225839
1714079197.7355676,-5.320517663602476
1714079197.7356806,-5.299502831918222
1714079197.7357934,-5.278488000233968
1714079197.7359064,-5.259808346077247
1714079197.7360194,-5.238793955908881
1714079197.7361321,-5.215444388212981
1714079197.7362452,-5.19092701099537
1714079197.736358,-5.1629075297602895
1714079197.736471,-5.136055416531033
1714079197.7365837,-5.1045338312784825
1714079197.7366967,-5.076513908527515
1714079197.7368095,-5.039154600214075
1714079197.7369225,-5.007632573445638
1714079197.7370355,-4.9714410746539075
1714079197.7371483,-4.941086415891294
1714079197.7372613,-4.91073175712868
1714079197.737374,-4.882712275893599
1714079197.737487,-4.857027972186053
1714079197.7375998,-4.829008490950972
1714079197.7377129,-4.799821200194182
1714079197.7378256,-4.768299173425745
1714079197.7379386,-4.739112324184841
1714079197.7380517,-4.7052555614047575
1714079197.7381644,-4.674900902642144
1714079197.7382774,-4.642211507867883
1714079197.7383902,-4.616526762644449
1714079197.7385032,-4.589674649415192
1714079197.738616,-4.567492891241002
1714079197.738729,-4.546478059556748
1714079197.7388418,-4.521961123855025
1714079197.7389548,-4.498611556159125
1714079197.7390676,-4.469424265402335
1714079197.7391806,-4.442572152173077
1714079197.7392936,-4.411050566920528
1714079197.7394063,-4.3806959081579135
1714079197.7395194,-4.348006513383653
1714079197.7396321,-4.321154400154396
1714079197.7397451,-4.298972200464319
1714079197.739858,-4.273287896756773
1714079197.739971,-4.251105697066695
1714079197.7400837,-4.227756129370795
1714079197.7401967,-4.198568838614005
1714079197.7403097,-4.170549357378924
1714079197.7404225,-4.140195140132198
1714079197.7405355,-4.105170567830403
1714079197.7406483,-4.067811259516963
1714079197.7407613,-4.033954055220992
1714079197.740874,-3.996594746907552
1714079197.740987,-3.9650727201391147
1714079197.7410998,-3.9300485893532078
1714079197.7412128,-3.896191385057237
1714079197.7413259,-3.8611672542713302
1714079197.7414386,-3.8203054004245334
1714079197.7415516,-3.778276178571913
1714079197.7416644,-3.7280744976467552
1714079197.7417774,-3.677872816721598
1714079197.7418902,-3.6218338542514377
1714079197.7420032,-3.5669622597871
1714079197.742116,-3.5074207517835827
1714079197.742229,-3.4513815685554783
1714079197.7423418,-3.3930076493157277
1714079197.7424548,-3.3311311845426204
1714079197.7425678,-3.264584806230333
1714079197.7426805,-3.1957034711484553
1714079197.7427936,-3.123319590533221
1714079197.7429063,-3.0427634716033936
1714079197.7430193,-2.9610399846677424
1714079197.743132,-2.871144038659555
1714079197.7432451,-2.776577958354243
1714079197.743358,-2.6843470555764655
1714079197.743471,-2.5839439144840943
1714079197.743584,-2.487042877409193
1714079197.7436967,-2.383137190783465
1714079197.7438097,-2.2803988721635604
1714079197.7439225,-2.1694883152290627
1714079197.7440355,-2.0585777582945646
1714079197.7441483,-1.9383273742817064
1714079197.7442613,-1.8169092911261098
1714079197.744374,-1.6908215151892767
1714079197.744487,-1.5553938017951117
1714079197.7446,-1.4223010451705367
1714079197.7447128,-1.2833708966219866
1714079197.7448258,-1.1432732696886414
1714079197.7449386,-0.9996732076009114
1714079197.7450516,-0.8525706551693103
1714079197.7451644,-0.7066356363119902
1714079197.7452774,-0.55603070391549
1714079197.7453902,-0.40542574392424685
1714079197.7455032,-0.24548095685464363
1714079197.7456162,-0.08553616978504039
1714079197.745729,0.08142943045607319
1714079197.745842,0.24724406776604826
1714079197.7459548,0.41772952234303506
1714079197.7460678,0.5893827036575034
1714079197.7461805,0.7563650056167884
1714079197.7462935,0.9268504601937753
1714079197.7464063,1.0926650630103216
1714079197.7465193,1.2608151744913172
1714079197.746632,1.4266297773078636
1714079197.746745,1.5959474775526257
1714079197.7468581,1.7605944916054053
1714079197.746971,1.9322477005146166
1714079197.747084,2.103900688665884
1714079197.7471967,2.2720509105258517
1714079197.7473097,2.441368500391642
1714079197.7474225,2.6060155144444215
1714079197.7475355,2.7671593206900136
1714079197.7476482,2.9212967113212303
1714079197.7477612,3.073098924424913
1714079197.7478743,3.2202301201996977
1714079197.747987,3.362690740161472
1714079197.7481,3.5063189488870123
1714079197.7482128,3.6464439498053656
1714079197.7483258,3.7830657429165306
1714079197.7484386,3.9173523585001626
1714079197.7485516,4.050471164562084
1714079197.7486644,4.169577139395255
1714079197.7487774,4.287515746222602
1714079197.7488904,4.392609772858796
1714079197.7490032,4.493032561408149
1714079197.7491162,4.588784553386547
1714079197.749229,4.675195393738923
1714079197.749342,4.760437983053701
1714079197.7494547,4.839841966275816
1714079197.7495677,4.919246391013816
1714079197.7496805,4.990476590615732
1714079197.7497935,5.058203803168403
1714079197.7499063,5.121259777634232
1714079197.7500193,5.174974600474039
1714079197.7501323,5.222850375705295
1714079197.750245,5.264887986359772
1714079197.750358,5.302254800443296
1714079197.7504709,5.331447389390733
1714079197.750584,5.359472610332348
1714079197.7506967,5.3828265931871195
1714079197.7508097,5.406180576041892
1714079197.7509224,5.421360775276466
1714079197.7510355,5.435373606505217
1714079197.7511485,5.445883009168837
1714079197.7512612,5.452888983267324
1714079197.7513742,5.454056792789035
1714079197.751487,5.450553805739791
1714079197.7516,5.445883009168837
1714079197.7517128,5.4330379874617964
1714079197.7518258,5.421360775276466
1714079197.7519386,5.4050132080360695
1714079197.7520516,5.388665199279785
1714079197.7521646,5.365310774909125
1714079197.7522774,5.350130575674551
1714079197.7523904,5.3279444023414895
1714079197.7525032,5.30692559701425
1714079197.7526162,5.2824038046377675
1714079197.752729,5.259049380267108
1714079197.752842,5.234527587890625
1714079197.7529547,5.207670176470721
1714079197.7530677,5.180813206566705
1714079197.7531807,5.1504528080975565
1714079197.7532935,5.123595396677652
1714079197.7534065,5.090899379165084
1714079197.7535193,5.0640419677451805
1714079197.7536323,5.033681569276032
1714079197.753745,5.0091597768995495
1714079197.753858,4.978799378430401
1714079197.7539709,4.957780573103163
1714079197.7540839,4.930923161683259
1714079197.7541966,4.905233559785065
1714079197.7543097,4.873705793310094
1714079197.7544227,4.84451276284677
1714079197.7545354,4.8176557929427535
1714079197.7546484,4.787295394473605
1714079197.7547612,4.756934996004458
1714079197.7548742,4.7265741560194225
1714079197.754987,4.70438798268636
1714079197.7551,4.675195393738923
1714079197.7552128,4.655343956417507
1714079197.7553258,4.628486986513491
1714079197.7554388,4.602797384615298
1714079197.7555516,4.577107782717104
1714079197.7556646,4.54791475225378
1714079197.7557774,4.517554353784631
1714079197.7558904,4.481355349222818
1714079197.7560031,4.4533305697970915
1714079197.7561162,4.421802361806233
1714079197.756229,4.390274153815375
1714079197.756342,4.358745945824517
1714079197.756455,4.328385547355369
1714079197.7565677,4.299192958407931
1714079197.7566807,4.26532957288954
1714079197.7567935,4.232633555376971
1714079197.7569065,4.192931563765914
1714079197.7570193,4.149726143589726
1714079197.7571323,4.107688974451135
1714079197.757245,4.0609805672257036
1714079197.757358,4.015439969521982
1714079197.7574708,3.9687315622965493
1714079197.7575839,3.925526142120361
1714079197.7576969,3.876482557367395
1714079197.7578096,3.827438531098542
1714079197.7579226,3.7748919592963324
1714079197.7580354,3.722344945978235
1714079197.7581484,3.660456339518229
1714079197.7582612,3.5962323347727456
1714079197.7583742,3.5273375334563077
1714079197.758487,3.4561073338543924
1714079197.7586,3.3848771342524775
1714079197.758713,3.3101437268433744
1714079197.7588258,3.234242730670505
1714079197.7589388,3.1536709379266807
1714079197.7590516,3.0742667339466236
1714079197.7591646,2.9890239238739014
1714079197.7592773,2.8991103172302246
1714079197.7593904,2.802190515730116
1714079197.7595031,2.70176750642282
1714079197.7596161,2.5955061117808023
1714079197.7597291,2.4845736998098866
1714079197.759842,2.3748090973606812
1714079197.759955,2.2557029017695673
1714079197.7600677,2.1377642949422198
1714079197.7601807,2.015154891543918
1714079197.7602935,1.8925454881456163
1714079197.7604065,1.7629298898908825
1714079197.7605193,1.6344818803999157
1714079197.7606323,1.4943568794815627
1714079197.7607453,1.3542318785632097
1714079197.760858,1.2059328732667145
1714079197.760971,1.0576338679702193
1714079197.7610838,0.903496311770545
1714079197.7611969,0.7470233572853936
1714079197.7613096,0.5893827036575034
1714079197.7614226,0.42823889741191157
1714079197.7615354,0.26826281790380124
1714079197.7616484,0.10595131251547071
1714079197.7617612,-0.057516643708502804
1714079197.7618742,-0.22329883994879546
1714079197.7619872,-0.39024849732716876
1714079197.7621,-0.56070061745467
1714079197.762213,-0.7311527375821714
1714079197.7623258,-0.9121121631728277
1714079197.7624388,-1.083731761685124
1714079197.7625515,-1.2611886969319095
1714079197.7626646,-1.4351433074032818
1714079197.7627773,-1.6067628507260923
1714079197.7628903,-1.7772150260430795
1714079197.7630033,-1.9429972878208865
1714079197.7631161,-2.1111143959893117
1714079197.7632291,-2.2757289586243803
1714079197.763342,-2.4415113307811596
1714079197.763455,-2.603790936646638
1714079197.7635677,-2.7695730880454734
1714079197.7636807,-2.9271830011297153
1714079197.7637935,-3.0882952389893705
1714079197.7639065,-3.240067649770666
1714079197.7640195,-3.3906726925461377
1714079197.7641323,-3.531937687485306
1714079197.7642453,-3.668532989643238
1714079197.764358,-3.798123200734456
1714079197.764471,-3.926546043819851
1714079197.7645838,-4.050298973366066
1714079197.7646968,-4.1682146213672775
1714079197.7648096,-4.282627723835132
1714079197.7649226,-4.394705648775454
1714079197.7650354,-4.499778924164948
1714079197.7651484,-4.5990144764935526
1714079197.7652614,-4.692413188793041
1714079197.7653742,-4.776471632498281
1714079197.7654872,-4.855860162664342
1714079197.7656,-4.92474149774622
1714079197.765713,-4.991288096816451
1714079197.7658257,-5.048494427292435
1714079197.7659388,-5.103366021756773
1714079197.7660515,-5.1524003346761065
1714079197.7661645,-5.19559692453455
1714079197.7662776,-5.235291410375524
1714079197.7663903,-5.266813437143961
1714079197.7665033,-5.2960002863848645
1714079197.766616,-5.320517663602476
1714079197.766729,-5.339197317759195
1714079197.766842,-5.352039248855025
1714079197.766955,-5.361379075933385
1714079197.7670677,-5.363714253460919
1714079197.7671807,-5.367216798994276
1714079197.7672937,-5.362546885455096
1714079197.7674065,-5.359044339921739
1714079197.7675195,-5.350871880849202
1714079197.7676322,-5.338029508237486
1714079197.7677453,-5.328689681159125
1714079197.767858,-5.312345204529938
1714079197.767971,-5.297167654390688
1714079197.7680838,-5.2796558097556785
1714079197.7681968,-5.259808346077247
1714079197.7683096,-5.236458778381348
1714079197.7684226,-5.204936751612911
1714079197.7685356,-5.178085079899541
1714079197.7686484,-5.145395243609393
1714079197.7687614,-5.118543571896023
1714079197.7688742,-5.087021545127586
1714079197.7689872,-5.0566668863649715
1714079197.7691,-5.028647405129892
1714079197.769213,-5.000627923894811
1714079197.7693257,-4.973775810665554
1714079197.7694387,-4.9445889614246505
1714079197.7695518,-4.9130669346562135
1714079197.7696645,-4.879209730360243
1714079197.7697775,-4.846520335585982
1714079197.7698903,-4.812663572805898
1714079197.7700033,-4.778806810025816
1714079197.770116,-4.7426148697181985
1714079197.770229,-4.714595388483118
1714079197.7703419,-4.685408097726327
1714079197.770455,-4.662058530030427
1714079197.770568,-4.63637422632288
1714079197.7706807,-4.611856849105269
1714079197.7707937,-4.586172545397723
1714079197.7709064,-4.556985254640932
1714079197.7710195,-4.533635686945032
1714079197.7711322,-4.499778924164948
1714079197.7712452,-4.470592074924045
1714079197.771358,-4.442572152173077
1714079197.771471,-4.416887848465531
1714079197.771584,-4.395873016781277
1714079197.7716968,-4.376025994618733
1714079197.7718098,-4.352676426922833
1714079197.7719226,-4.333996772766113
1714079197.7720356,-4.307144659536856
1714079197.7721484,-4.281459914313422
1714079197.7722614,-4.249937887544985
1714079197.7723742,-4.217248492770724
1714079197.7724872,-4.185726907518174
1714079197.7726,-4.150702335216381
1714079197.772713,-4.121515485975477
1714079197.772826,-4.09349556322451
1714079197.7729387,-4.063141345977783
1714079197.7730517,-4.0351218647427025
1714079197.7731645,-4.003599837974265
1714079197.7732775,-3.966240529660825
1714079197.7733903,-3.9300485893532078
1714079197.7735033,-3.886851557978877
1714079197.773616,-3.841320232108787
1714079197.773729,-3.7946206552010993
1714079197.773842,-3.744418974275942
1714079197.7739549,-3.697720059642085
1714079197.7740679,-3.648685746722751
1714079197.7741807,-3.6008190225671837
1714079197.7742937,-3.5494499736362033
1714079197.7744064,-3.4922434224022756
1714079197.7745194,-3.436204459932115
1714079197.7746322,-3.370825449625651
1714079197.7747452,-3.3042790713133634
1714079197.7748582,-3.2283928659227157
1714079197.774971,-3.152506660532068
1714079197.775084,-3.0707831735964173
1714079197.7751968,-2.9925620114361795
1714079197.7753098,-2.9073357582092285
1714079197.7754226,-2.8221097257402206
1714079197.7755356,-2.739218650040803
1714079197.7756484,-2.645820379257202
1714079197.7757614,-2.5512542989518905
1714079197.7758741,-2.4520185258653426
1714079197.7759871,-2.346945250475848
1714079197.7761002,-2.237202282305117
1714079197.776213,-2.127459093376442
1714079197.776326,-2.004873752593994
1714079197.7764387,-1.8822881910536022
1714079197.7765517,-1.7597028502711543
1714079197.7766645,-1.6336149639553492
1714079197.7767775,-1.5016896857155693
1714079197.7768903,-1.3709318858605843
1714079197.7770033,-1.2355041724664193
1714079197.7771163,-1.0989089806874592
1714079197.777229,-0.9518064834453441
1714079197.777342,-0.8023690294336389
1714079197.7774549,-0.6494291402675487
1714079197.7775679,-0.4929867607575875
1714079197.7776806,-0.33537693045757433
1714079197.7777936,-0.17076222984879105
1714079197.7779064,-0.009649954046364184
1714079197.7780194,0.15382736369415564
1714079197.7781324,0.3173065682252248
1714079197.7782452,0.4796181012082983
1714079197.7783582,0.6419295514071429
1714079197.778471,0.805408755938212
1714079197.778584,0.9712233587547584
1714079197.7786968,1.1405411693784926
1714079197.7788098,1.3098588696232547
1714079197.7789226,1.4826797776752048
1714079197.7790356,1.6555006857271546
1714079197.7791486,1.8224829876864397
1714079197.7792614,1.991800687931202
1714079197.7793744,2.154112303698504
1714079197.7794871,2.312920711658619
1714079197.7796001,2.470561310097023
1714079197.779713,2.6246989214861833
1714079197.779826,2.781171710402877
1714079197.7799387,2.93297392350656
1714079197.7800517,3.0894469331811973
1714079197.7801645,3.2412489255269366
1714079197.7802775,3.3860449437741877
1714079197.7803905,3.5331761395489725
1714079197.7805033,3.6733011404673257
1714079197.7806163,3.8040845482437695
1714079197.780729,3.93486773526227
1714079197.780842,4.050471164562084
1714079197.7809548,4.163738974818477
1714079197.7810678,4.278174153080693
1714079197.7811806,4.384435547722711
1714079197.7812936,4.490697383880615
1714079197.7814066,4.588784553386547
1714079197.7815194,4.6857043548866555
1714079197.7816324,4.7767859918099855
1714079197.7817452,4.8585255940755205
1714079197.7818582,4.9367617677759235
1714079197.781971,5.003321170806885
1714079197.782084,5.062874599739357
1714079197.7821968,5.122427587155943
1714079197.7823098,5.170303803903085
1714079197.7824228,5.21701176961263
1714079197.7825356,5.259049380267108
1714079197.7826486,5.2964161943506305
1714079197.7827613,5.329112211863199
1714079197.7828743,5.358304800810637
1714079197.782987,5.3828265931871195
1714079197.7831001,5.400342411465115
1714079197.783213,5.415522610699688
1714079197.783326,5.424864203841597
1714079197.7834387,5.427199381369131
1714079197.7835517,5.4283671908908415
1714079197.7836647,5.4283671908908415
1714079197.7837775,5.4236963943198875
1714079197.7838905,5.417857788227222
1714079197.7840033,5.407348385563603
1714079197.7841163,5.398006792421694
1714079197.784229,5.38399440270883
1714079197.784342,5.369982012995967
1714079197.7844548,5.354801813761393
1714079197.7845678,5.3326151989124435
1714079197.7846808,5.315099380634448
1714079197.7847936,5.289409778736255
1714079197.7849066,5.266055795881483
1714079197.7850194,5.242701371510823
1714079197.7851324,5.215844401606807
1714079197.7852452,5.190154799708614
1714079197.7853582,5.16563300733213
1714079197.785471,5.137607786390516
1714079197.785584,5.114253803535743
1714079197.785697,5.08739639211584
1714079197.7858098,5.062874599739357
1714079197.7859228,5.037184997841163
1714079197.7860355,5.007991967377839
1714079197.7861485,4.983470175001356
1714079197.7862613,4.950774599004674
1714079197.7863743,4.920414200535527
1714079197.786487,4.890053360550492
1714079197.7866,4.85735778455381
1714079197.7867131,4.8316681826556165
1714079197.786826,4.805978580757423
1714079197.786939,4.777953359815809
1714079197.7870517,4.756934996004458
1714079197.7871647,4.727741965541133
1714079197.7872775,4.70205236364294
1714079197.7873905,4.6763627617447465
1714079197.7875032,4.647170172797309
1714079197.7876163,4.616809774328161
1714079197.787729,4.5852815663373026
1714079197.787842,4.554921167868155
1714079197.787955,4.526896388442427
1714079197.7880678,4.500038977022524
1714079197.7881808,4.474349375124331
1714079197.7882936,4.447491963704427
1714079197.7884066,4.422970171327944
1714079197.7885194,4.392609772858796
1714079197.7886324,4.363417183911358
1714079197.7887452,4.328385547355369
1714079197.7888582,4.291019174787733
1714079197.7889712,4.255987979747631
1714079197.789084,4.217453356142397
1714079197.789197,4.17775136453134
1714079197.7893097,4.142720169491238
1714079197.7894228,4.105353355407715
1714079197.7895355,4.067986541324191
1714079197.7896485,4.027116740191424
1714079197.7897613,3.983911761531123
1714079197.7898743,3.9360355447839805
1714079197.7899873,3.8823211634600603
1714079197.7901,3.827438531098542
1714079197.790213,3.769053353203667
1714079197.7903259,3.7071647467436613
1714079197.790439,3.6464439498053656
1714079197.7905517,3.5810521355381715
1714079197.7906647,3.516828130792688
1714079197.7907774,3.451436537283438
1714079197.7908905,3.380206337681523
1714079197.7910032,3.3066407397941306
1714079197.7911162,3.2295719340995506
1714079197.7912292,3.1454969335485385
1714079197.791342,3.0590865347120495
1714079197.791455,2.965669720261185
1714079197.7915678,2.872253126568264
1714079197.7916808,2.7729979267826783
1714079197.7917936,2.671407107953672
1714079197.7919066,2.5686487003608987
1714079197.7920194,2.4635551152405912
1714079197.7921324,2.3561259110768633
1714079197.7922454,2.24169029129876
1714079197.7923582,2.122584095707646
1714079197.7924712,2.0011425018310547
1714079197.792584,1.875029890625565
1714079197.792697,1.7395756862781664
1714079197.7928097,1.6041214819307679
1714079197.7929227,1.4628287818696764
1714079197.7930355,1.3227036705723514
1714079197.7931485,1.1767401739403054
1714079197.7932615,1.0307765669292872
1714079197.7933743,0.8836452607755307
1714079197.7934873,0.7295077045758565
1714079197.7936,0.5765379027084068
1714079197.793713,0.4188972214857737
1714079197.7938259,0.25541801695470456
1714079197.7939389,0.09310651846505977
1714079197.7940516,-0.07736380729410383
1714079197.7941647,-0.24664843523943863
1714079197.7942774,-0.41826803375173494
1714079197.7943904,-0.5933900674184163
1714079197.7945035,-0.7650096659307126
1714079197.7946162,-0.9389642212125989
1714079197.7947292,-1.1105837645354093
1714079197.794842,-1.2798684614676015
1714079197.794955,-1.452655483175207
1714079197.7950678,-1.6277775720313743
1714079197.7951808,-1.7935597234302096
1714079197.7952936,-1.96751422352261
1714079197.7954066,-2.1391338772243924
1714079197.7955196,-2.3142558557015875
1714079197.7956324,-2.480038007100423
1714079197.7957454,-2.645820379257202
1714079197.7958581,-2.8069326171168574
1714079197.7959712,-2.9657098982069225
1714079197.796084,-3.1163147202244508
1714079197.796197,-3.262249849460743
1714079197.7963097,-3.4081847579390914
1714079197.7964227,-3.5494499736362033
1714079197.7965357,-3.689547600569548
1714079197.7966485,-3.82380794595789
1714079197.7967615,-3.9533981570491084
1714079197.7968743,-4.079485822606969
1714079197.7969873,-4.202071384147361
1714079197.7971,-4.312981941081859
1714079197.797213,-4.418055216471354
1714079197.7973258,-4.520793314333315
1714079197.7974389,-4.61302465862698
1714079197.7975519,-4.702920383877224
1714079197.7976646,-4.783476723564996
1714079197.7977777,-4.862865253731056
1714079197.7978904,-4.936416502352114
1714079197.7980034,-5.002962659906458
1714079197.7981162,-5.0671740814491555
1714079197.7982292,-5.126715589452672
1714079197.798342,-5.178085079899541
1714079197.798455,-5.222449037763807
1714079197.7985678,-5.263310891610605
1714079197.7986808,-5.294832918379042
1714079197.7987938,-5.321685031608299
1714079197.7989066,-5.3438672312983755
1714079197.7990196,-5.360211707927562
1714079197.7991323,-5.373054080539279
1714079197.7992454,-5.380059171605993
1714079197.7993581,-5.384729085145173
1714079197.7994711,-5.384729085145173
1714079197.799584,-5.380059171605993
1714079197.799697,-5.377723994078459
1714079197.79981,-5.366048989472565
1714079197.7999227,-5.352039248855025
1714079197.8000357,-5.338029508237486
1714079197.8001485,-5.318182486074941
1714079197.8002615,-5.2960002863848645
1714079197.8003743,-5.273818086694788
1714079197.8004873,-5.246966414981418
1714079197.8006,-5.22361640576963
1714079197.800713,-5.19676473405626
1714079197.800826,-5.169912620827003
1714079197.8009388,-5.145395243609393
1714079197.8010519,-5.119710939901846
1714079197.8011646,-5.092858826672589
1714079197.8012776,-5.063671977431685
1714079197.8013904,-5.032149950663248
1714079197.8015034,-4.997125378361455
1714079197.8016162,-4.964435983587194
1714079197.8017292,-4.93057922080711
1714079197.801842,-4.895554648505317
1714079197.801955,-4.860530076203522
1714079197.802068,-4.829008490950972
1714079197.8021808,-4.803323745727539
1714079197.8022938,-4.776471632498281
1714079197.8024065,-4.748452151263201
1714079197.8025196,-4.723935215561478
1714079197.8026323,-4.693580556798864
1714079197.8027453,-4.66322589803625
1714079197.802858,-4.634039048795347
1714079197.8029711,-4.601349654021086
1714079197.8030841,-4.573330172786006
1714079197.803197,-4.544143323545103
1714079197.80331,-4.5196259463274915
1714079197.8034227,-4.500946292170772
1714079197.8035357,-4.477596724474871
1714079197.8036485,-4.457749702312328
1714079197.8037615,-4.433232325094718
1714079197.8038743,-4.406380653381348
1714079197.8039873,-4.37836073063038
1714079197.8041003,-4.348006513383653
1714079197.804213,-4.315317118609393
1714079197.804326,-4.283795091840956
1714079197.8044388,-4.252273065072519
1714079197.8045518,-4.226588319849085
1714079197.8046646,-4.200904016141538
1714079197.8047776,-4.175219270918104
1714079197.8048904,-4.149534967210557
1714079197.8050034,-4.1226828539813
1714079197.8051164,-4.092328195218687
1714079197.8052292,-4.0561362549110695
1714079197.8053422,-4.021112124125162
1714079197.805455,-3.983752815811722
1714079197.805568,-3.944058329970748
1714079197.8056808,-3.9055316536514844
1714079197.8057938,-3.8670045358163336
1714079197.8059065,-3.829645227502893
1714079197.8060195,-3.79111855118363
1714079197.8061323,-3.747921519809299
1714079197.8062453,-3.704724929950855
1714079197.8063583,-3.652188292256108
1714079197.806471,-3.5973166977917703
1714079197.8065841,-3.540110146557843
1714079197.806697,-3.4735637682455556
1714079197.80681,-3.409352346702858
1714079197.8069227,-3.3428059683905706
1714079197.8070357,-3.269254719769513
1714079197.8071485,-3.2027083414572255
1714079197.8072615,-3.129157092836168
1714079197.8073745,-3.0544382554513434
1714079197.8074872,-2.976217093291106
1714079197.8076003,-2.890991060822098
1714079197.807713,-2.8057650283530906
1714079197.807826,-2.711199168805723
1714079197.8079388,-2.611963395719175
1714079197.8080518,-2.5092250770992703
1714079197.8081646,-2.4041518017097756
1714079197.8082776,-2.2932412447752775
1714079197.8083906,-2.1858330126161927
1714079197.8085034,-2.069084953378748
1714079197.8086164,-1.9523371148992466
1714079197.8087292,-1.8344215772770067
1714079197.8088422,-1.710668647730792
1714079197.808955,-1.584580761414987
1714079197.809068,-1.451488004790412
1714079197.8091807,-1.317227769781042
1714079197.8092937,-1.173627707693312
1714079197.8094065,-1.0276926888359916
1714079197.8095195,-0.8805901915938765
1714079197.8096325,-0.7288177808125813
1714079197.8097453,-0.5770453148418002
1714079197.8098583,-0.4264403824453
1714079197.809971,-0.2699980305300818
1714079197.810084,-0.11705812756662015
1714079197.8101969,0.04406275434626473
1714079197.81031,0.2028711278129507
1714079197.8104227,0.36985347116435013
1714079197.8105357,0.5380034998611167
1714079197.8106487,0.7073212552953649
1714079197.8107615,0.8778067098723517
1714079197.8108745,1.0506275627348158
1714079197.8109872,1.2211130725012884
1714079197.8111002,1.392766171031528
1714079197.811213,1.5597485833697848
1714079197.811326,1.7243954870435925
1714079197.8114388,1.890210089860139
1714079197.8115518,2.0525217056274414
1714079197.8116648,2.2148331006368
1714079197.8117776,2.3794801146895797
1714079197.8118906,2.541791509698938
1714079197.8120034,2.708773922037195
1714079197.8121164,2.867582109239366
1714079197.8122292,3.0240551189140037
1714079197.8123422,3.178192730303164
1714079197.812455,3.3218209390287043
1714079197.812568,3.4654489269963014
1714079197.812681,3.5985677330582226
1714079197.8127937,3.7305187295984337
1714079197.8129067,3.8589667390894005
1714079197.8130195,3.983911761531123
1714079197.8131325,4.106521164929425
1714079197.8132453,4.224459771756773
1714079197.8133583,4.338894950018989
1714079197.813471,4.446324154182716
1714079197.813584,4.546747384247956
1714079197.8136969,4.63899638917711
1714079197.8138099,4.7265741560194225
1714079197.813923,4.800139974664758
1714079197.8140357,4.878376589881049
1714079197.8141487,4.947271170439543
1714079197.8142614,5.0091597768995495
1714079197.8143744,5.072216192881266
1714079197.8144872,5.130601370776141
1714079197.8146002,5.186651371143482
1714079197.814713,5.235695397412335
1714079197.814826,5.277733008066813
1714079197.814939,5.315099380634448
1714079197.8150518,5.344292411097774
1714079197.8151648,5.37114938100179
1714079197.8152776,5.388665199279785
1714079197.8153906,5.400342411465115
1714079197.8155034,5.417857788227222
1714079197.8156164,5.424864203841597
1714079197.8157291,5.429535000412552
1714079197.8158422,5.431870177940086
1714079197.8159552,5.431870177940086
1714079197.816068,5.426032013363308
1714079197.816181,5.422528584798177
1714079197.8162937,5.408516195085313
1714079197.8164067,5.393335995850739
1714079197.8165195,5.379323606137876
1714079197.8166325,5.359472610332348
1714079197.8167453,5.338453805005108
1714079197.8168583,5.3186028091995805
1714079197.816971,5.2964161943506305
1714079197.817084,5.2730622114958585
1714079197.817197,5.252043406168619
1714079197.8173099,5.226353804270426
1714079197.8174229,5.2006642023722325
1714079197.8175356,5.177309778001573
1714079197.8176486,5.153955795146801
1714079197.8177614,5.127098383726897
1714079197.8178744,5.101408781828703
1714079197.8179872,5.069880573837845
1714079197.8181002,5.039520175368697
1714079197.8182132,5.01149539594297
1714079197.818326,4.979967187952112
1714079197.818439,4.9542775860539185
1714079197.8185518,4.926252365112305
1714079197.8186648,4.898227585686578
1714079197.8187776,4.874873161315918
1714079197.8188906,4.848016191411901
1714079197.8190033,4.823493957519531
1714079197.8191164,4.795469178093804
1714079197.8192294,4.76744395715219
1714079197.8193421,4.740586987248173
1714079197.8194551,4.707890969735605
1714079197.819568,4.679866190309878
1714079197.819681,4.653008778889974
1714079197.8197937,4.62498355794836
1714079197.8199067,4.6039647526211205
1714079197.8200195,4.575939973195394
1714079197.8201325,4.5537533583464445
1714079197.8202455,4.529231565969962
1714079197.8203583,4.4988711675008135
1714079197.8204713,4.4708459465592
1714079197.820584,4.436982561040807
1714079197.820697,4.404286985044126
1714079197.8208098,4.371590967531557
1714079197.8209229,4.335391962969744
1714079197.8210356,4.303863754978886
1714079197.8211486,4.272335546988028
1714079197.8212614,4.238472161469636
1714079197.8213744,4.208111763000488
1714079197.8214874,4.170744948916965
1714079197.8216002,4.134545944355152
1714079197.8217132,4.0936761432223845
1714079197.821826,4.045800367991129
1714079197.821939,3.999091960765697
1714079197.8220518,3.9488805664910207
1714079197.8221648,3.8998365402221675
1714079197.8222775,3.8461221588982473
1714079197.8223906,3.7947429551018605
1714079197.8225036,3.741028132262053
1714079197.8226163,3.6884813397018994
1714079197.8227293,3.6265927332418935
1714079197.8228421,3.564704347539831
1714079197.8229551,3.5028157410798246
1714079197.823068,3.4292501431924323
1714079197.823181,3.3556843245470964
1714079197.8232937,3.275112531803272
1714079197.8234067,3.1922051200160273
1714079197.8235197,3.1081301194650153
1714079197.8236325,3.022887530150237
1714079197.8237455,2.9364771313137474
1714079197.8238583,2.8442281263845937
1714079197.8239713,2.748475913648252
1714079197.824084,2.6515561121481435
1714079197.824197,2.5429593192206488
1714079197.8243098,2.435530115056921
1714079197.8244228,2.3222623048005278
1714079197.8245356,2.199652901402226
1714079197.8246486,2.0793788962894015
1714079197.8247616,1.952098696320145
1714079197.8248744,1.824818385971917
1714079197.8249874,1.6963704868599219
1714079197.8251002,1.5574131850843076
1714079197.8252132,1.4231266798796476
1714079197.825326,1.2841692677250613
1714079197.825439,1.1405411693784926
1714079197.8255517,0.9934098632247359
1714079197.8256648,0.8416077605000248
1714079197.8257778,0.6851348060148733
1714079197.8258905,0.5274941523869832
1714079197.8260036,0.36751804528412996
1714079197.8261163,0.20170341487284058
1714079197.8262293,0.0405596293233059
1714079197.826342,-0.1263979822397232
1714079197.826455,-0.291012696645878
1714079197.826568,-0.4579623540242513
1714079197.826681,-0.6260795173821625
1714079197.826794,-0.7906942455856888
1714079197.8269067,-0.9658162240628843
1714079197.8270197,-1.1374358777646665
1714079197.8271325,-1.3113903778570668
1714079197.8272455,-1.4865124667132341
1714079197.8273582,-1.6581320100360446
1714079197.8274713,-1.8297516637378268
1714079197.827584,-1.999036250291047
1714079197.827697,-2.1671533584594727
1714079197.8278098,-2.3317681418524847
1714079197.8279228,-2.4940477477179632
1714079197.8280358,-2.655160206335562
1714079197.8281486,-2.8104349418922707
1714079197.8282616,-2.969212222982336
1714079197.8283744,-3.123319590533221
1714079197.8284874,-3.27742717884205
1714079197.8286002,-3.425697044089988
1714079197.8287132,-3.57163217332628
1714079197.828826,-3.7105622114958585
1714079197.828939,-3.845990145647967
1714079197.829052,-3.9720778112058284
1714079197.8291647,-4.09466337274622
1714079197.8292778,-4.206741297686541
1714079197.8293905,-4.316484486615216
1714079197.8295035,-4.422725130010534
1714079197.8296163,-4.523128491860849
1714079197.8297293,-4.618861940171983
1714079197.829842,-4.709925474943938
1714079197.829955,-4.793983918649179
1714079197.830068,-4.872205080809416
1714079197.830181,-4.9445889614246505
1714079197.830294,-5.008800382967348
1714079197.8304067,-5.064839345437509
1714079197.8305197,-5.120878307907669
1714079197.8306324,-5.164074897766113
1714079197.8307455,-5.20610456113462
1714079197.8308582,-5.239961323914704
1714079197.8309712,-5.272650718688965
1714079197.8310843,-5.300670199924045
1714079197.831197,-5.3228523996141215
1714079197.83131,-5.342699421776665
1714079197.8314228,-5.354374426382559
1714079197.8315358,-5.366048989472565
1714079197.8316486,-5.368384167000099
1714079197.8317616,-5.3707189030117455
1714079197.8318744,-5.367216798994276
1714079197.8319874,-5.360211707927562
1714079197.8321002,-5.347369335315845
1714079197.8322132,-5.334527404220015
1714079197.8323262,-5.320517663602476
1714079197.832439,-5.304172745457402
1714079197.832552,-5.2854930913006815
1714079197.8326647,-5.2644782596164275
1714079197.8327777,-5.246966414981418
1714079197.8328905,-5.224784215291341
1714079197.8330035,-5.199099470067907
1714079197.8331163,-5.1734151663603605
1714079197.8332293,-5.143060507597746
1714079197.8333423,-5.111538480829309
1714079197.833455,-5.078849086055049
1714079197.833568,-5.043824513753255
1714079197.8336809,-5.009967750973171
1714079197.8337939,-4.978445724204734
1714079197.8339067,-4.94809106544212
1714079197.8340197,-4.922406761734574
1714079197.8341324,-4.8920521029719595
1714079197.8342454,-4.86403262173688
1714079197.8343585,-4.834845772495976
1714079197.8344712,-4.8009885682000055
1714079197.8345842,-4.769466982947455
1714079197.834697,-4.736777146657308
1714079197.83481,-4.7052555614047575
1714079197.8349228,-4.67256572511461
1714079197.8350358,-4.645714053401241
1714079197.8351486,-4.618861940171983
1714079197.8352616,-4.5990144764935526
1714079197.8353744,-4.575664908797652
1714079197.8354874,-4.552315341101752
1714079197.8356004,-4.528965773405852
1714079197.8357131,-4.504448837704128
1714079197.8358262,-4.472926810935691
1714079197.835939,-4.442572152173077
1714079197.836052,-4.415720480459708
1714079197.8361647,-4.38770055770874
1714079197.8362777,-4.358513708467837
1714079197.8363905,-4.339834054311116
1714079197.8365035,-4.314149309087682
1714079197.8366165,-4.294302286925139
1714079197.8367293,-4.272120087235062
1714079197.8368423,-4.247603151533339
1714079197.836955,-4.214913756759078
1714079197.837068,-4.182224361984818
1714079197.8371809,-4.154204880749737
1714079197.8372939,-4.114510394908764
1714079197.8374066,-4.078318454601146
1714079197.8375196,-4.04329432381524
1714079197.8376327,-4.011772297046803
1714079197.8377454,-3.9802502702783653
1714079197.8378584,-3.9452256979765714
1714079197.8379712,-3.9102015671906645
1714079197.8380842,-3.8705070813496905
1714079197.838197,-3.8273100499753596
1714079197.83831,-3.778276178571913
1714079197.8384228,-3.7292418656525785
1714079197.8385358,-3.677872816721598
1714079197.8386488,-3.6194986767239037
1714079197.8387616,-3.5669622597871
1714079197.8388746,-3.5097557085531728
1714079197.8389874,-3.454884114088835
1714079197.8391004,-3.3930076493157277
1714079197.8392131,-3.3346335093180337
1714079197.8393261,-3.265752174236156
1714079197.839439,-3.1980384279180454
1714079197.839552,-3.1221522225273977
1714079197.8396647,-3.0427634716033936
1714079197.8397777,-2.9587050278981524
1714079197.8398907,-2.869976449895788
1714079197.8400035,-2.781248092651367
1714079197.8401165,-2.6901845578794124
1714079197.8402293,-2.594451109568278
1714079197.8403423,-2.49755029325132
1714079197.840455,-2.398314520164772
1714079197.840568,-2.2909062880056874
1714079197.8406808,-2.1834980558466026
1714079197.8407938,-2.067917585372925
1714079197.8409069,-1.9476672013600667
1714079197.8410196,-1.822746683050085
1714079197.8411326,-1.6931564719588668
1714079197.8412454,-1.5600637153342918
1714079197.8413584,-1.4246360019401267
1714079197.8414712,-1.2857058533915766
1714079197.8415842,-1.1456082264582315
1714079197.841697,-1.0043431211400915
1714079197.84181,-0.8560730903236954
1714079197.841923,-0.7113055498511702
1714079197.8420358,-0.5571981823002851
1714079197.8421488,-0.4042582655394519
1714079197.8422616,-0.2443134784698486
1714079197.8423746,-0.07969876406369385
1714079197.8424873,0.08726797446056649
1714079197.8426003,0.2519148919317457
1714079197.842713,0.4235680732462141
1714079197.8428261,0.588214949325279
1714079197.842939,0.7563650056167884
1714079197.843052,0.9233473627655594
1714079197.843165,1.0879942664393671
1714079197.8432777,1.2561442675413907
1714079197.8433907,1.4207912815941703
1714079197.8435035,1.5901089818389327
1714079197.8436165,1.759426682083695
1714079197.8437293,1.9310798909929063
1714079197.8438423,2.101565290380407
1714079197.843955,2.269715291482431
1714079197.844068,2.4366977038206876
1714079197.844181,2.5978415100662793
1714079197.8442938,2.754314519740917
1714079197.8444068,2.9049489233228893
1714079197.8445196,3.055583326904862
1714079197.8446326,3.203882332201357
1714079197.8447454,3.351013527976142
1714079197.8448584,3.4934741479379157
1714079197.8449712,3.6371021359055127
1714079197.8450842,3.778394946345576
1714079197.8451972,3.9115137524074974
1714079197.84531,4.0434647489477085
1714079197.845423,4.162571165296766
1714079197.8455358,4.280509772124113
1714079197.8456488,4.384435547722711
1714079197.8457615,4.487193955315484
1714079197.8458745,4.581778579288058
1714079197.8459873,4.671691965173792
1714079197.8461003,4.762773160581236
1714079197.8462133,4.843345394840947
1714079197.846326,4.923917187584771
1714079197.8464391,4.997482564714219
1714079197.846552,5.06520977726689
1714079197.846665,5.125930574205186
1714079197.8467777,5.178477587523283
1714079197.8468907,5.225185994748716
1714079197.8470035,5.263720176838062
1714079197.8471165,5.298751371878164
1714079197.8472292,5.329112211863199
1714079197.8473423,5.358304800810637
1714079197.8474553,5.3781557966161655
1714079197.847568,5.4015097794709375
1714079197.847681,5.4190255977489326
1714079197.8477938,5.4330379874617964
1714079197.8479068,5.441212212597882
1714079197.8480196,5.445883009168837
1714079197.8481326,5.445883009168837
1714079197.8482454,5.441212212597882
1714079197.8483584,5.434205796983506
1714079197.8484714,5.422528584798177
1714079197.8485842,5.413186991656268
1714079197.8486972,5.395671614894161
1714079197.84881,5.3828265931871195
1714079197.848923,5.362975597381592
1714079197.8490357,5.345459779103597
1714079197.8491488,5.325608783298068
1714079197.8492615,5.3057577874925395
1714079197.8493745,5.2824038046377675
1714079197.8494875,5.259049380267108
1714079197.8496003,5.234527587890625
1714079197.8497133,5.205334998943187
1714079197.849826,5.179645397044994
1714079197.849939,5.148117189054136
1714079197.8500519,5.121259777634232
1714079197.850165,5.093234998208505
1714079197.8502777,5.0640419677451805
1714079197.8503907,5.037184997841163
1714079197.8505034,5.01032758642126
1714079197.8506165,4.983470175001356
1714079197.8507295,4.957780573103163
1714079197.8508422,4.932090971204969
1714079197.8509552,4.902898382257532
1714079197.851068,4.873705793310094
1714079197.851181,4.843345394840947
1714079197.8512938,4.815320173899332
1714079197.8514068,4.783791965908474
1714079197.8515196,4.759270173531991
1714079197.8516326,4.730077584584554
1714079197.8517456,4.707890969735605
1714079197.8518584,4.682201367837411
1714079197.8519714,4.660014752988462
1714079197.8520842,4.633157783084445
1714079197.8521972,4.607468181186252
1714079197.85231,4.577107782717104
1714079197.852423,4.546747384247956
1714079197.8525357,4.514051366735387
1714079197.8526487,4.48369096826624
1714079197.8527617,4.454498379318802
1714079197.8528745,4.424137980849654
1714079197.8529875,4.398448378951461
1714079197.8531003,4.3669201709606025
1714079197.8532133,4.340062759540698
1714079197.853326,4.3073667420281305
1714079197.853439,4.275838975553159
1714079197.8535519,4.236136542426215
1714079197.8536649,4.195266741293448
1714079197.8537776,4.152061762633147
1714079197.8538907,4.110024151978669
1714079197.8540037,4.066819173318368
1714079197.8541164,4.021278134098759
1714079197.8542295,3.9792409649601685
1714079197.8543422,3.93486773526227
1714079197.8544552,3.8893271375585483
1714079197.854568,3.835612756234628
1714079197.854681,3.7830657429165306
1714079197.8547938,3.7235127554999456
1714079197.8549068,3.6592887507544622
1714079197.8550198,3.593896936487268
1714079197.8551326,3.5250021351708303
1714079197.8552456,3.4537719355689154
1714079197.8553584,3.382541735967
1714079197.8554714,3.3089761380796077
1714079197.8555841,3.2319073323850276
1714079197.8556972,3.1548385266904475
1714079197.85581,3.073098924424913
1714079197.855923,2.9890239238739014
1714079197.856036,2.8921041223737927
1714079197.8561487,2.799855117444639
1714079197.8562617,2.6994321081373425
1714079197.8563745,2.593170713495325
1714079197.8564875,2.4845736998098866
1714079197.8566003,2.3771444956461587
1714079197.8567133,2.259206109576755
1714079197.856826,2.1471058880841287
1714079197.856939,2.027999692493015
1714079197.857052,1.9088934969019005
1714079197.8571649,1.782780885696411
1714079197.8572779,1.6519975882989388
1714079197.8573906,1.5177110830942788
1714079197.8575037,1.3717474760832609
1714079197.8576164,1.2304547760221693
1714079197.8577294,1.0833234698684127
1714079197.8578422,0.9315213671437016
1714079197.8579552,0.7785515100867659
1714079197.858068,0.6220785004121285
1714079197.858181,0.47027639768741747
1714079197.858294,0.3091326190365685
1714079197.8584068,0.14915652573108673
1714079197.8585198,-0.01431987448422997
1714079197.8586326,-0.1801020707245226
1714079197.8587456,-0.3505541770546524
1714079197.8588583,-0.5198388187973587
1714079197.8589714,-0.6961283308488351
1714079197.8590841,-0.8700828861307214
1714079197.8591971,-1.047539821377507
1714079197.8593102,-1.2214944318488792
1714079197.859423,-1.3919464967868946
1714079197.859536,-1.5670685856430617
1714079197.8596487,-1.7351856938114871
1714079197.8597617,-1.9044703907436793
1714079197.8598745,-2.0714199101483377
1714079197.8599875,-2.2383696503109403
1714079197.8601003,-2.4053193904735424
1714079197.8602133,-2.5711015418723777
1714079197.8603263,-2.734548736501623
1714079197.860439,-2.8956609743612782
1714079197.860552,-3.05093593067593
1714079197.8606648,-3.201540973451402
1714079197.8607779,-3.349810838699341
1714079197.8608906,-3.4899084656326855
1714079197.8610036,-3.6276711357964406
1714079197.8611164,-3.758428714893482
1714079197.8612294,-3.886851557978877
1714079197.8613422,-4.012939665052626
1714079197.8614552,-4.133190049065484
1714079197.8615682,-4.252273065072519
1714079197.861681,-4.36435099001284
1714079197.861794,-4.470592074924045
1714079197.8619068,-4.5721628047801826
1714079197.8620198,-4.66439370755796
1714079197.8621325,-4.749619519269024
1714079197.8622456,-4.829008490950972
1714079197.8623583,-4.90139193005032
1714079197.8624713,-4.9714410746539075
1714079197.8625844,-5.032149950663248
1714079197.8626971,-5.088188913133409
1714079197.8628101,-5.140725330070213
1714079197.862923,-5.187424906977901
1714079197.863036,-5.229454128830521
1714079197.8631487,-5.263310891610605
1714079197.8632617,-5.2960002863848645
1714079197.8633745,-5.320517663602476
1714079197.8634875,-5.340364685765019
1714079197.8636005,-5.352039248855025
1714079197.8637133,-5.362546885455096
1714079197.8638263,-5.366048989472565
1714079197.863939,-5.367216798994276
1714079197.864052,-5.3648816214667425
1714079197.8641648,-5.360211707927562
1714079197.8642778,-5.352039248855025
1714079197.8643906,-5.341532053770842
1714079197.8645036,-5.327522313153302
1714079197.8646166,-5.315847750063296
1714079197.8647294,-5.299502831918222
1714079197.8648424,-5.2796558097556785
1714079197.8649552,-5.256306242059778
1714079197.8650682,-5.230621496836344
1714079197.865181,-5.204936751612911
1714079197.865294,-5.174582534366183
1714079197.8654068,-5.147730421136926
1714079197.8655198,-5.118543571896023
1714079197.8656325,-5.090523649145055
1714079197.8657455,-5.066006713443332
1714079197.8658586,-5.036819864202428
1714079197.8659713,-5.011135118978994
1714079197.8660843,-4.9819482697380915
1714079197.866197,-4.9527609789813
1714079197.8663101,-4.92007158420704
1714079197.866423,-4.887382189432779
1714079197.866536,-4.850022881119339
1714079197.8666487,-4.818500854350902
1714079197.8667617,-4.784644091570819
1714079197.8668747,-4.755457242329915
1714079197.8669875,-4.728605129100658
1714079197.8671005,-4.704087751883048
1714079197.8672132,-4.679570816181323
1714079197.8673263,-4.651551334946244
1714079197.867439,-4.62703439924452
1714079197.867552,-4.596679740481906
1714079197.8676648,-4.567492891241002
1714079197.8677778,-4.5348034964667425
1714079197.8678908,-4.504448837704128
1714079197.8680036,-4.4764293564690485
1714079197.8681166,-4.448409875233968
1714079197.8682294,-4.427395043549714
1714079197.8683424,-4.405212843859637
1714079197.8684552,-4.3865331897029165
1714079197.8685682,-4.363183622007017
1714079197.868681,-4.33749931829947
1714079197.868794,-4.308312027542679
1714079197.8689067,-4.279125178301776
1714079197.8690197,-4.246435783527516
1714079197.8691328,-4.2160811247649015
1714079197.8692455,-4.186894275523998
1714079197.8693585,-4.155372248755561
1714079197.8694713,-4.129687503532127
1714079197.8695843,-4.0993332862854
1714079197.869697,-4.0759837185895
1714079197.86981,-4.04329432381524
1714079197.8699229,-4.010604487525092
1714079197.870036,-3.9732451792116517
1714079197.870149,-3.934718502892388
1714079197.8702617,-3.8903541035122338
1714079197.8703747,-3.844822336126257
1714079197.8704875,-3.8004583782619896
1714079197.8706005,-3.753758801354302
1714079197.8707132,-3.7105622114958585
1714079197.8708262,-3.665030444109881
1714079197.870939,-3.615996351948491
1714079197.871052,-3.563459714253743
1714079197.871165,-3.510923076558996
1714079197.8712778,-3.4490466117858882
1714079197.8713908,-3.381332865467778
1714079197.8715036,-3.3124515303859003
1714079197.8716166,-3.237732693001076
1714079197.8717294,-3.163014076374195
1714079197.8718424,-3.0836253254501904
1714079197.8719552,-3.00657175205372
1714079197.8720682,-2.923680676354302
1714079197.8721812,-2.841956968660708
1714079197.872294,-2.755563347427933
1714079197.872407,-2.666834990183512
1714079197.8725197,-2.5687665851027877
1714079197.8726327,-2.46953081201624
1714079197.8727455,-2.363290168620922
1714079197.8728585,-2.253546979692247
1714079197.8729713,-2.141468833993982
1714079197.8730843,-2.0223858179869474
1714079197.873197,-1.9044703907436793
1714079197.87331,-1.7830524179670544
1714079197.873423,-1.6592994884208396
1714079197.8735359,-1.5320441237202396
1714079197.873649,-1.4012863238652546
1714079197.8737617,-1.2658587208500613
1714079197.8738747,-1.1280960506863063
1714079197.8739874,-0.9856634669833713
1714079197.8741004,-0.8338910010125902
1714079197.8742132,-0.680951056657014
1714079197.8743262,-0.5256762107213337
1714079197.8744392,-0.3692338588061156
1714079197.874552,-0.21045655012130737
1714079197.874665,-0.051679241436499136
1714079197.8747778,0.10945443753842954
1714079197.8748908,0.2705982161892785
1714079197.8750036,0.432909721577609
1714079197.8751166,0.5975566528461597
1714079197.8752294,0.7622035565199675
1714079197.8753424,0.9338567654291788
1714079197.8754554,1.103174465673941
1714079197.8755682,1.2794984711541069
1714079197.8756812,1.452319379206057
1714079197.875794,1.627475685543484
1714079197.875907,1.7956256866455076
1714079197.8760197,1.9649434972692417
1714079197.8761327,2.128422701800311
1714079197.8762455,2.288398698524192
1714079197.8763585,2.447207106484307
1714079197.8764713,2.6071831032081887
1714079197.8765843,2.7694947189754906
1714079197.8766973,2.927135317413895
1714079197.87681,3.081272928803055
1714079197.876923,3.2389135272414595
1714079197.8770359,3.3860449437741877
1714079197.8771489,3.532008330027262
1714079197.8772616,3.6662949456108938
1714079197.8773746,3.798245942151105
1714079197.8774874,3.9208553455494064
1714079197.8776004,4.0434647489477085
1714079197.8777134,4.159068178247522
1714079197.8778262,4.267664750417073
1714079197.8779392,4.382100370195176
1714079197.878052,4.48602658730966
1714079197.878165,4.588784553386547
1714079197.8782778,4.684536986880832
1714079197.8783908,4.7721151952390315
1714079197.8785036,4.85735778455381
1714079197.8786166,4.929755793677436
1714079197.8787296,4.99865037423593
1714079197.8788424,5.0593711711742255
1714079197.8789554,5.118924600106698
1714079197.8790681,5.170303803903085
1714079197.8791811,5.21701176961263
1714079197.879294,5.266055795881483
1714079197.879407,5.30458997797083
1714079197.8795197,5.340788982532642
1714079197.8796327,5.369982012995967
1714079197.8797457,5.396838982899983
1714079197.8798585,5.4143548011779785
1714079197.8799715,5.427199381369131
1714079197.8800843,5.434205796983506
1714079197.8801973,5.441212212597882
1714079197.88031,5.443547390125415
1714079197.880423,5.441212212597882
1714079197.8805358,5.438876593554461
1714079197.8806489,5.430702809934263
1714079197.8807616,5.424864203841597
1714079197.8808746,5.412019182134557
1714079197.8809876,5.4015097794709375
1714079197.8811004,5.3828265931871195
1714079197.8812134,5.369982012995967
1714079197.8813262,5.344292411097774
1714079197.8814392,5.324440973776357
1714079197.881552,5.302254800443296
1714079197.881665,5.277733008066813
1714079197.8817778,5.253210774174443
1714079197.8818908,5.222850375705295
1714079197.8820038,5.2006642023722325
1714079197.8821166,5.172638981430619
1714079197.8822296,5.148117189054136
1714079197.8823423,5.121259777634232
1714079197.8824553,5.0955701757360385
1714079197.8825681,5.0687127643161345
1714079197.8826811,5.040687984890408
1714079197.882794,5.012662763948794
1714079197.882907,4.984637984523067
1714079197.88302,4.951941967010498
1714079197.8831327,4.925084997106481
1714079197.8832457,4.897059776164867
1714079197.8833585,4.86903499673914
1714079197.8834715,4.84451276284677
1714079197.8835843,4.819990970470287
1714079197.8836973,4.797804797137225
1714079197.88381,4.766276589146367
1714079197.883923,4.742922164775707
1714079197.8840358,4.713729575828269
1714079197.8841488,4.682201367837411
1714079197.8842618,4.654176588411684
1714079197.8843746,4.621480570899116
1714079197.8844876,4.591120172429967
1714079197.8846004,4.564262761010064
1714079197.8847134,4.53740534959016
1714079197.8848262,4.510548379686143
1714079197.8849392,4.482523158744529
1714079197.885052,4.456833556846336
1714079197.885165,4.428808777420609
1714079197.885278,4.397280569429751
1714079197.8853908,4.364584551917182
1714079197.8855038,4.32955335687708
1714079197.8856165,4.292186542793556
1714079197.8857296,4.257155347753454
1714079197.8858423,4.218621165664107
1714079197.8859553,4.182422161102295
1714079197.886068,4.146223156540482
1714079197.886181,4.110024151978669
1714079197.8862941,4.072657337895146
1714079197.886407,4.028284549713135
1714079197.88652,3.982743952009413
1714079197.8866327,3.9325325577347363
1714079197.8867457,3.876482557367395
1714079197.8868585,3.8227677345275874
1714079197.8869715,3.7632147471110025
1714079197.8870842,3.7024939501727068
1714079197.8871973,3.645276140283655
1714079197.88731,3.5810521355381715
1714079197.887423,3.5191635290781655
1714079197.887536,3.451436537283438
1714079197.8876488,3.38137392644529
1714079197.8877618,3.3066407397941306
1714079197.8878746,3.227236535814073
1714079197.8879876,3.1431615352630615
1714079197.8881004,3.055583326904862
1714079197.8882134,2.9621665124539973
1714079197.8883262,2.869917728282787
1714079197.8884392,2.7694947189754906
1714079197.8885522,2.671407107953672
1714079197.888665,2.570984319404319
1714079197.888778,2.4635551152405912
1714079197.8888907,2.35729349984063
1714079197.8890038,2.2451934991059477
1714079197.8891165,2.124919493993123
1714079197.8892295,2.0034779001165317
1714079197.8893423,1.875029890625565
1714079197.8894553,1.7419110845636436
1714079197.8895683,1.609959977644461
1714079197.889681,1.4674995784406308
1714079197.889794,1.3285422766650163
1714079197.889907,1.1884171653676916
1714079197.89002,1.0424536687356454
1714079197.8901327,0.8964900617246274
1714079197.8902457,0.7446879589999164
1714079197.8903584,0.5870472501825403
1714079197.8904715,0.4340774483150906
1714079197.8905845,0.26826281790380124
1714079197.8906972,0.10128048145108752
1714079197.8908103,-0.06335404598050647
1714079197.890923,-0.23730860816107854
1714079197.891036,-0.4042582655394519
1714079197.8911488,-0.5782127932265952
1714079197.8912618,-0.7486649133540966
1714079197.8913746,-0.9202845118663928
1714079197.8914876,-1.093071588763484
1714079197.8916004,-1.2635236537014995
1714079197.8917134,-1.4363107857880768
1714079197.8918264,-1.6102652858804771
1714079197.8919392,-1.7842198963518494
1714079197.8920522,-1.96050935321384
1714079197.892165,-2.1356313316910356
1714079197.892278,-2.3049160286232278
1714079197.8923907,-2.4753680935612428
1714079197.8925037,-2.638815508948432
1714079197.8926165,-2.797592790038497
1714079197.8927295,-2.9563700711285623
1714079197.8928425,-3.1081424819098578
1714079197.8929553,-3.256412347157796
1714079197.8930683,-3.404682433163678
1714079197.893181,-3.5471150168666132
1714079197.893294,-3.691882557339138
1714079197.8934069,-3.824975313963713
1714079197.8935199,-3.958068070588288
1714079197.8936327,-4.0829883681403265
1714079197.8937457,-4.200904016141538
1714079197.8938587,-4.314149309087682
1714079197.8939714,-4.418055216471354
1714079197.8940845,-4.518458578321669
1714079197.8941972,-4.611856849105269
1714079197.8943102,-4.695915734326397
1714079197.894423,-4.782308914043285
1714079197.894536,-4.860530076203522
1714079197.8946488,-4.932913956818757
1714079197.8947618,-5.001795291900635
1714079197.8948746,-5.062504167909975
1714079197.8949876,-5.119710939901846
1714079197.8951006,-5.16874525282118
1714079197.8952134,-5.211941842679624
1714079197.8953264,-5.246966414981418
1714079197.8954391,-5.283157913773148
1714079197.8955522,-5.305340113463225
1714079197.895665,-5.328689681159125
1714079197.895778,-5.345034599304199
1714079197.8958907,-5.360211707927562
1714079197.8960037,-5.369551535005923
1714079197.8961167,-5.374221448545103
1714079197.8962295,-5.378891362084282
1714079197.8963425,-5.374221448545103
1714079197.8964553,-5.371886712533456
1714079197.8965683,-5.366048989472565
1714079197.896681,-5.354374426382559
1714079197.896794,-5.335694772225839
1714079197.8969069,-5.319349854080765
1714079197.8970199,-5.293665550373218
1714079197.8971329,-5.276153264222321
1714079197.8972456,-5.251636328520598
1714079197.8973587,-5.225951583297164
1714079197.8974714,-5.203769383607087
1714079197.8975844,-5.17691727037783
1714079197.8976972,-5.151232966670284
1714079197.8978102,-5.126715589452672
1714079197.897923,-5.092858826672589
1714079197.898036,-5.066006713443332
1714079197.898149,-5.036819864202428
1714079197.8982618,-4.999460555888988
1714079197.8983748,-4.964435983587194
1714079197.8984876,-4.93057922080711
1714079197.8986006,-4.899057194038673
1714079197.8987134,-4.867535167270236
1714079197.8988264,-4.843018231568513
1714079197.8989391,-4.814998308817545
1714079197.8990521,-4.786978827582465
1714079197.899165,-4.760127155869095
1714079197.899278,-4.728605129100658
1714079197.899391,-4.698250470338044
1714079197.8995037,-4.666728443569607
1714079197.8996167,-4.632871680789523
1714079197.8997295,-4.60251702202691
1714079197.8998425,-4.574497540791829
1714079197.8999553,-4.552315341101752
1714079197.9000683,-4.527798405400029
1714079197.900181,-4.505616205709952
1714079197.900294,-4.485769183547408
1714079197.900407,-4.4612518063297975
1714079197.9005198,-4.433232325094718
1714079197.9006329,-4.4075480213871705
1714079197.9007456,-4.3736908170912
1714079197.9008586,-4.34683914537783
1714079197.9009714,-4.317651854621039
1714079197.9010844,-4.287297637374312
1714079197.9011972,-4.2639480696784124
1714079197.9013102,-4.2370959564491555
1714079197.9014232,-4.214913756759078
1714079197.901536,-4.191564189063178
1714079197.901649,-4.162376898306388
1714079197.9017618,-4.13202268105966
1714079197.9018748,-4.100500654291223
1714079197.9019876,-4.06080616845025
1714079197.9021006,-4.023446860136809
1714079197.9022133,-3.9860875518233687
1714079197.9023263,-3.944058329970748
1714079197.902439,-3.907866389663131
1714079197.9025521,-3.8658371678105103
1714079197.9026651,-3.8319804050304267
1714079197.902778,-3.788783373656096
1714079197.902891,-3.744418974275942
1714079197.9030037,-3.6988874276479082
1714079197.9031167,-3.644015833183571
1714079197.9032295,-3.59264678425259
1714079197.9033425,-3.530770319479483
1714079197.9034553,-3.4688938547063755
1714079197.9035683,-3.407017389933268
1714079197.9036813,-3.3404710116209806
1714079197.903794,-3.27509222207246
1714079197.903907,-3.2085458437601724
1714079197.9040198,-3.138496919914528
1714079197.9041328,-3.063778303287647
1714079197.9042456,-2.983221963599876
1714079197.9043586,-2.9026658446700484
1714079197.9044714,-2.8139374874256275
1714079197.9045844,-2.7182040391144926
1714079197.9046974,-2.620135634033768
1714079197.9048102,-2.51856490417763
1714079197.9049232,-2.4181615423273155
1714079197.905036,-2.3119208989319975
1714079197.905149,-2.2045126667729127
1714079197.9052618,-2.0924347418325917
1714079197.9053748,-1.978021639364737
1714079197.9054875,-1.8624409481331152
1714079197.9056005,-1.7363531721962822
1714079197.9057136,-1.6090978074956823
1714079197.9058263,-1.4783401180196691
1714079197.9059393,-1.338242491086324
1714079197.906052,-1.1993123425377739
1714079197.9061651,-1.053377213301482
1714079197.906278,-0.9062747712488527
1714079197.906391,-0.7603397523915326
1714079197.9065037,-0.6097347648055464
1714079197.9066167,-0.4579623540242513
1714079197.9067295,-0.30618991564821313
1714079197.9068425,-0.14974757753036638
1714079197.9069555,0.005528370470360473
1714079197.9070683,0.16900757672610106
1714079197.9071813,0.33482219334001895
1714079197.907294,0.5018045504887898
1714079197.907407,0.6722900050657766
1714079197.9075198,0.8404400613572862
1714079197.9076328,1.010925460744787
1714079197.9077456,1.1790755722257826
1714079197.9078586,1.3460578741850675
1714079197.9079716,1.5107047778588754
1714079197.9080844,1.6718485841044672
1714079197.9081974,1.8376631869210136
1714079197.9083102,2.0046454888802985
1714079197.9084232,2.1681246934113676
1714079197.908536,2.336274694513391
1714079197.908649,2.503257106851648
1714079197.9087617,2.666736311382717
1714079197.9088748,2.8290479271500195
1714079197.9089878,2.9855207160667137
1714079197.9091005,3.1349875308849193
1714079197.9092135,3.27861573961046
1714079197.9093263,3.42107613881429
1714079197.9094393,3.558865741447166
1714079197.909552,3.691984547509087
1714079197.909665,3.8227677345275874
1714079197.9097779,3.952383553540265
1714079197.909891,4.0796637535095215
1714079197.9100037,4.201105347386113
1714079197.9101167,4.315540967164216
1714079197.9102297,4.425305348855478
1714079197.9103425,4.523392959877296
1714079197.9104555,4.617977583849871
1714079197.9105682,4.700884554121229
1714079197.9106812,4.78028897885923
1714079197.910794,4.8585255940755205
1714079197.910907,4.929755793677436
1714079197.9110198,4.997482564714219
1714079197.9111328,5.0640419677451805
1714079197.9112458,5.122427587155943
1714079197.9113586,5.174974600474039
1714079197.9114716,5.222850375705295
1714079197.9115844,5.261384999310528
1714079197.9116974,5.298751371878164
1714079197.9118102,5.329112211863199
1714079197.9119232,5.350130575674551
1714079197.912036,5.37114938100179
1714079197.912149,5.3874973897580745
1714079197.912262,5.4050132080360695
1714079197.9123747,5.413186991656268
1714079197.9124877,5.422528584798177
1714079197.9126005,5.4283671908908415
1714079197.9127135,5.4283671908908415
1714079197.9128263,5.427199381369131
1714079197.9129393,5.4236963943198875
1714079197.913052,5.412019182134557
1714079197.913165,5.4015097794709375
1714079197.9132779,5.385162212230541
1714079197.9133909,5.367646393952546
1714079197.913504,5.350130575674551
1714079197.9136167,5.3279444023414895
1714079197.9137297,5.310428584063494
1714079197.9138424,5.2870746012087215
1714079197.9139555,5.266055795881483
1714079197.9140682,5.242701371510823
1714079197.9141812,5.215844401606807
1714079197.914294,5.192489977236147
1714079197.914407,5.16563300733213
1714079197.91452,5.137607786390516
1714079197.9146328,5.110750374970612
1714079197.9147458,5.079222166979754
1714079197.9148586,5.051197387554027
1714079197.9149716,5.02200479860659
1714079197.9150844,4.991644400137441
1714079197.9151974,4.967122166245072
1714079197.9153101,4.939097386819345
1714079197.9154232,4.9134077849211515
1714079197.9155362,4.890053360550492
1714079197.915649,4.864363758652298
1714079197.915762,4.838674598269992
1714079197.9158747,4.808313758284957
1714079197.9159877,4.77912116933752
1714079197.9161005,4.749928580390082
1714079197.9162135,4.719568181920934
1714079197.9163263,4.692710770501031
1714079197.9164393,4.664685991075303
1714079197.9165523,4.641331566704644
1714079197.916665,4.619144951855694
1714079197.916778,4.592287981951678
1714079197.9168909,4.567766189575195
1714079197.9170039,4.53740534959016
1714079197.9171166,4.510548379686143
1714079197.9172297,4.481355349222818
1714079197.9173424,4.447491963704427
1714079197.9174554,4.40895778161508
1714079197.9175682,4.380932560673466
1714079197.9176812,4.348236543160898
1714079197.9177942,4.315540967164216
1714079197.917907,4.286348378216778
1714079197.91802,4.2524845511825
1714079197.9181328,4.219788975185818
1714079197.9182458,4.1847573386298285
1714079197.9183586,4.143887537497061
1714079197.9184716,4.097179571787516
1714079197.9185843,4.053974151611328
1714079197.9186974,4.006097934864186
1714079197.9188104,3.9558865405895087
1714079197.9189231,3.9056751463148327
1714079197.9190361,3.856631561561867
1714079197.919149,3.8075875352930137
1714079197.919262,3.7538731539690935
1714079197.9193747,3.701326140650996
1714079197.9194877,3.6406053437127004
1714079197.9196005,3.576381338967217
1714079197.9197135,3.50865434717249
1714079197.9198265,3.4350885285271535
1714079197.9199393,3.361522930639761
1714079197.9200523,3.2856219344668918
1714079197.920165,3.2027145226796465
1714079197.920278,3.1233103186995894
1714079197.9203908,3.040403127670288
1714079197.9205039,2.9539927288337986
1714079197.9206166,2.865246710953889
1714079197.9207296,2.7683269094537803
1714079197.9208424,2.671407107953672
1714079197.9209554,2.5674811115971314
1714079197.9210684,2.4577165091479265
1714079197.9211812,2.3444486988915334
1714079197.9212942,2.2253425033004195
1714079197.921407,2.1085717059947826
1714079197.92152,1.9847944930747703
1714079197.9216328,1.8575142931055137
1714079197.9217458,1.732569381042763
1714079197.9218585,1.5994506853598134
1714079197.9219716,1.466331879297892
1714079197.9220846,1.326206878379539
1714079197.9221973,1.1790755722257826
1714079197.9223104,1.031944266072026
1714079197.9224231,0.8778067098723517
1714079197.9225361,0.7225014545299389
1714079197.922649,0.5636931017593101
1714079197.922762,0.4013815963709796
1714079197.9228747,0.2379023918399104
1714079197.9229877,0.07208776142862107
1714079197.9231007,-0.09137356860770118
1714079197.9232135,-0.2571557682973367
1714079197.9233265,-0.4264403824453
1714079197.9234393,-0.5945575458032113
1714079197.9235523,-0.7673446227003027
1714079197.923665,-0.941299177982189
1714079197.923778,-1.1164211564593844
1714079197.9238908,-1.2938782020851416
1714079197.9240038,-1.4690001805623372
1714079197.9241168,-1.6441222694185045
1714079197.9242296,-1.8157418127413147
1714079197.9243426,-1.987361466443097
1714079197.9244554,-2.156646163375289
1714079197.9245684,-2.3212607260103577
1714079197.9246812,-2.4835405526337797
1714079197.9247942,-2.646987747263025
1714079197.924907,-2.8057650283530906
1714079197.92502,-2.966877266212746
1714079197.9251328,-3.1244871792969877
1714079197.9252458,-3.276259590078283
1714079197.9253588,-3.428032000859578
1714079197.9254715,-3.5704645845625134
1714079197.9255846,-3.7093948434900352
1714079197.9256973,-3.84248760011461
1714079197.9258103,-3.9674078976666483
1714079197.925923,-4.087658281679507
1714079197.9260361,-4.206741297686541
1714079197.926149,-4.315317118609393
1714079197.926262,-4.426227675543891
1714079197.926375,-4.531300950933385
1714079197.9264877,-4.628201767250343
1714079197.9266007,-4.7216000380339445
1714079197.9267135,-4.805658481739185
1714079197.9268265,-4.887382189432779
1714079197.9269392,-4.957431334036367
1714079197.9270523,-5.022810123584888
1714079197.927165,-5.081183822066695
1714079197.927278,-5.1313855029918525
1714079197.927391,-5.182754993438721
1714079197.9275038,-5.221281669757984
1714079197.9276168,-5.2586409780714245
1714079197.9277296,-5.291330372845684
1714079197.9278426,-5.319349854080765
1714079197.9279554,-5.341532053770842
1714079197.9280684,-5.356709162394205
1714079197.9281812,-5.3707189030117455
1714079197.9282942,-5.380059171605993
1714079197.928407,-5.382393907617639
1714079197.92852,-5.382393907617639
1714079197.928633,-5.375388816550926
1714079197.9287457,-5.367216798994276
1714079197.9288588,-5.359044339921739
1714079197.9289715,-5.342699421776665
1714079197.9290845,-5.328689681159125
1714079197.9291973,-5.311177836524116
1714079197.9293103,-5.293665550373218
1714079197.929423,-5.276153264222321
1714079197.929536,-5.251636328520598
1714079197.929649,-5.22828631930881
1714079197.929762,-5.203769383607087
1714079197.929875,-5.174582534366183
1714079197.9299877,-5.14422787560357
1714079197.9301007,-5.115041026362666
1714079197.9302135,-5.081183822066695
1714079197.9303265,-5.051996972825791
1714079197.9304392,-5.020474946057354
1714079197.9305522,-4.990120728810628
1714079197.9306653,-4.965603351593018
1714079197.930778,-4.937583870357937
1714079197.930891,-4.91073175712868
1714079197.9310038,-4.879209730360243
1714079197.9311168,-4.845352967580159
1714079197.9312296,-4.812663572805898
1714079197.9313426,-4.777639000504105
1714079197.9314554,-4.744949605729844
1714079197.9315684,-4.712260210955584
1714079197.9316814,-4.680738184187147
1714079197.9317942,-4.65388607095789
1714079197.9319072,-4.63053650326199
1714079197.93202,-4.607186935566089
1714079197.932133,-4.580334822336832
1714079197.9322457,-4.555817886635109
1714079197.9323587,-4.525463227872495
1714079197.9324715,-4.497443746637415
1714079197.9325845,-4.467089529390688
1714079197.9326973,-4.4344001346164275
1714079197.9328103,-4.4075480213871705
1714079197.9329233,-4.3806959081579135
1714079197.933036,-4.3596810764736595
1714079197.933149,-4.341001422316939
1714079197.9332619,-4.317651854621039
1714079197.933375,-4.294302286925139
1714079197.9334877,-4.270952719229239
1714079197.9336007,-4.2429332379941584
1714079197.9337134,-4.212578579231544
1714079197.9338264,-4.178721816451461
1714079197.9339395,-4.142529876143843
1714079197.9340522,-4.11217521738123
1714079197.9341652,-4.077151086595323
1714079197.934278,-4.04796423735442
1714079197.934391,-4.017609578591806
1714079197.9345038,-3.9872549198291916
1714079197.9346168,-3.954565525054931
1714079197.9347296,-3.918373584747314
1714079197.9348426,-3.8751769948888706
1714079197.9349556,-3.83314777303625
1714079197.9350684,-3.784113460116916
1714079197.9351814,-3.7339117791917587
1714079197.9352942,-3.6825427302607783
1714079197.9354072,-3.6288387245602074
1714079197.93552,-3.5774694548712835
1714079197.935633,-3.5214304924011226
1714079197.9357457,-3.4677262659426087
1714079197.9358587,-3.4081847579390914
1714079197.9359715,-3.3428059683905706
1714079197.9360845,-3.27509222207246
1714079197.9361975,-3.2003733846876354
1714079197.9363103,-3.123319590533221
1714079197.9364233,-3.0404285148338035
1714079197.936536,-2.9540351143589723
1714079197.936649,-2.867641493126198
1714079197.9367619,-2.778913135881777
1714079197.9368749,-2.6855146443402322
1714079197.9369876,-2.594451109568278
1714079197.9371006,-2.4963829252454968
1714079197.9372137,-2.3994818881705955
1714079197.9373264,-2.2967437903086343
1714079197.9374394,-2.1823306878407793
1714079197.9375522,-2.069084953378748
1714079197.9376652,-1.9476672013600667
1714079197.937778,-1.82624911820447
1714079197.937891,-1.7001613422676367
1714079197.9380038,-1.5717384991822418
1714079197.9381168,-1.4386457425576669
1714079197.9382298,-1.3055529859330919
1714079197.9383426,-1.1677903157693368
1714079197.9384556,-1.0276926888359916
1714079197.9385684,-0.8829251483634666
1714079197.9386814,-0.7346551727365563
1714079197.9387941,-0.5840502403400563
1714079197.9389071,-0.42527290406050505
1714079197.93902,-0.2641606386061068
1714079197.939133,-0.10071340948343277
1714079197.939246,0.06624921742412779
1714079197.9393587,0.23556696595969023
1714079197.9394717,0.40371702225119976
1714079197.9395845,0.5718670509479664
1714079197.9396975,0.7376816537645128
1714079197.9398103,0.9023286126278064
1714079197.9399233,1.0716463680620545
1714079197.940036,1.2386286700213396
1714079197.940149,1.4079464806450737
1714079197.9402618,1.5854381852679782
1714079197.9403749,1.755923584655479
1714079197.9404879,1.9299120814711959
1714079197.9406006,2.098062303331163
1714079197.9407136,2.2673798931969533
1714079197.9408264,2.4285236994425454
1714079197.9409394,2.5896675056881375
1714079197.9410522,2.7438051170772972
1714079197.9411652,2.8956073301809804
1714079197.941278,3.046241733762953
1714079197.941391,3.1945407390594482
1714079197.941504,3.341671934834233
1714079197.9416168,3.4888031306090177
1714079197.9417298,3.6289283522853144
1714079197.9418426,3.767885543681957
1714079197.9419556,3.9021721592655885
1714079197.9420683,4.025949372185601
1714079197.9421813,4.145055347018771
1714079197.9422941,4.255987979747631
1714079197.9424071,4.362249374389648
1714079197.9425201,4.460336985411467
1714079197.942633,4.559591964439109
1714079197.942746,4.651840969368263
1714079197.9428587,4.742922164775707
1714079197.9429717,4.825829576562952
1714079197.9430845,4.907569178828487
1714079197.9431975,4.978799378430401
1714079197.9433103,5.048861768510606
1714079197.9434233,5.106079578399658
1714079197.943536,5.158626591717755
1714079197.943649,5.204167189421477
1714079197.943762,5.245036990554244
1714079197.9438748,5.284738982165301
1714079197.9439878,5.315099380634448
1714079197.9441006,5.347795398147017
1714079197.9442136,5.373485000045211
1714079197.9443264,5.396838982899983
1714079197.9444394,5.413186991656268
1714079197.9445522,5.427199381369131
1714079197.9446652,5.4330379874617964
1714079197.9447782,5.440044403076172
1714079197.944891,5.436541416026928
1714079197.945004,5.434205796983506
1714079197.9451168,5.424864203841597
1714079197.9452298,5.417857788227222
1714079197.9453425,5.406180576041892
1714079197.9454556,5.393335995850739
1714079197.9455683,5.38165878366541
1714079197.9456813,5.361807787859881
1714079197.9457943,5.345459779103597
1714079197.945907,5.325608783298068
1714079197.9460201,5.3057577874925395
1714079197.946133,5.28357117264359
1714079197.946246,5.259049380267108
1714079197.9463587,5.235695397412335
1714079197.9464717,5.206502808464898
1714079197.9465845,5.180813206566705
1714079197.9466975,5.151620176103379
1714079197.9468102,5.125930574205186
1714079197.9469233,5.096737985257749
1714079197.9470363,5.069880573837845
1714079197.947149,5.0453587814613625
1714079197.947262,5.017334002035635
1714079197.9473748,4.991644400137441
1714079197.9474878,4.9636191791958275
1714079197.9476006,4.937929577297634
1714079197.9477136,4.905233559785065
1714079197.9478264,4.8772087803593385
1714079197.9479394,4.84568057236848
1714079197.9480524,4.815320173899332
1714079197.9481652,4.788462762479429
1714079197.9482782,4.763940970102945
1714079197.948391,4.738251368204752
1714079197.948504,4.71489738534998
1714079197.9486167,4.6903755929734965
1714079197.9487298,4.663518181553593
1714079197.9488425,4.63899638917711
1714079197.9489555,4.606300371664542
1714079197.9490685,4.575939973195394
1714079197.9491813,4.5444117652045355
1714079197.9492943,4.512883557213677
1714079197.949407,4.48369096826624
1714079197.94952,4.455665747324625
1714079197.949633,4.427640967898898
1714079197.949746,4.399615746957284
1714079197.9498587,4.372758777053267
1714079197.9499717,4.340062759540698
1714079197.9500847,4.310870170593262
1714079197.9501975,4.273503356509738
1714079197.9503105,4.236136542426215
1714079197.9504232,4.195266741293448
1714079197.9505363,4.156732559204102
1714079197.950649,4.114694948549624
1714079197.950762,4.076160766460277
1714079197.9508748,4.03529096532751
1714079197.9509878,3.993253354673032
1714079197.9511006,3.9488805664910207
1714079197.9512136,3.903339968787299
1714079197.9513266,3.8531281329967353
1714079197.9514394,3.7947429551018605
1714079197.9515524,3.737525145212809
1714079197.9516652,3.6733011404673257
1714079197.9517782,3.6090771357218423
1714079197.951891,3.5413501439271147
1714079197.952004,3.4747907408961543
1714079197.9521167,3.4047281300580057
1714079197.9522297,3.332330341692324
1714079197.9523427,3.257596934283221
1714079197.9524555,3.178192730303164
1714079197.9525685,3.097620716801396
1714079197.9526813,3.0088749196794295
1714079197.9527943,2.918961313035753
1714079197.952907,2.819706113250167
1714079197.95302,2.722786311750059
1714079197.9531329,2.617692505871808
1714079197.9532459,2.51026330170808
1714079197.953359,2.402834097544352
1714079197.9534717,2.289566508045903
1714079197.9535847,2.1786340960749873
1714079197.9536974,2.0583600909621627
1714079197.9538105,1.9392538953710483
1714079197.9539232,1.8108058858800817
1714079197.9540362,1.681190287625348
1714079197.954149,1.5422328754707617
1714079197.954262,1.404443272837886
1714079197.9543748,1.2619828736340557
1714079197.9544878,1.1160192666230377
1714079197.9546008,0.9665525621838039
1714079197.9547136,0.8159181586018315
1714079197.9548266,0.6676191533053363
1714079197.9549394,0.513481597105662
1714079197.9550524,0.35700867021525345
1714079197.9551651,0.19586487776703304
1714079197.9552782,0.03588879480957985
1714079197.955391,-0.13340285254849327
1714079197.955504,-0.30035252372423804
1714079197.955617,-0.4719720946417914
1714079197.9557297,-0.6447591715388827
1714079197.9558427,-0.8210486835903591
1714079197.9559555,-0.9961707724465264
1714079197.9560685,-1.1677903157693368
1714079197.9561813,-1.3440798830102991
1714079197.9562943,-1.5156994263331094
1714079197.956407,-1.6849840128863298
1714079197.95652,-1.854268709818522
1714079197.956633,-2.025888363520304
1714079197.9567459,-2.195172839694553
1714079197.9568589,-2.365625125390512
1714079197.9569716,-2.5337422335589372
1714079197.9570847,-2.6995243849577726
1714079197.9571974,-2.8594692548116045
1714079197.9573104,-3.01591157913208
1714079197.9574232,-3.167683989913375
1714079197.9575362,-3.3147864871554904
1714079197.9576492,-3.4595540276280152
1714079197.957762,-3.5914791954888234
1714079197.957875,-3.7280744976467552
1714079197.9579878,-3.8564973407321506
1714079197.9581008,-3.9884227293509023
1714079197.9582136,-4.1098404813695835
1714079197.9583266,-4.227756129370795
1714079197.9584394,-4.34216923183865
1714079197.9585524,-4.4449073297006105
1714079197.9586651,-4.547645427562572
1714079197.9587781,-4.63637422632288
1714079197.9588912,-4.7216000380339445
1714079197.959004,-4.8009885682000055
1714079197.959117,-4.876874994348596
1714079197.9592297,-4.9445889614246505
1714079197.9593427,-5.007632573445638
1714079197.9594555,-5.071843994988336
1714079197.9595685,-5.1255482214468495
1714079197.9596813,-5.174582534366183
1714079197.9597943,-5.216611756218804
1714079197.9599073,-5.252803696526421
1714079197.96002,-5.2854930913006815
1714079197.960133,-5.310010027002405
1714079197.9602458,-5.331024858686659
1714079197.9603589,-5.346201967310022
1714079197.9604716,-5.359044339921739
1714079197.9605846,-5.362546885455096
1714079197.9606974,-5.3707189030117455
1714079197.9608104,-5.3707189030117455
1714079197.9609234,-5.366048989472565
1714079197.9610362,-5.362546885455096
1714079197.9611492,-5.354374426382559
1714079197.961262,-5.3438672312983755
1714079197.961375,-5.327522313153302
1714079197.9614878,-5.311177836524116
1714079197.9616008,-5.290163004839862
1714079197.9617136,-5.267980805149785
1714079197.9618266,-5.241128691920528
1714079197.9619393,-5.215444388212981
1714079197.9620523,-5.185089729450366
1714079197.9621654,-5.159404984226933
1714079197.9622781,-5.13021813498603
1714079197.9623911,-5.1045338312784825
1714079197.962504,-5.076513908527515
1714079197.962617,-5.048494427292435
1714079197.9627297,-5.020474946057354
1714079197.9628427,-4.986618183277271
1714079197.9629555,-4.955096156508834
1714079197.9630685,-4.918904216201216
1714079197.9631815,-4.8862148214269565
1714079197.9632943,-4.850022881119339
1714079197.9634073,-4.819668663872613
1714079197.96352,-4.789314005109999
1714079197.963633,-4.762461891880742
1714079197.9637458,-4.736777146657308
1714079197.9638588,-4.712260210955584
1714079197.9639716,-4.6842407297205035
1714079197.9640846,-4.6550538804796
1714079197.9641976,-4.62703439924452
1714079197.9643104,-4.59784710848773
1714079197.9644234,-4.567492891241002
1714079197.9645362,-4.533635686945032
1714079197.9646492,-4.507951383237486
1714079197.964762,-4.478764092480694
1714079197.964875,-4.458917070318151
1714079197.9649878,-4.435567502622251
1714079197.9651008,-4.416887848465531
1714079197.9652138,-4.391203103242097
1714079197.9653265,-4.366686167540373
1714079197.9654396,-4.338666686305293
1714079197.9655523,-4.308312027542679
1714079197.9656653,-4.277957810295953
1714079197.965778,-4.244100605999981
1714079197.9658911,-4.214913756759078
1714079197.966004,-4.188061643529821
1714079197.966117,-4.161209530300564
1714079197.9662297,-4.135525226593018
1714079197.9663427,-4.111007849375406
1714079197.9664557,-4.08065363212868
1714079197.9665685,-4.050298973366066
1714079197.9666815,-4.016442210585982
1714079197.9667943,-3.9767477247450085
1714079197.9669073,-3.939388416431568
1714079197.96702,-3.8926892810397677
1714079197.967133,-3.850660059187147
1714079197.9672458,-3.8074630278128163
1714079197.9673588,-3.7677689834877293
1714079197.9674718,-3.7222372161017523
1714079197.9675846,-3.680207773491188
1714079197.9676976,-3.6311736813297975
1714079197.9678104,-3.5809720004046404
1714079197.9679234,-3.5237654491707127
1714079197.9680362,-3.4607213956338385
1714079197.9681492,-3.396509974091141
1714079197.968262,-3.3276286390092635
1714079197.968375,-3.2552449791519726
1714079197.968488,-3.184028687300505
1714079197.9686007,-3.110477438679448
1714079197.9687138,-3.0310886877554433
1714079197.9688265,-2.9563700711285623
1714079197.9689395,-2.872311406665378
1714079197.9690523,-2.78708537419637
1714079197.9691653,-2.6925195146490024
1714079197.969278,-2.596786066337868
1714079197.969391,-2.49288037971214
1714079197.9695039,-2.383137190783465
1714079197.969617,-2.2745615906185574
1714079197.96973,-2.158981120144879
1714079197.9698427,-2.0457353856828475
1714079197.9699557,-1.9254850016699896
1714079197.9700685,-1.8075694640477498
1714079197.9701815,-1.6791466209623547
1714079197.9702942,-1.5530588450255216
1714079197.9704072,-1.4211335667857417
1714079197.97052,-1.2857058533915766
1714079197.970633,-1.1444407480734364
1714079197.970746,-0.9973382508313213
1714079197.9708588,-0.8455657848605402
1714079197.9709718,-0.693793374079245
1714079197.9710846,-0.5361835161844889
1714079197.9711976,-0.37974119186401367
1714079197.9713104,-0.22446631833359046
1714079197.9714234,-0.06452152436530148
1714079197.9715362,0.09310651846505977
1714079197.9716492,0.25425031781196594
1714079197.9717622,0.41772952234303506
1714079197.971875,0.5835441527543244
1714079197.971988,0.7528619081885726
1714079197.9721007,0.9268504601937753
1714079197.9722137,1.0996713682457253
1714079197.9723265,1.2736599754404139
1714079197.9724395,1.4476484722561305
1714079197.9725523,1.6204693803080805
1714079197.9726653,1.7886194917890759
1714079197.972778,1.952098696320145
1714079197.972891,2.1179132991366916
1714079197.973004,2.28022469414605
1714079197.9731169,2.443703898677119
1714079197.97323,2.6036801161589445
1714079197.9733427,2.7683269094537803
1714079197.9734557,2.9283031269356052
1714079197.9735684,3.088279123659487
1714079197.9736814,3.2412489255269366
1714079197.9737942,3.3930511386306197
1714079197.9739072,3.532008330027262
1714079197.9740202,3.6709657421818482
1714079197.974133,3.799413751672815
1714079197.974246,3.925526142120361
1714079197.9743588,4.046967735996953
1714079197.9744718,4.1660741523460105
1714079197.9745846,4.281677581645824
1714079197.9746976,4.391441963337085
1714079197.9748104,4.500038977022524
1714079197.9749234,4.600461765571876
1714079197.9750364,4.692710770501031
1714079197.9751492,4.77912116933752
1714079197.9752622,4.85735778455381
1714079197.975375,4.928587984155725
1714079197.975488,4.995147387186686
1714079197.9756007,5.053532565081561
1714079197.9757137,5.113085994014034
1714079197.9758265,5.16446519781042
1714079197.9759395,5.21701176961263
1714079197.9760525,5.261384999310528
1714079197.9761653,5.303422609965006
1714079197.9762783,5.339621173010932
1714079197.976391,5.3688142034742565
1714079197.976504,5.3921681863290285
1714079197.9766169,5.408516195085313
1714079197.9767299,5.422528584798177
1714079197.9768426,5.431870177940086
1714079197.9769557,5.438876593554461
1714079197.9770684,5.443547390125415
1714079197.9771814,5.443547390125415
1714079197.9772944,5.443547390125415
1714079197.9774072,5.4377087840327505
1714079197.9775202,5.431870177940086
1714079197.977633,5.420193407270643
1714079197.977746,5.408516195085313
1714079197.9778588,5.391000376807319
1714079197.9779718,5.3688142034742565
1714079197.9780846,5.353634004239683
1714079197.9781976,5.329112211863199
1714079197.9783106,5.30458997797083
1714079197.9784234,5.278900376072636
1714079197.9785364,5.254378583696153
1714079197.9786491,5.226353804270426
1714079197.9787621,5.199496392850523
1714079197.978875,5.176141968479863
1714079197.978988,5.148117189054136
1714079197.9791007,5.122427587155943
1714079197.9792137,5.097905794779459
1714079197.9793267,5.066377586788601
1714079197.9794395,5.038352365846987
1714079197.9795525,5.0091597768995495
1714079197.9796653,4.978799378430401
1714079197.9797783,4.950774599004674
1714079197.979891,4.919246391013816
1714079197.980004,4.894724598637334
1714079197.9801168,4.866699377695719
1714079197.9802299,4.84451276284677
1714079197.9803426,4.821158779991998
1714079197.9804556,4.794301368572094
1714079197.9805686,4.769779576195611
1714079197.9806814,4.740586987248173
1714079197.9807944,4.712561766306559
1714079197.9809072,4.679866190309878
1714079197.9810202,4.649505791840729
1714079197.981133,4.620312761377405
1714079197.981246,4.593455791473389
1714079197.9813588,4.567766189575195
1714079197.9814718,4.538573159111871
1714079197.9815848,4.516386985778809
1714079197.9816976,4.487193955315484
1714079197.9818106,4.461504353417291
1714079197.9819233,4.428808777420609
1714079197.9820364,4.398448378951461
1714079197.9821491,4.361081564867938
1714079197.9822621,4.327218179349546
1714079197.982375,4.289851365266022
1714079197.982488,4.255987979747631
1714079197.982601,4.222124152713351
1714079197.9827137,4.187092957673249
1714079197.9828267,4.152061762633147
1714079197.9829395,4.114694948549624
1714079197.9830525,4.074992956938567
1714079197.9831653,4.029452359234845
1714079197.9832783,3.982743952009413
1714079197.983391,3.9290295706854925
1714079197.983504,3.877650366889106
1714079197.983617,3.8216003665217646
1714079197.9837298,3.7643825566327127
1714079197.9838428,3.709499924271195
1714079197.9839556,3.65111474637632
1714079197.9840686,3.5903939494380244
1714079197.9841814,3.5273375334563077
1714079197.9842944,3.4631135287108243
1714079197.9844072,3.391883329108909
1714079197.9845202,3.313646934650562
1714079197.984633,3.2319073323850276
1714079197.984746,3.150167730119493
1714079197.984859,3.0625895217612937
1714079197.9849718,2.97150832635385
1714079197.9850848,2.8839301179956505
1714079197.9851975,2.7858425069738315
1714079197.9853106,2.6912583245171438
1714079197.9854233,2.5884999169243703
1714079197.9855363,2.485741509331597
1714079197.985649,2.3736415085969145
1714079197.9857621,2.2580383000550444
1714079197.9858751,2.1389321044639305
1714079197.985988,2.0128194932584407
1714079197.986101,1.8867068820529513
1714079197.9862137,1.7535881863700018
1714079197.9863267,1.6204693803080805
1714079197.9864395,1.4803443793897275
1714079197.9865525,1.3390516793286358
1714079197.9866652,1.1965911697458338
1714079197.9867783,1.0517952618775543
1714079197.9868913,0.9011609134850678
1714079197.987004,0.7493587555708708
1714079197.987117,0.5952212545606824
1714079197.9872298,0.43057432329213174
1714079197.9873428,0.26826281790380124
1714079197.9874556,0.10244818749251189
1714079197.9875686,-0.06802396641837226
1714079197.9876814,-0.23497362379674558
1714079197.9877944,-0.4065932223090419
1714079197.9879072,-0.5735428796874152
1714079197.9880202,-0.7439949998149165
1714079197.9881332,-0.9132796415576228
1714079197.988246,-1.0848992400699191
1714079197.988359,-1.2565187833927296
1714079197.9884717,-1.4269709587097168
1714079197.9885848,-1.6009254588021171
1714079197.9886975,-1.7748800692734894
1714079197.9888105,-1.9453322445904766
1714079197.9889233,-2.115784309528492
1714079197.9890363,-2.2862363744665073
1714079197.9891493,-2.4485162010899293
1714079197.989262,-2.608460850185818
1714079197.989375,-2.76607076327006
1714079197.989488,-2.919010762815122
1714079197.989601,-3.0719505416022406
1714079197.9897137,-3.220220627608122
1714079197.9898267,-3.370825449625651
1714079197.9899395,-3.512090665322763
1714079197.9900525,-3.654523249025698
1714079197.9901655,-3.7922859191894527
1714079197.9902782,-3.921876130280671
1714079197.9903913,-4.04796423735442
1714079197.990504,-4.164712075833921
1714079197.990617,-4.277957810295953
1714079197.9907298,-4.3806959081579135
1714079197.9908428,-4.484601815541585
1714079197.9909556,-4.578000086325186
1714079197.9910686,-4.6678958115754305
1714079197.9911816,-4.755457242329915
1714079197.9912944,-4.837180508507623
1714079197.9914074,-4.914234302662036
1714079197.9915202,-4.980780901732268
1714079197.9916332,-5.044992323274966
1714079197.991746,-5.101031285745126
1714079197.991859,-5.151232966670284
1714079197.9919717,-5.194429556528727
1714079197.9920847,-5.230621496836344
1714079197.9921975,-5.263310891610605
1714079197.9923105,-5.291330372845684
1714079197.9924235,-5.315847750063296
1714079197.9925363,-5.332192226692482
1714079197.9926493,-5.350871880849202
1714079197.992762,-5.361379075933385
1714079197.992875,-5.366048989472565
1714079197.9929879,-5.3707189030117455
1714079197.993101,-5.369551535005923
1714079197.9932137,-5.366048989472565
1714079197.9933267,-5.356709162394205
1714079197.9934397,-5.345034599304199
1714079197.9935524,-5.328689681159125
1714079197.9936655,-5.313512572535762
1714079197.9937782,-5.293665550373218
1714079197.9938912,-5.272650718688965
1714079197.994004,-5.246966414981418
1714079197.994117,-5.22828631930881
1714079197.9942298,-5.204936751612911
1714079197.9943428,-5.1839223614445435
1714079197.9944558,-5.157070248215287
1714079197.9945686,-5.129050766980206
1714079197.9946816,-5.099863917739302
1714079197.9947944,-5.0671740814491555
1714079197.9949074,-5.033317318669072
1714079197.9950202,-4.999460555888988
1714079197.9951332,-4.966771161114727
1714079197.995246,-4.932913956818757
1714079197.995359,-4.90139193005032
1714079197.9954717,-4.875707626342773
1714079197.9955847,-4.847688145107693
1714079197.9956977,-4.818500854350902
1714079197.9958105,-4.792816550643355
1714079197.9959235,-4.7589593463473845
1714079197.9960363,-4.728605129100658
1714079197.9961493,-4.693580556798864
1714079197.996262,-4.66322589803625
1714079197.996375,-4.629369135256167
1714079197.9964879,-4.60251702202691
1714079197.9966009,-4.576832718319363
1714079197.9967139,-4.554650518629286
1714079197.9968266,-4.533635686945032
1714079197.9969397,-4.510286119249131
1714079197.9970524,-4.488103919559054
1714079197.9971654,-4.458917070318151
1714079197.9972782,-4.432064957088894
1714079197.9973912,-4.40287810784799
1714079197.997504,-4.371356081079553
1714079197.997617,-4.344503967850296
1714079197.99773,-4.316484486615216
1714079197.9978428,-4.290799741391782
1714079197.9979558,-4.269785351223415
1714079197.9980686,-4.246435783527516
1714079197.9981816,-4.226588319849085
1714079197.9982944,-4.203238752153184
1714079197.9984074,-4.170549357378924
1714079197.9985201,-4.1413625081380205
1714079197.9986331,-4.105170567830403
1714079197.998746,-4.07131380505032
1714079197.998859,-4.032786687215169
1714079197.998972,-3.997762556429262
1714079197.9990847,-3.962737984127468
1714079197.9991977,-3.926546043819851
1714079197.9993105,-3.8926892810397677
1714079197.9994235,-3.8541621632046166
1714079197.9995363,-3.810965573346173
1714079197.9996493,-3.7630990699485496
1714079197.999762,-3.7187346705683955
1714079197.999875,-3.6615281193344678
1714079197.999988,-3.6008190225671837
1714079198.0001009,-3.542445103327433
1714079198.0002139,-3.4840711840876826
1714079198.0003266,-3.4221947193145748
1714079198.0004396,-3.3603182545414674
1714079198.0005524,-3.29610683299877
1714079198.0006654,-3.2307278226923057
1714079198.0007782,-3.159511530840838
1714079198.0008912,-3.0859602822197805
1714079198.0010042,-3.00890670882331
1714079198.001117,-2.923680676354302
1714079198.00123,-2.8372870551215277
1714079198.0013428,-2.746223520349573
1714079198.0014558,-2.651657660802205
1714079198.0015686,-2.5582591692606607
1714079198.0016816,-2.4566884394045228
1714079198.0017943,-2.357452666317975
1714079198.0019073,-2.25237939092848
1714079198.0020204,-2.141468833993982
1714079198.0021331,-2.0305582770594843
1714079198.0022461,-1.9114752610524495
1714079198.002359,-1.7865548531214395
1714079198.002472,-1.6604669668056347
1714079198.0025847,-1.5238717750266746
1714079198.0026977,-1.3861091048629195
1714079198.0028105,-1.2471789563143694
1714079198.0029235,-1.1012439374570493
1714079198.0030363,-0.9588113537541142
1714079198.0031493,-0.810541378127204
1714079198.0032623,-0.6599364457307038
1714079198.003375,-0.5104989917189986
1714079198.003488,-0.3540566122090375
1714079198.0036008,-0.19994923086078079
1714079198.0037138,-0.03766948012290177
1714079198.0038266,0.12697006265322366
1714079198.0039396,0.2951201189447332
1714079198.0040524,0.4667733002592016
1714079198.0041654,0.6372587548361884
1714079198.0042784,0.805408755938212
1714079198.0043912,0.9735588674192075
1714079198.0045042,1.1405411693784926
1714079198.004617,1.3051880730523002
1714079198.00473,1.4686672775833693
1714079198.0048428,1.6344818803999157
1714079198.0049558,1.8037996910236498
1714079198.0050685,1.9707818826039631
1714079198.0051816,2.1389321044639305
1714079198.0052946,2.307082105565954
1714079198.0054073,2.4658905135260687
1714079198.0055203,2.635208103391859
1714079198.005633,2.7916811130664967
1714079198.0057461,2.944650914933946
1714079198.005859,3.091782331466675
1714079198.005972,3.236578128955982
1714079198.0060847,3.3778709393960455
1714079198.0061977,3.514492732507211
1714079198.0063105,3.654617733425564
1714079198.0064235,3.788904349009196
1714079198.0065365,3.9243583325986506
1714079198.0066493,4.051638974083795
1714079198.0067623,4.1754157454879195
1714079198.006875,4.289851365266022
1714079198.006988,4.398448378951461
1714079198.0071008,4.497703357979103
1714079198.0072138,4.593455791473389
1714079198.0073266,4.681033558315701
1714079198.0074396,4.766276589146367
1714079198.0075526,4.84568057236848
1714079198.0076654,4.92158156854135
1714079198.0077784,4.995147387186686
1714079198.0078912,5.061706790217647
1714079198.0080042,5.123595396677652
1714079198.008117,5.174974600474039
1714079198.00823,5.225185994748716
1714079198.0083427,5.266055795881483
1714079198.0084558,5.2964161943506305
1714079198.0085688,5.329112211863199
1714079198.0086815,5.352466194717972
1714079198.0087945,5.3781557966161655
1714079198.0089073,5.396838982899983
1714079198.0090203,5.412019182134557
1714079198.009133,5.426032013363308
1714079198.009246,5.430702809934263
1714079198.009359,5.438876593554461
1714079198.009472,5.438876593554461
1714079198.009585,5.435373606505217
1714079198.0096977,5.4283671908908415
1714079198.0098107,5.415522610699688
1714079198.0099235,5.406180576041892
1714079198.0100365,5.391000376807319
1714079198.0101492,5.375820177572744
1714079198.0102623,5.359472610332348
1714079198.010375,5.337285995483398
1714079198.010488,5.3186028091995805
1714079198.0106008,5.2964161943506305
1714079198.0107138,5.276565198545103
1714079198.0108268,5.253210774174443
1714079198.0109396,5.226353804270426
1714079198.0110526,5.204167189421477
1714079198.0111654,5.176141968479863
1714079198.0112784,5.146949379532425
1714079198.0113912,5.118924600106698
1714079198.0115042,5.089731569643374
1714079198.011617,5.058203803168403
1714079198.01173,5.030178582226788
1714079198.011843,4.9998181837576405
1714079198.0119557,4.976464200902868
1714079198.0120687,4.948438979961254
1714079198.0121815,4.9227493780630605
1714079198.0122945,4.897059776164867
1714079198.0124073,4.866699377695719
1714079198.0125203,4.838674598269992
1714079198.012633,4.808313758284957
1714079198.012746,4.777953359815809
1714079198.012859,4.749928580390082
1714079198.0129719,4.718400372399224
1714079198.013085,4.695046389544451
1714079198.0131977,4.669356787646258
1714079198.0133107,4.6448345537538875
1714079198.0134234,4.622648380420825
1714079198.0135365,4.595790969000922
1714079198.0136492,4.570101367102729
1714079198.0137622,4.539740968633581
1714079198.013875,4.510548379686143
1714079198.013988,4.480187981216996
1714079198.014101,4.447491963704427
1714079198.0142138,4.4171315652352785
1714079198.0143268,4.38560335724442
1714079198.0144396,4.356410768296983
1714079198.0145526,4.32955335687708
1714079198.0146654,4.296857780880398
1714079198.0147784,4.264161763367829
1714079198.0148911,4.23146574585526
1714079198.0150042,4.191763754244204
1714079198.0151172,4.150893953111436
1714079198.01523,4.106521164929425
1714079198.015343,4.0609805672257036
1714079198.0154557,4.014272160000271
1714079198.0155687,3.9675637527748386
1714079198.0156815,3.9208553455494064
1714079198.0157945,3.8718117607964406
1714079198.0159073,3.8216003665217646
1714079198.0160203,3.769053353203667
1714079198.0161333,3.7118355433146157
1714079198.016246,3.652282335140087
1714079198.016359,3.585722932109126
1714079198.0164719,3.514492732507211
1714079198.0165849,3.4432625329052957
1714079198.0166976,3.370864744539614
1714079198.0168107,3.2926281293233233
1714079198.0169234,3.215559323628743
1714079198.0170364,3.138490517934163
1714079198.0171494,3.0544155173831515
1714079198.0172622,2.9680051185466625
1714079198.0173752,2.8769239231392185
1714079198.017488,2.781171710402877
1714079198.017601,2.679581112331814
1714079198.0177138,2.570984319404319
1714079198.0178268,2.4635551152405912
1714079198.0179396,2.347951906698721
1714079198.0180526,2.232348698156851
1714079198.0181653,2.114410091329504
1714079198.0182784,1.9894652896457248
1714079198.0183914,1.8680236957691332
1714079198.0185041,1.7372402879926891
1714079198.0186172,1.6017860836452906
1714079198.01873,1.4710026758688466
1714079198.018843,1.3308776749504936
1714079198.0189557,1.1802432713685211
1714079198.0190687,1.02844116864381
1714079198.0191815,0.8789744090150903
1714079198.0192945,0.718998357101723
1714079198.0194075,0.5625254026165715
1714079198.0195203,0.39904617049075936
1714079198.0196333,0.2379023918399104
1714079198.019746,0.07792630543311437
1714079198.019859,-0.08787112655463042
1714079198.0199718,-0.25482081152774666
1714079198.0200849,-0.42760786083009505
1714079198.0201976,-0.5980599809575964
1714079198.0203106,-0.7696795794698926
1714079198.0204237,-0.945969091521369
1714079198.0205364,-1.1269285723015114
1714079198.0206494,-1.3032180291635018
1714079198.0207622,-1.476005161250079
1714079198.0208752,-1.6522946181120695
1714079198.020988,-1.8215792046652899
1714079198.021101,-1.989696423212687
1714079198.0212138,-2.1578135313811124
1714079198.0213268,-2.3235956827799478
1714079198.0214396,-2.487042877409193
1714079198.0215526,-2.648155336026792
1714079198.0216656,-2.8139374874256275
1714079198.0217783,-2.9680448549765126
1714079198.0218914,-3.1244871792969877
1714079198.0220041,-3.27976213561164
1714079198.0221171,-3.4221947193145748
1714079198.02223,-3.5657946710233333
1714079198.022343,-3.6988874276479082
1714079198.0224557,-3.82847785949707
1714079198.0225687,-3.956900702582465
1714079198.0226817,-4.073648541061966
1714079198.0227945,-4.191564189063178
1714079198.0229075,-4.307144659536856
1714079198.0230203,-4.415720480459708
1714079198.0231333,-4.520793314333315
1714079198.023246,-4.618861940171983
1714079198.023359,-4.708757665422227
1714079198.0234718,-4.796318654660825
1714079198.0235848,-4.87337244881524
1714079198.0236979,-4.9445889614246505
1714079198.0238106,-5.009967750973171
1714079198.0239236,-5.066006713443332
1714079198.0240364,-5.120878307907669
1714079198.0241494,-5.16757744329947
1714079198.0242622,-5.21427657869127
1714079198.0243752,-5.253971064532244
1714079198.024488,-5.288995636834038
1714079198.024601,-5.318182486074941
1714079198.024714,-5.342699421776665
1714079198.0248268,-5.359044339921739
1714079198.0249398,-5.375388816550926
1714079198.0250525,-5.382393907617639
1714079198.0251656,-5.388231189162642
1714079198.0252783,-5.3858964531509965
1714079198.0253913,-5.377723994078459
1714079198.025504,-5.375388816550926
1714079198.0256171,-5.360211707927562
1714079198.02573,-5.348537144837556
1714079198.025843,-5.334527404220015
1714079198.025956,-5.315847750063296
1714079198.0260687,-5.300670199924045
1714079198.0261817,-5.277320632228145
1714079198.0262945,-5.255138432538067
1714079198.0264075,-5.23295623284799
1714079198.0265203,-5.20143464759544
1714079198.0266333,-5.1734151663603605
1714079198.026746,-5.13955796206439
1714079198.026859,-5.108035935295953
1714079198.026972,-5.0776817180492255
1714079198.0270848,-5.048494427292435
1714079198.0271978,-5.0193075780515315
1714079198.0273106,-4.9924554648222745
1714079198.0274236,-4.964435983587194
1714079198.0275364,-4.937583870357937
1714079198.0276494,-4.903727107577853
1714079198.0277622,-4.87337244881524
1714079198.0278752,-4.843018231568513
1714079198.0279882,-4.8068262912608954
1714079198.028101,-4.775304264492458
1714079198.028214,-4.7426148697181985
1714079198.0283267,-4.712260210955584
1714079198.0284398,-4.688910643259684
1714079198.0285525,-4.66322589803625
1714079198.0286655,-4.63987633034035
1714079198.0287783,-4.616526762644449
1714079198.0288913,-4.589674649415192
1714079198.029004,-4.5616551681801125
1714079198.029117,-4.531300950933385
1714079198.02923,-4.500946292170772
1714079198.029343,-4.468256897396511
1714079198.029456,-4.437902238633897
1714079198.0295687,-4.414552670937997
1714079198.0296817,-4.390035735236274
1714079198.0297945,-4.366686167540373
1714079198.0299075,-4.34683914537783
1714079198.0300202,-4.324656945687753
1714079198.0301332,-4.3013073779918525
1714079198.0302463,-4.269785351223415
1714079198.030359,-4.239430692460801
1714079198.030472,-4.209076475214075
1714079198.0305848,-4.171716725384747
1714079198.0306978,-4.140195140132198
1714079198.0308106,-4.1098404813695835
1714079198.0309236,-4.078318454601146
1714079198.0310364,-4.052634150893599
1714079198.0311494,-4.021112124125162
1714079198.0312624,-3.9919248333683717
1714079198.0313752,-3.9557328930607545
1714079198.0314882,-3.918373584747314
1714079198.031601,-3.8751769948888706
1714079198.031714,-3.829645227502893
1714079198.0318267,-3.784113460116916
1714079198.0319397,-3.735079147197582
1714079198.0320525,-3.6848776870303683
1714079198.0321655,-3.6358435948689776
1714079198.0322783,-3.5856419139438205
1714079198.0323913,-3.534272644254896
1714079198.0325043,-3.479401049790559
1714079198.032617,-3.4140222602420383
1714079198.03273,-3.3521457954689304
1714079198.0328429,-3.278594546847873
1714079198.032956,-3.2050432982268156
1714079198.0330687,-3.1244871792969877
1714079198.0331817,-3.0439310603671603
1714079198.0332944,-2.9610399846677424
1714079198.0334074,-2.874646363434968
1714079198.0335205,-2.78708537419637
1714079198.0336332,-2.6971894281881825
1714079198.0337462,-2.602623568640815
1714079198.033859,-2.5068901203296803
1714079198.033972,-2.4053193904735424
1714079198.0340848,-2.2979111583144576
1714079198.0341978,-2.1858330126161927
1714079198.0343106,-2.066749996609158
1714079198.0344236,-1.9464996125962999
1714079198.0345366,-1.82391416143488
1714079198.0346494,-1.6966589071132518
1714079198.0347624,-1.5694035424126518
1714079198.0348752,-1.4386457425576669
1714079198.0349882,-1.3032180291635018
1714079198.035101,-1.1689577941541318
1714079198.035214,-1.0288601672207867
1714079198.0353267,-0.8864275835178516
1714079198.0354397,-0.7358226511213514
1714079198.0355527,-0.5817152835704662
1714079198.0356655,-0.42527290406050505
1714079198.0357785,-0.2641606386061068
1714079198.0358913,-0.10655080830609356
1714079198.0360043,0.0604106734196345
1714079198.036117,0.22388987795070364
1714079198.03623,0.3885367954218829
1714079198.0363429,0.552015999952952
1714079198.0364559,0.7154952044840212
1714079198.0365686,0.8813098624900535
1714079198.0366817,1.049459863592077
1714079198.0367947,1.2176099750730727
1714079198.0369074,1.3880953744605735
1714079198.0370204,1.562083981655262
1714079198.0371332,1.732569381042763
1714079198.0372462,1.905390289094713
1714079198.037359,2.0712048919112593
1714079198.037472,2.2346840964423285
1714079198.0375848,2.3981633009733976
1714079198.0376978,2.5511331028408475
1714079198.0378108,2.706438523751718
1714079198.0379236,2.858240516097457
1714079198.0380366,3.0100427292011402
1714079198.0381494,3.1618447215468795
1714079198.0382624,3.3101437268433744
1714079198.0383751,3.45844273213987
1714079198.0384881,3.597400144294456
1714079198.038601,3.734022158163565
1714079198.038714,3.864805345182065
1714079198.038827,3.9850795710528337
1714079198.0389397,4.099514749315049
1714079198.0390527,4.212782559571442
1714079198.0391655,4.317876144691749
1714079198.0392785,4.422970171327944
1714079198.0393913,4.518722163306342
1714079198.0395043,4.617977583849871
1714079198.039617,4.710226588779025
1714079198.03973,4.796636987615514
1714079198.0398428,4.876040970837628
1714079198.0399559,4.950774599004674
1714079198.0400689,5.014998382992214
1714079198.0401816,5.076886989452221
1714079198.0402946,5.130601370776141
1714079198.0404074,5.177309778001573
1714079198.0405204,5.224018185227005
1714079198.0406332,5.264887986359772
1714079198.0407462,5.299919181399875
1714079198.040859,5.331447389390733
1714079198.040972,5.361807787859881
1714079198.041085,5.386329580236364
1714079198.0411978,5.403845398514359
1714079198.0413108,5.416689978705512
1714079198.0414236,5.424864203841597
1714079198.0415366,5.429535000412552
1714079198.0416493,5.426032013363308
1714079198.0417624,5.424864203841597
1714079198.0418751,5.421360775276466
1714079198.0419881,5.412019182134557
1714079198.0421011,5.4050132080360695
1714079198.042214,5.388665199279785
1714079198.042327,5.376987987094455
1714079198.0424397,5.361807787859881
1714079198.0425527,5.344292411097774
1714079198.0426655,5.3279444023414895
1714079198.0427785,5.3057577874925395
1714079198.0428913,5.28357117264359
1714079198.0430043,5.259049380267108
1714079198.0431173,5.2321924103630915
1714079198.04323,5.205334998943187
1714079198.043343,5.177309778001573
1714079198.0434558,5.1504528080975565
1714079198.0435688,5.124763206199363
1714079198.0436816,5.097905794779459
1714079198.0437946,5.072216192881266
1714079198.0439074,5.047694400504783
1714079198.0440204,5.0185013700414585
1714079198.0441332,4.991644400137441
1714079198.0442462,4.9636191791958275
1714079198.0443592,4.932090971204969
1714079198.044472,4.905233559785065
1714079198.044585,4.872537983788384
1714079198.0446978,4.843345394840947
1714079198.0448108,4.815320173899332
1714079198.0449235,4.789630572001139
1714079198.0450366,4.766276589146367
1714079198.0451493,4.740586987248173
1714079198.0452623,4.718400372399224
1714079198.0453753,4.692710770501031
1714079198.045488,4.665853359081127
1714079198.0456011,4.636660770133689
1714079198.045714,4.606300371664542
1714079198.045827,4.577107782717104
1714079198.0459397,4.5490825617754895
1714079198.0460527,4.516386985778809
1714079198.0461655,4.490697383880615
1714079198.0462785,4.466175149988245
1714079198.0463915,4.4393181800842285
1714079198.0465043,4.414795946191858
1714079198.0466173,4.383268179716887
1714079198.04673,4.355242958775273
1714079198.046843,4.317876144691749
1714079198.0469558,4.279341962602403
1714079198.0470688,4.24197514851888
1714079198.0471816,4.201105347386113
1714079198.0472946,4.161403355775056
1714079198.0474074,4.124036541691533
1714079198.0475204,4.085502359602186
1714079198.0476334,4.042296939425998
1714079198.0477462,4.004930566858362
1714079198.0478592,3.9582221596329297
1714079198.047972,3.9115137524074974
1714079198.048085,3.8589667390894005
1714079198.0481977,3.8029167387220593
1714079198.0483108,3.7445315608271845
1714079198.0484235,3.6849783526526556
1714079198.0485365,3.624257334956416
1714079198.0486495,3.5612011397326433
1714079198.0487623,3.49814494450887
1714079198.0488753,3.4339209397633867
1714079198.048988,3.362690740161472
1714079198.049101,3.2891251422740795
1714079198.049214,3.2108885270577887
1714079198.049327,3.126813526506777
1714079198.0494397,3.0380677293848106
1714079198.0495527,2.944650914933946
1714079198.0496657,2.8442281263845937
1714079198.0497785,2.750811311933729
1714079198.0498915,2.641046709484524
1714079198.0500042,2.539456111413461
1714079198.0501173,2.4308590977280224
1714079198.05023,2.3210944952788175
1714079198.050343,2.208994494544135
1714079198.0504558,2.0887204894313105
1714079198.0505688,1.9661110860330087
1714079198.0506818,1.8376631869210136
1714079198.0507946,1.7033766817163536
1714079198.0509076,1.567922477368955
1714079198.0510204,1.427797476450602
1714079198.0511334,1.2841692677250613
1714079198.0512462,1.1405411693784926
1714079198.0513592,0.9910744649392587
1714079198.051472,0.8439431587855021
1714079198.051585,0.692141056060791
1714079198.0516977,0.5391711990038554
1714079198.0518107,0.38503367039892405
1714079198.0519238,0.22038675292774482
1714079198.0520365,0.05924296737821014
1714079198.0521495,-0.10771829358957431
1714079198.0522623,-0.27933788520318487
1714079198.0523753,-0.44862252694589116
1714079198.052488,-0.6214096038429825
1714079198.052601,-0.7895267120114079
1714079198.0527139,-0.9646487456780892
1714079198.052827,-1.1327659642254864
1714079198.05294,-1.3032180291635018
1714079198.0530527,-1.4725026157167223
1714079198.0531657,-1.6371173991097343
1714079198.0532784,-1.8099044208173398
1714079198.0533915,-1.978021639364737
1714079198.0535042,-2.1531436178419323
1714079198.0536172,-2.325930639549538
1714079198.05373,-2.491712790948373
1714079198.053843,-2.6586625311109753
1714079198.053956,-2.8174398122010404
1714079198.0540688,-2.977384682054873
1714079198.0541818,-3.127989504072401
1714079198.0542946,-3.278594546847873
1714079198.0544076,-3.4221947193145748
1714079198.0545204,-3.563459714253743
1714079198.0546334,-3.702389973181265
1714079198.0547462,-3.8389850545812534
1714079198.0548592,-3.969742633678295
1714079198.054972,-4.09466337274622
1714079198.055085,-4.2160811247649015
1714079198.055198,-4.329326859226933
1714079198.0553107,-4.435567502622251
1714079198.0554237,-4.535970864472565
1714079198.0555365,-4.62703439924452
1714079198.0556495,-4.712260210955584
1714079198.0557623,-4.793983918649179
1714079198.0558753,-4.871037712803593
1714079198.055988,-4.942253783897117
1714079198.056101,-5.009967750973171
1714079198.056214,-5.069509258976689
1714079198.0563269,-5.126715589452672
1714079198.0564399,-5.17691727037783
1714079198.0565526,-5.220114301752161
1714079198.0566657,-5.2586409780714245
1714079198.0567784,-5.286660459306504
1714079198.0568914,-5.313512572535762
1714079198.0570042,-5.332192226692482
1714079198.0571172,-5.348537144837556
1714079198.0572302,-5.359044339921739
1714079198.057343,-5.368384167000099
1714079198.057456,-5.373054080539279
1714079198.0575688,-5.371886712533456
1714079198.0576818,-5.3707189030117455
1714079198.0577946,-5.366048989472565
1714079198.0579076,-5.359044339921739
1714079198.0580204,-5.345034599304199
1714079198.0581334,-5.332192226692482
1714079198.0582461,-5.313512572535762
1714079198.0583591,-5.293665550373218
1714079198.0584722,-5.269148173155608
1714079198.058585,-5.239961323914704
1714079198.058698,-5.217779124224627
1714079198.0588107,-5.188592274983724
1714079198.0589237,-5.164074897766113
1714079198.0590365,-5.137223226052743
1714079198.0591495,-5.111538480829309
1714079198.0592623,-5.087021545127586
1714079198.0593753,-5.055499518359149
1714079198.0594883,-5.027480037124068
1714079198.059601,-4.988952919288917
1714079198.059714,-4.959766070048014
1714079198.0598269,-4.92007158420704
1714079198.0599399,-4.889717366960313
1714079198.0600526,-4.854692794658519
1714079198.0601656,-4.824338577411792
1714079198.0602784,-4.8009885682000055
1714079198.0603914,-4.769466982947455
1714079198.0605044,-4.7426148697181985
1714079198.0606172,-4.716930124494764
1714079198.0607302,-4.688910643259684
1714079198.060843,-4.660891162024604
1714079198.060956,-4.6258665897228095
1714079198.0610688,-4.596679740481906
1714079198.0611818,-4.569827627252649
1714079198.0612946,-4.539473410005923
1714079198.0614076,-4.512621296776666
1714079198.0615206,-4.490439097086588
1714079198.0616333,-4.468256897396511
1714079198.0617464,-4.447242065712257
1714079198.0618591,-4.426227675543891
1714079198.0619721,-4.399375562314634
1714079198.062085,-4.374858626612911
1714079198.062198,-4.344503967850296
1714079198.0623107,-4.312981941081859
1714079198.0624237,-4.282627723835132
1714079198.0625365,-4.2534404330783415
1714079198.0626495,-4.227756129370795
1714079198.0627625,-4.202071384147361
1714079198.0628753,-4.178721816451461
1714079198.0629883,-4.154204880749737
1714079198.063101,-4.126185399514657
1714079198.063214,-4.09349556322451
1714079198.0633268,-4.059638800444426
1714079198.0634398,-4.021112124125162
1714079198.0635526,-3.983752815811722
1714079198.0636656,-3.9417231524432146
1714079198.0637786,-3.8973591945789474
1714079198.0638914,-3.8576647087379734
1714079198.0640044,-3.81913803241871
1714079198.0641172,-3.7806109145835594
1714079198.0642302,-3.735079147197582
1714079198.064343,-3.6883800118057812
1714079198.064456,-3.637010962874801
1714079198.0645688,-3.5844743251800533
1714079198.0646818,-3.522597860406946
1714079198.0647948,-3.4583864388642485
1714079198.0649076,-3.391840060551961
1714079198.0650206,-3.3252936822396735
1714079198.0651333,-3.256412347157796
1714079198.0652463,-3.1828610985367383
1714079198.065359,-3.111644806685271
1714079198.0654721,-3.0357586012946234
1714079198.065585,-2.9563700711285623
1714079198.065698,-2.872311406665378
1714079198.0658107,-2.78708537419637
1714079198.0659237,-2.6925195146490024
1714079198.0660367,-2.5956186983320446
1714079198.0661495,-2.4940477477179632
1714079198.0662625,-2.387807104322645
1714079198.0663753,-2.276896547388147
1714079198.0664883,-2.1659859904536494
1714079198.066601,-2.0539078447553845
1714079198.066714,-1.9348248287483496
1714079198.0668268,-1.8169092911261098
1714079198.0669398,-1.6896540368044817
1714079198.0670528,-1.5647336288734717
1714079198.0671656,-1.4281384370945118
1714079198.0672786,-1.2915432453155518
1714079198.0673914,-1.1467757048430265
1714079198.0675044,-0.9996732076009114
1714079198.0676172,-0.8455657848605402
1714079198.0677302,-0.693793374079245
1714079198.067843,-0.5408534297236689
1714079198.067956,-0.3855785837879887
1714079198.068069,-0.23030371025756552
1714079198.0681818,-0.06919144480316727
1714079198.0682948,0.08610026841914212
1714079198.0684075,0.2507471927890071
1714079198.0685205,0.41422639732007627
1714079198.0686333,0.5835441527543244
1714079198.0687463,0.7528619081885726
1714079198.068859,0.9280181593365139
1714079198.068972,1.1008390673884638
1714079198.0690851,1.2724922762976751
1714079198.069198,1.4441453748279147
1714079198.069311,1.61229548630891
1714079198.0694237,1.7792777882681952
1714079198.0695367,1.9415892936565255
1714079198.0696495,2.105068498187595
1714079198.0697625,2.2673798931969533
1714079198.0698752,2.432026907249733
1714079198.0699883,2.5955061117808023
1714079198.070101,2.7589853163118714
1714079198.070214,2.918961313035753
1714079198.070327,3.0766021322321007
1714079198.0704398,3.2295719340995506
1714079198.0705528,3.3755355411105685
1714079198.0706656,3.514492732507211
1714079198.0707786,3.6487793480908426
1714079198.0708914,3.779562755867287
1714079198.0710044,3.906842955836543
1714079198.0711172,4.032955346284089
1714079198.0712302,4.155564749682391
1714079198.0713432,4.275838975553159
1714079198.071456,4.390274153815375
1714079198.071569,4.497703357979103
1714079198.0716817,4.602797384615298
1714079198.0717947,4.693878580022741
1714079198.0719075,4.7814567883809405
1714079198.0720205,4.859692962081343
1714079198.0721333,4.93325878072668
1714079198.0722463,4.99865037423593
1714079198.0723593,5.062874599739357
1714079198.072472,5.123595396677652
1714079198.072585,5.179645397044994
1714079198.0726979,5.228688981797959
1714079198.072811,5.2730622114958585
1714079198.0729237,5.313932012628626
1714079198.0730367,5.3419567920543525
1714079198.0731494,5.3688142034742565
1714079198.0732625,5.389833008801495
1714079198.0733752,5.408516195085313
1714079198.0734882,5.4190255977489326
1714079198.0736012,5.427199381369131
1714079198.073714,5.435373606505217
1714079198.073827,5.440044403076172
1714079198.0739398,5.441212212597882
1714079198.0740528,5.4377087840327505
1714079198.0741656,5.436541416026928
1714079198.0742786,5.427199381369131
1714079198.0743914,5.415522610699688
1714079198.0745044,5.403845398514359
1714079198.0746174,5.388665199279785
1714079198.0747302,5.369982012995967
1714079198.0748432,5.347795398147017
1714079198.074956,5.3279444023414895
1714079198.075069,5.301086990921585
1714079198.0751817,5.281235995116057
1714079198.0752947,5.254378583696153
1714079198.0754075,5.22985679131967
1714079198.0755205,5.207670176470721
1714079198.0756335,5.178477587523283
1714079198.0757463,5.153955795146801
1714079198.0758593,5.123595396677652
1714079198.075972,5.097905794779459
1714079198.076085,5.06520977726689
1714079198.0761979,5.034849378797743
1714079198.0763109,5.006824599372016
1714079198.0764236,4.974128581859447
1714079198.0765367,4.946103360917832
1714079198.0766497,4.919246391013816
1714079198.0767624,4.892388979593912
1714079198.0768754,4.865531568174009
1714079198.0769882,4.843345394840947
1714079198.0771012,4.816487983421043
1714079198.077214,4.790798381522849
1714079198.077327,4.762773160581236
1714079198.0774398,4.732412762112087
1714079198.0775528,4.70438798268636
1714079198.0776656,4.672859774695502
1714079198.0777786,4.647170172797309
1714079198.0778916,4.619144951855694
1714079198.0780044,4.595790969000922
1714079198.0781174,4.570101367102729
1714079198.0782301,4.546747384247956
1714079198.0783432,4.519889972828052
1714079198.078456,4.494200370929859
1714079198.078569,4.465007781982422
1714079198.0786817,4.431143954948142
1714079198.0787947,4.399615746957284
1714079198.0789077,4.364584551917182
1714079198.0790205,4.3307211663987895
1714079198.0791335,4.294522161836977
1714079198.0792463,4.262993953846118
1714079198.0793593,4.23146574585526
1714079198.079472,4.196434550815158
1714079198.079585,4.159068178247522
1714079198.0796978,4.121701364163999
1714079198.0798109,4.080831563031231
1714079198.0799239,4.030620168756555
1714079198.0800366,3.980408332965992
1714079198.0801497,3.9301969386913154
1714079198.0802624,3.875314747845685
1714079198.0803754,3.823935544049298
1714079198.0804882,3.767885543681957
1714079198.0806012,3.7118355433146157
1714079198.080714,3.656953352468985
1714079198.080827,3.5962323347727456
1714079198.0809398,3.5331761395489725
1714079198.0810528,3.4631135287108243
1714079198.0811658,3.3930511386306197
1714079198.0812786,3.314814523414329
1714079198.0813916,3.2354105401922153
1714079198.0815043,3.150167730119493
1714079198.0816174,3.0660927295684814
1714079198.0817301,2.979682330731992
1714079198.0818431,2.888600914566605
1714079198.081956,2.796351909637451
1714079198.082069,2.6994321081373425
1714079198.082182,2.6001769083517567
1714079198.0822947,2.491580115424262
1714079198.0824077,2.3829831017388234
1714079198.0825205,2.268547702718664
1714079198.0826335,2.145938299320362
1714079198.0827463,2.024496484685827
1714079198.0828593,1.8948808864310935
1714079198.082972,1.767600686461837
1714079198.083085,1.6356495795426544
1714079198.083198,1.502530883859705
1714079198.0833108,1.3624057725623802
1714079198.0834239,1.2234484707867657
1714079198.0835366,1.0809880715829354
1714079198.0836496,0.9326890662864402
1714079198.0837624,0.7820546075149818
1714079198.0838754,0.623246254744353
1714079198.0839882,0.46443784678423844
1714079198.0841012,0.3021263689906509
1714079198.0842142,0.13631173857936152
1714079198.084327,-0.028329637522498764
1714079198.08444,-0.19644678190902426
1714079198.0845528,-0.3610615101125505
1714079198.0846658,-0.5291786458757188
1714079198.0847785,-0.6961283308488351
1714079198.0848916,-0.8665804509763364
1714079198.0850043,-1.0405349510687367
1714079198.0851173,-1.210987126385724
1714079198.08523,-1.3884440616325096
1714079198.0853431,-1.5612311937190868
1714079198.0854561,-1.7351856938114871
1714079198.085569,-1.9068053475132694
1714079198.085682,-2.0760900444454617
1714079198.0857947,-2.244207152613887
1714079198.0859077,-2.406486758479365
1714079198.0860205,-2.5675992170969644
1714079198.0861335,-2.7217065846478494
1714079198.0862463,-2.881651233743738
1714079198.0863593,-3.0310886877554433
1714079198.0864723,-3.186363644070095
1714079198.086585,-3.3346335093180337
1714079198.086698,-3.482903595323916
1714079198.0868108,-3.6218338542514377
1714079198.0869238,-3.7595965244151923
1714079198.0870366,-3.8891867355064105
1714079198.0871496,-4.011772297046803
1714079198.0872624,-4.13202268105966
1714079198.0873754,-4.2429332379941584
1714079198.0874884,-4.350341249395299
1714079198.0876012,-4.451911979251437
1714079198.0877142,-4.553483150623462
1714079198.087827,-4.6468814214070635
1714079198.08794,-4.740279692190665
1714079198.0880527,-4.822003399884259
1714079198.0881658,-4.89788982603285
1714079198.0882785,-4.970273265132198
1714079198.0883915,-5.033317318669072
1714079198.0885043,-5.091691458666766
1714079198.0886173,-5.140725330070213
1714079198.0887303,-5.185089729450366
1714079198.088843,-5.22361640576963
1714079198.088956,-5.2586409780714245
1714079198.089069,-5.287827827312328
1714079198.089182,-5.311177836524116
1714079198.0892947,-5.329857490680835
1714079198.0894077,-5.345034599304199
1714079198.0895205,-5.357876971915916
1714079198.0896335,-5.368384167000099
1714079198.0897465,-5.369551535005923
1714079198.0898592,-5.369551535005923
1714079198.0899723,-5.361379075933385
1714079198.090085,-5.352039248855025
1714079198.090198,-5.340364685765019
1714079198.0903108,-5.327522313153302
1714079198.0904238,-5.306507481469048
1714079198.0905366,-5.290163004839862
1714079198.0906496,-5.267980805149785
1714079198.0907626,-5.249301150993064
1714079198.0908754,-5.230621496836344
1714079198.0909884,-5.20960666515209
1714079198.0911012,-5.1839223614445435
1714079198.0912142,-5.155902880209463
1714079198.091327,-5.129050766980206
1714079198.09144,-5.096361372205946
1714079198.0915527,-5.068341890970865
1714079198.0916657,-5.032149950663248
1714079198.0917785,-5.002962659906458
1714079198.0918915,-4.970273265132198
1714079198.0920045,-4.94342115190294
1714079198.0921173,-4.91540167066786
1714079198.0922303,-4.889717366960313
1714079198.092343,-4.861697885725233
1714079198.092456,-4.832510594968443
1714079198.0925689,-4.803323745727539
1714079198.092682,-4.770634350953278
1714079198.0927947,-4.739112324184841
1714079198.0929077,-4.701753015871401
1714079198.0930207,-4.67256572511461
1714079198.0931334,-4.643378875873706
1714079198.0932465,-4.616526762644449
1714079198.0933592,-4.595512372476083
1714079198.0934722,-4.569827627252649
1714079198.093585,-4.546478059556748
1714079198.093698,-4.520793314333315
1714079198.0938108,-4.493941642619945
1714079198.0939238,-4.462419615851508
1714079198.0940368,-4.4344001346164275
1714079198.0941496,-4.4017107398421675
1714079198.0942626,-4.371356081079553
1714079198.0943754,-4.3433365998444735
1714079198.0944884,-4.319987032148573
1714079198.0946012,-4.296637464452672
1714079198.0947142,-4.272120087235062
1714079198.094827,-4.2534404330783415
1714079198.09494,-4.226588319849085
1714079198.095053,-4.200904016141538
1714079198.0951657,-4.169381989373101
1714079198.0952787,-4.135525226593018
1714079198.0953915,-4.100500654291223
1714079198.0955045,-4.06547608198943
1714079198.0956173,-4.033954055220992
1714079198.0957303,-3.997762556429262
1714079198.095843,-3.9685752656724715
1714079198.095956,-3.934718502892388
1714079198.0960689,-3.903196476123951
1714079198.0961819,-3.8623346222771535
1714079198.0962949,-3.821472768430356
1714079198.0964077,-3.7736062650327327
1714079198.0965207,-3.7210694065800416
1714079198.0966334,-3.668532989643238
1714079198.0967464,-3.610158849645544
1714079198.0968592,-3.55295251916956
1714079198.0969722,-3.4945783791718656
1714079198.097085,-3.438539416701705
1714079198.097198,-3.375495363164831
1714079198.097311,-3.3147864871554904
1714079198.0974238,-3.245905152073613
1714079198.0975368,-3.1746888602221452
1714079198.0976496,-3.0976350660677308
1714079198.0977626,-3.017078947137903
1714079198.0978754,-2.930685546663072
1714079198.0979884,-2.841956968660708
1714079198.0981011,-2.750893433888753
1714079198.0982141,-2.6563275743413852
1714079198.0983272,-2.5640966715636075
1714079198.09844,-2.4671958552466497
1714079198.098553,-2.366792493396335
1714079198.0986657,-2.2593842612372503
1714079198.0987787,-2.151976249836109
1714079198.0988915,-2.0387305153740773
1714079198.0990045,-1.9173125425974527
1714079198.0991173,-1.7958946801997997
1714079198.0992303,-1.6663043587296096
1714079198.099343,-1.5355465588746247
1714079198.099456,-1.3989513670956646
1714079198.099569,-1.2611886969319095
1714079198.0996819,-1.1245936155319214
1714079198.0997949,-0.9809934430652194
1714079198.0999076,-0.8408958713213602
1714079198.1000206,-0.689123460540065
1714079198.1001334,-0.5420209081084639
1714079198.1002464,-0.3879135405575787
1714079198.1003592,-0.22913623187277052
1714079198.1004722,-0.06685648113489151
1714079198.1005852,0.10011276851097742
1714079198.100698,0.26709509116631963
1714079198.100811,0.4375805733380494
1714079198.1009238,0.6068983011775546
1714079198.1010368,0.7750483574690642
1714079198.1011496,0.9431983585710878
1714079198.1012626,1.1078452622448955
1714079198.1013753,1.2724922762976751
1714079198.1014884,1.4418099765424375
1714079198.1016014,1.61229548630891
1714079198.1017141,1.7862839831246269
1714079198.1018271,1.952098696320145
1714079198.10194,2.1272548922786005
1714079198.102053,2.2965727029023344
1714079198.1021657,2.461219716955114
1714079198.1022787,2.6246989214861833
1714079198.1023915,2.7823395199245873
1714079198.1025045,2.935309321792037
1714079198.1026175,3.082440517566822
1714079198.1027303,3.22840412457784
1714079198.1028433,3.372032333303381
1714079198.102956,3.514492732507211
1714079198.103069,3.653450144661797
1714079198.1031818,3.7924073360584396
1714079198.1032948,3.9243583325986506
1714079198.1034076,4.052806342089617
1714079198.1035206,4.173080567960386
1714079198.1036334,4.286348378216778
1714079198.1037464,4.392609772858796
1714079198.1038594,4.491864751886438
1714079198.1039722,4.587617185380723
1714079198.1040852,4.6763627617447465
1714079198.104198,4.766276589146367
1714079198.104311,4.849183559417725
1714079198.1044238,4.929755793677436
1714079198.1045368,5.004488980328595
1714079198.1046495,5.073384002402976
1714079198.1047626,5.136439976868806
1714079198.1048756,5.190154799708614
1714079198.1049883,5.24036619398329
1714079198.1051013,5.278900376072636
1714079198.105214,5.315099380634448
1714079198.1053271,5.345459779103597
1714079198.10544,5.372317190523501
1714079198.105553,5.396838982899983
1714079198.1056657,5.415522610699688
1714079198.1057787,5.4330379874617964
1714079198.1058917,5.442379580603705
1714079198.1060045,5.452888983267324
1714079198.1061175,5.451721615261501
1714079198.1062303,5.451721615261501
1714079198.1063433,5.445883009168837
1714079198.106456,5.436541416026928
1714079198.106569,5.427199381369131
1714079198.1066818,5.412019182134557
1714079198.1067948,5.398006792421694
1714079198.1069076,5.380490974143699
1714079198.1070206,5.361807787859881
1714079198.1071336,5.343124601576063
1714079198.1072464,5.324440973776357
1714079198.1073594,5.303422609965006
1714079198.1074722,5.280068185594346
1714079198.1075852,5.259049380267108
1714079198.107698,5.233359778368914
1714079198.107811,5.206502808464898
1714079198.1079237,5.180813206566705
1714079198.1080368,5.151620176103379
1714079198.1081498,5.121259777634232
1714079198.1082625,5.0955701757360385
1714079198.1083755,5.06520977726689
1714079198.1084883,5.037184997841163
1714079198.1086013,5.01032758642126
1714079198.108714,4.985805794044777
1714079198.108827,4.960116192146583
1714079198.10894,4.935594399770101
1714079198.109053,4.906401369306776
1714079198.109166,4.876040970837628
1714079198.1092787,4.848016191411901
1714079198.1093917,4.815320173899332
1714079198.1095045,4.788462762479429
1714079198.1096175,4.755767186482747
1714079198.1097302,4.731245394106264
1714079198.1098433,4.70322017316465
1714079198.109956,4.679866190309878
1714079198.110069,4.657679575460929
1714079198.110182,4.6308221640410245
1714079198.1102948,4.605132562142831
1714079198.1104078,4.573604354151973
1714079198.1105206,4.542076587677002
1714079198.1106336,4.511715747691967
1714079198.1107464,4.479020171695285
1714079198.1108594,4.447491963704427
1714079198.1109722,4.418299374756989
1714079198.1110852,4.387938976287842
1714079198.111198,4.362249374389648
1714079198.111311,4.3307211663987895
1714079198.111424,4.299192958407931
1714079198.1115367,4.268832559938784
1714079198.1116498,4.226794949284306
1714079198.1117625,4.18942857671667
1714079198.1118755,4.145055347018771
1714079198.1119883,4.10068255883676
1714079198.1121013,4.059812757703993
1714079198.112214,4.01310435047856
1714079198.112327,3.9698993718182596
1714079198.11244,3.9231909645928273
1714079198.112553,3.877650366889106
1714079198.112666,3.8286063406202526
1714079198.1127787,3.7725563402529114
1714079198.1128917,3.7153385303638595
1714079198.1130044,3.653450144661797
1714079198.1131175,3.585722932109126
1714079198.1132302,3.5191635290781655
1714079198.1133432,3.445597931190773
1714079198.1134562,3.374367731588858
1714079198.113569,3.296131337130511
1714079198.113682,3.2225657392431186
1714079198.1137948,3.1431615352630615
1714079198.1139078,3.0590865347120495
1714079198.1140206,2.9691729280683727
1714079198.1141336,2.8815947197101734
1714079198.1142464,2.7788363121174
1714079198.1143594,2.6760779045246266
1714079198.1144722,2.570984319404319
1714079198.1145852,2.4577165091479265
1714079198.1146982,2.347951906698721
1714079198.114811,2.232348698156851
1714079198.114924,2.1109071042802596
1714079198.1150367,1.991800687931202
1714079198.1151497,1.8680236957691332
1714079198.1152625,1.7407433854209051
1714079198.1153755,1.6087922785017224
1714079198.1154883,1.469834976726108
1714079198.1156013,1.326206878379539
1714079198.1157143,1.1837463687967371
1714079198.115827,1.0331119652147647
1714079198.11594,0.8813098624900535
1714079198.1160529,0.7283400054331178
1714079198.1161659,0.5718670509479664
1714079198.1162786,0.4153940964628149
1714079198.1163917,0.25425031781196594
1714079198.1165044,0.0919388124236354
1714079198.1166174,-0.07035892318796227
1714079198.1167305,-0.23730860816107854
1714079198.1168432,-0.4065932223090419
1714079198.1169562,-0.5758778364570052
1714079198.117069,-0.7545023052780716
1714079198.117182,-0.9296243941342388
1714079198.1172948,-1.1070813293810242
1714079198.1174078,-1.2845383750067816
1714079198.1175206,-1.4584928750991821
1714079198.1176336,-1.6312800071857592
1714079198.1177464,-1.8017320721237746
1714079198.1178594,-1.9686818122863767
1714079198.1179724,-2.1391338772243924
1714079198.1180851,-2.3060836173869945
1714079198.1181982,-2.473033136791653
1714079198.118311,-2.6399828769542553
1714079198.118424,-2.8045976603472673
1714079198.1185367,-2.9657098982069225
1714079198.1186497,-3.1244871792969877
1714079198.1187625,-3.273924633308693
1714079198.1188755,-3.4221947193145748
1714079198.1189885,-3.561124757484153
1714079198.1191013,-3.6988874276479082
1714079198.1192143,-3.829645227502893
1714079198.119327,-3.952230789043285
1714079198.11944,-4.077151086595323
1714079198.1195529,-4.197401470608181
1714079198.1196659,-4.308312027542679
1714079198.1197786,-4.419222584477177
1714079198.1198916,-4.523128491860849
1714079198.1200047,-4.61769457216616
1714079198.1201174,-4.708757665422227
1714079198.1202304,-4.793983918649179
1714079198.1203432,-4.866367799264413
1714079198.1204562,-4.936416502352114
1714079198.120569,-5.000627923894811
1714079198.120682,-5.061336799904152
1714079198.1207948,-5.116208394368489
1714079198.1209078,-5.164074897766113
1714079198.1210208,-5.207271929140444
1714079198.1211336,-5.249301150993064
1714079198.1212466,-5.284325723294859
1714079198.1213593,-5.310010027002405
1714079198.1214724,-5.3333595946983055
1714079198.1215851,-5.352039248855025
1714079198.1216981,-5.367216798994276
1714079198.121811,-5.375388816550926
1714079198.121924,-5.377723994078459
1714079198.1220367,-5.375388816550926
1714079198.1221497,-5.378891362084282
1714079198.1222627,-5.369551535005923
1714079198.1223755,-5.360211707927562
1714079198.1224885,-5.352039248855025
1714079198.1226013,-5.338029508237486
1714079198.1227143,-5.324019767619945
1714079198.122827,-5.307675290990758
1714079198.12294,-5.283157913773148
1714079198.1230528,-5.260976155598958
1714079198.1231658,-5.2376261463871705
1714079198.1232789,-5.20610456113462
1714079198.1233916,-5.179252447905363
1714079198.1235046,-5.1465630531311035
1714079198.1236174,-5.113873658356843
1714079198.1237304,-5.085853735605875
1714079198.1238432,-5.0566668863649715
1714079198.1239562,-5.026312227602358
1714079198.124069,-5.000627923894811
1714079198.124182,-4.969105897126374
1714079198.124295,-4.936416502352114
1714079198.1244078,-4.9060618435895
1714079198.1245208,-4.871037712803593
1714079198.1246336,-4.837180508507623
1714079198.1247466,-4.804491113733362
1714079198.1248593,-4.771801718959102
1714079198.1249723,-4.7426148697181985
1714079198.125085,-4.718097492500587
1714079198.1251981,-4.691245820787217
1714079198.125311,-4.671398357108787
1714079198.125424,-4.64454624387953
1714079198.125537,-4.618861940171983
1714079198.1256497,-4.590842458936903
1714079198.1257627,-4.562822977701822
1714079198.1258755,-4.532468318939209
1714079198.1259885,-4.500946292170772
1714079198.1261013,-4.471759442929868
1714079198.1262143,-4.446074697706434
1714079198.126327,-4.423892498016357
1714079198.12644,-4.4017107398421675
1714079198.126553,-4.38303064416956
1714079198.1266658,-4.358513708467837
1714079198.1267788,-4.3328294047602895
1714079198.1268916,-4.302474745997676
1714079198.1270046,-4.273287896756773
1714079198.1271174,-4.239430692460801
1714079198.1272304,-4.207908665692364
1714079198.1273432,-4.176386638923927
1714079198.1274562,-4.143697244149667
1714079198.1275692,-4.11801294044212
1714079198.127682,-4.0888256496853295
1714079198.127795,-4.058471432438603
1714079198.1279078,-4.030451951203522
1714079198.1280208,-3.9954273789017285
1714079198.1281335,-3.9557328930607545
1714079198.1282465,-3.916038848735668
1714079198.1283593,-3.872841817361337
1714079198.1284723,-3.824975313963713
1714079198.1285853,-3.7806109145835594
1714079198.128698,-3.731577043180112
1714079198.1288111,-3.687212643799958
1714079198.128924,-3.639345919644391
1714079198.129037,-3.5891442387192334
1714079198.1291497,-3.540110146557843
1714079198.1292627,-3.4817362273180925
1714079198.1293755,-3.421027130550808
1714079198.1294885,-3.3533133842326976
1714079198.1296012,-3.28443204915082
1714079198.1297143,-3.2120481685355857
1714079198.1298273,-3.131492049605758
1714079198.12994,-3.0544382554513434
1714079198.130053,-2.976217093291106
1714079198.1301658,-2.890991060822098
1714079198.1302788,-2.8092675738864474
1714079198.1303916,-2.7205389958840827
1714079198.1305046,-2.6294754611121283
1714079198.1306174,-2.5337422335589372
1714079198.1307304,-2.4298365469332093
1714079198.1308434,-2.3235956827799478
1714079198.1309562,-2.213852493851273
1714079198.1310692,-2.097104655371772
1714079198.131182,-1.978021639364737
1714079198.131295,-1.856603666588112
1714079198.1314077,-1.732850737041897
1714079198.1315207,-1.6090978074956823
1714079198.1316335,-1.4783401180196691
1714079198.1317465,-1.346414839779889
1714079198.1318595,-1.210987126385724
1714079198.1319723,-1.070889499452379
1714079198.1320853,-0.9249544254055729
1714079198.132198,-0.7743494930090727
1714079198.132311,-0.6190746470733924
1714079198.1324239,-0.46263226756343134
1714079198.132537,-0.3073574216277511
1714079198.1326497,-0.14274269342422485
1714079198.1327627,0.01253462224094956
1714079198.1328754,0.1760138267720187
1714079198.1329885,0.33482219334001895
1714079198.1331015,0.49713369872834945
1714079198.1332142,0.6617806024021572
1714079198.1333272,0.8229244086477491
1714079198.13344,0.9934098632247359
1714079198.133553,1.1638953729912087
1714079198.1336658,1.3343807723787096
1714079198.1337788,1.5095370787161366
1714079198.1338916,1.6788548893398707
1714079198.1340046,1.8470048904418943
1714079198.1341176,2.015154891543918
1714079198.1342304,2.17629869778951
1714079198.1343434,2.337442504035102
1714079198.1344562,2.495083102473506
1714079198.1345692,2.6515561121481435
1714079198.134682,2.8126999183937356
1714079198.134795,2.9680051185466625
1714079198.1349077,3.1244781282212997
1714079198.1350207,3.276280341324983
1714079198.1351337,3.4245791258635343
1714079198.1352465,3.568207334589075
1714079198.1353595,3.7048291277002403
1714079198.1354723,3.8344449467129174
1714079198.1355853,3.9593899691546404
1714079198.135698,4.072657337895146
1714079198.135811,4.18942857671667
1714079198.1359239,4.300360767929642
1714079198.1360369,4.405454353049949
1714079198.13615,4.511715747691967
1714079198.1362627,4.608635990707962
1714079198.1363757,4.700884554121229
1714079198.1364884,4.787295394473605
1714079198.1366014,4.8678671872174295
1714079198.1367142,4.940265196341055
1714079198.1368272,5.004488980328595
1714079198.13694,5.0640419677451805
1714079198.137053,5.118924600106698
1714079198.1371658,5.16446519781042
1714079198.1372788,5.214676592085096
1714079198.1373918,5.257881570745397
1714079198.1375046,5.292913207301387
1714079198.1376176,5.3279444023414895
1714079198.1377304,5.355969181767216
1714079198.1378434,5.379323606137876
1714079198.1379561,5.396838982899983
1714079198.1380692,5.410851814128734
1714079198.138182,5.4190255977489326
1714079198.138295,5.422528584798177
1714079198.138408,5.422528584798177
1714079198.1385207,5.4236963943198875
1714079198.1386337,5.4190255977489326
1714079198.1387465,5.417857788227222
1714079198.1388595,5.407348385563603
1714079198.1389723,5.398006792421694
1714079198.1390853,5.388665199279785
1714079198.139198,5.374652809566921
1714079198.139311,5.355969181767216
1714079198.139424,5.337285995483398
1714079198.1395369,5.315099380634448
1714079198.1396499,5.29408057530721
1714079198.1397626,5.270726592452437
1714079198.1398757,5.243869181032534
1714079198.1399884,5.218179579134341
1714079198.1401014,5.190154799708614
1714079198.1402142,5.167968184859664
1714079198.1403272,5.139943405433937
1714079198.14044,5.113085994014034
1714079198.140553,5.081557786023175
1714079198.140666,5.058203803168403
1714079198.1407788,5.032514201270209
1714079198.1408918,5.002153802801061
1714079198.1410046,4.969457785288492
1714079198.1411176,4.941432564346878
1714079198.1412303,4.908736988350197
1714079198.1413434,4.878376589881049
1714079198.1414561,4.852686987982856
1714079198.1415691,4.824661767041241
1714079198.1416821,4.801307784186469
1714079198.141795,4.777953359815809
1714079198.141908,4.753431567439327
1714079198.1420207,4.725406788013599
1714079198.1421337,4.700884554121229
1714079198.1422465,4.672859774695502
1714079198.1423595,4.643667185748065
1714079198.1424723,4.613306787278916
1714079198.1425853,4.5852815663373026
1714079198.1426983,4.5584241549173985
1714079198.142811,4.531567185013382
1714079198.142924,4.505877583115189
1714079198.1430368,4.482523158744529
1714079198.1431499,4.455665747324625
1714079198.1432626,4.427640967898898
1714079198.1433756,4.39611275990804
1714079198.1434884,4.362249374389648
1714079198.1436014,4.326050369827835
1714079198.1437142,4.288683555744312
1714079198.1438272,4.251316741660789
1714079198.1439402,4.212782559571442
1714079198.144053,4.17775136453134
1714079198.144166,4.140384550447817
1714079198.1442788,4.1030177363642935
1714079198.1443918,4.0609805672257036
1714079198.1445045,4.020110766092936
1714079198.1446176,3.972234549345793
1714079198.1447303,3.922023155071117
1714079198.1448433,3.864805345182065
1714079198.1449564,3.8099231543364347
1714079198.1450691,3.749202357398139
1714079198.1451821,3.6943199457945646
1714079198.145295,3.6277605427636037
1714079198.145408,3.568207334589075
1714079198.1455207,3.507486537650779
1714079198.1456337,3.437423926812631
1714079198.1457465,3.3696969350179033
1714079198.1458595,3.296131337130511
1714079198.1459725,3.2143917348649764
1714079198.1460853,3.1314843230777316
1714079198.1461983,3.043906114719532
1714079198.146311,2.9528249193120883
1714079198.146424,2.8629113126684116
1714079198.1465368,2.764823922404536
1714079198.1466498,2.666736311382717
1714079198.1467626,2.5674811115971314
1714079198.1468756,2.461219716955114
1714079198.1469886,2.3537905127913863
1714079198.1471014,2.240522702534993
1714079198.1472144,2.122584095707646
1714079198.1473272,1.9988071035455772
1714079198.1474402,1.8680236957691332
1714079198.147553,1.7360725888499506
1714079198.147666,1.6006183845025521
1714079198.1477787,1.45815787491975
1714079198.1478918,1.3192005731441356
1714079198.1480045,1.1744046652758562
1714079198.1481175,1.0272734695010715
1714079198.1482306,0.8778067098723517
1714079198.1483433,0.7271723062903792
1714079198.1484563,0.5683639535197504
1714079198.148569,0.40955554555963586
1714079198.148682,0.24374094274308944
1714079198.148795,0.07909401147453873
1714079198.148908,-0.08903861183811117
1714079198.1490207,-0.26065820345172175
1714079198.1491337,-0.43227780196401805
1714079198.1492467,-0.6050648512663664
1714079198.1493595,-0.7755169713938678
1714079198.1494725,-0.945969091521369
1714079198.1495852,-1.1210910699985646
1714079198.1496983,-1.2927107237003468
1714079198.149811,-1.461995310253567
1714079198.149924,-1.6359499207249393
1714079198.1500368,-1.8099044208173398
1714079198.1501498,-1.9838589209097401
1714079198.1502628,-2.1578135313811124
1714079198.1503756,-2.3294331850828947
1714079198.1504886,-2.49755029325132
1714079198.1506014,-2.6586625311109753
1714079198.1507144,-2.8197747689706305
1714079198.1508272,-2.976217093291106
1714079198.1509402,-3.1244871792969877
1714079198.151053,-3.27509222207246
1714079198.151166,-3.421027130550808
1714079198.1512787,-3.5657946710233333
1714079198.1513917,-3.7058922979566784
1714079198.1515048,-3.841320232108787
1714079198.1516175,-3.9732451792116517
1714079198.1517305,-4.09816547676369
1714079198.1518433,-4.218416302292435
1714079198.1519563,-4.33166159523858
1714079198.152069,-4.435567502622251
1714079198.152182,-4.5348034964667425
1714079198.1522949,-4.6317043127837
1714079198.152408,-4.716930124494764
1714079198.152521,-4.8009885682000055
1714079198.1526337,-4.881544907887776
1714079198.1527467,-4.9527609789813
1714079198.1528594,-5.022810123584888
1714079198.1529725,-5.0835189995942285
1714079198.1530852,-5.137223226052743
1714079198.1531982,-5.187424906977901
1714079198.153311,-5.22828631930881
1714079198.153424,-5.263310891610605
1714079198.153537,-5.294832918379042
1714079198.1536498,-5.319349854080765
1714079198.1537628,-5.340364685765019
1714079198.1538756,-5.355541794388382
1714079198.1539886,-5.3648816214667425
1714079198.1541014,-5.375388816550926
1714079198.1542144,-5.377723994078459
1714079198.1543272,-5.382393907617639
1714079198.1544402,-5.378891362084282
1714079198.1545532,-5.373054080539279
1714079198.154666,-5.363714253460919
1714079198.154779,-5.352039248855025
1714079198.1548917,-5.3333595946983055
1714079198.1550047,-5.319349854080765
1714079198.1551175,-5.2960002863848645
1714079198.1552305,-5.273818086694788
1714079198.1553433,-5.250468518998887
1714079198.1554563,-5.224784215291341
1714079198.155569,-5.202602015601264
1714079198.155682,-5.175749902372007
1714079198.155795,-5.150065157148573
1714079198.1559079,-5.1255482214468495
1714079198.1560209,-5.092858826672589
1714079198.1561337,-5.064839345437509
1714079198.1562467,-5.034484686674895
1714079198.1563594,-4.997125378361455
1714079198.1564724,-4.964435983587194
1714079198.1565852,-4.93057922080711
1714079198.1566982,-4.89788982603285
1714079198.1568112,-4.866367799264413
1714079198.156924,-4.839515686035156
1714079198.157037,-4.810328395278365
1714079198.1571498,-4.784644091570819
1714079198.1572628,-4.756624610335738
1714079198.1573756,-4.725102583567301
1714079198.1574886,-4.695915734326397
1714079198.1576014,-4.66322589803625
1714079198.1577144,-4.629369135256167
1714079198.1578274,-4.600182286015263
1714079198.1579401,-4.568660259246826
1714079198.1580532,-4.542975514023392
1714079198.158166,-4.523128491860849
1714079198.158279,-4.499778924164948
1714079198.1583917,-4.474094178941514
1714079198.1585047,-4.451911979251437
1714079198.1586175,-4.425060307538067
1714079198.1587305,-4.39820819430881
1714079198.1588433,-4.3701887130737305
1714079198.1589563,-4.33749931829947
1714079198.1590693,-4.308312027542679
1714079198.159182,-4.2802925463075985
1714079198.159295,-4.252273065072519
1714079198.1594079,-4.230090865382442
1714079198.1595209,-4.206741297686541
1714079198.1596336,-4.182224361984818
1714079198.1597466,-4.158874794288917
1714079198.1598594,-4.12735276752048
1714079198.1599724,-4.09466337274622
1714079198.1600854,-4.058471432438603
1714079198.1601982,-4.021112124125162
1714079198.1603112,-3.982585006290012
1714079198.160424,-3.9417231524432146
1714079198.160537,-3.9020291081181275
1714079198.1606498,-3.8658371678105103
1714079198.1607628,-3.8273100499753596
1714079198.1608756,-3.787616005650273
1714079198.1609886,-3.744418974275942
1714079198.1611016,-3.694217514108728
1714079198.1612144,-3.6405135084081577
1714079198.1613274,-3.5856419139438205
1714079198.1614401,-3.5214304924011226
1714079198.1615531,-3.4583864388642485
1714079198.161666,-3.395342606085318
1714079198.161779,-3.3252936822396735
1714079198.1618917,-3.2575799359215627
1714079198.1620047,-3.188698600839685
1714079198.1621177,-3.115147352218628
1714079198.1622305,-3.0404285148338035
1714079198.1623435,-2.9633749414373325
1714079198.1624563,-2.875813952198735
1714079198.1625693,-2.785918006190547
1714079198.162682,-2.6925195146490024
1714079198.162795,-2.594451109568278
1714079198.1629078,-2.491712790948373
1714079198.1630208,-2.388974693086412
1714079198.1631336,-2.281566460927327
1714079198.1632466,-2.1729908607624195
1714079198.1633596,-2.0609127150641546
1714079198.1634724,-1.9441646558267098
1714079198.1635854,-1.82624911820447
1714079198.1636982,-1.7001613422676367
1714079198.1638112,-1.5729059775670369
1714079198.163924,-1.439813220942462
1714079198.164037,-1.2973806372395267
1714079198.1641498,-1.1561155319213867
1714079198.1642628,-1.0078455562944766
1714079198.1643758,-0.8595755254780804
1714079198.1644886,-0.7078031146967853
1714079198.1646016,-0.5536957471459
1714079198.1647143,-0.4019233087698618
1714079198.1648273,-0.24781591362423366
1714079198.16494,-0.0867036481698354
1714079198.1650531,0.07325547436873117
1714079198.165166,0.2379023918399104
1714079198.165279,0.4072201472741586
1714079198.165392,0.578873300993884
1714079198.1655047,0.7540296073313112
1714079198.1656177,0.9233473627655594
1714079198.1657305,1.0985036691029866
1714079198.1658435,1.267821369347749
1714079198.1659563,1.437139179971483
1714079198.1660693,1.6111277871661716
1714079198.166182,1.7734391821755302
1714079198.166295,1.9392538953710483
1714079198.1664078,2.1027330999021174
1714079198.1665208,2.268547702718664
1714079198.1666338,2.43436230553521
1714079198.1667466,2.59900931958799
1714079198.1668596,2.761320714597349
1714079198.1669724,2.9212967113212303
1714079198.1670854,3.0754343227103904
1714079198.1671982,3.2213979297214084
1714079198.1673112,3.3638583289252386
1714079198.167424,3.5004803427943476
1714079198.167537,3.635934547141746
1714079198.16765,3.7643825566327127
1714079198.1677628,3.8963335531729237
1714079198.1678758,4.020110766092936
1714079198.1679885,4.145055347018771
1714079198.1681015,4.262993953846118
1714079198.1682143,4.377429573624222
1714079198.1683273,4.482523158744529
1714079198.16844,4.581778579288058
1714079198.168553,4.674027584217212
1714079198.1686661,4.756934996004458
1714079198.168779,4.836338979226571
1714079198.168892,4.907569178828487
1714079198.1690047,4.979967187952112
1714079198.1691177,5.041855794412118
1714079198.1692305,5.1095825654489015
1714079198.1693435,5.16329738828871
1714079198.1694562,5.21701176961263
1714079198.1695693,5.261384999310528
1714079198.1696823,5.298751371878164
1714079198.169795,5.331447389390733
1714079198.169908,5.355969181767216
1714079198.1700208,5.380490974143699
1714079198.1701338,5.395671614894161
1714079198.1702466,5.409684004607024
1714079198.1703596,5.4190255977489326
1714079198.1704724,5.429535000412552
1714079198.1705854,5.4330379874617964
1714079198.1706982,5.434205796983506
1714079198.1708112,5.434205796983506
1714079198.1709242,5.427199381369131
1714079198.171037,5.421360775276466
1714079198.17115,5.408516195085313
1714079198.1712627,5.393335995850739
1714079198.1713758,5.376987987094455
1714079198.1714885,5.359472610332348
1714079198.1716015,5.339621173010932
1714079198.1717143,5.319770177205403
1714079198.1718273,5.297584003872341
1714079198.1719403,5.275397389023392
1714079198.172053,5.255546393217863
1714079198.172166,5.228688981797959
1714079198.172279,5.207670176470721
1714079198.172392,5.180813206566705
1714079198.1725047,5.158626591717755
1714079198.1726177,5.130601370776141
1714079198.1727304,5.101408781828703
1714079198.1728435,5.073384002402976
1714079198.1729565,5.041855794412118
1714079198.1730692,5.0138305734705035
1714079198.1731822,4.984637984523067
1714079198.173295,4.960116192146583
1714079198.173408,4.930923161683259
1714079198.1735208,4.906401369306776
1714079198.1736338,4.881879576930293
1714079198.1737466,4.855022165510389
1714079198.1738596,4.825829576562952
1714079198.1739724,4.796636987615514
1714079198.1740854,4.766276589146367
1714079198.1741984,4.7359161906772185
1714079198.1743112,4.707890969735605
1714079198.1744242,4.6763627617447465
1714079198.174537,4.650673159846553
1714079198.17465,4.621480570899116
1714079198.1747627,4.599293956050166
1714079198.1748757,4.570101367102729
1714079198.1749885,4.546747384247956
1714079198.1751015,4.519889972828052
1714079198.1752145,4.491864751886438
1714079198.1753273,4.461504353417291
1714079198.1754403,4.425305348855478
1714079198.175553,4.394944950386329
1714079198.175666,4.362249374389648
1714079198.1757789,4.3307211663987895
1714079198.1758919,4.299192958407931
1714079198.1760046,4.267664750417073
1714079198.1761177,4.238472161469636
1714079198.1762307,4.202273156907823
1714079198.1763434,4.1660741523460105
1714079198.1764565,4.125204351213243
1714079198.1765692,4.0843345500804755
1714079198.1766822,4.03529096532751
1714079198.176795,3.9862469390586566
1714079198.176908,3.937203354305691
1714079198.1770208,3.888159769552725
1714079198.1771338,3.839115743283872
1714079198.1772466,3.786568729965775
1714079198.1773596,3.734022158163565
1714079198.1774726,3.6768043482745134
1714079198.1775854,3.6184189496216947
1714079198.1776984,3.5518595465907343
1714079198.1778111,3.484132334038063
1714079198.1779242,3.4082313378651934
1714079198.178037,3.335833328741568
1714079198.17815,3.251758328190556
1714079198.1782627,3.1723541242104987
1714079198.1783757,3.0894469331811973
1714079198.1784887,3.003036313586765
1714079198.1786015,2.9142905164647983
1714079198.1787145,2.8220415115356445
1714079198.1788273,2.726289519557246
1714079198.1789403,2.6246989214861833
1714079198.179053,2.520772704371699
1714079198.179166,2.40750511487325
1714079198.1792789,2.295404893380624
1714079198.1793919,2.17629869778951
1714079198.1795049,2.056024692676685
1714079198.1796176,1.9310798909929063
1714079198.1797307,1.8073027884518658
1714079198.1798434,1.6776870798181602
1714079198.1799564,1.5469037824206882
1714079198.1800692,1.4114495780732896
1714079198.1801822,1.2748276745831524
1714079198.180295,1.1300317667148732
1714079198.180408,0.9805650622756392
1714079198.180521,0.8310983578364054
1714079198.1806338,0.6722900050657766
1714079198.1807468,0.5158170505806251
1714079198.1808596,0.3535055451922946
1714079198.1809726,0.19002634066122548
1714079198.1810853,0.025379418016031934
1714079198.1811984,-0.1380727798850448
1714079198.1813111,-0.3026874804938281
1714079198.1814241,-0.4696371378722014
1714079198.181537,-0.6400892579997027
1714079198.18165,-0.8152112916663841
1714079198.181763,-0.9856634669833713
1714079198.1818757,-1.1654553589997467
1714079198.1819887,-1.340577447855914
1714079198.1821015,-1.5156994263331094
1714079198.1822145,-1.6919889935740717
1714079198.1823273,-1.8612735801272922
1714079198.1824403,-2.0305582770594843
1714079198.182553,-2.197507796464143
1714079198.182666,-2.365625125390512
1714079198.182779,-2.5255697744864003
1714079198.1828918,-2.6820120988068754
1714079198.1830049,-2.8431243366665306
1714079198.1831176,-3.000734249750773
1714079198.1832306,-3.157176574071248
1714079198.1833434,-3.3089489848525435
1714079198.1834564,-3.4560514820946584
1714079198.1835692,-3.5961491090280036
1714079198.1836822,-3.731577043180112
1714079198.1837952,-3.8623346222771535
1714079198.183908,-3.9860875518233687
1714079198.184021,-4.1040031998245805
1714079198.1841338,-4.2160811247649015
1714079198.1842468,-4.3269916816994
1714079198.1843596,-4.430897589083071
1714079198.1844726,-4.533635686945032
1714079198.1845853,-4.628201767250343
1714079198.1846983,-4.716930124494764
1714079198.184811,-4.8009885682000055
1714079198.1849241,-4.875707626342773
1714079198.1850371,-4.946923697436297
1714079198.18515,-5.008800382967348
1714079198.185263,-5.0671740814491555
1714079198.1853757,-5.116208394368489
1714079198.1854887,-5.165242707287823
1714079198.1856015,-5.203769383607087
1714079198.1857145,-5.243463869448061
1714079198.1858273,-5.273818086694788
1714079198.1859403,-5.301837567929868
1714079198.1860533,-5.326354945147479
1714079198.186166,-5.342699421776665
1714079198.186279,-5.357876971915916
1714079198.1863918,-5.366048989472565
1714079198.1865048,-5.371886712533456
1714079198.1866176,-5.3707189030117455
1714079198.1867306,-5.3707189030117455
1714079198.1868434,-5.362546885455096
1714079198.1869564,-5.349704512843379
1714079198.1870694,-5.336862140231662
1714079198.1871822,-5.320517663602476
1714079198.1872952,-5.306507481469048
1714079198.187408,-5.286660459306504
1714079198.187521,-5.269148173155608
1714079198.1876338,-5.248133782987241
1714079198.1877468,-5.222449037763807
1714079198.1878595,-5.197932102062084
1714079198.1879725,-5.16757744329947
1714079198.1880856,-5.138390594058566
1714079198.1881983,-5.1045338312784825
1714079198.1883113,-5.071843994988336
1714079198.188424,-5.039154600214075
1714079198.1885371,-5.007632573445638
1714079198.18865,-4.978445724204734
1714079198.188763,-4.951593610975477
1714079198.1888757,-4.922406761734574
1714079198.1889887,-4.894387280499493
1714079198.1891015,-4.8651999897427025
1714079198.1892145,-4.833678404490152
1714079198.1893275,-4.803323745727539
1714079198.1894403,-4.767131805419922
1714079198.1895533,-4.737944956179018
1714079198.189666,-4.707590297416404
1714079198.189779,-4.674900902642144
1714079198.1898918,-4.651551334946244
1714079198.1900048,-4.62703439924452
1714079198.1901176,-4.607186935566089
1714079198.1902306,-4.581502631858543
1714079198.1903436,-4.556985254640932
1714079198.1904564,-4.527798405400029
1714079198.1905694,-4.499778924164948
1714079198.1906822,-4.469424265402335
1714079198.1907952,-4.437902238633897
1714079198.190908,-4.4075480213871705
1714079198.191021,-4.37836073063038
1714079198.1911337,-4.35617897245619
1714079198.1912467,-4.33166159523858
1714079198.1913598,-4.310647205070213
1714079198.1914725,-4.287297637374312
1714079198.1915855,-4.262780260156702
1714079198.1916983,-4.234760778921622
1714079198.1918113,-4.203238752153184
1714079198.191924,-4.170549357378924
1714079198.192037,-4.134357417071307
1714079198.1921499,-4.101668022297047
1714079198.192263,-4.070145995528609
1714079198.1923757,-4.039791778281883
1714079198.1924887,-4.007102383507623
1714079198.1926017,-3.9802502702783653
1714079198.1927145,-3.944058329970748
1714079198.1928275,-3.9102015671906645
1714079198.1929402,-3.869339713343867
1714079198.1930532,-3.824975313963713
1714079198.193166,-3.7759410010443792
1714079198.193279,-3.7269071296409324
1714079198.1933918,-3.675537859952008
1714079198.1935048,-3.6218338542514377
1714079198.1936178,-3.5704645845625134
1714079198.1937306,-3.515592990098176
1714079198.1938436,-3.4630563524034286
1714079198.1939564,-3.401179887630321
1714079198.1940694,-3.3439735571543374
1714079198.1941822,-3.27275726530287
1714079198.1942952,-3.201540973451402
1714079198.194408,-3.1244871792969877
1714079198.194521,-3.0404285148338035
1714079198.194634,-2.9575374391343856
1714079198.1947467,-2.8688090818899648
1714079198.1948597,-2.781248092651367
1714079198.1949725,-2.6878496011098223
1714079198.1950855,-2.5956186983320446
1714079198.1951983,-2.498717882015087
1714079198.1953113,-2.395979563395182
1714079198.195424,-2.292073876769454
1714079198.195537,-2.1788281423074225
1714079198.19565,-2.064415039839568
1714079198.1957629,-1.9406623310512965
1714079198.195876,-1.8145743343565197
1714079198.1959887,-1.6861514912711248
1714079198.1961017,-1.5542263234103166
1714079198.1962144,-1.4199660884009466
1714079198.1963274,-1.2833708966219866
1714079198.1964402,-1.1444407480734364
1714079198.1965532,-1.0020081643705014
1714079198.196666,-0.8595755254780804
1714079198.196779,-0.7101380714663752
1714079198.196892,-0.559533139069875
1714079198.1970048,-0.4019233087698618
1714079198.1971178,-0.2419785217002586
1714079198.1972306,-0.07853128567889885
1714079198.1973436,0.08843568050199084
1714079198.1974564,0.25308259107448433
1714079198.1975694,0.4247357723889527
1714079198.1976821,0.5905504028002421
1714079198.1977952,0.7540296073313112
1714079198.1979082,0.9198442101478576
1714079198.198021,1.0879942664393671
1714079198.198134,1.25847977620584
1714079198.1982467,1.4254620781651248
1714079198.1983597,1.6006183845025521
1714079198.1984725,1.7722714830327917
1714079198.1985855,1.9474278997491905
1714079198.1986983,2.1179132991366916
1714079198.1988113,2.289566508045903
1714079198.1989243,2.456548699626216
1714079198.199037,2.615357107586331
1714079198.19915,2.771830117260968
1714079198.1992629,2.924799919128418
1714079198.1993759,3.0766021322321007
1714079198.1994886,3.227236535814073
1714079198.1996017,3.3755355411105685
1714079198.1997144,3.5191635290781655
1714079198.1998274,3.6651271360891835
1714079198.1999402,3.8040845482437695
1714079198.2000532,3.937203354305691
1714079198.2001662,4.062147935231526
1714079198.200279,4.1800865420588735
1714079198.200392,4.292186542793556
1714079198.2005048,4.3937775823805065
1714079198.2006178,4.494200370929859
1714079198.2007306,4.587617185380723
1714079198.2008436,4.681033558315701
1714079198.2009563,4.7686117666739
1714079198.2010694,4.852686987982856
1714079198.2011824,4.930923161683259
1714079198.2012951,5.002153802801061
1714079198.2014081,5.067545396310312
1714079198.201521,5.122427587155943
1714079198.201634,5.180813206566705
1714079198.2017467,5.225185994748716
1714079198.2018597,5.267223605403194
1714079198.2019725,5.297584003872341
1714079198.2020855,5.333783008434154
1714079198.2021985,5.365310774909125
1714079198.2023113,5.389833008801495
1714079198.2024243,5.4143548011779785
1714079198.202537,5.4283671908908415
1714079198.20265,5.443547390125415
1714079198.2027628,5.452888983267324
1714079198.2028759,5.455224602310746
1714079198.2029886,5.455224602310746
1714079198.2031016,5.451721615261501
1714079198.2032144,5.444715199647126
1714079198.2033274,5.4330379874617964
1714079198.2034404,5.417857788227222
1714079198.2035532,5.407348385563603
1714079198.2036662,5.389833008801495
1714079198.203779,5.373485000045211
1714079198.203892,5.353634004239683
1714079198.2040048,5.333783008434154
1714079198.2041178,5.311596393585205
1714079198.2042305,5.2870746012087215
1714079198.2043436,5.264887986359772
1714079198.2044566,5.238030574939868
1714079198.2045693,5.208837985992432
1714079198.2046824,5.181980574572528
1714079198.2047951,5.151620176103379
1714079198.2049081,5.122427587155943
1714079198.205021,5.093234998208505
1714079198.205134,5.066377586788601
1714079198.2052467,5.039520175368697
1714079198.2053597,5.012662763948794
1714079198.2054727,4.989308781094021
1714079198.2055855,4.956612763581452
1714079198.2056985,4.932090971204969
1714079198.2058113,4.901730572735821
1714079198.2059243,4.872537983788384
1714079198.206037,4.837506788748281
1714079198.20615,4.810649377328378
1714079198.2062628,4.78028897885923
1714079198.2063758,4.758102364010281
1714079198.2064888,4.731245394106264
1714079198.2066016,4.705555792208071
1714079198.2067146,4.682201367837411
1714079198.2068274,4.654176588411684
1714079198.2069404,4.629654354519314
1714079198.2070532,4.600461765571876
1714079198.2071662,4.570101367102729
1714079198.207279,4.536237981584336
1714079198.207392,4.507044951121012
1714079198.2075047,4.477852362173575
1714079198.2076178,4.449827582747847
1714079198.2077308,4.4194671842787
1714079198.2078435,4.394944950386329
1714079198.2079566,4.364584551917182
1714079198.2080693,4.334224153448034
1714079198.2081823,4.302695945457176
1714079198.208295,4.26532957288954
1714079198.208408,4.226794949284306
1714079198.208521,4.183589970624005
1714079198.208634,4.145055347018771
1714079198.208747,4.10068255883676
1714079198.2088597,4.058644948182282
1714079198.2089727,4.015439969521982
1714079198.2090855,3.974570168389214
1714079198.2091985,3.9301969386913154
1714079198.2093112,3.8799855444166393
1714079198.2094243,3.8309419596636736
1714079198.209537,3.776059327302155
1714079198.20965,3.71650633988557
1714079198.209763,3.65111474637632
1714079198.2098758,3.5868907416308367
1714079198.2099888,3.5179959403143988
1714079198.2101016,3.451436537283438
1714079198.2102146,3.3790385281598123
1714079198.2103274,3.3066407397941306
1714079198.2104404,3.2319073323850276
1714079198.2105532,3.1536709379266807
1714079198.2106662,3.070763526139436
1714079198.210779,2.979682330731992
1714079198.210892,2.887433325802838
1714079198.211005,2.7858425069738315
1714079198.2111177,2.686587307188246
1714079198.2112308,2.579158103024518
1714079198.2113435,2.470561310097023
1714079198.2114565,2.3584613093623408
1714079198.2115693,2.2451934991059477
1714079198.2116823,2.128422701800311
1714079198.211795,2.008148696687486
1714079198.211908,1.884371483767474
1714079198.212021,1.7535881863700018
1714079198.212134,1.6204693803080805
1714079198.212247,1.4791766802469888
1714079198.2123597,1.335548471521448
1714079198.2124727,1.1884171653676916
1714079198.2125854,1.0401182704501681
1714079198.2126985,0.885980659061008
1714079198.2128112,0.7341785563362969
1714079198.2129242,0.5777056018511454
1714079198.2130373,0.4235680732462141
1714079198.21315,0.2624242670006222
1714079198.213263,0.10011276851097742
1714079198.2133758,-0.06335404598050647
1714079198.2134888,-0.23263866702715555
1714079198.2136016,-0.4019233087698618
1714079198.2137146,-0.5747103580722102
1714079198.2138274,-0.7486649133540966
1714079198.2139404,-0.9237869470207779
1714079198.2140534,-1.0942390671482791
1714079198.2141662,-1.2681936776196514
1714079198.2142792,-1.439813220942462
1714079198.214392,-1.6090978074956823
1714079198.214505,-1.7760475476582844
1714079198.2146177,-1.9453322445904766
1714079198.2147307,-2.115784309528492
1714079198.2148435,-2.281566460927327
1714079198.2149565,-2.4508511578595193
1714079198.2150693,-2.6142983524887646
1714079198.2151823,-2.7800805038876
1714079198.2152953,-2.9388577849776656
1714079198.215408,-3.0953001092981407
1714079198.215521,-3.243570195304023
1714079198.2156339,-3.3906726925461377
1714079198.2157469,-3.529602730715716
1714079198.2158597,-3.665030444109881
1714079198.2159727,-3.7957884647228095
1714079198.2160854,-3.9253786758140277
1714079198.2161984,-4.049131605360243
1714079198.2163115,-4.169381989373101
1714079198.2164242,-4.287297637374312
1714079198.2165372,-4.395873016781277
1714079198.21665,-4.502113660176595
1714079198.216763,-4.595512372476083
1714079198.2168758,-4.686575907248038
1714079198.2169888,-4.768299173425745
1714079198.2171016,-4.846520335585982
1714079198.2172146,-4.914234302662036
1714079198.2173276,-4.980780901732268
1714079198.2174404,-5.042657145747432
1714079198.2175534,-5.099863917739302
1714079198.2176661,-5.148897789142749
1714079198.2177792,-5.19559692453455
1714079198.217892,-5.235291410375524
1714079198.218005,-5.266813437143961
1714079198.2181177,-5.299502831918222
1714079198.2182307,-5.319349854080765
1714079198.2183435,-5.336862140231662
1714079198.2184565,-5.349704512843379
1714079198.2185695,-5.357876971915916
1714079198.2186823,-5.363714253460919
1714079198.2187953,-5.363714253460919
1714079198.218908,-5.362546885455096
1714079198.219021,-5.356709162394205
1714079198.2191339,-5.353207058376736
1714079198.2192469,-5.342699421776665
1714079198.2193596,-5.335694772225839
1714079198.2194726,-5.315847750063296
1714079198.2195857,-5.300670199924045
1714079198.2196984,-5.2796558097556785
1714079198.2198114,-5.256306242059778
1714079198.2199242,-5.230621496836344
1714079198.2200372,-5.204936751612911
1714079198.22015,-5.174582534366183
1714079198.220263,-5.1465630531311035
1714079198.2203758,-5.118543571896023
1714079198.2204888,-5.089356281139232
1714079198.2206018,-5.064839345437509
1714079198.2207146,-5.035652496196605
1714079198.2208276,-5.007632573445638
1714079198.2209404,-4.974943178671377
1714079198.2210534,-4.93991904788547
1714079198.2211661,-4.909564389122857
1714079198.2212791,-4.87337244881524
1714079198.221392,-4.841850422046802
1714079198.221505,-4.805658481739185
1714079198.221618,-4.777639000504105
1714079198.2217307,-4.749619519269024
1714079198.2218437,-4.726269951573125
1714079198.2219565,-4.699417838343868
1714079198.2220695,-4.671398357108787
1714079198.2221823,-4.645714053401241
1714079198.2222953,-4.616526762644449
1714079198.222408,-4.586172545397723
1714079198.222521,-4.556985254640932
1714079198.2226338,-4.527798405400029
1714079198.2227468,-4.499778924164948
1714079198.2228599,-4.474094178941514
1714079198.2229726,-4.448409875233968
1714079198.2230856,-4.427395043549714
1714079198.2231984,-4.4075480213871705
1714079198.2233114,-4.3865331897029165
1714079198.2234242,-4.36084888599537
1714079198.2235372,-4.335164140771936
1714079198.22365,-4.3013073779918525
1714079198.223763,-4.275622632768418
1714079198.223876,-4.241765869988336
1714079198.2239888,-4.2102438432198985
1714079198.2241018,-4.183391729990641
1714079198.2242146,-4.155372248755561
1714079198.2243276,-4.129687503532127
1714079198.2244403,-4.1040031998245805
1714079198.2245533,-4.0759837185895
1714079198.224666,-4.042126514293529
1714079198.2247791,-4.0082697515134456
1714079198.2248921,-3.9685752656724715
1714079198.225005,-3.9277134118256742
1714079198.225118,-3.882181644439697
1714079198.2252307,-3.8401524225870767
1714079198.2253437,-3.7957884647228095
1714079198.2254565,-3.749088887815122
1714079198.2255695,-3.7070596659625017
1714079198.2256823,-3.6591931625648777
1714079198.2257953,-3.610158849645544
1714079198.225908,-3.556454843944973
1714079198.226021,-3.4969133359414557
1714079198.226134,-3.436204459932115
1714079198.2262468,-3.3673231248502375
1714079198.2263598,-3.294939244235003
1714079198.2264726,-3.2225555843777123
1714079198.2265856,-3.146669378987065
1714079198.2266984,-3.0707831735964173
1714079198.2268114,-2.9948969682057696
1714079198.2269242,-2.9131732605121754
1714079198.2270372,-2.831449552818581
1714079198.2271502,-2.74272119557416
1714079198.227263,-2.651657660802205
1714079198.227376,-2.5559242124910706
1714079198.2274888,-2.4508511578595193
1714079198.2276018,-2.3457778824700246
1714079198.2277145,-2.2383696503109403
1714079198.2278275,-2.1239565478430853
1714079198.2279403,-2.0060411205998174
1714079198.2280533,-1.8892930613623724
1714079198.2281663,-1.7678751989647192
1714079198.228279,-1.6452897478032995
1714079198.2283921,-1.5156994263331094
1714079198.228505,-1.3872765832477145
1714079198.228618,-1.2483464346991644
1714079198.2287307,-1.1070813293810242
1714079198.2288437,-0.9634812672932942
1714079198.2289565,-0.808206421357614
1714079198.2290695,-0.6552665321915238
1714079198.2291825,-0.49999163106635763
1714079198.2292953,-0.34121432238154936
1714079198.2294083,-0.18477198426370267
1714079198.229521,-0.022492235250495096
1714079198.229634,0.13514402563925143
1714079198.2297468,0.29628781808747184
1714079198.2298598,0.4621024484987612
1714079198.2299726,0.6255816530298304
1714079198.2300856,0.7937317093213399
1714079198.2301984,0.9653848630410653
1714079198.2303114,1.1358703728075379
1714079198.2304244,1.3075234713377775
1714079198.2305372,1.4780089811042503
1714079198.2306502,1.6473266813490124
1714079198.230763,1.8166444919727465
1714079198.230876,1.9777882982183383
1714079198.2309887,2.1389321044639305
1714079198.2311018,2.298908101187812
1714079198.2312145,2.455381110862449
1714079198.2313275,2.615357107586331
1714079198.2314405,2.7765009138319225
1714079198.2315533,2.9306385252210827
1714079198.2316663,3.0894469331811973
1714079198.231779,3.24008133676317
1714079198.231892,3.3848771342524775
1714079198.232005,3.5250021351708303
1714079198.232118,3.6592887507544622
1714079198.2322307,3.788904349009196
1714079198.2323437,3.9138489299350314
1714079198.2324567,4.032955346284089
1714079198.2325695,4.152061762633147
1714079198.2326825,4.268832559938784
1714079198.2327952,4.379764751151756
1714079198.2329082,4.4895295743589045
1714079198.233021,4.591120172429967
1714079198.233134,4.686872164408365
1714079198.2332468,4.773282563244854
1714079198.2333598,4.852686987982856
1714079198.2334726,4.926252365112305
1714079198.2335856,4.989308781094021
1714079198.2336986,5.055868184124981
1714079198.2338114,5.113085994014034
1714079198.2339244,5.16563300733213
1714079198.2340372,5.21701176961263
1714079198.2341502,5.259049380267108
1714079198.234263,5.299919181399875
1714079198.234376,5.334950376439977
1714079198.2344887,5.361807787859881
1714079198.2346017,5.385162212230541
1714079198.2347147,5.403845398514359
1714079198.2348275,5.413186991656268
1714079198.2349405,5.424864203841597
1714079198.2350533,5.427199381369131
1714079198.2351663,5.431870177940086
1714079198.235279,5.431870177940086
1714079198.235392,5.429535000412552
1714079198.2355049,5.424864203841597
1714079198.2356179,5.417857788227222
1714079198.235731,5.406180576041892
1714079198.2358437,5.39450380537245
1714079198.2359567,5.38165878366541
1714079198.2360694,5.362975597381592
1714079198.2361825,5.343124601576063
1714079198.2362952,5.322105796248824
1714079198.2364082,5.297584003872341
1714079198.236521,5.274229579501681
1714079198.236634,5.247372609597665
1714079198.2367468,5.222850375705295
1714079198.2368598,5.199496392850523
1714079198.2369728,5.174974600474039
1714079198.2370856,5.149284998575846
1714079198.2371986,5.124763206199363
1714079198.2373114,5.0955701757360385
1714079198.2374244,5.069880573837845
1714079198.2375371,5.039520175368697
1714079198.2376502,5.01032758642126
1714079198.237763,4.981134997473823
1714079198.237876,4.950774599004674
1714079198.237989,4.92158156854135
1714079198.2381017,4.893556789115623
1714079198.2382147,4.863196390646475
1714079198.2383275,4.8410097757975254
1714079198.2384405,4.815320173899332
1714079198.2385533,4.787295394473605
1714079198.2386663,4.763940970102945
1714079198.238779,4.734748381155509
1714079198.238892,4.70322017316465
1714079198.239005,4.675195393738923
1714079198.2391179,4.641331566704644
1714079198.2392309,4.617977583849871
1714079198.2393436,4.588784553386547
1714079198.2394567,4.559591964439109
1714079198.2395694,4.5350701720626265
1714079198.2396824,4.509380570164433
1714079198.2397952,4.48602658730966
1714079198.2399082,4.459169175889756
1714079198.2400212,4.428808777420609
1714079198.240134,4.397280569429751
1714079198.240247,4.362249374389648
1714079198.2403598,4.328385547355369
1714079198.2404728,4.294522161836977
1714079198.2405856,4.259490966796875
1714079198.2406986,4.2256271397625955
1714079198.2408113,4.194099373287624
1714079198.2409244,4.156732559204102
1714079198.2410371,4.121701364163999
1714079198.2411501,4.0796637535095215
1714079198.2412632,4.03645877484922
1714079198.241376,3.989750367623788
1714079198.241489,3.937203354305691
1714079198.2416017,3.8811533539383496
1714079198.2417147,3.827438531098542
1714079198.2418275,3.7667177341602462
1714079198.2419405,3.710667733792905
1714079198.2420533,3.6499469368546094
1714079198.2421663,3.5868907416308367
1714079198.2422793,3.5273375334563077
1714079198.242392,3.45844273213987
1714079198.242505,3.3860449437741877
1714079198.2426178,3.3089761380796077
1714079198.2427309,3.227236535814073
1714079198.2428436,3.138490517934163
1714079198.2429566,3.0544155173831515
1714079198.2430694,2.9621665124539973
1714079198.2431824,2.867582109239366
1714079198.2432954,2.7741655155464455
1714079198.2434082,2.678413523568047
1714079198.2435212,2.576822704739041
1714079198.243634,2.470561310097023
1714079198.243747,2.3584613093623408
1714079198.2438598,2.2428581008204707
1714079198.2439728,2.1237519052293563
1714079198.2440856,1.997639294023867
1714079198.2441986,1.8703590940546104
1714079198.2443113,1.7372402879926891
1714079198.2444243,1.6017860836452906
1714079198.2445374,1.4651641801551536
1714079198.2446501,1.3238713697150901
1714079198.2447631,1.1814109705112599
1714079198.244876,1.0377827617857192
1714079198.244989,0.8883161125359711
1714079198.2451017,0.7388494080967373
1714079198.2452147,0.5812086992793613
1714079198.2453275,0.4212326473659939
1714079198.2454405,0.25775344283492474
1714079198.2455535,0.09077109948352531
1714079198.2456663,-0.07969876406369385
1714079198.2457793,-0.24781591362423366
1714079198.245892,-0.420602990521325
1714079198.246005,-0.5910551106488263
1714079198.2461178,-0.7638421875459176
1714079198.2462308,-0.9377967428278039
1714079198.2463436,-1.1070813293810242
1714079198.2464566,-1.2810359398523965
1714079198.2465696,-1.457325396714387
1714079198.2466824,-1.6324474855705542
1714079198.2467954,-1.8099044208173398
1714079198.2469082,-1.985026509673507
1714079198.2470212,-2.158981120144879
1714079198.247134,-2.330600553088718
1714079198.247247,-2.4963829252454968
1714079198.2473598,-2.6563275743413852
1714079198.2474728,-2.816272444195217
1714079198.2475858,-2.9703798117461027
1714079198.2476985,-3.1221522225273977
1714079198.2478116,-3.273924633308693
1714079198.2479243,-3.418692173781218
1714079198.2480373,-3.563459714253743
1714079198.24815,-3.7058922979566784
1714079198.2482631,-3.83781768657543
1714079198.248376,-3.969742633678295
1714079198.248489,-4.092328195218687
1714079198.2486017,-4.2102438432198985
1714079198.2487147,-4.321154400154396
1714079198.2488277,-4.425060307538067
1714079198.2489405,-4.525463227872495
1714079198.2490535,-4.618861940171983
1714079198.2491663,-4.709925474943938
1714079198.2492793,-4.797486464182535
1714079198.249392,-4.875707626342773
1714079198.249505,-4.951593610975477
1714079198.2496178,-5.020474946057354
1714079198.2497308,-5.0835189995942285
1714079198.2498438,-5.13955796206439
1714079198.2499566,-5.188592274983724
1714079198.2500696,-5.2317888648421675
1714079198.2501824,-5.267980805149785
1714079198.2502954,-5.298335463912398
1714079198.2504082,-5.325187577141655
1714079198.2505212,-5.347369335315845
1714079198.250634,-5.3648816214667425
1714079198.250747,-5.378891362084282
1714079198.25086,-5.383561275623462
1714079198.2509727,-5.389398998684353
1714079198.2510858,-5.392901102701822
1714079198.2511985,-5.389398998684353
1714079198.2513115,-5.382393907617639
1714079198.2514243,-5.373054080539279
1714079198.2515373,-5.355541794388382
1714079198.25165,-5.341532053770842
1714079198.251763,-5.320517663602476
1714079198.2518759,-5.298335463912398
1714079198.251989,-5.274985896216498
1714079198.252102,-5.249301150993064
1714079198.2522147,-5.229454128830521
1714079198.2523277,-5.20143464759544
1714079198.2524405,-5.179252447905363
1714079198.2525535,-5.153567702681929
1714079198.2526662,-5.122045675913492
1714079198.2527792,-5.092858826672589
1714079198.252892,-5.059002063892505
1714079198.253005,-5.0251448595965345
1714079198.253118,-4.991288096816451
1714079198.2532308,-4.955096156508834
1714079198.2533438,-4.92474149774622
1714079198.2534566,-4.894387280499493
1714079198.2535696,-4.866367799264413
1714079198.2536824,-4.840683054040979
1714079198.2537954,-4.812663572805898
1714079198.2539082,-4.784644091570819
1714079198.2540212,-4.755457242329915
1714079198.2541342,-4.723935215561478
1714079198.254247,-4.690078011265507
1714079198.25436,-4.65972379401878
1714079198.2544727,-4.62703439924452
1714079198.2545857,-4.601349654021086
1714079198.2546985,-4.573330172786006
1714079198.2548115,-4.549980605090106
1714079198.2549243,-4.528965773405852
1714079198.2550373,-4.506783573715775
1714079198.2551503,-4.4822666380140515
1714079198.255263,-4.454247156778971
1714079198.255376,-4.425060307538067
1714079198.2554889,-4.39820819430881
1714079198.255602,-4.366686167540373
1714079198.2557147,-4.333996772766113
1714079198.2558277,-4.305977291531033
1714079198.2559404,-4.2802925463075985
1714079198.2560534,-4.254608242600052
1714079198.2561662,-4.233593410915798
1714079198.2562792,-4.209076475214075
1714079198.2563922,-4.184559097996464
1714079198.256505,-4.154204880749737
1714079198.256618,-4.121515485975477
1714079198.2567308,-4.087658281679507
1714079198.2568438,-4.049131605360243
1714079198.2569566,-4.011772297046803
1714079198.2570696,-3.979082902272542
1714079198.2571824,-3.9417231524432146
1714079198.2572954,-3.9066990216573076
1714079198.2574084,-3.869339713343867
1714079198.2575212,-3.8319804050304267
1714079198.2576342,-3.793453287195276
1714079198.257747,-3.7455867837976524
1714079198.25786,-3.696552470878318
1714079198.2579727,-3.645183421947338
1714079198.2580857,-3.5856419139438205
1714079198.2581985,-3.5261004059403027
1714079198.2583115,-3.4642239411671953
1714079198.2584245,-3.4035148443999113
1714079198.2585373,-3.3393036436151573
1714079198.2586503,-3.271589676539103
1714079198.258763,-3.2027083414572255
1714079198.258876,-3.133827006375348
1714079198.2589889,-3.0544382554513434
1714079198.2591019,-2.9703798117461027
1714079198.2592146,-2.886321147282918
1714079198.2593277,-2.792922876499317
1714079198.2594404,-2.6948544714185925
1714079198.2595534,-2.596786066337868
1714079198.2596664,-2.491712790948373
1714079198.2597792,-2.3901420610922353
1714079198.2598922,-2.2839014176969172
1714079198.260005,-2.1764931855378324
1714079198.260118,-2.062080083069978
1714079198.2602308,-1.9464996125962999
1714079198.2603438,-1.8285841853530318
1714079198.2604566,-1.7024962990372268
1714079198.2605696,-1.5717384991822418
1714079198.2606826,-1.439813220942462
1714079198.2607954,-1.2985481156243217
1714079198.2609084,-1.1607854454605666
1714079198.2610211,-1.0160179049880416
1714079198.2611341,-0.8712503645155164
1714079198.261247,-0.7241478672734013
1714079198.26136,-0.5747103580722102
1714079198.2614727,-0.42410542567571
1714079198.2615857,-0.27116550891487684
1714079198.2616987,-0.1123882140274401
1714079198.2618115,0.04756588281856643
1714079198.2619245,0.21338050288182717
1714079198.2620373,0.38153054537596526
1714079198.2621503,0.5496806016674748
1714079198.262263,0.7213337553872002
1714079198.262376,0.8883161125359711
1714079198.2624888,1.055298469684742
1714079198.2626019,1.2292869665004589
1714079198.2627146,1.3880953744605735
1714079198.2628276,1.5562453755625971
1714079198.2629406,1.7208923896153767
1714079198.2630534,1.8855392932891843
1714079198.2631664,2.0525217056274414
1714079198.2632792,2.2195038972077543
1714079198.2633922,2.386486309546011
1714079198.263505,2.5523009123625577
1714079198.263618,2.715780116893627
1714079198.2637308,2.872253126568264
1714079198.2638438,3.0263905171994807
1714079198.2639568,3.168851137161255
1714079198.2640696,3.3159823329360396
1714079198.2641826,3.4561073338543924
1714079198.2642953,3.591561538201791
1714079198.2644083,3.722344945978235
1714079198.2645211,3.8554637520401562
1714079198.2646341,3.9862469390586566
1714079198.264747,4.110024151978669
1714079198.26486,4.230298377849437
1714079198.264973,4.340062759540698
1714079198.2650857,4.4439889766551826
1714079198.2651987,4.540908778155291
1714079198.2653115,4.62731917699178
1714079198.2654245,4.713729575828269
1714079198.2655373,4.79196619104456
1714079198.2656503,4.8678671872174295
1714079198.265763,4.942600373868589
1714079198.265876,5.01032758642126
1714079198.265989,5.074551370408799
1714079198.2661018,5.132936989819561
1714079198.2662148,5.187819180665192
1714079198.2663276,5.2321924103630915
1714079198.2664406,5.271894401974148
1714079198.2665534,5.308093406535961
1714079198.2666664,5.334950376439977
1714079198.2667792,5.358304800810637
1714079198.2668922,5.380490974143699
1714079198.267005,5.398006792421694
1714079198.267118,5.413186991656268
1714079198.267231,5.4236963943198875
1714079198.2673438,5.429535000412552
1714079198.2674568,5.434205796983506
1714079198.2675695,5.430702809934263
1714079198.2676826,5.4283671908908415
1714079198.2677953,5.421360775276466
1714079198.2679083,5.408516195085313
1714079198.268021,5.39450380537245
1714079198.268134,5.3781557966161655
1714079198.2682471,5.359472610332348
1714079198.26836,5.343124601576063
1714079198.268473,5.319770177205403
1714079198.2685857,5.297584003872341
1714079198.2686987,5.274229579501681
1714079198.2688115,5.253210774174443
1714079198.2689245,5.231024600841381
1714079198.2690372,5.204167189421477
1714079198.2691503,5.179645397044994
1714079198.2692633,5.153955795146801
1714079198.269376,5.123595396677652
1714079198.269489,5.097905794779459
1714079198.2696018,5.066377586788601
1714079198.2697148,5.037184997841163
1714079198.2698276,5.007991967377839
1714079198.2699406,4.983470175001356
1714079198.2700534,4.957780573103163
1714079198.2701664,4.93325878072668
1714079198.2702792,4.908736988350197
1714079198.2703922,4.881879576930293
1714079198.2705052,4.8585255940755205
1714079198.270618,4.829332563612196
1714079198.270731,4.798972165143048
1714079198.2708437,4.769779576195611
1714079198.2709568,4.739419177726463
1714079198.2710695,4.713729575828269
1714079198.2711825,4.686872164408365
1714079198.2712953,4.658847384982638
1714079198.2714083,4.63899638917711
1714079198.2715213,4.612138977757207
1714079198.271634,4.586449375859013
1714079198.271747,4.56192758348253
1714079198.27186,4.529231565969962
1714079198.271973,4.502374154550058
1714079198.2720857,4.469678578553376
1714079198.2721987,4.433479573991563
1714079198.2723114,4.404286985044126
1714079198.2724245,4.370423158009847
1714079198.2725375,4.341230569062409
1714079198.2726502,4.309702361071551
1714079198.2727633,4.279341962602403
1714079198.272876,4.246645945089835
1714079198.272989,4.210446940528022
1714079198.2731018,4.171912758438675
1714079198.2732148,4.131042957305908
1714079198.2733276,4.086670169123897
1714079198.2734406,4.042296939425998
1714079198.2735536,3.995588973716453
1714079198.2736664,3.9488805664910207
1714079198.2737794,3.903339968787299
1714079198.2738922,3.8507929554692018
1714079198.2740052,3.8029167387220593
1714079198.274118,3.750369725403962
1714079198.274231,3.691984547509087
1714079198.2743437,3.6347667376200357
1714079198.2744567,3.5658719363035978
1714079198.2745695,3.495809546223393
1714079198.2746825,3.428082333670722
1714079198.2747955,3.3486781296906645
1714079198.2749083,3.275112531803272
1714079198.2750213,3.1922051200160273
1714079198.275134,3.111633327272203
1714079198.275247,3.0298937250066684
1714079198.2753599,2.941147927884702
1714079198.2754729,2.8524019100047924
1714079198.2755857,2.7531467102192066
1714079198.2756987,2.6515561121481435
1714079198.2758117,2.545294717506126
1714079198.2759244,2.4331947167714434
1714079198.2760375,2.3199269065150507
1714079198.2761502,2.201988299687703
1714079198.2762632,2.080546705811112
1714079198.276376,1.95793730241281
1714079198.276489,1.8329923903500591
1714079198.2766018,1.7033766817163536
1714079198.2767148,1.5725933843188815
1714079198.2768278,1.4336359721642953
1714079198.2769406,1.2935109712459423
1714079198.2770536,1.1475473642349243
1714079198.2771664,0.9980806597956904
1714079198.2772794,0.8462785570709793
1714079198.2773921,0.6874702043003506
1714079198.2775052,0.530997249815199
1714079198.277618,0.37102117030708875
1714079198.277731,0.20870967871612972
1714079198.2778437,0.04873358885999079
1714079198.2779567,-0.1135556924122351
1714079198.2780697,-0.27583545004879984
1714079198.2781825,-0.44395258581196817
1714079198.2782955,-0.6120697215751365
1714079198.2784083,-0.7848567984722278
1714079198.2785213,-0.9588113537541142
1714079198.278634,-1.1339334426102814
1714079198.278747,-1.3102228994722718
1714079198.2788599,-1.484177509943644
1714079198.2789729,-1.6534620964968645
1714079198.2790859,-1.8215792046652899
1714079198.2791986,-1.989696423212687
1714079198.2793117,-2.1554785746115224
1714079198.2794244,-2.3212607260103577
1714079198.2795374,-2.4835405526337797
1714079198.2796502,-2.648155336026792
1714079198.2797632,-2.8116025306560375
1714079198.279876,-2.971547179751926
1714079198.279989,-3.129157092836168
1714079198.280102,-3.2809295036174633
1714079198.2802148,-3.429199589623345
1714079198.2803278,-3.57163217332628
1714079198.2804406,-3.708227475484212
1714079198.2805536,-3.8389850545812534
1714079198.2806664,-3.9639053521332914
1714079198.2807794,-4.086490913673683
1714079198.2808921,-4.202071384147361
1714079198.2810051,-4.315317118609393
1714079198.2811182,-4.421557762004711
1714079198.281231,-4.531300950933385
1714079198.281344,-4.6258665897228095
1714079198.2814567,-4.718097492500587
1714079198.2815697,-4.798653832188359
1714079198.2816825,-4.878042362354419
1714079198.2817955,-4.94809106544212
1714079198.2819083,-5.011135118978994
1714079198.2820213,-5.068341890970865
1714079198.282134,-5.118543571896023
1714079198.282247,-5.16874525282118
1714079198.28236,-5.208439297146267
1714079198.2824728,-5.248133782987241
1714079198.2825859,-5.278488000233968
1714079198.2826986,-5.306507481469048
1714079198.2828116,-5.334527404220015
1714079198.2829244,-5.345034599304199
1714079198.2830374,-5.360211707927562
1714079198.2831502,-5.368384167000099
1714079198.2832632,-5.375388816550926
1714079198.2833762,-5.373054080539279
1714079198.283489,-5.3707189030117455
1714079198.283602,-5.363714253460919
1714079198.2837148,-5.354374426382559
1714079198.2838278,-5.345034599304199
1714079198.2839406,-5.329857490680835
1714079198.2840536,-5.314679940541585
1714079198.2841663,-5.298335463912398
1714079198.2842793,-5.280823177761501
1714079198.2843924,-5.259808346077247
1714079198.2845051,-5.234124042369701
1714079198.2846181,-5.20610456113462
1714079198.284731,-5.178085079899541
1714079198.284844,-5.145395243609393
1714079198.2849567,-5.111538480829309
1714079198.2850697,-5.076513908527515
1714079198.2851825,-5.044992323274966
1714079198.2852955,-5.0134702965065285
1714079198.2854083,-4.986618183277271
1714079198.2855213,-4.956263524514657
1714079198.2856343,-4.928244043279577
1714079198.285747,-4.89672201651114
1714079198.28586,-4.86403262173688
1714079198.2859728,-4.831343226962619
1714079198.2860858,-4.797486464182535
1714079198.2861986,-4.765964437414098
1714079198.2863116,-4.733275042639838
1714079198.2864244,-4.706422929410581
1714079198.2865374,-4.677236080169678
1714079198.2866504,-4.65855598449707
1714079198.2867632,-4.632871680789523
1714079198.2868762,-4.6095221130936235
1714079198.286989,-4.586172545397723
1714079198.287102,-4.555817886635109
1714079198.2872148,-4.528965773405852
1714079198.2873278,-4.496276378631592
1714079198.2874405,-4.468256897396511
1714079198.2875535,-4.437902238633897
1714079198.2876666,-4.414552670937997
1714079198.2877793,-4.390035735236274
1714079198.2878923,-4.367853535546197
1714079198.288005,-4.348006513383653
1714079198.2881181,-4.324656945687753
1714079198.288231,-4.3013073779918525
1714079198.288344,-4.273287896756773
1714079198.2884567,-4.244100605999981
1714079198.2885697,-4.2102438432198985
1714079198.2886825,-4.175219270918104
1714079198.2887955,-4.143697244149667
1714079198.2889085,-4.111007849375406
1714079198.2890213,-4.081821000134503
1714079198.2891343,-4.051466341371889
1714079198.289247,-4.022279492130986
1714079198.28936,-3.9884227293509023
1714079198.2894728,-3.954565525054931
1714079198.2895858,-3.916038848735668
1714079198.2896986,-3.8716744493555137
1714079198.2898116,-3.8261426819695363
1714079198.2899246,-3.7759410010443792
1714079198.2900374,-3.7280744976467552
1714079198.2901504,-3.675537859952008
1714079198.2902632,-3.6288387245602074
1714079198.2903762,-3.5751344981016935
1714079198.290489,-3.524932817176536
1714079198.290602,-3.4688938547063755
1714079198.2907147,-3.410519935466625
1714079198.2908278,-3.3463085139239275
1714079198.2909408,-3.27509222207246
1714079198.2910535,-3.199206016681812
1714079198.2911665,-3.1221522225273977
1714079198.2912793,-3.0439310603671603
1714079198.2913923,-2.9575374391343856
1714079198.291505,-2.872311406665378
1714079198.291618,-2.78475041742678
1714079198.2917309,-2.6971894281881825
1714079198.291844,-2.602623568640815
1714079198.291957,-2.505722752323857
1714079198.2920697,-2.4041518017097756
1714079198.2921827,-2.2955762015448675
1714079198.2922955,-2.1858330126161927
1714079198.2924085,-2.064415039839568
1714079198.2925212,-1.9453322445904766
1714079198.2926342,-1.8192442478956998
1714079198.292747,-1.6908215151892767
1714079198.29286,-1.5588962369494967
1714079198.2929728,-1.4269709587097168
1714079198.2930858,-1.2915432453155518
1714079198.2931988,-1.1502781399974116
1714079198.2933116,-1.0113479914488614
1714079198.2934246,-0.8642454942067463
1714079198.2935374,-0.7124730282359653
1714079198.2936504,-0.55836566068508
1714079198.2937632,-0.4007558303850668
1714079198.2938762,-0.23847608654587354
1714079198.293989,-0.07269388685623804
1714079198.294102,0.08960339344210094
1714079198.294215,0.2565857160974432
1714079198.2943277,0.4212326473659939
1714079198.2944407,0.5858795510398017
1714079198.2945535,0.7481910564281322
1714079198.2946665,0.9163411127196417
1714079198.2947793,1.0844911690111512
1714079198.2948923,1.252641170113175
1714079198.295005,1.4266297773078636
1714079198.295118,1.5982829862170749
1714079198.295231,1.771103783890053
1714079198.2953439,1.9427568824202925
1714079198.295457,2.1120746930440264
1714079198.2955697,2.276721707096806
1714079198.2956827,2.4390331021061646
1714079198.2957954,2.5978415100662793
1714079198.2959085,2.7519791214554394
1714079198.2960212,2.909619719893844
1714079198.2961342,3.061421932997527
1714079198.296247,3.216727133150454
1714079198.29636,3.3661937272107156
1714079198.296473,3.5133251437434443
1714079198.2965858,3.6592887507544622
1714079198.2966988,3.7935751455801503
1714079198.2968116,3.927861761163782
1714079198.2969246,4.052806342089617
1714079198.2970374,4.170744948916965
1714079198.2971504,4.280509772124113
1714079198.2972631,4.387938976287842
1714079198.2973762,4.490697383880615
1714079198.2974892,4.588784553386547
1714079198.297602,4.686872164408365
1714079198.297715,4.775618182288276
1714079198.2978277,4.863196390646475
1714079198.2979407,4.943768183390299
1714079198.2980535,5.0138305734705035
1714079198.2981665,5.079222166979754
1714079198.2982793,5.134104799341272
1714079198.2983923,5.186651371143482
1714079198.2985053,5.231024600841381
1714079198.298618,5.270726592452437
1714079198.298731,5.310428584063494
1714079198.2988439,5.339621173010932
1714079198.2989569,5.37114938100179
1714079198.2990696,5.39450380537245
1714079198.2991827,5.415522610699688
1714079198.2992954,5.430702809934263
1714079198.2994084,5.441212212597882
1714079198.2995214,5.4470503771746595
1714079198.2996342,5.4470503771746595
1714079198.2997472,5.445883009168837
1714079198.29986,5.4377087840327505
1714079198.299973,5.4330379874617964
1714079198.3000858,5.422528584798177
1714079198.3001988,5.413186991656268
1714079198.3003116,5.4015097794709375
1714079198.3004246,5.385162212230541
1714079198.3005373,5.369982012995967
1714079198.3006504,5.350130575674551
1714079198.3007634,5.331447389390733
1714079198.3008761,5.310428584063494
1714079198.3009892,5.2870746012087215
1714079198.301102,5.261384999310528
1714079198.301215,5.233359778368914
1714079198.3013277,5.205334998943187
1714079198.3014407,5.178477587523283
1714079198.3015535,5.15278798562509
1714079198.3016665,5.122427587155943
1714079198.3017795,5.097905794779459
1714079198.3018923,5.0687127643161345
1714079198.3020053,5.044190971939652
1714079198.302118,5.016166192513925
1714079198.302231,4.98814097157231
1714079198.3023438,4.960116192146583
1714079198.3024569,4.928587984155725
1714079198.3025696,4.898227585686578
1714079198.3026826,4.866699377695719
1714079198.3027956,4.837506788748281
1714079198.3029084,4.810649377328378
1714079198.3030214,4.7814567883809405
1714079198.3031342,4.753431567439327
1714079198.3032472,4.730077584584554
1714079198.30336,4.707890969735605
1714079198.303473,4.681033558315701
1714079198.3035858,4.653008778889974
1714079198.3036988,4.62731917699178
1714079198.3038116,4.5946231594792115
1714079198.3039246,4.565430570531774
1714079198.3040376,4.533902362540916
1714079198.3041503,4.507044951121012
1714079198.3042634,4.481355349222818
1714079198.3043761,4.454498379318802
1714079198.3044891,4.429976145426432
1714079198.304602,4.397280569429751
1714079198.304715,4.371590967531557
1714079198.3048277,4.343565746589943
1714079198.3049407,4.305031564500596
1714079198.3050537,4.270000369460494
1714079198.3051665,4.227962758806016
1714079198.3052795,4.187092957673249
1714079198.3053923,4.149726143589726
1714079198.3055053,4.108856342456959
1714079198.305618,4.067986541324191
1714079198.305731,4.0247815626638905
1714079198.3058438,3.982743952009413
1714079198.3059568,3.9360355447839805
1714079198.3060699,3.8869919600310148
1714079198.3061826,3.8309419596636736
1714079198.3062956,3.7737241497746217
1714079198.3064084,3.713003352836326
1714079198.3065214,3.6487793480908426
1714079198.3066342,3.582219945059882
1714079198.3067472,3.516828130792688
1714079198.30686,3.4502687277617277
1714079198.306973,3.3778709393960455
1714079198.307086,3.3089761380796077
1714079198.3071988,3.2307395228633173
1714079198.3073118,3.1536709379266807
1714079198.3074245,3.063757331283004
1714079198.3075376,2.975011313403094
1714079198.3076503,2.8827625292318837
1714079198.3077633,2.7823395199245873
1714079198.307876,2.6830843201390016
1714079198.3079891,2.577990514260751
1714079198.308102,2.4752321066679777
1714079198.308215,2.364299694697062
1714079198.308328,2.2557029017695673
1714079198.3084407,2.1412675027494075
1714079198.3085537,2.0221610864003496
1714079198.3086665,1.9007194925237583
1714079198.3087795,1.7699360847473142
1714079198.3088923,1.6391527873498422
1714079198.3090053,1.49669227776704
1714079198.309118,1.3589026751341642
1714079198.309231,1.214106767265885
1714079198.309344,1.0681432706338387
1714079198.3094568,0.9210119092905962
1714079198.3095698,0.7703775057086237
1714079198.3096826,0.6185754029839127
1714079198.3097956,0.4621024484987612
1714079198.3099084,0.3044617672761281
1714079198.3100214,0.14331798862527917
1714079198.3101342,-0.024827197194099426
1714079198.3102472,-0.1917768683698442
1714079198.3103602,-0.36573142365173056
1714079198.310473,-0.5373509945692839
1714079198.310586,-0.7113055498511702
1714079198.3106987,-0.8840926267482616
1714079198.3108118,-1.058047237219634
1714079198.3109245,-1.2320017373120342
1714079198.3110375,-1.3977838887108696
1714079198.3111503,-1.5694035424126518
1714079198.3112633,-1.7398556073506672
1714079198.311376,-1.9079727155190926
1714079198.311489,-2.0760900444454617
1714079198.311602,-2.24537452061971
1714079198.311715,-2.414659217551902
1714079198.311828,-2.5792740009449147
1714079198.3119407,-2.74038623880457
1714079198.3120537,-2.896828563125045
1714079198.3121665,-3.05093593067593
1714079198.3122795,-3.199206016681812
1714079198.3123922,-3.3416386003847474
1714079198.3125052,-3.4805686385543257
1714079198.3126183,-3.6194986767239037
1714079198.312731,-3.7525914333484787
1714079198.312844,-3.8856841899730536
1714079198.3129568,-4.011772297046803
1714079198.3130698,-4.13202268105966
1714079198.3131826,-4.251105697066695
1714079198.3132956,-4.3596810764736595
1714079198.3134084,-4.464754351863155
1714079198.3135214,-4.562822977701822
1714079198.3136344,-4.65388607095789
1714079198.3137472,-4.739112324184841
1714079198.3138602,-4.816166118339256
1714079198.313973,-4.88854999895449
1714079198.314086,-4.958598702042191
1714079198.3141987,-5.023977491590712
1714079198.3143117,-5.0835189995942285
1714079198.3144245,-5.137223226052743
1714079198.3145375,-5.187424906977901
1714079198.3146505,-5.225951583297164
1714079198.3147633,-5.263310891610605
1714079198.3148763,-5.291330372845684
1714079198.314989,-5.3170151180691185
1714079198.315102,-5.3333595946983055
1714079198.3152149,-5.346201967310022
1714079198.315328,-5.356709162394205
1714079198.3154407,-5.363714253460919
1714079198.3155537,-5.367216798994276
1714079198.3156664,-5.363714253460919
1714079198.3157794,-5.361379075933385
1714079198.3158925,-5.353207058376736
1714079198.3160052,-5.3438672312983755
1714079198.3161182,-5.331024858686659
1714079198.316231,-5.311177836524116
1714079198.316344,-5.297167654390688
1714079198.3164568,-5.274985896216498
1714079198.3165698,-5.249301150993064
1714079198.3166826,-5.224784215291341
1714079198.3167956,-5.2002668380737305
1714079198.3169086,-5.174582534366183
1714079198.3170214,-5.148897789142749
1714079198.3171344,-5.124380853441026
1714079198.3172472,-5.098696108217593
1714079198.3173602,-5.071843994988336
1714079198.317473,-5.0461596912807885
1714079198.317586,-5.014637664512351
1714079198.3176987,-4.983115637743914
1714079198.3178117,-4.94809106544212
1714079198.3179247,-4.91540167066786
1714079198.3180375,-4.8803775398819536
1714079198.3181505,-4.848855513113516
1714079198.3182633,-4.818500854350902
1714079198.3183763,-4.791648741121645
1714079198.318489,-4.763629259886565
1714079198.318602,-4.737944956179018
1714079198.3187149,-4.713427578961407
1714079198.3188279,-4.683073361714681
1714079198.3189406,-4.65388607095789
1714079198.3190536,-4.623531853711163
1714079198.3191667,-4.59317719494855
1714079198.3192794,-4.560487800174289
1714079198.3193924,-4.532468318939209
1714079198.3195052,-4.506783573715775
1714079198.3196182,-4.485769183547408
1714079198.319731,-4.458917070318151
1714079198.319844,-4.439070048155608
1714079198.3199568,-4.418055216471354
1714079198.3200698,-4.39237047124792
1714079198.3201828,-4.36551879953455
1714079198.3202956,-4.333996772766113
1714079198.3204086,-4.307144659536856
1714079198.3205214,-4.273287896756773
1714079198.3206344,-4.244100605999981
1714079198.3207471,-4.214913756759078
1714079198.3208601,-4.191564189063178
1714079198.320973,-4.1682146213672775
1714079198.321086,-4.140195140132198
1714079198.321199,-4.114510394908764
1714079198.3213117,-4.081821000134503
1714079198.3214247,-4.051466341371889
1714079198.3215375,-4.011772297046803
1714079198.3216505,-3.9732451792116517
1714079198.3217633,-3.9335511348865646
1714079198.3218763,-3.8903541035122338
1714079198.321989,-3.850660059187147
1714079198.322102,-3.810965573346173
1714079198.3222148,-3.770103719499376
1714079198.3223279,-3.7257393201192217
1714079198.3224409,-3.6813751414970115
1714079198.3225536,-3.6288387245602074
1714079198.3226666,-3.5727995413321034
1714079198.3227794,-3.514425622092353
1714079198.3228924,-3.4478792437800654
1714079198.3230052,-3.3825002334736007
1714079198.3231182,-3.3101165736163103
1714079198.323231,-3.2412352385344327
1714079198.323344,-3.167683989913375
1714079198.323457,-3.0964676980619075
1714079198.3235698,-3.0205814926712597
1714079198.3236828,-2.9388577849776656
1714079198.3237956,-2.8571342980420145
1714079198.3239086,-2.7695730880454734
1714079198.3240213,-2.6761748172618725
1714079198.3241343,-2.5781064121811474
1714079198.3242471,-2.47420072555542
1714079198.3243601,-2.369127450165925
1714079198.3244731,-2.2640541747764305
1714079198.324586,-2.1508086610723423
1714079198.324699,-2.0328932338290744
1714079198.3248117,-1.9184801313612194
1714079198.3249247,-1.8028995505085696
1714079198.3250375,-1.6768116641927648
1714079198.3251505,-1.5507238882559315
1714079198.3252633,-1.4187986100161516
1714079198.3253763,-1.2845383750067816
1714079198.3254893,-1.1409383129190516
1714079198.325602,-0.9938358156769364
1714079198.325715,-0.8443983064757452
1714079198.3258278,-0.69029093892486
1714079198.3259408,-0.539685951338874
1714079198.3260536,-0.3844111054031937
1714079198.3261666,-0.23030371025756552
1714079198.3262794,-0.07152640847144304
1714079198.3263924,0.08610026841914212
1714079198.3265052,0.24841176690878689
1714079198.3266182,0.41305867058259466
1714079198.3267312,0.5847118518970631
1714079198.326844,0.7551973064740498
1714079198.326957,0.9303535576219911
1714079198.3270698,1.1020067665312026
1714079198.3271828,1.2771630728686296
1714079198.3272955,1.448816281777841
1714079198.3274086,1.6181339820226033
1714079198.3275213,1.7862839831246269
1714079198.3276343,1.9497632980346677
1714079198.3277473,2.115577900851214
1714079198.32786,2.2743863088113287
1714079198.3279731,2.4425363099133524
1714079198.328086,2.6036801161589445
1714079198.328199,2.770662307739258
1714079198.3283117,2.9294707156993725
1714079198.3284247,3.0894469331811973
1714079198.3285375,3.24008133676317
1714079198.3286505,3.3848771342524775
1714079198.3287635,3.526169944692541
1714079198.3288763,3.660456339518229
1714079198.3289893,3.790072158530906
1714079198.329102,3.9138489299350314
1714079198.329215,4.041129571420175
1714079198.3293278,4.160235546253346
1714079198.3294408,4.280509772124113
1714079198.3295536,4.390274153815375
1714079198.3296666,4.500038977022524
1714079198.3297794,4.599293956050166
1714079198.3298924,4.69154296097932
1714079198.3300054,4.777953359815809
1714079198.3301182,4.8561899750321
1714079198.3302312,4.929755793677436
1714079198.330344,4.995147387186686
1714079198.330457,5.060538980695936
1714079198.3305697,5.118924600106698
1714079198.3306828,5.178477587523283
1714079198.3307955,5.228688981797959
1714079198.3309085,5.275397389023392
1714079198.3310215,5.3186028091995805
1714079198.3311343,5.351298385196261
1714079198.3312473,5.38165878366541
1714079198.33136,5.402677588992648
1714079198.331473,5.4190255977489326
1714079198.331586,5.4330379874617964
1714079198.331699,5.442379580603705
1714079198.3318117,5.44821818669637
1714079198.3319247,5.450553805739791
1714079198.3320377,5.450553805739791
1714079198.3321505,5.449385996218081
1714079198.3322635,5.443547390125415
1714079198.3323762,5.434205796983506
1714079198.3324893,5.422528584798177
1714079198.332602,5.408516195085313
1714079198.332715,5.389833008801495
1714079198.3328278,5.369982012995967
1714079198.3329408,5.350130575674551
1714079198.3330538,5.325608783298068
1714079198.3331666,5.303422609965006
1714079198.3332796,5.277733008066813
1714079198.3333924,5.254378583696153
1714079198.3335054,5.231024600841381
1714079198.3336182,5.201831570378056
1714079198.3337312,5.179645397044994
1714079198.333844,5.15278798562509
1714079198.333957,5.130601370776141
1714079198.3340697,5.09907360430117
1714079198.3341827,5.071048383359556
1714079198.3342957,5.041855794412118
1714079198.3344085,5.012662763948794
1714079198.3345215,4.9823023654796454
1714079198.3346343,4.951941967010498
1714079198.3347473,4.928587984155725
1714079198.33486,4.899395395208288
1714079198.334973,4.8772087803593385
1714079198.3350859,4.851519178461145
1714079198.3351989,4.825829576562952
1714079198.335312,4.801307784186469
1714079198.3354247,4.7686117666739
1714079198.3355377,4.738251368204752
1714079198.3356504,4.710226588779025
1714079198.3357635,4.681033558315701
1714079198.3358762,4.649505791840729
1714079198.3359892,4.620312761377405
1714079198.336102,4.596958778522632
1714079198.336215,4.570101367102729
1714079198.336328,4.545579574726245
1714079198.3364408,4.521057782349763
1714079198.3365538,4.490697383880615
1714079198.3366666,4.4626721629390005
1714079198.3367796,4.429976145426432
1714079198.3368924,4.394944950386329
1714079198.3370054,4.361081564867938
1714079198.3371181,4.324882560306125
1714079198.3372312,4.288683555744312
1714079198.337344,4.259490966796875
1714079198.337457,4.2209563431916415
1714079198.33757,4.18942857671667
1714079198.3376827,4.153229572154857
1714079198.3377957,4.114694948549624
1714079198.3379085,4.072657337895146
1714079198.3380215,4.0247815626638905
1714079198.3381343,3.9757375363950374
1714079198.3382473,3.925526142120361
1714079198.33836,3.8718117607964406
1714079198.338473,3.8192647474783437
1714079198.338586,3.7620469375892918
1714079198.3386989,3.7083325562653715
1714079198.3388119,3.6499469368546094
1714079198.3389246,3.5892261399163137
1714079198.3390377,3.5273375334563077
1714079198.3391504,3.457275143376103
1714079198.3392634,3.3848771342524775
1714079198.3393762,3.3066407397941306
1714079198.3394892,3.2237333280068854
1714079198.3396022,3.136155119648686
1714079198.339715,3.049744720812197
1714079198.339828,2.9621665124539973
1714079198.3399408,2.8687499187610768
1714079198.3400538,2.7741655155464455
1714079198.3401666,2.678413523568047
1714079198.3402796,2.5733197176897966
1714079198.3403924,2.4693935005753125
1714079198.3405054,2.35729349984063
1714079198.3406184,2.239354893013283
1714079198.3407311,2.1190808879004583
1714079198.3408442,1.991800687931202
1714079198.340957,1.8680236957691332
1714079198.34107,1.734904889707212
1714079198.3411827,1.6006183845025521
1714079198.3412957,1.466331879297892
1714079198.3414085,1.326206878379539
1714079198.3415215,1.1837463687967371
1714079198.3416343,1.0412859695929066
1714079198.3417473,0.8906515108214483
1714079198.3418603,0.7353462554790355
1714079198.341973,0.5777056018511454
1714079198.342086,0.4165617956055535
1714079198.3421988,0.2519148919317457
1714079198.3423119,0.08493255547903202
1714079198.3424246,-0.08436868450155964
1714079198.3425376,-0.25015087039382367
1714079198.3426504,-0.41943551213652996
1714079198.3427634,-0.5887201538792363
1714079198.3428764,-0.7568373172371475
1714079198.3429892,-0.9307918725190338
1714079198.3431022,-1.1000764590722543
1714079198.343215,-1.2728635911588315
1714079198.343328,-1.450320526405617
1714079198.3434408,-1.6254426152617842
1714079198.3435538,-1.8028995505085696
1714079198.3436666,-1.975686682595147
1714079198.3437796,-2.1508086610723423
1714079198.3438926,-2.3189257692407677
1714079198.3440053,-2.482372963870013
1714079198.3441184,-2.644652790493435
1714079198.3442311,-2.8045976603472673
1714079198.3443441,-2.9610399846677424
1714079198.344457,-3.1163147202244508
1714079198.34457,-3.271589676539103
1714079198.3446827,-3.418692173781218
1714079198.3447957,-3.56929721655669
1714079198.3449085,-3.7093948434900352
1714079198.3450215,-3.84248760011461
1714079198.3451345,-3.9720778112058284
1714079198.3452473,-4.096998108757867
1714079198.3453603,-4.209076475214075
1714079198.345473,-4.319987032148573
1714079198.345586,-4.423892498016357
1714079198.3456988,-4.526631037394205
1714079198.3458118,-4.6200293081778065
1714079198.3459246,-4.707590297416404
1714079198.3460376,-4.795151286655002
1714079198.3461506,-4.872205080809416
1714079198.3462634,-4.9445889614246505
1714079198.3463764,-5.012302486984818
1714079198.3464892,-5.071843994988336
1714079198.3466022,-5.124380853441026
1714079198.346715,-5.169912620827003
1714079198.346828,-5.2107744746738005
1714079198.3469408,-5.248133782987241
1714079198.3470538,-5.2796558097556785
1714079198.3471668,-5.307675290990758
1714079198.3472795,-5.329857490680835
1714079198.3473926,-5.347369335315845
1714079198.3475053,-5.362546885455096
1714079198.3476183,-5.373054080539279
1714079198.347731,-5.380059171605993
1714079198.3478441,-5.383561275623462
1714079198.347957,-5.380059171605993
1714079198.34807,-5.371886712533456
1714079198.3481827,-5.362546885455096
1714079198.3482957,-5.349704512843379
1714079198.3484087,-5.3333595946983055
1714079198.3485215,-5.3170151180691185
1714079198.3486345,-5.297167654390688
1714079198.3487473,-5.276153264222321
1714079198.3488603,-5.255138432538067
1714079198.348973,-5.234124042369701
1714079198.349086,-5.20960666515209
1714079198.3491988,-5.1839223614445435
1714079198.3493118,-5.155902880209463
1714079198.3494248,-5.126715589452672
1714079198.3495376,-5.0940261946784124
1714079198.3496506,-5.061336799904152
1714079198.3497634,-5.0251448595965345
1714079198.3498764,-4.990120728810628
1714079198.3499892,-4.959766070048014
1714079198.3501022,-4.928244043279577
1714079198.350215,-4.899057194038673
1714079198.350328,-4.872205080809416
1714079198.350441,-4.841850422046802
1714079198.3505538,-4.816166118339256
1714079198.3506668,-4.784644091570819
1714079198.3507795,-4.754289432808204
1714079198.3508925,-4.7216000380339445
1714079198.3510053,-4.686575907248038
1714079198.3511183,-4.65855598449707
1714079198.351231,-4.628201767250343
1714079198.351344,-4.603684390032733
1714079198.351457,-4.583837367870189
1714079198.35157,-4.560487800174289
1714079198.351683,-4.539473410005923
1714079198.3517957,-4.516123400794135
1714079198.3519087,-4.490439097086588
1714079198.3520215,-4.460084438323975
1714079198.3521345,-4.430897589083071
1714079198.3522472,-4.399375562314634
1714079198.3523602,-4.3701887130737305
1714079198.352473,-4.338666686305293
1714079198.352586,-4.316484486615216
1714079198.352699,-4.288465005380136
1714079198.3528118,-4.265115437684235
1714079198.3529248,-4.244100605999981
1714079198.3530376,-4.2160811247649015
1714079198.3531506,-4.188061643529821
1714079198.3532634,-4.156539616761384
1714079198.3533764,-4.1203476764537665
1714079198.3534892,-4.08532354566786
1714079198.3536022,-4.050298973366066
1714079198.3537152,-4.0141070330584485
1714079198.353828,-3.9802502702783653
1714079198.353941,-3.9463930659823947
1714079198.3540537,-3.9113689351964878
1714079198.3541667,-3.876344362894694
1714079198.3542795,-3.836650318569607
1714079198.3543925,-3.7922859191894527
1714079198.3545053,-3.744418974275942
1714079198.3546183,-3.693050146102905
1714079198.3547313,-3.6381785516385676
1714079198.354844,-3.5786370436350503
1714079198.354957,-3.522597860406946
1714079198.3550699,-3.4630563524034286
1714079198.355183,-3.404682433163678
1714079198.3552957,-3.3428059683905706
1714079198.3554087,-3.276259590078283
1714079198.3555214,-3.2097132117659957
1714079198.3556345,-3.138496919914528
1714079198.3557472,-3.061443346518057
1714079198.3558602,-2.979719638824463
1714079198.3559732,-2.893326017591688
1714079198.356086,-2.8010951148139105
1714079198.356199,-2.711199168805723
1714079198.3563118,-2.613130763724998
1714079198.3564248,-2.517397536171807
1714079198.3565376,-2.416994174321492
1714079198.3566506,-2.3142558557015875
1714079198.3567634,-2.20801521230627
1714079198.3568764,-2.097104655371772
1714079198.3569894,-1.980356596134327
1714079198.3571022,-1.858938623357702
1714079198.3572152,-1.732850737041897
1714079198.357328,-1.6055953723412972
1714079198.357441,-1.4690001805623372
1714079198.3575537,-1.331237510398582
1714079198.3576667,-1.1946424289985937
1714079198.3577795,-1.051042256531892
1714079198.3578925,-0.9097772064032378
1714079198.3580055,-0.7638421875459176
1714079198.3581183,-0.6144047335342124
1714079198.3582313,-0.4661347027178164
1714079198.358344,-0.3108598567821361
1714079198.358457,-0.1544175048669179
1714079198.3585699,0.007863787727223502
1714079198.3586829,0.17251070174905989
1714079198.3587956,0.3406607442431979
1714079198.3589087,0.5088108005347075
1714079198.3590217,0.6769608568262171
1714079198.3591344,0.8427754596427635
1714079198.3592474,1.0074223633165713
1714079198.3593602,1.172069266990379
1714079198.3594732,1.3378838698069253
1714079198.359586,1.502530883859705
1714079198.359699,1.6706808849617285
1714079198.3598118,1.8399985852064908
1714079198.3599248,2.008148696687486
1714079198.3600376,2.17629869778951
1714079198.3601506,2.3444486988915334
1714079198.3602636,2.51026330170808
1714079198.3603764,2.6690717096681946
1714079198.3604894,2.8278801176283093
1714079198.3606021,2.977346932446515
1714079198.3607152,3.1244781282212997
1714079198.360828,3.2681063369468406
1714079198.360941,3.40939892662896
1714079198.3610537,3.549524148305257
1714079198.3611667,3.68964914922361
1714079198.3612797,3.8227677345275874
1714079198.3613925,3.9558865405895087
1714079198.3615055,4.080831563031231
1714079198.3616183,4.198770169858579
1714079198.3617313,4.3120379801149715
1714079198.361844,4.411292959142614
1714079198.361957,4.511715747691967
1714079198.3620698,4.601629575093587
1714079198.3621829,4.682201367837411
1714079198.3622959,4.770947385717321
1714079198.3624086,4.852686987982856
1714079198.3625216,4.926252365112305
1714079198.3626344,4.99865037423593
1714079198.3627474,5.060538980695936
1714079198.3628602,5.121259777634232
1714079198.3629732,5.172638981430619
1714079198.363086,5.218179579134341
1714079198.363199,5.256714202739574
1714079198.3633118,5.2917453977796765
1714079198.3634248,5.319770177205403
1714079198.3635378,5.345459779103597
1714079198.3636506,5.3688142034742565
1714079198.3637636,5.388665199279785
1714079198.3638763,5.406180576041892
1714079198.3639894,5.4143548011779785
1714079198.3641021,5.422528584798177
1714079198.3642151,5.429535000412552
1714079198.364328,5.4283671908908415
1714079198.364441,5.424864203841597
1714079198.364554,5.417857788227222
1714079198.3646667,5.4050132080360695
1714079198.3647797,5.39450380537245
1714079198.3648925,5.380490974143699
1714079198.3650055,5.362975597381592
1714079198.3651183,5.345459779103597
1714079198.3652313,5.330279579869023
1714079198.365344,5.311596393585205
1714079198.365457,5.2917453977796765
1714079198.36557,5.264887986359772
1714079198.3656828,5.245036990554244
1714079198.3657959,5.21934738865605
1714079198.3659086,5.194825596279568
1714079198.3660216,5.16446519781042
1714079198.3661344,5.137607786390516
1714079198.3662474,5.1095825654489015
1714079198.3663602,5.079222166979754
1714079198.3664732,5.052365197075738
1714079198.3665862,5.025507785655834
1714079198.366699,4.997482564714219
1714079198.366812,4.974128581859447
1714079198.3669248,4.947271170439543
1714079198.3670378,4.9227493780630605
1714079198.3671505,4.894724598637334
1714079198.3672636,4.865531568174009
1714079198.3673763,4.836338979226571
1714079198.3674893,4.805978580757423
1714079198.367602,4.775618182288276
1714079198.3677151,4.746425593340838
1714079198.3678281,4.720735991442645
1714079198.367941,4.698549376593696
1714079198.368054,4.672859774695502
1714079198.3681667,4.647170172797309
1714079198.3682797,4.62498355794836
1714079198.3683925,4.595790969000922
1714079198.3685055,4.570101367102729
1714079198.3686182,4.539740968633581
1714079198.3687313,4.505877583115189
1714079198.3688443,4.476684552651864
1714079198.368957,4.446324154182716
1714079198.36907,4.418299374756989
1714079198.3691828,4.389106344293665
1714079198.3692958,4.361081564867938
1714079198.3694086,4.3318889759205
1714079198.3695216,4.299192958407931
1714079198.3696344,4.268832559938784
1714079198.3697474,4.23146574585526
1714079198.3698604,4.187092957673249
1714079198.3699732,4.146223156540482
1714079198.3700862,4.1030177363642935
1714079198.370199,4.057477138660572
1714079198.370312,4.01193654095685
1714079198.3704247,3.9687315622965493
1714079198.3705378,3.9208553455494064
1714079198.3706505,3.8718117607964406
1714079198.3707635,3.8227677345275874
1714079198.3708763,3.769053353203667
1714079198.3709893,3.709499924271195
1714079198.3711023,3.6476115385691323
1714079198.371215,3.5798845467744047
1714079198.371328,3.50865434717249
1714079198.371441,3.4385917363343412
1714079198.371554,3.3673615367324263
1714079198.3716667,3.2926281293233233
1714079198.3717797,3.213223925343266
1714079198.3718925,3.1349875308849193
1714079198.3720055,3.0544155173831515
1714079198.3721185,2.9703405168321395
1714079198.3722312,2.8757561136175083
1714079198.3723443,2.781171710402877
1714079198.372457,2.677245714046337
1714079198.37257,2.572151908168086
1714079198.3726828,2.464722704004358
1714079198.3727958,2.3502873049841986
1714079198.3729086,2.239354893013283
1714079198.3730216,2.1214165069438793
1714079198.3731346,2.0034779001165317
1714079198.3732474,1.8797006871965196
1714079198.3733604,1.7512527880845246
1714079198.3734732,1.6193016811653418
1714079198.3735862,1.4803443793897275
1714079198.373699,1.3378838698069253
1714079198.373812,1.1942557714603566
1714079198.3739247,1.0412859695929066
1714079198.3740377,0.8883161125359711
1714079198.3741508,0.7330108571935583
1714079198.3742635,0.5753702035656681
1714079198.3743765,0.4165617956055535
1714079198.3744893,0.25425031781196594
1714079198.3746023,0.09310651846505977
1714079198.374715,-0.07152640847144304
1714079198.374828,-0.24081104331546357
1714079198.3749409,-0.4077607006938369
1714079198.375054,-0.5817152835704662
1714079198.3751667,-0.7568373172371475
1714079198.3752797,-0.9342943076734189
1714079198.3753927,-1.1082488077658192
1714079198.3755054,-1.2833708966219866
1714079198.3756185,-1.454990439944797
1714079198.3757312,-1.6266100936465793
1714079198.3758442,-1.7982296369693895
1714079198.375957,-1.966346855516787
1714079198.37607,-2.1344639636852123
1714079198.3761828,-2.3025810718536377
1714079198.3762958,-2.470698180022063
1714079198.3764088,-2.6341453746513084
1714079198.3765216,-2.7987601580443204
1714079198.3766346,-2.9598723959039757
1714079198.3767474,-3.1163147202244508
1714079198.3768604,-3.2704223085332798
1714079198.3769732,-3.417524805775395
1714079198.3770862,-3.55762243270874
1714079198.377199,-3.697720059642085
1714079198.377312,-3.82847785949707
1714079198.377425,-3.954565525054931
1714079198.3775377,-4.078318454601146
1714079198.3776507,-4.198568838614005
1714079198.3777635,-4.318819222626862
1714079198.3778765,-4.427395043549714
1714079198.3779893,-4.532468318939209
1714079198.3781023,-4.632871680789523
1714079198.378215,-4.7216000380339445
1714079198.378328,-4.810328395278365
1714079198.3784409,-4.887382189432779
1714079198.3785539,-4.9527609789813
1714079198.3786669,-5.018140210045709
1714079198.3787796,-5.076513908527515
1714079198.3788927,-5.1313855029918525
1714079198.3790054,-5.179252447905363
1714079198.3791184,-5.221281669757984
1714079198.3792312,-5.259808346077247
1714079198.3793442,-5.291330372845684
1714079198.379457,-5.3170151180691185
1714079198.37957,-5.341532053770842
1714079198.379683,-5.356709162394205
1714079198.3797958,-5.367216798994276
1714079198.3799088,-5.376556626072636
1714079198.3800216,-5.376556626072636
1714079198.3801346,-5.377723994078459
1714079198.3802474,-5.375388816550926
1714079198.3803604,-5.368384167000099
1714079198.3804731,-5.359044339921739
1714079198.3805861,-5.348537144837556
1714079198.3806992,-5.335694772225839
1714079198.380812,-5.324019767619945
1714079198.380925,-5.305340113463225
1714079198.3810377,-5.284325723294859
1714079198.3811507,-5.262143523604781
1714079198.3812635,-5.236458778381348
1714079198.3813765,-5.207271929140444
1714079198.3814893,-5.179252447905363
1714079198.3816023,-5.148897789142749
1714079198.381715,-5.118543571896023
1714079198.381828,-5.092858826672589
1714079198.381941,-5.061336799904152
1714079198.3820539,-5.034484686674895
1714079198.3821669,-5.007632573445638
1714079198.3822796,-4.977278356198911
1714079198.3823926,-4.94809106544212
1714079198.3825054,-4.9130669346562135
1714079198.3826184,-4.879209730360243
1714079198.3827312,-4.843018231568513
1714079198.3828442,-4.809161027272542
1714079198.3829572,-4.775304264492458
1714079198.38307,-4.741447060196488
1714079198.383183,-4.715762756488941
1714079198.3832958,-4.688910643259684
1714079198.3834088,-4.66439370755796
1714079198.3835216,-4.63987633034035
1714079198.3836346,-4.611856849105269
1714079198.3837473,-4.581502631858543
1714079198.3838603,-4.551147973095929
1714079198.3839734,-4.521961123855025
1714079198.3840861,-4.4927738330982345
1714079198.3841991,-4.4612518063297975
1714079198.384312,-4.436734870628074
1714079198.384425,-4.415720480459708
1714079198.3845377,-4.39237047124792
1714079198.3846507,-4.3701887130737305
1714079198.3847635,-4.350341249395299
1714079198.3848765,-4.3269916816994
1714079198.3849895,-4.298972200464319
1714079198.3851023,-4.273287896756773
1714079198.3852153,-4.239430692460801
1714079198.385328,-4.206741297686541
1714079198.385441,-4.178721816451461
1714079198.3855538,-4.143697244149667
1714079198.3856668,-4.11801294044212
1714079198.3857796,-4.092328195218687
1714079198.3858926,-4.06547608198943
1714079198.3860054,-4.032786687215169
1714079198.3861184,-3.9989299244350853
1714079198.3862314,-3.9604028065999346
1714079198.3863442,-3.921876130280671
1714079198.3864572,-3.876344362894694
1714079198.38657,-3.8261426819695363
1714079198.386683,-3.778276178571913
1714079198.3867958,-3.7292418656525785
1714079198.3869088,-3.6813751414970115
1714079198.3870215,-3.634676006105211
1714079198.3871346,-3.5833069571742304
1714079198.3872476,-3.529602730715716
1714079198.3873603,-3.4735637682455556
1714079198.3874733,-3.410519935466625
1714079198.387586,-3.3451409251601607
1714079198.3876991,-3.27275726530287
1714079198.387812,-3.1933685143788653
1714079198.387925,-3.1174823089882175
1714079198.3880377,-3.0357586012946234
1714079198.3881507,-2.9540351143589723
1714079198.3882637,-2.872311406665378
1714079198.3883765,-2.7835830494209572
1714079198.3884895,-2.6971894281881825
1714079198.3886023,-2.601455979877048
1714079198.3887153,-2.503387795554267
1714079198.388828,-2.4053193904735424
1714079198.388941,-2.2932412447752775
1714079198.3890538,-2.1799957310711893
1714079198.3891668,-2.0655826286033347
1714079198.3892796,-1.9418296990571198
1714079198.3893926,-1.8192442478956998
1714079198.3895056,-1.6966589071132518
1714079198.3896184,-1.5682360640278568
1714079198.3897314,-1.4374782641728718
1714079198.3898442,-1.3008830723939118
1714079198.3899572,-1.1654553589997467
1714079198.39007,-1.0253577320664016
1714079198.390183,-0.8735853212851065
1714079198.3902957,-0.7241478672734013
1714079198.3904088,-0.5665380093786451
1714079198.3905218,-0.4065932223090419
1714079198.3906345,-0.2431460000850536
1714079198.3907475,-0.07969876406369385
1714079198.3908603,0.08376484943760765
1714079198.3909733,0.24841176690878689
1714079198.391086,0.41305867058259466
1714079198.391199,0.5777056018511454
1714079198.391312,0.745855658142655
1714079198.391425,0.9140056592446786
1714079198.391538,1.08565886815389
1714079198.3916507,1.2573119666841295
1714079198.3917637,1.4324682730215565
1714079198.3918765,1.61229548630891
1714079198.3919895,1.7839485848391496
1714079198.3921022,1.953266285083912
1714079198.3922153,2.1202486974221686
1714079198.392328,2.2837279019532377
1714079198.392441,2.44487170819883
1714079198.392554,2.59900931958799
1714079198.3926668,2.7554821085046837
1714079198.3927798,2.909619719893844
1714079198.3928926,3.0625895217612937
1714079198.3930056,3.215559323628743
1714079198.3931184,3.3673615367324263
1714079198.3932314,3.510989745457967
1714079198.3933442,3.652282335140087
1714079198.3934572,3.7854013619599516
1714079198.39357,3.912681561929208
1714079198.393683,4.03529096532751
1714079198.393796,4.147390966062193
1714079198.3939087,4.259490966796875
1714079198.3940217,4.365752361438892
1714079198.3941345,4.4720137560809095
1714079198.3942475,4.570101367102729
1714079198.3943603,4.6670211686028376
1714079198.3944733,4.756934996004458
1714079198.394586,4.842177585319236
1714079198.394699,4.9180785814921055
1714079198.394812,4.989308781094021
1714079198.3949249,5.051197387554027
1714079198.395038,5.1095825654489015
1714079198.3951507,5.160961769245288
1714079198.3952637,5.206502808464898
1714079198.3953764,5.250875596646909
1714079198.3954895,5.288242410730432
1714079198.3956022,5.3279444023414895
1714079198.3957152,5.357136991288926
1714079198.3958282,5.3828265931871195
1714079198.395941,5.403845398514359
1714079198.396054,5.417857788227222
1714079198.3961668,5.429535000412552
1714079198.3962798,5.434205796983506
1714079198.3963926,5.4377087840327505
1714079198.3965056,5.434205796983506
1714079198.3966184,5.430702809934263
1714079198.3967314,5.422528584798177
1714079198.3968441,5.417857788227222
1714079198.3969572,5.406180576041892
1714079198.3970702,5.395671614894161
1714079198.397183,5.380490974143699
1714079198.397296,5.361807787859881
1714079198.3974087,5.345459779103597
1714079198.3975217,5.325608783298068
1714079198.3976345,5.303422609965006
1714079198.3977475,5.278900376072636
1714079198.3978603,5.255546393217863
1714079198.3979733,5.228688981797959
1714079198.3980863,5.202999379899766
1714079198.398199,5.177309778001573
1714079198.398312,5.151620176103379
1714079198.3984249,5.127098383726897
1714079198.3985379,5.097905794779459
1714079198.3986506,5.074551370408799
1714079198.3987637,5.047694400504783
1714079198.3988764,5.019669179563169
1714079198.3989894,4.993979577664976
1714079198.3991024,4.962451369674117
1714079198.3992152,4.93442659024839
1714079198.3993282,4.902898382257532
1714079198.399441,4.873705793310094
1714079198.399554,4.843345394840947
1714079198.3996668,4.819990970470287
1714079198.3997798,4.79196619104456
1714079198.3998926,4.7686117666739
1714079198.4000056,4.742922164775707
1714079198.4001186,4.718400372399224
1714079198.4002314,4.69154296097932
1714079198.4003444,4.662350372031883
1714079198.4004571,4.6308221640410245
1714079198.4005702,4.598126588044343
1714079198.400683,4.570101367102729
1714079198.400796,4.536237981584336
1714079198.4009087,4.512883557213677
1714079198.4010217,4.48369096826624
1714079198.4011345,4.461504353417291
1714079198.4012475,4.428808777420609
1714079198.4013605,4.401951366000705
1714079198.4014733,4.372758777053267
1714079198.4015863,4.336559772491455
1714079198.401699,4.302695945457176
1714079198.401812,4.262993953846118
1714079198.4019248,4.226794949284306
1714079198.4020379,4.185925148151539
1714079198.4021506,4.152061762633147
1714079198.4022636,4.113527139027913
1714079198.4023767,4.073825147416856
1714079198.4024894,4.0341231558057995
1714079198.4026024,3.993253354673032
1714079198.4027152,3.9465449474475998
1714079198.4028282,3.895165743651213
1714079198.402941,3.841451362327293
1714079198.403054,3.7854013619599516
1714079198.4031668,3.725847933027479
1714079198.4032798,3.662791737803706
1714079198.4033928,3.604406339150888
1714079198.4035056,3.5390147456416376
1714079198.4036186,3.478293727945398
1714079198.4037313,3.4082313378651934
1714079198.4038444,3.3381687270270453
1714079198.4039571,3.2622677308541754
1714079198.4040701,3.180528128588641
1714079198.404183,3.0952853185159186
1714079198.404296,3.004204123108475
1714079198.4044087,2.910787529415554
1714079198.4045217,2.813867727915446
1714079198.4046347,2.7169477056573936
1714079198.4047475,2.609518722251609
1714079198.4048605,2.51026330170808
1714079198.4049733,2.4016665087805853
1714079198.4050863,2.289566508045903
1714079198.405199,2.1774665073112205
1714079198.405312,2.0548571039129184
1714079198.4054248,1.9334152892783836
1714079198.4055378,1.8026319918809113
1714079198.4056509,1.6718485841044672
1714079198.4057636,1.5363943797570687
1714079198.4058766,1.395101679695977
1714079198.4059894,1.25847977620584
1714079198.4061024,1.112516169194822
1714079198.4062152,0.9653848630410653
1714079198.4063282,0.8217567095050105
1714079198.406441,0.6699546067802994
1714079198.406554,0.5169847497233637
1714079198.406667,0.3546732443350333
1714079198.4067798,0.19586487776703304
1714079198.4068928,0.028882543038990762
1714079198.4070055,-0.14040773665463482
1714079198.4071186,-0.3085249000125461
1714079198.4072313,-0.4824794552944324
1714079198.4073443,-0.6540990538067287
1714079198.407457,-0.8257186523190251
1714079198.4075701,-0.9961707724465264
1714079198.407683,-1.1701252725389268
1714079198.407796,-1.340577447855914
1714079198.407909,-1.5110295127939295
1714079198.4080217,-1.6838165345015348
1714079198.4081347,-1.8531011210547552
1714079198.4082475,-2.0293906882957176
1714079198.4083605,-2.199842753233733
1714079198.4084733,-2.370295038929692
1714079198.4085863,-2.5372445583343506
1714079198.408699,-2.6960218394244158
1714079198.408812,-2.8571342980420145
1714079198.408925,-3.007739120059543
1714079198.4090378,-3.157176574071248
1714079198.4091508,-3.3019441145437733
1714079198.4092636,-3.4443766982467086
1714079198.4093766,-3.5821393684104637
1714079198.4094894,-3.717567302562572
1714079198.4096024,-3.8529947951987937
1714079198.4097152,-3.9802502702783653
1714079198.4098282,-4.1040031998245805
1714079198.4099412,-4.217248492770724
1714079198.410054,-4.325824313693576
1714079198.410167,-4.4285624115555375
1714079198.4102798,-4.525463227872495
1714079198.4103928,-4.61769457216616
1714079198.4105055,-4.699417838343868
1714079198.4106185,-4.783476723564996
1714079198.4107313,-4.8593627081976996
1714079198.4108443,-4.9340813248245805
1714079198.4109573,-5.000627923894811
1714079198.41107,-5.063671977431685
1714079198.411183,-5.118543571896023
1714079198.411296,-5.166410075293647
1714079198.411409,-5.211941842679624
1714079198.4115217,-5.245798605459707
1714079198.4116347,-5.280823177761501
1714079198.4117475,-5.304172745457402
1714079198.4118605,-5.324019767619945
1714079198.4119732,-5.341532053770842
1714079198.4120862,-5.354374426382559
1714079198.4121993,-5.363714253460919
1714079198.412312,-5.367216798994276
1714079198.412425,-5.371886712533456
1714079198.4125378,-5.368384167000099
1714079198.4126508,-5.363714253460919
1714079198.4127636,-5.356709162394205
1714079198.4128766,-5.340364685765019
1714079198.4129894,-5.326354945147479
1714079198.4131024,-5.306507481469048
1714079198.4132154,-5.286660459306504
1714079198.4133282,-5.262143523604781
1714079198.4134412,-5.239961323914704
1714079198.413554,-5.21427657869127
1714079198.413667,-5.188592274983724
1714079198.4137797,-5.166410075293647
1714079198.4138927,-5.13955796206439
1714079198.4140055,-5.115041026362666
1714079198.4141185,-5.085853735605875
1714079198.4142315,-5.0566668863649715
1714079198.4143443,-5.022810123584888
1714079198.4144573,-4.986618183277271
1714079198.41457,-4.955096156508834
1714079198.414683,-4.922406761734574
1714079198.4147959,-4.887382189432779
1714079198.414909,-4.857027972186053
1714079198.4150217,-4.8278406814292625
1714079198.4151347,-4.803323745727539
1714079198.4152474,-4.776471632498281
1714079198.4153605,-4.747284783257379
1714079198.4154735,-4.719265302022298
1714079198.4155862,-4.690078011265507
1714079198.4156992,-4.657388616491247
1714079198.415812,-4.623531853711163
1714079198.415925,-4.595512372476083
1714079198.4160378,-4.565157713713469
1714079198.4161508,-4.539473410005923
1714079198.4162636,-4.518458578321669
1714079198.4163766,-4.495109010625768
1714079198.4164896,-4.474094178941514
1714079198.4166024,-4.449577243239791
1714079198.4167154,-4.426227675543891
1714079198.4168282,-4.397040826302987
1714079198.4169412,-4.366686167540373
1714079198.417054,-4.336331508777759
1714079198.417167,-4.304809482009322
1714079198.4172797,-4.273287896756773
1714079198.4173927,-4.247603151533339
1714079198.4175057,-4.223086215831615
1714079198.4176185,-4.197401470608181
1714079198.4177315,-4.175219270918104
1714079198.4178443,-4.148367157688847
1714079198.4179573,-4.119180308447944
1714079198.41807,-4.087658281679507
1714079198.418183,-4.051466341371889
1714079198.4182959,-4.015274401064272
1714079198.4184089,-3.974412988733362
1714079198.418522,-3.939388416431568
1714079198.4186347,-3.8973591945789474
1714079198.4187477,-3.8611672542713302
1714079198.4188604,-3.824975313963713
1714079198.4189734,-3.785280828122739
1714079198.4190862,-3.7420842382642956
1714079198.4191992,-3.693050146102905
1714079198.419312,-3.6428484651777477
1714079198.419425,-3.5856419139438205
1714079198.4195378,-3.529602730715716
1714079198.4196508,-3.4630563524034286
1714079198.4197638,-3.402347476394088
1714079198.4198766,-3.3334661413122104
1714079198.4199896,-3.266919762999923
1714079198.4201024,-3.199206016681812
1714079198.4202154,-3.1268221360665778
1714079198.4203281,-3.0544382554513434
1714079198.4204412,-2.9727147685156927
1714079198.420554,-2.888656104052508
1714079198.420667,-2.7987601580443204
1714079198.42078,-2.705361666502776
1714079198.4208927,-2.606125893416228
1714079198.4210057,-2.501052838784677
1714079198.4211185,-2.395979563395182
1714079198.4212315,-2.2885713312360974
1714079198.4213443,-2.1799957310711893
1714079198.4214573,-2.064415039839568
1714079198.42157,-1.9488345693658897
1714079198.421683,-1.82624911820447
1714079198.421796,-1.7036637774220218
1714079198.4219089,-1.5729059775670369
1714079198.4220219,-1.439813220942462
1714079198.4221346,-1.2997155940091167
1714079198.4222476,-1.1537805751517967
1714079198.4223604,-1.0090130346792714
1714079198.4224734,-0.8595755254780804
1714079198.4225862,-0.7078031146967853
1714079198.4226992,-0.55836566068508
1714079198.422812,-0.4019233087698618
1714079198.422925,-0.24898339200902866
1714079198.423038,-0.09020609022290618
1714079198.4231508,0.06741693036423789
1714079198.4232638,0.23206384093673138
1714079198.4233766,0.40021389722824097
1714079198.4234896,0.5695316526624891
1714079198.4236023,0.7446879589999164
1714079198.4237154,0.9151734135769031
1714079198.4238281,1.0868265672966286
1714079198.4239411,1.2608151744913172
1714079198.4240541,1.4301328747360793
1714079198.424167,1.5982829862170749
1714079198.42428,1.7664329873190985
1714079198.4243927,1.9322477005146166
1714079198.4245057,2.0992298920949297
1714079198.4246185,2.2673798931969533
1714079198.4247315,2.435530115056921
1714079198.4248443,2.602512306637234
1714079198.4249573,2.7659915111683033
1714079198.4250703,2.9236323303646508
1714079198.425183,3.0836083270885326
1714079198.425296,3.2330749211487944
1714079198.4254088,3.380206337681523
1714079198.4255219,3.5156605420289213
1714079198.4256346,3.65111474637632
1714079198.4257476,3.7818979333948204
1714079198.4258604,3.910345942885787
1714079198.4259734,4.039961761898464
1714079198.4260864,4.161403355775056
1714079198.4261992,4.282844949651647
1714079198.4263122,4.397280569429751
1714079198.426425,4.4988711675008135
1714079198.426538,4.596958778522632
1714079198.4266508,4.6903755929734965
1714079198.4267638,4.773282563244854
1714079198.4268765,4.852686987982856
1714079198.4269896,4.92158156854135
1714079198.4271023,4.993979577664976
1714079198.4272153,5.057035993646692
1714079198.4273283,5.122427587155943
1714079198.4274411,5.176141968479863
1714079198.4275541,5.228688981797959
1714079198.427667,5.275397389023392
1714079198.42778,5.312764203106915
1714079198.4278927,5.347795398147017
1714079198.4280057,5.374652809566921
1714079198.4281185,5.39450380537245
1714079198.4282315,5.409684004607024
1714079198.4283445,5.426032013363308
1714079198.4284573,5.435373606505217
1714079198.4285703,5.445883009168837
1714079198.428683,5.450553805739791
1714079198.428796,5.450553805739791
1714079198.4289088,5.451721615261501
1714079198.4290218,5.4470503771746595
1714079198.4291346,5.438876593554461
1714079198.4292476,5.424864203841597
1714079198.4293606,5.412019182134557
1714079198.4294734,5.395671614894161
1714079198.4295864,5.375820177572744
1714079198.4296992,5.355969181767216
1714079198.4298122,5.3326151989124435
1714079198.429925,5.310428584063494
1714079198.430038,5.284738982165301
1714079198.4301507,5.261384999310528
1714079198.4302638,5.238030574939868
1714079198.4303765,5.211173605035852
1714079198.4304895,5.187819180665192
1714079198.4306026,5.159794401239465
1714079198.4307153,5.132936989819561
1714079198.4308283,5.101408781828703
1714079198.430941,5.073384002402976
1714079198.431054,5.039520175368697
1714079198.431167,5.0091597768995495
1714079198.43128,4.979967187952112
1714079198.4313927,4.9542775860539185
1714079198.4315057,4.9274201746340145
1714079198.4316187,4.902898382257532
1714079198.4317315,4.878376589881049
1714079198.4318445,4.850351368939434
1714079198.4319572,4.823493957519531
1714079198.4320703,4.794301368572094
1714079198.432183,4.766276589146367
1714079198.432296,4.737083558683042
1714079198.4324088,4.705555792208071
1714079198.4325218,4.678698380788167
1714079198.4326348,4.649505791840729
1714079198.4327476,4.62498355794836
1714079198.4328606,4.599293956050166
1714079198.4329734,4.575939973195394
1714079198.4330864,4.5502503712972
1714079198.4331992,4.521057782349763
1714079198.4333122,4.495368180451569
1714079198.433425,4.4626721629390005
1714079198.433538,4.428808777420609
1714079198.4336507,4.3937775823805065
1714079198.4337637,4.362249374389648
1714079198.4338768,4.327218179349546
1714079198.4339895,4.295689971358687
1714079198.4341025,4.2618261443244085
1714079198.4342153,4.230298377849437
1714079198.4343283,4.194099373287624
1714079198.434441,4.160235546253346
1714079198.434554,4.118198377114755
1714079198.4346669,4.074992956938567
1714079198.43478,4.025949372185601
1714079198.434893,3.9757375363950374
1714079198.4350057,3.927861761163782
1714079198.4351187,3.872979128802264
1714079198.4352314,3.8251033535710084
1714079198.4353445,3.7713885307312007
1714079198.4354572,3.7153385303638595
1714079198.4355702,3.6592887507544622
1714079198.435683,3.5985677330582226
1714079198.435796,3.5331761395489725
1714079198.435909,3.4619459399470576
1714079198.4360218,3.388380342059665
1714079198.4361348,3.3089761380796077
1714079198.4362476,3.2307395228633173
1714079198.4363606,3.147832331834016
1714079198.4364734,3.061421932997527
1714079198.4365864,2.9761791229248047
1714079198.4366992,2.8839301179956505
1714079198.4368122,2.792848922588207
1714079198.4369252,2.694761311566388
1714079198.437038,2.5920029039736145
1714079198.437151,2.48340611104612
1714079198.4372637,2.3724736990752042
1714079198.4373767,2.25336750348409
1714079198.4374895,2.1330934983712653
1714079198.4376025,2.0104840949729637
1714079198.4377153,1.883203895003707
1714079198.4378283,1.7512527880845246
1714079198.437941,1.6204693803080805
1714079198.438054,1.485015175960682
1714079198.438167,1.344890175042329
1714079198.4382799,1.198926568031311
1714079198.4383929,1.0564661688274806
1714079198.4385056,0.9023286126278064
1714079198.4386187,0.7481910564281322
1714079198.4387314,0.5893827036575034
1714079198.4388444,0.42590347153169134
1714079198.4389572,0.25892114197766336
1714079198.4390702,0.09660964348801859
1714079198.4391832,-0.07035892318796227
1714079198.439296,-0.23847608654587354
1714079198.439409,-0.4007558303850668
1714079198.4395218,-0.5712079229178252
1714079198.4396348,-0.7416600430453265
1714079198.4397476,-0.9156145983272128
1714079198.4398606,-1.0872341968395092
1714079198.4399734,-1.2611886969319095
1714079198.4400864,-1.4386457425576669
1714079198.4401994,-1.6126002426500672
1714079198.4403121,-1.7877223315062345
1714079198.4404252,-1.95583943967466
1714079198.440538,-2.127459093376442
1714079198.440651,-2.2909062880056874
1714079198.4407637,-2.4543534826349327
1714079198.4408767,-2.615465720494588
1714079198.4409895,-2.7730756335788302
1714079198.4411025,-2.9318529146688954
1714079198.4412153,-3.0871278709835472
1714079198.4413283,-3.240067649770666
1714079198.4414413,-3.3906726925461377
1714079198.441554,-3.537775189788253
1714079198.441667,-3.677872816721598
1714079198.4417799,-3.810965573346173
1714079198.4418929,-3.939388416431568
1714079198.4420056,-4.06080616845025
1714079198.4421186,-4.179889184457284
1714079198.4422314,-4.289632373385959
1714079198.4423444,-4.395873016781277
1714079198.4424574,-4.497443746637415
1714079198.4425702,-4.59784710848773
1714079198.4426832,-4.691245820787217
1714079198.442796,-4.775304264492458
1714079198.442909,-4.857027972186053
1714079198.4430218,-4.93057922080711
1714079198.4431348,-4.997125378361455
1714079198.4432476,-5.0566668863649715
1714079198.4433606,-5.111538480829309
1714079198.4434736,-5.158237616221109
1714079198.4435863,-5.2002668380737305
1714079198.4436994,-5.236458778381348
1714079198.4438121,-5.269148173155608
1714079198.4439251,-5.2960002863848645
1714079198.444038,-5.319349854080765
1714079198.444151,-5.340364685765019
1714079198.4442637,-5.353207058376736
1714079198.4443767,-5.3648816214667425
1714079198.4444897,-5.369551535005923
1714079198.4446025,-5.3707189030117455
1714079198.4447155,-5.368384167000099
1714079198.4448283,-5.361379075933385
1714079198.4449413,-5.353207058376736
1714079198.445054,-5.339197317759195
1714079198.445167,-5.327522313153302
1714079198.4452798,-5.308842658996582
1714079198.4453928,-5.2960002863848645
1714079198.4455056,-5.274985896216498
1714079198.4456186,-5.257473610065601
1714079198.4457316,-5.235291410375524
1714079198.4458444,-5.213109210685447
1714079198.4459574,-5.188592274983724
1714079198.4460702,-5.159404984226933
1714079198.4461832,-5.129050766980206
1714079198.446296,-5.095193562684235
1714079198.446409,-5.064839345437509
1714079198.4465218,-5.028647405129892
1714079198.4466348,-4.994790642349808
1714079198.4467478,-4.963268615581371
1714079198.4468606,-4.93875123836376
1714079198.4469736,-4.9060618435895
1714079198.4470863,-4.878042362354419
1714079198.4471993,-4.848855513113516
1714079198.447312,-4.818500854350902
1714079198.4474251,-4.7858114595766414
1714079198.447538,-4.749619519269024
1714079198.447651,-4.716930124494764
1714079198.447764,-4.685408097726327
1714079198.4478767,-4.656221248485424
1714079198.4479897,-4.63053650326199
1714079198.4481025,-4.606019567560266
1714079198.4482155,-4.582669999864366
1714079198.4483283,-4.5616551681801125
1714079198.4484413,-4.539473410005923
1714079198.448554,-4.511453487254955
1714079198.448667,-4.485769183547408
1714079198.4487798,-4.4554145247847945
1714079198.4488928,-4.423892498016357
1714079198.4490058,-4.397040826302987
1714079198.4491186,-4.36902090355202
1714079198.4492316,-4.3433365998444735
1714079198.4493444,-4.323489136166042
1714079198.4494574,-4.298972200464319
1714079198.4495702,-4.277957810295953
1714079198.4496832,-4.252273065072519
1714079198.449796,-4.225420951843262
1714079198.449909,-4.197401470608181
1714079198.450022,-4.161209530300564
1714079198.4501348,-4.129687503532127
1714079198.4502478,-4.09349556322451
1714079198.4503605,-4.058471432438603
1714079198.4504735,-4.028116773675989
1714079198.4505863,-3.996594746907552
1714079198.4506993,-3.9639053521332914
1714079198.450812,-3.9277134118256742
1714079198.450925,-3.8903541035122338
1714079198.4510381,-3.850660059187147
1714079198.451151,-3.8039604822794595
1714079198.451264,-3.7549266108760126
1714079198.4513767,-3.7012223844174983
1714079198.4514897,-3.646350789953161
1714079198.4516025,-3.590311827483
1714079198.4517155,-3.535440233018663
1714079198.4518282,-3.479401049790559
1714079198.4519413,-3.4221947193145748
1714079198.4520543,-3.3603182545414674
1714079198.452167,-3.2972742010045932
1714079198.45228,-3.2295604546864825
1714079198.4523928,-3.1536742492958347
1714079198.4525058,-3.0777880439051875
1714079198.4526186,-2.996064336211593
1714079198.4527316,-2.9085033469729953
1714079198.4528444,-2.8221097257402206
1714079198.4529574,-2.732213779732033
1714079198.4530702,-2.6423178337238453
1714079198.4531832,-2.547751974176477
1714079198.4532962,-2.4496835690957526
1714079198.453409,-2.3504477960092047
1714079198.453522,-2.24537452061971
1714079198.4536347,-2.1332963749214455
1714079198.4537477,-2.0177159044477673
1714079198.4538605,-1.8962979316711424
1714079198.4539735,-1.7690426773495143
1714079198.4540863,-1.6417873126489144
1714079198.4541993,-1.5063595992547494
1714079198.4543123,-1.3744343210149694
1714079198.454425,-1.2378391292360094
1714079198.454538,-1.0954065455330741
1714079198.4546509,-0.9564763969845241
1714079198.454764,-0.808206421357614
1714079198.4548767,-0.6587689673459088
1714079198.4549897,-0.5093315133342036
1714079198.4551024,-0.3528891338242425
1714079198.4552155,-0.1917768683698442
1714079198.4553285,-0.029497117631965213
1714079198.4554412,0.13864715066221026
1714079198.4555542,0.30562949401360967
1714079198.455667,0.4726117959728947
1714079198.45578,0.638426453978927
1714079198.4558928,0.8030733576527348
1714079198.4560058,0.9700556596120198
1714079198.4561186,1.1311994658576117
1714079198.4562316,1.2958463695314195
1714079198.4563444,1.4651641801551536
1714079198.4564574,1.6344818803999157
1714079198.4565704,1.8073027884518658
1714079198.4566832,1.975452899932861
1714079198.4567962,2.143602901034885
1714079198.456909,2.309417503851431
1714079198.457022,2.4693935005753125
1714079198.4571347,2.62586651024995
1714079198.4572477,2.781171710402877
1714079198.4573605,2.9283031269356052
1714079198.4574735,3.0777697209958674
1714079198.4575865,3.2225657392431186
1714079198.4576993,3.3661937272107156
1714079198.4578123,3.5133251437434443
1714079198.457925,3.652282335140087
1714079198.458038,3.7912395265367294
1714079198.4581509,3.9243583325986506
1714079198.4582639,4.046967735996953
1714079198.4583766,4.16724196186772
1714079198.4584897,4.279341962602403
1714079198.4586027,4.383268179716887
1714079198.4587154,4.482523158744529
1714079198.4588284,4.579442960244638
1714079198.4589412,4.670524155652081
1714079198.4590542,4.759270173531991
1714079198.459167,4.843345394840947
1714079198.45928,4.925084997106481
1714079198.4593928,4.996315196708396
1714079198.4595058,5.062874599739357
1714079198.4596188,5.123595396677652
1714079198.4597316,5.172638981430619
1714079198.4598446,5.220515198177761
1714079198.4599574,5.261384999310528
1714079198.4600704,5.295248384828921
1714079198.4601831,5.330279579869023
1714079198.4602962,5.354801813761393
1714079198.460409,5.3781557966161655
1714079198.460522,5.4015097794709375
1714079198.4606347,5.415522610699688
1714079198.4607477,5.429535000412552
1714079198.4608607,5.436541416026928
1714079198.4609735,5.438876593554461
1714079198.4610865,5.436541416026928
1714079198.4611993,5.4330379874617964
1714079198.4613123,5.424864203841597
1714079198.461425,5.415522610699688
1714079198.461538,5.4015097794709375
1714079198.4616508,5.3921681863290285
1714079198.4617639,5.375820177572744
1714079198.4618769,5.359472610332348
1714079198.4619896,5.3419567920543525
1714079198.4621027,5.320937986727114
1714079198.4622154,5.302254800443296
1714079198.4623284,5.281235995116057
1714079198.4624412,5.256714202739574
1714079198.4625542,5.22985679131967
1714079198.462667,5.202999379899766
1714079198.46278,5.177309778001573
1714079198.462893,5.146949379532425
1714079198.4630058,5.117756790584988
1714079198.4631188,5.092067188686794
1714079198.4632316,5.060538980695936
1714079198.4633446,5.034849378797743
1714079198.4634573,5.01149539594297
1714079198.4635704,4.981134997473823
1714079198.4636831,4.955445395575629
1714079198.4637961,4.926252365112305
1714079198.463909,4.899395395208288
1714079198.464022,4.8678671872174295
1714079198.464135,4.836338979226571
1714079198.4642477,4.808313758284957
1714079198.4643607,4.777953359815809
1714079198.4644735,4.753431567439327
1714079198.4645865,4.728909775062843
1714079198.4646993,4.70438798268636
1714079198.4648123,4.679866190309878
1714079198.464925,4.654176588411684
1714079198.465038,4.62498355794836
1714079198.465151,4.601629575093587
1714079198.4652638,4.567766189575195
1714079198.4653769,4.538573159111871
1714079198.4654896,4.507044951121012
1714079198.4656026,4.475517184646041
1714079198.4657154,4.445156786176893
1714079198.4658284,4.4194671842787
1714079198.4659412,4.392609772858796
1714079198.4660542,4.363417183911358
1714079198.4661672,4.334224153448034
1714079198.46628,4.300360767929642
1714079198.466393,4.267664750417073
1714079198.4665058,4.229130568327727
1714079198.4666188,4.18942857671667
1714079198.4667315,4.148558775583902
1714079198.4668446,4.107688974451135
1714079198.4669573,4.067986541324191
1714079198.4670703,4.028284549713135
1714079198.467183,3.981576142487702
1714079198.4672961,3.9383711638274015
1714079198.4674091,3.8916627566019693
1714079198.467522,3.839115743283872
1714079198.467635,3.780730565388997
1714079198.4677477,3.722344945978235
1714079198.4678607,3.6581209412327516
1714079198.4679735,3.5903939494380244
1714079198.4680865,3.5238345464070635
1714079198.4681993,3.4526043468051486
1714079198.4683123,3.3790385281598123
1714079198.4684253,3.3066407397941306
1714079198.468538,3.2307395228633173
1714079198.468651,3.1536709379266807
1714079198.4687638,3.0684281278539585
1714079198.4688768,2.9785145212102817
1714079198.4689896,2.8839301179956505
1714079198.4691026,2.7835071086883545
1714079198.4692154,2.6830843201390016
1714079198.4693284,2.577990514260751
1714079198.4694414,2.4693935005753125
1714079198.4695542,2.360796707647818
1714079198.4696672,2.2463613086276584
1714079198.46978,2.1295902905640776
1714079198.469893,2.0104840949729637
1714079198.4700058,1.884371483767474
1714079198.4701188,1.7582589829409563
1714079198.4702315,1.6239724777362963
1714079198.4703445,1.481512078532466
1714079198.4704576,1.3402193784713745
1714079198.4705703,1.1930880723176178
1714079198.4706833,1.0436213678783839
1714079198.470796,0.891819209964187
1714079198.470909,0.7365139546217742
1714079198.471022,0.5823764536115857
1714079198.471135,0.42240034650873254
1714079198.4712477,0.26359196614336083
1714079198.4713607,0.10244818749251189
1714079198.4714735,-0.06335404598050647
1714079198.4715865,-0.23380614541195055
1714079198.4716995,-0.4042582655394519
1714079198.4718122,-0.5793803268008761
1714079198.4719253,-0.7580047956219426
1714079198.472038,-0.9307918725190338
1714079198.472151,-1.1094162861506143
1714079198.4722638,-1.2845383750067816
1714079198.4723768,-1.456157918329592
1714079198.4724896,-1.6289450504161693
1714079198.4726026,-1.7970621585845945
1714079198.4727156,-1.9686818122863767
1714079198.4728284,-2.1391338772243924
1714079198.4729414,-2.3060836173869945
1714079198.4730542,-2.4753680935612428
1714079198.4731672,-2.641150465718022
1714079198.47328,-2.8045976603472673
1714079198.473393,-2.9645423094431558
1714079198.4735057,-3.1198172657578076
1714079198.4736187,-3.271589676539103
1714079198.4737318,-3.4163572170116283
1714079198.4738445,-3.55528747593915
1714079198.4739575,-3.691882557339138
1714079198.4740703,-3.8226401364361795
1714079198.4741833,-3.9510629795215744
1714079198.474296,-4.078318454601146
1714079198.474409,-4.196234102602358
1714079198.4745219,-4.314149309087682
1714079198.474635,-4.425060307538067
1714079198.4747477,-4.527798405400029
1714079198.4748607,-4.624699221716987
1714079198.4749737,-4.716930124494764
1714079198.4750865,-4.797486464182535
1714079198.4751995,-4.874539816821063
1714079198.4753122,-4.945756329430474
1714079198.4754252,-5.009967750973171
1714079198.475538,-5.074179172515869
1714079198.475651,-5.129050766980206
1714079198.4757638,-5.178085079899541
1714079198.4758768,-5.22828631930881
1714079198.4759898,-5.265646069138138
1714079198.4761026,-5.301837567929868
1714079198.4762156,-5.328689681159125
1714079198.4763284,-5.350871880849202
1714079198.4764414,-5.367216798994276
1714079198.4765542,-5.380059171605993
1714079198.4766672,-5.388231189162642
1714079198.47678,-5.389398998684353
1714079198.476893,-5.390566366690176
1714079198.477006,-5.383561275623462
1714079198.4771187,-5.377723994078459
1714079198.4772317,-5.3707189030117455
1714079198.4773445,-5.357876971915916
1714079198.4774575,-5.345034599304199
1714079198.4775703,-5.327522313153302
1714079198.4776833,-5.307675290990758
1714079198.477796,-5.2854930913006815
1714079198.477909,-5.259808346077247
1714079198.478022,-5.230621496836344
1714079198.4781349,-5.203769383607087
1714079198.478248,-5.17224735683865
1714079198.4783607,-5.141893139591923
1714079198.4784737,-5.113873658356843
1714079198.4785864,-5.087021545127586
1714079198.4786994,-5.057834254370795
1714079198.4788122,-5.030982582657425
1714079198.4789252,-5.001795291900635
1714079198.479038,-4.9714410746539075
1714079198.479151,-4.941086415891294
1714079198.479264,-4.9060618435895
1714079198.4793768,-4.87337244881524
1714079198.4794898,-4.8383483180293325
1714079198.4796026,-4.804491113733362
1714079198.4797156,-4.776471632498281
1714079198.4798284,-4.749619519269024
1714079198.4799414,-4.7216000380339445
1714079198.4800541,-4.698250470338044
1714079198.4801672,-4.671398357108787
1714079198.4802802,-4.64454624387953
1714079198.480393,-4.616526762644449
1714079198.480506,-4.583837367870189
1714079198.4806187,-4.553483150623462
1714079198.4807317,-4.523128491860849
1714079198.4808445,-4.4927738330982345
1714079198.4809575,-4.4659221613848645
1714079198.4810703,-4.441404784167254
1714079198.4811833,-4.420390393998887
1714079198.4812963,-4.397040826302987
1714079198.481409,-4.376025994618733
1714079198.481522,-4.352676426922833
1714079198.4816349,-4.324656945687753
1714079198.4817479,-4.293134918919316
1714079198.4818606,-4.266282805690059
1714079198.4819736,-4.233593410915798
1714079198.4820864,-4.199736648135715
1714079198.4821994,-4.172884534906458
1714079198.4823122,-4.146032421677201
1714079198.4824252,-4.121515485975477
1714079198.4825382,-4.095830740752043
1714079198.482651,-4.064308713983606
1714079198.482764,-4.0351218647427025
1714079198.4828768,-3.997762556429262
1714079198.4829898,-3.958068070588288
1714079198.4831026,-3.918373584747314
1714079198.4832156,-3.872841817361337
1714079198.4833283,-3.8273100499753596
1714079198.4834414,-3.784113460116916
1714079198.4835544,-3.7374143247251155
1714079198.4836671,-3.693050146102905
1714079198.4837801,-3.645183421947338
1714079198.483893,-3.5949817410221803
1714079198.484006,-3.540110146557843
1714079198.4841187,-3.4817362273180925
1714079198.4842317,-3.418692173781218
1714079198.4843445,-3.3451409251601607
1714079198.4844575,-3.27275726530287
1714079198.4845705,-3.2003733846876354
1714079198.4846833,-3.1221522225273977
1714079198.4847963,-3.0439310603671603
1714079198.484909,-2.9645423094431558
1714079198.485022,-2.879316276974148
1714079198.4851348,-2.795257833268907
1714079198.4852479,-2.7018593417273626
1714079198.4853606,-2.607293482179995
1714079198.4854736,-2.5092250770992703
1714079198.4855866,-2.4006494769343623
1714079198.4856994,-2.2909062880056874
1714079198.4858124,-2.177660774301599
1714079198.4859252,-2.0585777582945646
1714079198.4860382,-1.9429972878208865
1714079198.486151,-1.8169092911261098
1714079198.486264,-1.6943239503436618
1714079198.4863768,-1.5682360640278568
1714079198.4864898,-1.4374782641728718
1714079198.4866025,-1.3055529859330919
1714079198.4867156,-1.1677903157693368
1714079198.4868286,-1.0253577320664016
1714079198.4869413,-0.8782552348242865
1714079198.4870543,-0.7288177808125813
1714079198.4871671,-0.5700404445330302
1714079198.4872801,-0.41359812021255493
1714079198.487393,-0.2559882899125417
1714079198.487506,-0.09837845271384274
1714079198.4876187,0.06274609240116896
1714079198.4877317,0.2215544658678549
1714079198.4878447,0.38503367039892405
1714079198.4879575,0.5473451481925117
1714079198.4880705,0.7073212552953649
1714079198.4881833,0.8824775616327921
1714079198.4882963,1.0517952618775543
1714079198.488409,1.225783869072243
1714079198.488522,1.4009401754096702
1714079198.4886348,1.5725933843188815
1714079198.4887478,1.7442464828491209
1714079198.4888608,1.9100610856656675
1714079198.4889736,2.0735402901967364
1714079198.4890866,2.2346840964423285
1714079198.4891994,2.3946603139241533
1714079198.4893124,2.5523009123625577
1714079198.4894252,2.7134447186081494
1714079198.4895382,2.8687499187610768
1714079198.489651,3.028725915484958
1714079198.489764,3.1828635268741183
1714079198.4898767,3.3311625321706133
1714079198.4899898,3.4771261391816313
1714079198.4901028,3.613747932292797
1714079198.4902155,3.7480345478764283
1714079198.4903286,3.8718117607964406
1714079198.4904413,3.9909177356296115
1714079198.4905543,4.108856342456959
1714079198.490667,4.222124152713351
1714079198.49078,4.333056343926324
1714079198.490893,4.4393181800842285
1714079198.491006,4.540908778155291
1714079198.491119,4.6378285796554
1714079198.4912317,4.727741965541133
1714079198.4913447,4.809481567806667
1714079198.4914575,4.885382563979537
1714079198.4915705,4.953109776532208
1714079198.4916832,5.017334002035635
1714079198.4917963,5.074551370408799
1714079198.491909,5.128266193248607
1714079198.492022,5.178477587523283
1714079198.492135,5.22752117227625
1714079198.4922478,5.270726592452437
1714079198.4923608,5.309260774541784
1714079198.4924736,5.345459779103597
1714079198.4925866,5.367646393952546
1714079198.4926994,5.39450380537245
1714079198.4928124,5.406180576041892
1714079198.4929252,5.421360775276466
1714079198.4930382,5.427199381369131
1714079198.493151,5.430702809934263
1714079198.493264,5.431870177940086
1714079198.493377,5.4283671908908415
1714079198.4934897,5.421360775276466
1714079198.4936028,5.416689978705512
1714079198.4937155,5.406180576041892
1714079198.4938285,5.39450380537245
1714079198.4939413,5.380490974143699
1714079198.4940543,5.361807787859881
1714079198.494167,5.345459779103597
1714079198.49428,5.326776592819779
1714079198.494393,5.302254800443296
1714079198.494506,5.277733008066813
1714079198.494619,5.252043406168619
1714079198.4947317,5.226353804270426
1714079198.4948447,5.201831570378056
1714079198.4949574,5.176141968479863
1714079198.4950705,5.1504528080975565
1714079198.4951832,5.125930574205186
1714079198.4952962,5.100240972306993
1714079198.4954093,5.072216192881266
1714079198.495522,5.046526590983072
1714079198.495635,5.017334002035635
1714079198.4957478,4.989308781094021
1714079198.4958608,4.961284001668294
1714079198.4959736,4.929755793677436
1714079198.4960866,4.900562763214111
1714079198.4961994,4.872537983788384
1714079198.4963124,4.84568057236848
1714079198.4964254,4.823493957519531
1714079198.4965382,4.797804797137225
1714079198.4966512,4.773282563244854
1714079198.496764,4.749928580390082
1714079198.496877,4.721903359448468
1714079198.4969897,4.693878580022741
1714079198.4971027,4.663518181553593
1714079198.4972155,4.633157783084445
1714079198.4973285,4.605132562142831
1714079198.4974413,4.574772163673683
1714079198.4975543,4.5490825617754895
1714079198.4976673,4.525728578920718
1714079198.49778,4.497703357979103
1714079198.497893,4.474349375124331
1714079198.4980059,4.445156786176893
1714079198.4981189,4.413628578186035
1714079198.4982316,4.383268179716887
1714079198.4983447,4.344733556111653
1714079198.4984574,4.310870170593262
1714079198.4985704,4.273503356509738
1714079198.4986835,4.236136542426215
1714079198.4987962,4.203440966429533
1714079198.4989092,4.163738974818477
1714079198.499022,4.128707338262487
1714079198.499135,4.091340965694851
1714079198.4992478,4.049303355040373
1714079198.4993608,4.004930566858362
1714079198.4994736,3.9582221596329297
1714079198.4995866,3.906842955836543
1714079198.4996996,3.854295942518446
1714079198.4998124,3.797078132629394
1714079198.4999254,3.741028132262053
1714079198.5000381,3.6826427336092347
1714079198.5001512,3.6230897461926492
1714079198.500264,3.5635365380181203
1714079198.500377,3.499312533272637
1714079198.5004897,3.4339209397633867
1714079198.5006027,3.361522930639761
1714079198.5007155,3.284454124945181
1714079198.5008285,3.203882332201357
1714079198.5009415,3.117471933364868
1714079198.5010543,3.0275583267211914
1714079198.5011673,2.9364771313137474
1714079198.50128,2.841892728099116
1714079198.501393,2.747308324884485
1714079198.5015059,2.6480529043409557
1714079198.5016189,2.541791509698938
1714079198.5017316,2.437865513342398
1714079198.5018446,2.3269331013714822
1714079198.5019577,2.212497702351323
1714079198.5020704,2.0910558877167875
1714079198.5021834,1.9649434972692417
1714079198.5022962,1.8353277886355364
1714079198.5024092,1.6998735842881378
1714079198.502522,1.5644193799407393
1714079198.502635,1.4266297773078636
1714079198.5027478,1.2841692677250613
1714079198.5028608,1.1440442668067083
1714079198.5029738,0.9980806597956904
1714079198.5030866,0.849781709688681
1714079198.5031996,0.7003150052494472
1714079198.5033123,0.540338898146594
1714079198.5034254,0.38503367039892405
1714079198.5035381,0.216883627904786
1714079198.5036511,0.05223671733229248
1714079198.503764,-0.11122073564264509
1714079198.503877,-0.2840077987423649
1714079198.50399,-0.4509574837154812
1714079198.5041027,-0.6190746470733924
1714079198.5042157,-0.7883592336266129
1714079198.5043285,-0.9553089185997291
1714079198.5044415,-1.1280960506863063
1714079198.5045543,-1.2985481156243217
1714079198.5046673,-1.466665223792747
1714079198.50478,-1.6441222694185045
1714079198.504893,-1.8134068559717247
1714079198.5050058,-1.9861938776793302
1714079198.5051188,-2.158981120144879
1714079198.5052319,-2.3270982283133046
1714079198.5053446,-2.49288037971214
1714079198.5054576,-2.655160206335562
1714079198.5055704,-2.8116025306560375
1714079198.5056834,-2.9645423094431558
1714079198.5057962,-3.118649676994041
1714079198.5059092,-3.266919762999923
1714079198.506022,-3.4140222602420383
1714079198.506135,-3.558789800714563
1714079198.506248,-3.6988874276479082
1714079198.5063608,-3.8401524225870767
1714079198.5064738,-3.9650727201391147
1714079198.5065866,-4.086490913673683
1714079198.5066996,-4.205573929680718
1714079198.5068123,-4.316484486615216
1714079198.5069253,-4.421557762004711
1714079198.507038,-4.518458578321669
1714079198.5071511,-4.61302465862698
1714079198.5072641,-4.700585647865577
1714079198.507377,-4.788146637104175
1714079198.50749,-4.8651999897427025
1714079198.5076027,-4.93991904788547
1714079198.5077157,-5.006465205439815
1714079198.5078285,-5.070676626982512
1714079198.5079415,-5.122045675913492
1714079198.5080543,-5.169912620827003
1714079198.5081673,-5.213109210685447
1714079198.50828,-5.249301150993064
1714079198.508393,-5.281990545767324
1714079198.508506,-5.305340113463225
1714079198.5086188,-5.328689681159125
1714079198.5087318,-5.345034599304199
1714079198.5088446,-5.359044339921739
1714079198.5089576,-5.368384167000099
1714079198.5090704,-5.373054080539279
1714079198.5091834,-5.377723994078459
1714079198.5092962,-5.375388816550926
1714079198.5094092,-5.3707189030117455
1714079198.5095222,-5.359044339921739
1714079198.509635,-5.347369335315845
1714079198.509748,-5.332192226692482
1714079198.5098608,-5.310010027002405
1714079198.5099738,-5.292497740851508
1714079198.5100865,-5.266813437143961
1714079198.5101995,-5.246966414981418
1714079198.5103123,-5.222449037763807
1714079198.5104253,-5.2002668380737305
1714079198.5105383,-5.1734151663603605
1714079198.510651,-5.148897789142749
1714079198.5107641,-5.119710939901846
1714079198.510877,-5.090523649145055
1714079198.51099,-5.057834254370795
1714079198.5111027,-5.022810123584888
1714079198.5112157,-4.988952919288917
1714079198.5113285,-4.955096156508834
1714079198.5114415,-4.92123939372875
1714079198.5115545,-4.8920521029719595
1714079198.5116673,-4.860530076203522
1714079198.5117803,-4.834845772495976
1714079198.511893,-4.810328395278365
1714079198.512006,-4.781141546037461
1714079198.5121188,-4.751954696796558
1714079198.5122318,-4.7216000380339445
1714079198.5123446,-4.688910643259684
1714079198.5124576,-4.656221248485424
1714079198.5125704,-4.62703439924452
1714079198.5126834,-4.595512372476083
1714079198.5127964,-4.573330172786006
1714079198.5129092,-4.546478059556748
1714079198.5130222,-4.527798405400029
1714079198.513135,-4.504448837704128
1714079198.513248,-4.481099270008228
1714079198.5133607,-4.4554145247847945
1714079198.5134737,-4.427395043549714
1714079198.5135865,-4.399375562314634
1714079198.5136995,-4.367853535546197
1714079198.5138125,-4.339834054311116
1714079198.5139253,-4.309479395548502
1714079198.5140383,-4.283795091840956
1714079198.514151,-4.261612892150879
1714079198.514264,-4.2370959564491555
1714079198.5143769,-4.2160811247649015
1714079198.51449,-4.188061643529821
1714079198.5146027,-4.160042162294741
1714079198.5147157,-4.128520135526304
1714079198.5148287,-4.091160827212863
1714079198.5149415,-4.054968886905246
1714079198.5150545,-4.015274401064272
1714079198.5151672,-3.979082902272542
1714079198.5152802,-3.9405557844373913
1714079198.515393,-3.9055316536514844
1714079198.515506,-3.868171903822157
1714079198.5156188,-3.829645227502893
1714079198.5157318,-3.787616005650273
1714079198.5158446,-3.7409168702584723
1714079198.5159576,-3.694217514108728
1714079198.5160706,-3.6381785516385676
1714079198.5161834,-3.5809720004046404
1714079198.5162964,-3.519095535631533
1714079198.5164092,-3.4583864388642485
1714079198.5165222,-3.397677562854908
1714079198.516635,-3.3299635957788536
1714079198.516748,-3.265752174236156
1714079198.5168607,-3.1968708391542786
1714079198.5169737,-3.1268221360665778
1714079198.5170867,-3.0486009739063404
1714079198.5171995,-2.969212222982336
1714079198.5173125,-2.8851537792770947
1714079198.5174253,-2.792922876499317
1714079198.5175383,-2.7018593417273626
1714079198.517651,-2.6002886118712247
1714079198.517764,-2.501052838784677
1714079198.5178769,-2.3971469314010054
1714079198.5179899,-2.2932412447752775
1714079198.518103,-2.1858330126161927
1714079198.5182157,-2.070252542142515
1714079198.5183287,-1.95583943967466
1714079198.5184414,-1.8332540988922117
1714079198.5185544,-1.7059987341916119
1714079198.5186672,-1.5717384991822418
1714079198.5187802,-1.4351433074032818
1714079198.518893,-1.2950456804699366
1714079198.519006,-1.1479431832278215
1714079198.519119,-1.0008406859857064
1714079198.5192318,-0.8514031767845153
1714079198.5193448,-0.7031332011576051
1714079198.5194576,-0.54902583360672
1714079198.5195706,-0.39725339523068176
1714079198.5196834,-0.24081104331546357
1714079198.5197964,-0.08203372773196961
1714079198.5199091,0.07909401147453873
1714079198.5200222,0.24841176690878689
1714079198.520135,0.4153940964628149
1714079198.520248,0.5858795510398017
1714079198.520361,0.7551973064740498
1714079198.5204737,0.9280181593365139
1714079198.5205867,1.0938327621530604
1714079198.5206995,1.2631505727767944
1714079198.5208125,1.427797476450602
1714079198.5209253,1.5947797784098872
1714079198.5210383,1.7605944916054053
1714079198.521151,1.928744492707429
1714079198.521264,2.0968944938094527
1714079198.521377,2.2638769061477095
1714079198.5214899,2.43436230553521
1714079198.5216029,2.59900931958799
1714079198.5217156,2.763656112882826
1714079198.5218287,2.9212967113212303
1714079198.5219414,3.0766021322321007
1714079198.5220544,3.226068726292363
1714079198.5221672,3.3696969350179033
1714079198.5222802,3.5098219359362566
1714079198.5223932,3.645276140283655
1714079198.522506,3.7818979333948204
1714079198.522619,3.9138489299350314
1714079198.5227318,4.0434647489477085
1714079198.5228448,4.16724196186772
1714079198.5229576,4.289851365266022
1714079198.5230706,4.399615746957284
1714079198.5231833,4.505877583115189
1714079198.5232964,4.599293956050166
1714079198.5234091,4.689207783451787
1714079198.5235221,4.774450372766565
1714079198.5236351,4.851519178461145
1714079198.523748,4.929755793677436
1714079198.523861,4.997482564714219
1714079198.5239737,5.0640419677451805
1714079198.5240867,5.128266193248607
1714079198.5241995,5.184316193615948
1714079198.5243125,5.235695397412335
1714079198.5244253,5.277733008066813
1714079198.5245383,5.316267190156159
1714079198.5246513,5.345459779103597
1714079198.524764,5.372317190523501
1714079198.524877,5.391000376807319
1714079198.5249898,5.410851814128734
1714079198.5251029,5.424864203841597
1714079198.5252156,5.436541416026928
1714079198.5253286,5.443547390125415
1714079198.5254414,5.445883009168837
1714079198.5255544,5.450553805739791
1714079198.5256674,5.445883009168837
1714079198.5257802,5.441212212597882
1714079198.5258932,5.429535000412552
1714079198.526006,5.417857788227222
1714079198.526119,5.4050132080360695
1714079198.5262318,5.3874973897580745
1714079198.5263448,5.3688142034742565
1714079198.5264575,5.347795398147017
1714079198.5265706,5.326776592819779
1714079198.5266833,5.299919181399875
1714079198.5267963,5.2824038046377675
1714079198.5269094,5.262552808832239
1714079198.5270221,5.234527587890625
1714079198.5271351,5.211173605035852
1714079198.527248,5.181980574572528
1714079198.527361,5.153955795146801
1714079198.5274737,5.125930574205186
1714079198.5275867,5.0955701757360385
1714079198.5276995,5.0640419677451805
1714079198.5278125,5.034849378797743
1714079198.5279255,5.006824599372016
1714079198.5280383,4.978799378430401
1714079198.5281513,4.947271170439543
1714079198.528264,4.9274201746340145
1714079198.528377,4.897059776164867
1714079198.5284898,4.872537983788384
1714079198.5286028,4.84568057236848
1714079198.5287156,4.815320173899332
1714079198.5288286,4.789630572001139
1714079198.5289416,4.758102364010281
1714079198.5290544,4.731245394106264
1714079198.5291674,4.70205236364294
1714079198.5292802,4.677530571266456
1714079198.5293932,4.653008778889974
1714079198.529506,4.62615136747007
1714079198.529619,4.6039647526211205
1714079198.5297318,4.578275150722927
1714079198.5298448,4.5537533583464445
1714079198.5299578,4.522225150355586
1714079198.5300705,4.493032561408149
1714079198.5301836,4.4626721629390005
1714079198.5302963,4.427640967898898
1714079198.5304093,4.3937775823805065
1714079198.530522,4.363417183911358
1714079198.530635,4.3318889759205
1714079198.530748,4.301528577451353
1714079198.530861,4.2711681789822045
1714079198.5309737,4.237304351947926
1714079198.5310867,4.202273156907823
1714079198.5311997,4.162571165296766
1714079198.5313125,4.119365745120578
1714079198.5314255,4.074992956938567
1714079198.5315382,4.02361375314218
1714079198.5316513,3.9769053459167476
1714079198.531764,3.9290295706854925
1714079198.531877,3.8788177348949286
1714079198.5319898,3.829774150141963
1714079198.5321028,3.777227136823866
1714079198.5322158,3.7235127554999456
1714079198.5323286,3.6616241490399393
1714079198.5324416,3.5997355425799333
1714079198.5325544,3.5308407412634955
1714079198.5326674,3.45961054166158
1714079198.5327802,3.3860449437741877
1714079198.5328932,3.30547293027242
1714079198.533006,3.227236535814073
1714079198.533119,3.1454969335485385
1714079198.533232,3.0625895217612937
1714079198.5333447,2.975011313403094
1714079198.5334578,2.886265516281128
1714079198.5335705,2.7940165113519737
1714079198.5336835,2.6970967098518654
1714079198.5337963,2.5896675056881375
1714079198.5339093,2.4845736998098866
1714079198.534022,2.3724736990752042
1714079198.534135,2.2568707112912776
1714079198.5342479,2.140099693227697
1714079198.534361,2.0163227010656284
1714079198.534474,1.8937132976673265
1714079198.5345867,1.767600686461837
1714079198.5346997,1.636817278685393
1714079198.5348125,1.5036985830024436
1714079198.5349255,1.3635734717051187
1714079198.5350382,1.2246161699295044
1714079198.5351512,1.0751494654902705
1714079198.535264,0.9233473627655594
1714079198.535377,0.7703775057086237
1714079198.53549,0.6127368520807337
1714079198.5356028,0.4527607725726233
1714079198.5357158,0.2904492671842928
1714079198.5358286,0.12813777559333375
1714079198.5359416,-0.03766948012290177
1714079198.5360544,-0.19994923086078079
1714079198.5361674,-0.3668989020365256
1714079198.5362802,-0.5326810810301038
1714079198.5363932,-0.7031332011576051
1714079198.5365062,-0.8735853212851065
1714079198.536619,-1.048707299762302
1714079198.536732,-1.227331823772854
1714079198.5368447,-1.4012863238652546
1714079198.5369577,-1.574073455951832
1714079198.5370705,-1.7421905641202573
1714079198.5371835,-1.9114752610524495
1714079198.5372963,-2.078425001215052
1714079198.5374093,-2.2465421093834768
1714079198.5375223,-2.4088217152489553
1714079198.537635,-2.5687665851027877
1714079198.537748,-2.7287114549566196
1714079198.5378609,-2.888656104052508
1714079198.5379739,-3.045098428372983
1714079198.5380867,-3.199206016681812
1714079198.5381997,-3.349810838699341
1714079198.5383124,-3.4957459679356324
1714079198.5384254,-3.6335086380993875
1714079198.5385382,-3.7689363514935526
1714079198.5386512,-3.895024017051414
1714079198.5387642,-4.016442210585982
1714079198.538877,-4.133190049065484
1714079198.53899,-4.246435783527516
1714079198.5391028,-4.357346340462013
1714079198.5392158,-4.463586983857331
1714079198.5393286,-4.566325081719293
1714079198.5394416,-4.65855598449707
1714079198.5395544,-4.747284783257379
1714079198.5396674,-4.830175858956796
1714079198.5397804,-4.904894475583677
1714079198.5398932,-4.972608442659731
1714079198.5400062,-5.030982582657425
1714079198.540119,-5.089356281139232
1714079198.540232,-5.137223226052743
1714079198.5403447,-5.1839223614445435
1714079198.5404577,-5.22361640576963
1714079198.5405705,-5.259808346077247
1714079198.5406835,-5.290163004839862
1714079198.5407965,-5.312345204529938
1714079198.5409093,-5.3333595946983055
1714079198.5410223,-5.349704512843379
1714079198.541135,-5.363714253460919
1714079198.541248,-5.366048989472565
1714079198.5413609,-5.368384167000099
1714079198.5414739,-5.3648816214667425
1714079198.5415866,-5.356709162394205
1714079198.5416996,-5.350871880849202
1714079198.5418124,-5.336862140231662
1714079198.5419254,-5.324019767619945
1714079198.5420384,-5.307675290990758
1714079198.5421512,-5.292497740851508
1714079198.5422642,-5.274985896216498
1714079198.542377,-5.251636328520598
1714079198.54249,-5.23295623284799
1714079198.5426028,-5.204936751612911
1714079198.5427158,-5.180419815911187
1714079198.5428286,-5.151232966670284
1714079198.5429416,-5.120878307907669
1714079198.5430546,-5.091691458666766
1714079198.5431674,-5.060169431898329
1714079198.5432804,-5.029814773135715
1714079198.5433931,-5.002962659906458
1714079198.5435061,-4.976110988193088
1714079198.543619,-4.94809106544212
1714079198.543732,-4.92123939372875
1714079198.5438447,-4.8920521029719595
1714079198.5439577,-4.860530076203522
1714079198.5440707,-4.830175858956796
1714079198.5441835,-4.793983918649179
1714079198.5442965,-4.762461891880742
1714079198.5444093,-4.728605129100658
1714079198.5445223,-4.699417838343868
1714079198.544635,-4.671398357108787
1714079198.544748,-4.648048789412886
1714079198.5448608,-4.621196676183629
1714079198.5449739,-4.59784710848773
1714079198.5450869,-4.573330172786006
1714079198.5451996,-4.542975514023392
1714079198.5453126,-4.517291210315845
1714079198.5454254,-4.486936551553232
1714079198.5455384,-4.4554145247847945
1714079198.5456512,-4.427395043549714
1714079198.5457642,-4.397040826302987
1714079198.545877,-4.376025994618733
1714079198.54599,-4.352676426922833
1714079198.5461028,-4.333996772766113
1714079198.5462158,-4.308312027542679
1714079198.5463288,-4.286129827852602
1714079198.5464416,-4.259278156139232
1714079198.5465546,-4.228923497376618
1714079198.5466673,-4.196234102602358
1714079198.5467803,-4.163544707828097
1714079198.5468931,-4.134357417071307
1714079198.5470061,-4.101668022297047
1714079198.547119,-4.070145995528609
1714079198.547232,-4.039791778281883
1714079198.547345,-4.011772297046803
1714079198.5474577,-3.9814176382841886
1714079198.5475707,-3.9452256979765714
1714079198.5476835,-3.9090337576689542
1714079198.5477965,-3.863501990282977
1714079198.5479093,-3.8156354868853533
1714079198.5480223,-3.7689363514935526
1714079198.548135,-3.7152321250350386
1714079198.548248,-3.663863076104058
1714079198.548361,-3.610158849645544
1714079198.5484738,-3.563459714253743
1714079198.5485868,-3.5074207517835827
1714079198.5486996,-3.4490466117858882
1714079198.5488126,-3.3883377357765476
1714079198.5489254,-3.3229587254700834
1714079198.5490384,-3.2529100223823826
1714079198.5491512,-3.1758562282279685
1714079198.5492642,-3.0953001092981407
1714079198.549377,-3.01591157913208
1714079198.54949,-2.928350589893482
1714079198.549603,-2.844291925430298
1714079198.5497158,-2.7567309361917
1714079198.5498288,-2.6656674014197455
1714079198.5499415,-2.5734364986419678
1714079198.5500546,-2.47653568232501
1714079198.5501673,-2.376132320474695
1714079198.5502803,-2.2687240883156106
1714079198.550393,-2.1601484881507025
1714079198.550506,-2.0410654721436674
1714079198.5506191,-1.9219824561366328
1714079198.550732,-1.7970621585845945
1714079198.550845,-1.6698067938839947
1714079198.5509577,-1.5413839507985998
1714079198.5510707,-1.4094587829377916
1714079198.5511835,-1.2775335046980116
1714079198.5512965,-1.1397708345342565
1714079198.5514092,-0.9996732076009114
1714079198.5515223,-0.8525706551693103
1714079198.5516353,-0.7031332011576051
1714079198.551748,-0.5513607903763099
1714079198.551861,-0.39258345409675877
1714079198.5519738,-0.23380614541195055
1714079198.5520868,-0.0656890027500965
1714079198.5521996,0.09544193744659424
1714079198.5523126,0.2624242670006222
1714079198.5524254,0.42823889741191157
1714079198.5525384,0.5928858010857193
1714079198.5526512,0.7610358573772289
1714079198.5527642,0.924515061908298
1714079198.5528772,1.0926650630103216
1714079198.55299,1.2608151744913172
1714079198.553103,1.4336359721642953
1714079198.5532157,1.6052891810735066
1714079198.5533288,1.7804454874109337
1714079198.5534415,1.9497632980346677
1714079198.5535545,2.1202486974221686
1714079198.5536673,2.2848957114749484
1714079198.5537803,2.4460392969625966
1714079198.5538933,2.6048477049227112
1714079198.554006,2.757817506790161
1714079198.554119,2.910787529415554
1714079198.554232,3.061421932997527
1714079198.554345,3.2120563365794994
1714079198.5544577,3.361522930639761
1714079198.5545707,3.50865434717249
1714079198.5546834,3.652282335140087
1714079198.5547965,3.786568729965775
1714079198.5549095,3.9208553455494064
1714079198.5550222,4.0434647489477085
1714079198.5551353,4.157900368725811
1714079198.555248,4.273503356509738
1714079198.555361,4.377429573624222
1714079198.5554738,4.479020171695285
1714079198.5555868,4.577107782717104
1714079198.5556996,4.672859774695502
1714079198.5558126,4.762773160581236
1714079198.5559256,4.850351368939434
1714079198.5560384,4.928587984155725
1714079198.5561514,5.002153802801061
1714079198.5562642,5.067545396310312
1714079198.5563772,5.125930574205186
1714079198.55649,5.179645397044994
1714079198.556603,5.224018185227005
1714079198.5567157,5.267223605403194
1714079198.5568287,5.302254800443296
1714079198.5569415,5.338453805005108
1714079198.5570545,5.367646393952546
1714079198.5571675,5.39450380537245
1714079198.5572803,5.4143548011779785
1714079198.5573933,5.431870177940086
1714079198.557506,5.443547390125415
1714079198.557619,5.4470503771746595
1714079198.5577319,5.450553805739791
1714079198.5578449,5.4470503771746595
1714079198.5579576,5.442379580603705
1714079198.5580707,5.434205796983506
1714079198.5581837,5.424864203841597
1714079198.5582964,5.413186991656268
1714079198.5584095,5.398006792421694
1714079198.5585222,5.385162212230541
1714079198.5586352,5.365310774909125
1714079198.558748,5.350130575674551
1714079198.558861,5.329112211863199
1714079198.5589738,5.310428584063494
1714079198.5590868,5.284738982165301
1714079198.5591998,5.261384999310528
1714079198.5593126,5.235695397412335
1714079198.5594256,5.207670176470721
1714079198.5595384,5.179645397044994
1714079198.5596514,5.153955795146801
1714079198.5597641,5.128266193248607
1714079198.5598772,5.100240972306993
1714079198.55999,5.07571917993051
1714079198.560103,5.047694400504783
1714079198.5602157,5.0231721666124125
1714079198.5603287,4.997482564714219
1714079198.5604417,4.965954798239248
1714079198.5605545,4.939097386819345
1714079198.5606675,4.907569178828487
1714079198.5607803,4.878376589881049
1714079198.5608933,4.849183559417725
1714079198.561006,4.819990970470287
1714079198.561119,4.794301368572094
1714079198.5612319,4.765108779624656
1714079198.5613449,4.740586987248173
1714079198.5614579,4.71606519487169
1714079198.5615706,4.6903755929734965
1714079198.5616837,4.665853359081127
1714079198.5617964,4.634325592606156
1714079198.5619094,4.607468181186252
1714079198.5620222,4.575939973195394
1714079198.5621352,4.542076587677002
1714079198.562248,4.515219176257098
1714079198.562361,4.48485877778795
1714079198.562474,4.459169175889756
1714079198.5625868,4.431143954948142
1714079198.5626998,4.400783556478995
1714079198.5628126,4.373926145059091
1714079198.5629256,4.341230569062409
1714079198.5630383,4.305031564500596
1714079198.5631514,4.270000369460494
1714079198.5632641,4.226794949284306
1714079198.5633771,4.18942857671667
1714079198.5634902,4.147390966062193
1714079198.563603,4.106521164929425
1714079198.563716,4.066819173318368
1714079198.5638287,4.025949372185601
1714079198.5639417,3.983911761531123
1714079198.5640545,3.9395385318332248
1714079198.5641675,3.8893271375585483
1714079198.5642803,3.8344449467129174
1714079198.5643933,3.778394946345576
1714079198.564506,3.71650633988557
1714079198.564619,3.6557855429472745
1714079198.564732,3.5892261399163137
1714079198.5648448,3.5214991481215865
1714079198.5649579,3.4549397450906256
1714079198.5650706,3.3848771342524775
1714079198.5651836,3.313646934650562
1714079198.5652964,3.2389135272414595
1714079198.5654094,3.1548385266904475
1714079198.5655222,3.0695957166177252
1714079198.5656352,2.9785145212102817
1714079198.5657482,2.8815947197101734
1714079198.565861,2.7835071086883545
1714079198.565974,2.678413523568047
1714079198.5660868,2.572151908168086
1714079198.5661998,2.4670581022898355
1714079198.5663126,2.3561259110768633
1714079198.5664256,2.24169029129876
1714079198.5665383,2.1260873035148338
1714079198.5666513,2.0046454888802985
1714079198.5667644,1.8808684967182299
1714079198.5668771,1.7489173897990473
1714079198.5669901,1.6146308845943873
1714079198.567103,1.475673582818773
1714079198.567216,1.3332130732359708
1714079198.5673287,1.1837463687967371
1714079198.5674417,1.0412859695929066
1714079198.5675545,0.8906515108214483
1714079198.5676675,0.7388494080967373
1714079198.5677803,0.5847118518970631
1714079198.5678933,0.4247357723889527
1714079198.5680063,0.26826281790380124
1714079198.568119,0.10244818749251189
1714079198.568232,-0.06218656069702572
1714079198.5683448,-0.23380614541195055
1714079198.5684578,-0.40309078715465685
1714079198.5685706,-0.5782127932265952
1714079198.5686836,-0.7521673485084815
1714079198.5687964,-0.9307918725190338
1714079198.5689094,-1.1035788942266394
1714079198.5690224,-1.2740310695436265
1714079198.5691352,-1.449153048020822
1714079198.5692482,-1.6207727017226041
1714079198.569361,-1.7888898098910295
1714079198.569474,-1.9628443099834298
1714079198.5695868,-2.1321290069156222
1714079198.5696998,-2.3025810718536377
1714079198.5698125,-2.4753680935612428
1714079198.5699255,-2.643485422487612
1714079198.5700386,-2.8069326171168574
1714079198.5701513,-2.9680448549765126
1714079198.5702643,-3.123319590533221
1714079198.570377,-3.2704223085332798
1714079198.5704901,-3.418692173781218
1714079198.570603,-3.558789800714563
1714079198.570716,-3.696552470878318
1714079198.5708287,-3.8273100499753596
1714079198.5709417,-3.958068070588288
1714079198.5710547,-4.084155736146149
1714079198.5711675,-4.205573929680718
1714079198.5712805,-4.319987032148573
1714079198.5713933,-4.4285624115555375
1714079198.5715063,-4.5301331414116754
1714079198.571619,-4.623531853711163
1714079198.571732,-4.708757665422227
1714079198.5718448,-4.791648741121645
1714079198.5719578,-4.866367799264413
1714079198.5720706,-4.93875123836376
1714079198.5721836,-5.005297837433991
1714079198.5722966,-5.064839345437509
1714079198.5724094,-5.124380853441026
1714079198.5725224,-5.17224735683865
1714079198.5726352,-5.216611756218804
1714079198.5727482,-5.255138432538067
1714079198.572861,-5.288995636834038
1714079198.572974,-5.3170151180691185
1714079198.5730867,-5.338029508237486
1714079198.5731997,-5.352039248855025
1714079198.5733128,-5.366048989472565
1714079198.5734255,-5.374221448545103
1714079198.5735385,-5.377723994078459
1714079198.5736513,-5.382393907617639
1714079198.5737643,-5.377723994078459
1714079198.573877,-5.373054080539279
1714079198.57399,-5.366048989472565
1714079198.5741029,-5.356709162394205
1714079198.574216,-5.3438672312983755
1714079198.574329,-5.327522313153302
1714079198.5744417,-5.306507481469048
1714079198.5745547,-5.281990545767324
1714079198.5746675,-5.259808346077247
1714079198.5747805,-5.23295623284799
1714079198.5748932,-5.202602015601264
1714079198.5750062,-5.174582534366183
1714079198.575119,-5.147730421136926
1714079198.575232,-5.118543571896023
1714079198.5753448,-5.0940261946784124
1714079198.5754578,-5.063671977431685
1714079198.5755708,-5.035652496196605
1714079198.5756836,-5.006465205439815
1714079198.5757966,-4.9714410746539075
1714079198.5759094,-4.93875123836376
1714079198.5760224,-4.90255973957203
1714079198.5761352,-4.869869903281883
1714079198.5762482,-4.837180508507623
1714079198.576361,-4.805658481739185
1714079198.576474,-4.776471632498281
1714079198.576587,-4.754289432808204
1714079198.5766997,-4.726269951573125
1714079198.5768127,-4.701753015871401
1714079198.5769255,-4.67256572511461
1714079198.5770385,-4.64454624387953
1714079198.5771513,-4.61769457216616
1714079198.5772643,-4.585004735876012
1714079198.577377,-4.555817886635109
1714079198.57749,-4.525463227872495
1714079198.577603,-4.499778924164948
1714079198.5777159,-4.477596724474871
1714079198.577829,-4.4554145247847945
1714079198.5779417,-4.433232325094718
1714079198.5780547,-4.412217934926351
1714079198.5781674,-4.385365821697094
1714079198.5782804,-4.357346340462013
1714079198.5783932,-4.329326859226933
1714079198.5785062,-4.2954696549309626
1714079198.578619,-4.2639480696784124
1714079198.578732,-4.232426042909975
1714079198.578845,-4.203238752153184
1714079198.5789578,-4.177554448445638
1714079198.5790708,-4.150702335216381
1714079198.5791836,-4.123850221987124
1714079198.5792966,-4.095830740752043
1714079198.5794094,-4.064308713983606
1714079198.5795224,-4.028116773675989
1714079198.5796351,-3.9907574653625484
1714079198.5797482,-3.9498956115157515
1714079198.5798612,-3.907866389663131
1714079198.579974,-3.863501990282977
1714079198.580087,-3.821472768430356
1714079198.5801997,-3.779443546577736
1714079198.5803127,-3.736246956719292
1714079198.5804255,-3.689547600569548
1714079198.5805385,-3.646350789953161
1714079198.5806513,-3.5949817410221803
1714079198.5807643,-3.5366076010244862
1714079198.5808773,-3.4782336817847357
1714079198.58099,-3.410519935466625
1714079198.581103,-3.3439735571543374
1714079198.5812159,-3.2704223085332798
1714079198.5813289,-3.199206016681812
1714079198.5814416,-3.127989504072401
1714079198.5815547,-3.0521032986817533
1714079198.5816674,-2.973882136521516
1714079198.5817804,-2.894493606355455
1714079198.5818934,-2.8080999851226807
1714079198.5820062,-2.7193716278782594
1714079198.5821192,-2.624805547572948
1714079198.582232,-2.5232348177168102
1714079198.582345,-2.4228314558664956
1714079198.5824578,-2.3154234444653543
1714079198.5825708,-2.202177710003323
1714079198.5826836,-2.091267153068825
1714079198.5827966,-1.9745190938313801
1714079198.5829093,-1.8554360778243453
1714079198.5830224,-1.7363531721962822
1714079198.5831354,-1.6079303291108873
1714079198.5832481,-1.4783401180196691
1714079198.5833611,-1.347582318164684
1714079198.583474,-1.203982256076954
1714079198.583587,-1.0603821939892237
1714079198.5836997,-0.9121121631728277
1714079198.5838127,-0.7591722740067376
1714079198.5839255,-0.6062323296511615
1714079198.5840385,-0.4509574837154812
1714079198.5841515,-0.294515131800263
1714079198.5842643,-0.1392402582698398
1714079198.5843773,0.01837316624544285
1714079198.58449,0.17834925265223892
1714079198.584603,0.3359899200775005
1714079198.5847158,0.5018045504887898
1714079198.5848289,0.6676191533053363
1714079198.5849416,0.8392723070250616
1714079198.5850546,1.0085900624593098
1714079198.5851676,1.1790755722257826
1714079198.5852804,1.350728670756022
1714079198.5853934,1.520046481379756
1714079198.5855062,1.6870287833390412
1714079198.5856192,1.8505079878701103
1714079198.585732,2.015154891543918
1714079198.585845,2.17629869778951
1714079198.5859578,2.337442504035102
1714079198.5860708,2.4974185007589833
1714079198.5861835,2.6608977052900524
1714079198.5862966,2.823209321057355
1714079198.5864096,2.980849919495759
1714079198.5865223,3.138490517934163
1714079198.5866354,3.287957332752369
1714079198.5867481,3.4327531302416765
1714079198.5868611,3.5728781311600293
1714079198.586974,3.701326140650996
1714079198.587087,3.8309419596636736
1714079198.5871997,3.954719172583686
1714079198.5873127,4.073825147416856
1714079198.5874257,4.194099373287624
1714079198.5875385,4.306199374022307
1714079198.5876515,4.413628578186035
1714079198.5877643,4.521057782349763
1714079198.5878773,4.617977583849871
1714079198.58799,4.70438798268636
1714079198.588103,4.787295394473605
1714079198.5882158,4.863196390646475
1714079198.5883288,4.932090971204969
1714079198.5884418,4.995147387186686
1714079198.5885546,5.055868184124981
1714079198.5886676,5.1095825654489015
1714079198.5887804,5.16446519781042
1714079198.5888934,5.214676592085096
1714079198.5890062,5.257881570745397
1714079198.5891192,5.2917453977796765
1714079198.589232,5.329112211863199
1714079198.589345,5.350130575674551
1714079198.589458,5.373485000045211
1714079198.5895708,5.389833008801495
1714079198.5896838,5.399174601943404
1714079198.5897965,5.410851814128734
1714079198.5899096,5.4190255977489326
1714079198.5900223,5.420193407270643
1714079198.5901353,5.4236963943198875
1714079198.590248,5.421360775276466
1714079198.590361,5.417857788227222
1714079198.590474,5.412019182134557
1714079198.590587,5.4015097794709375
1714079198.5907,5.3874973897580745
1714079198.5908127,5.373485000045211
1714079198.5909257,5.352466194717972
1714079198.5910385,5.3326151989124435
1714079198.5911515,5.312764203106915
1714079198.5912642,5.289409778736255
1714079198.5913773,5.266055795881483
1714079198.59149,5.24036619398329
1714079198.591603,5.21701176961263
1714079198.591716,5.1913226092303235
1714079198.5918288,5.16563300733213
1714079198.5919418,5.14227858296147
1714079198.5920546,5.114253803535743
1714079198.5921676,5.08622858259413
1714079198.5922804,5.0593711711742255
1714079198.5923934,5.027842963183367
1714079198.5925062,4.997482564714219
1714079198.5926192,4.969457785288492
1714079198.5927322,4.939097386819345
1714079198.592845,4.91107216587773
1714079198.592958,4.885382563979537
1714079198.5930707,4.859692962081343
1714079198.5931838,4.835171169704861
1714079198.5932965,4.810649377328378
1714079198.5934095,4.783791965908474
1714079198.5935223,4.759270173531991
1714079198.5936353,4.728909775062843
1714079198.593748,4.700884554121229
1714079198.593861,4.669356787646258
1714079198.593974,4.641331566704644
1714079198.594087,4.616809774328161
1714079198.5942,4.586449375859013
1714079198.5943127,4.565430570531774
1714079198.5944257,4.539740968633581
1714079198.5945385,4.511715747691967
1714079198.5946515,4.488361764837194
1714079198.5947642,4.4533305697970915
1714079198.5948772,4.422970171327944
1714079198.5949903,4.392609772858796
1714079198.595103,4.354075149253562
1714079198.595216,4.31904395421346
1714079198.5953288,4.286348378216778
1714079198.5954418,4.248981564133255
1714079198.5955546,4.218621165664107
1714079198.5956676,4.1847573386298285
1714079198.5957804,4.143887537497061
1714079198.5958934,4.107688974451135
1714079198.5960064,4.063315744753237
1714079198.5961192,4.016607337527804
1714079198.5962322,3.9698993718182596
1714079198.596345,3.9138489299350314
1714079198.596458,3.8601345486111107
1714079198.5965707,3.8064201672871905
1714079198.5966837,3.749202357398139
1714079198.5967965,3.6943199457945646
1714079198.5969095,3.6382699454272234
1714079198.5970225,3.5752137502034502
1714079198.5971353,3.5121573342217336
1714079198.5972483,3.4444303424270064
1714079198.597361,3.3696969350179033
1714079198.597474,3.293795938845034
1714079198.5975869,3.2108885270577887
1714079198.5976999,3.126813526506777
1714079198.5978127,3.041570716434055
1714079198.5979257,2.9504895210266113
1714079198.5980384,2.8605759143829346
1714079198.5981514,2.7683269094537803
1714079198.5982645,2.670239519189905
1714079198.5983772,2.569816509882609
1714079198.5984902,2.4658905135260687
1714079198.598603,2.35729349984063
1714079198.598716,2.239354893013283
1714079198.5988288,2.1179132991366916
1714079198.5989418,1.9941360862166793
1714079198.5990546,1.8680236957691332
1714079198.5991676,1.7360725888499506
1714079198.5992806,1.6017860836452906
1714079198.5993934,1.4639964810124149
1714079198.5995064,1.3250390688578286
1714079198.5996192,1.1849140679394756
1714079198.5997322,1.035447363500242
1714079198.599845,0.8883161125359711
1714079198.599958,0.7330108571935583
1714079198.6000707,0.5753702035656681
1714079198.6001837,0.4153940964628149
1714079198.6002967,0.2460763410285667
1714079198.6004095,0.08142943045607319
1714079198.6005225,-0.08553616978504039
1714079198.6006353,-0.2536533055482087
1714079198.6007483,-0.422937947290915
1714079198.600861,-0.5898876322640313
1714079198.600974,-0.7615072307763275
1714079198.6010869,-0.9296243941342388
1714079198.6011999,-1.1059138509962294
1714079198.6013126,-1.2763660263132166
1714079198.6014256,-1.451488004790412
1714079198.6015387,-1.6266100936465793
1714079198.6016514,-1.8017320721237746
1714079198.6017644,-1.9745190938313801
1714079198.6018772,-2.148473704302752
1714079198.6019902,-2.3119208989319975
1714079198.602103,-2.480038007100423
1714079198.602216,-2.6423178337238453
1714079198.6023288,-2.7987601580443204
1714079198.6024418,-2.9552024823647955
1714079198.6025548,-3.106974893146091
1714079198.6026676,-3.2599148926911528
1714079198.6027806,-3.411687303472448
1714079198.6028934,-3.556454843944973
1714079198.6030064,-3.700055016411675
1714079198.6031191,-3.8343151410420733
1714079198.6032321,-3.9650727201391147
1714079198.603345,-4.0888256496853295
1714079198.603458,-4.205573929680718
1714079198.603571,-4.315317118609393
1714079198.6036837,-4.422725130010534
1714079198.6037967,-4.523128491860849
1714079198.6039095,-4.616526762644449
1714079198.6040225,-4.709925474943938
1714079198.6041353,-4.793983918649179
1714079198.6042483,-4.876874994348596
1714079198.604361,-4.9504262429696535
1714079198.604474,-5.016972400523998
1714079198.604587,-5.0776817180492255
1714079198.6046999,-5.132553312513563
1714079198.6048129,-5.18158718391701
1714079198.6049256,-5.220114301752161
1714079198.6050386,-5.256306242059778
1714079198.6051514,-5.288995636834038
1714079198.6052644,-5.314679940541585
1714079198.6053772,-5.338029508237486
1714079198.6054902,-5.354374426382559
1714079198.605603,-5.366048989472565
1714079198.605716,-5.378891362084282
1714079198.605829,-5.382393907617639
1714079198.6059418,-5.382393907617639
1714079198.6060548,-5.382393907617639
1714079198.6061676,-5.374221448545103
1714079198.6062806,-5.363714253460919
1714079198.6063933,-5.350871880849202
1714079198.6065063,-5.334527404220015
1714079198.6066191,-5.318182486074941
1714079198.6067321,-5.298335463912398
1714079198.6068451,-5.276153264222321
1714079198.606958,-5.255138432538067
1714079198.607071,-5.230621496836344
1714079198.6071837,-5.20960666515209
1714079198.6072967,-5.1839223614445435
1714079198.6074095,-5.158237616221109
1714079198.6075225,-5.13021813498603
1714079198.6076353,-5.097528740211769
1714079198.6077483,-5.064839345437509
1714079198.6078613,-5.030982582657425
1714079198.607974,-4.999460555888988
1714079198.608087,-4.964435983587194
1714079198.6081998,-4.937583870357937
1714079198.6083128,-4.9060618435895
1714079198.6084256,-4.881544907887776
1714079198.6085386,-4.854692794658519
1714079198.6086514,-4.823170767890082
1714079198.6087644,-4.797486464182535
1714079198.6088772,-4.760127155869095
1714079198.6089902,-4.728605129100658
1714079198.6091032,-4.695915734326397
1714079198.609216,-4.660891162024604
1714079198.609329,-4.6317043127837
1714079198.6094418,-4.604852199554443
1714079198.6095548,-4.576832718319363
1714079198.6096675,-4.554650518629286
1714079198.6097806,-4.532468318939209
1714079198.6098933,-4.510286119249131
1714079198.6100063,-4.481099270008228
1714079198.6101193,-4.453079788773148
1714079198.610232,-4.420390393998887
1714079198.6103451,-4.39237047124792
1714079198.610458,-4.362016254001193
1714079198.610571,-4.335164140771936
1714079198.6106837,-4.3118145730760356
1714079198.6107967,-4.286129827852602
1714079198.6109095,-4.2639480696784124
1714079198.6110225,-4.2429332379941584
1714079198.6111355,-4.217248492770724
1714079198.6112483,-4.191564189063178
1714079198.6113613,-4.161209530300564
1714079198.611474,-4.126185399514657
1714079198.611587,-4.09349556322451
1714079198.6116998,-4.0561362549110695
1714079198.6118128,-4.022279492130986
1714079198.6119256,-3.9849201838175454
1714079198.6120386,-3.9533981570491084
1714079198.6121514,-3.9195413942690247
1714079198.6122644,-3.8833494539614075
1714079198.6123774,-3.84248760011461
1714079198.6124902,-3.801625746267813
1714079198.6126032,-3.7502566973368325
1714079198.612716,-3.6988874276479082
1714079198.612829,-3.644015833183571
1714079198.6129417,-3.5844743251800533
1714079198.6130548,-3.524932817176536
1714079198.6131675,-3.4630563524034286
1714079198.6132805,-3.4035148443999113
1714079198.6133935,-3.3404710116209806
1714079198.6135063,-3.273924633308693
1714079198.6136193,-3.2085458437601724
1714079198.613732,-3.131492049605758
1714079198.613845,-3.05327088744552
1714079198.613958,-2.9703798117461027
1714079198.614071,-2.8828188225075047
1714079198.6141837,-2.792922876499317
1714079198.6142967,-2.6971894281881825
1714079198.6144097,-2.6002886118712247
1714079198.6145225,-2.503387795554267
1714079198.6146355,-2.4018168449401855
1714079198.6147482,-2.2990787470782243
1714079198.6148612,-2.190502926155373
1714079198.614974,-2.0772574124512846
1714079198.615087,-1.9628443099834298
1714079198.6151998,-1.8402589692009819
1714079198.6153128,-1.7141710828851768
1714079198.6154258,-1.584580761414987
1714079198.6155386,-1.4456506128664368
1714079198.6156516,-1.3102228994722718
1714079198.6157644,-1.1677903157693368
1714079198.6158774,-1.0218552969120167
1714079198.6159902,-0.8759202780546965
1714079198.6161032,-0.7276503024277863
1714079198.616216,-0.5758778364570052
1714079198.616329,-0.42527290406050505
1714079198.6164417,-0.26299316022131175
1714079198.6165547,-0.10421585153650353
1714079198.6166677,0.06274609240116896
1714079198.6167805,0.23323154007947003
1714079198.6168935,0.406052420536677
1714079198.6170063,0.5800410001366226
1714079198.6171193,0.7505264547136095
1714079198.617232,0.9210119092905962
1714079198.617345,1.0914973638675831
1714079198.6174579,1.25847977620584
1714079198.6175709,1.4242943790223863
1714079198.617684,1.5959474775526257
1714079198.6177967,1.7629298898908825
1714079198.6179097,1.9334152892783836
1714079198.6180224,2.1003977016166404
1714079198.6181355,2.269715291482431
1714079198.6182482,2.435530115056921
1714079198.6183612,2.59900931958799
1714079198.618474,2.7601531258335816
1714079198.618587,2.9119551181793213
1714079198.6187,3.063757331283004
1714079198.6188128,3.2062177304868342
1714079198.6189258,3.351013527976142
1714079198.6190386,3.4911385288944947
1714079198.6191516,3.6277605427636037
1714079198.6192644,3.7655503661544234
1714079198.6193774,3.8998365402221675
1714079198.6194901,4.029452359234845
1714079198.6196032,4.15439694016068
1714079198.619716,4.268832559938784
1714079198.619829,4.380932560673466
1714079198.619942,4.481355349222818
1714079198.6200547,4.578275150722927
1714079198.6201677,4.665853359081127
1714079198.6202805,4.751096389911792
1714079198.6203935,4.8316681826556165
1714079198.6205063,4.908736988350197
1714079198.6206193,4.985805794044777
1714079198.620732,5.050029578032317
1714079198.620845,5.115421171541567
1714079198.620958,5.170303803903085
1714079198.6210709,5.221683007699472
1714079198.6211839,5.262552808832239
1714079198.6212966,5.297584003872341
1714079198.6214097,5.330279579869023
1714079198.6215224,5.353634004239683
1714079198.6216354,5.3781557966161655
1714079198.6217482,5.396838982899983
1714079198.6218612,5.4143548011779785
1714079198.6219742,5.427199381369131
1714079198.622087,5.4330379874617964
1714079198.6222,5.440044403076172
1714079198.6223128,5.441212212597882
1714079198.6224258,5.435373606505217
1714079198.6225386,5.430702809934263
1714079198.6226516,5.4190255977489326
1714079198.6227643,5.408516195085313
1714079198.6228774,5.3921681863290285
1714079198.6229904,5.3781557966161655
1714079198.6231031,5.359472610332348
1714079198.6232162,5.340788982532642
1714079198.623329,5.322105796248824
1714079198.623442,5.302254800443296
1714079198.6235547,5.2824038046377675
1714079198.6236677,5.259049380267108
1714079198.6237805,5.238030574939868
1714079198.6238935,5.211173605035852
1714079198.6240063,5.187819180665192
1714079198.6241193,5.159794401239465
1714079198.6242323,5.131769180297852
1714079198.624345,5.102576591350414
1714079198.624458,5.072216192881266
1714079198.6245708,5.044190971939652
1714079198.6246839,5.017334002035635
1714079198.6247966,4.991644400137441
1714079198.6249096,4.9636191791958275
1714079198.6250224,4.937929577297634
1714079198.6251354,4.91107216587773
1714079198.6252484,4.881879576930293
1714079198.6253612,4.853854797504566
1714079198.6254742,4.821158779991998
1714079198.625587,4.79196619104456
1714079198.6257,4.760437983053701
1714079198.6258128,4.732412762112087
1714079198.6259258,4.70322017316465
1714079198.6260386,4.679866190309878
1714079198.6261516,4.655343956417507
1714079198.6262646,4.6308221640410245
1714079198.6263773,4.606300371664542
1714079198.6264904,4.577107782717104
1714079198.6266031,4.5502503712972
1714079198.6267161,4.518722163306342
1714079198.626829,4.488361764837194
1714079198.626942,4.455665747324625
1714079198.6270547,4.422970171327944
1714079198.6271677,4.3937775823805065
1714079198.6272805,4.363417183911358
1714079198.6273935,4.334224153448034
1714079198.6275065,4.305031564500596
1714079198.6276193,4.273503356509738
1714079198.6277323,4.238472161469636
1714079198.627845,4.201105347386113
1714079198.627958,4.160235546253346
1714079198.6280708,4.118198377114755
1714079198.6281838,4.072657337895146
1714079198.6282966,4.022445943620469
1714079198.6284096,3.980408332965992
1714079198.6285226,3.933700367256447
1714079198.6286354,3.884656340987594
1714079198.6287484,3.8367805657563383
1714079198.6288612,3.7842335524382413
1714079198.6289742,3.7293513615926104
1714079198.629087,3.668630343896371
1714079198.6292,3.6079095469580755
1714079198.6293128,3.5390147456416376
1714079198.6294258,3.4677845460397223
1714079198.6295388,3.397721935201574
1714079198.6296515,3.3218209390287043
1714079198.6297646,3.243584323812414
1714079198.6298773,3.167683327639544
1714079198.6299903,3.0859437253740096
1714079198.630103,3.0007009153012874
1714079198.6302161,2.909619719893844
1714079198.630329,2.81737071496469
1714079198.630442,2.7204509134645813
1714079198.630555,2.6118541205370867
1714079198.6306677,2.5067603146588358
1714079198.6307807,2.39582790268792
1714079198.6308935,2.28022469414605
1714079198.6310065,2.1622863080766463
1714079198.6311193,2.0431798917275885
1714079198.6312323,1.9217382978509971
1714079198.631345,1.7956256866455076
1714079198.631458,1.66951318581899
1714079198.6315708,1.53522668061433
1714079198.6316838,1.3962693788387157
1714079198.6317968,1.2538088692559135
1714079198.6319096,1.1101807709093445
1714079198.6320226,0.9595463673273722
1714079198.6321354,0.8077442094131752
1714079198.6322484,0.6524389540707624
1714079198.6323612,0.49596599958561083
1714079198.6324742,0.3394930451004593
1714079198.632587,0.1760138267720187
1714079198.6327,0.01603774898857982
1714079198.632813,-0.14858009914557138
1714079198.6329257,-0.3155297703213162
1714079198.6330388,-0.48364693367922745
1714079198.6331515,-0.6540990538067287
1714079198.6332645,-0.8292210874734101
1714079198.6333773,-1.0078455562944766
1714079198.6334903,-1.181800056386877
1714079198.633603,-1.3592571020126343
1714079198.633716,-1.5320441237202396
1714079198.633829,-1.7059987341916119
1714079198.633942,-1.8729483639752422
1714079198.634055,-2.0410654721436674
1714079198.6341677,-2.2068476235425027
1714079198.6342807,-2.374964952468872
1714079198.6343935,-2.5349096015647605
1714079198.6345065,-2.6995243849577726
1714079198.6346192,-2.860636622817428
1714079198.6347322,-3.0205814926712597
1714079198.634845,-3.1735212714583785
1714079198.634958,-3.32179135746426
1714079198.635071,-3.4688938547063755
1714079198.6351838,-3.6043215681005405
1714079198.6352968,-3.7420842382642956
1714079198.6354096,-3.8658371678105103
1714079198.6355226,-3.9895900973567255
1714079198.6356354,-4.1098404813695835
1714079198.6357484,-4.2219184063099044
1714079198.6358612,-4.335164140771936
1714079198.6359742,-4.439070048155608
1714079198.6360872,-4.541808146017569
1714079198.6362,-4.63520641680117
1714079198.636313,-4.723935215561478
1714079198.6364257,-4.803323745727539
1714079198.6365387,-4.874539816821063
1714079198.6366515,-4.9445889614246505
1714079198.6367645,-5.004130469428168
1714079198.6368773,-5.064839345437509
1714079198.6369903,-5.116208394368489
1714079198.6371033,-5.164074897766113
1714079198.637216,-5.20610456113462
1714079198.637329,-5.242296501442238
1714079198.6374419,-5.277320632228145
1714079198.637555,-5.305340113463225
1714079198.6376677,-5.328689681159125
1714079198.6377807,-5.346201967310022
1714079198.6378934,-5.357876971915916
1714079198.6380064,-5.366048989472565
1714079198.6381192,-5.369551535005923
1714079198.6382322,-5.369551535005923
1714079198.6383452,-5.363714253460919
1714079198.638458,-5.357876971915916
1714079198.638571,-5.349704512843379
1714079198.6386838,-5.335694772225839
1714079198.6387968,-5.324019767619945
1714079198.6389096,-5.307675290990758
1714079198.6390226,-5.291330372845684
1714079198.6391354,-5.266813437143961
1714079198.6392484,-5.246966414981418
1714079198.6393614,-5.217779124224627
1714079198.6394742,-5.1897596429895465
1714079198.6395872,-5.160572793748643
1714079198.6397,-5.127883398974383
1714079198.639813,-5.098696108217593
1714079198.6399257,-5.068341890970865
1714079198.6400387,-5.0403224097357855
1714079198.6401515,-5.012302486984818
1714079198.6402645,-4.987785551283094
1714079198.6403775,-4.958598702042191
1714079198.6404903,-4.9294114112854
1714079198.6406033,-4.899057194038673
1714079198.640716,-4.86403262173688
1714079198.640829,-4.831343226962619
1714079198.6409419,-4.798653832188359
1714079198.6410549,-4.765964437414098
1714079198.6411676,-4.735609778651485
1714079198.6412807,-4.709925474943938
1714079198.6413937,-4.687743275253861
1714079198.6415064,-4.660891162024604
1714079198.6416194,-4.638708962334527
1714079198.6417322,-4.6095221130936235
1714079198.6418452,-4.582669999864366
1714079198.641958,-4.553483150623462
1714079198.642071,-4.520793314333315
1714079198.6421838,-4.490439097086588
1714079198.6422968,-4.460084438323975
1714079198.6424096,-4.4344001346164275
1714079198.6425226,-4.408715389392993
1714079198.6426356,-4.3865331897029165
1714079198.6427484,-4.36435099001284
1714079198.6428614,-4.341001422316939
1714079198.6429741,-4.319987032148573
1714079198.6430871,-4.289632373385959
1714079198.6432,-4.261612892150879
1714079198.643313,-4.227756129370795
1714079198.6434257,-4.1950667345965345
1714079198.6435387,-4.163544707828097
1714079198.6436517,-4.13202268105966
1714079198.6437645,-4.1040031998245805
1714079198.6438775,-4.073648541061966
1714079198.6439903,-4.04796423735442
1714079198.6441033,-4.016442210585982
1714079198.644216,-3.982585006290012
1714079198.644329,-3.9463930659823947
1714079198.6444418,-3.9066990216573076
1714079198.6445549,-3.863501990282977
1714079198.6446679,-3.8156354868853533
1714079198.6447806,-3.7689363514935526
1714079198.6448936,-3.7187346705683955
1714079198.6450064,-3.673202903182418
1714079198.6451194,-3.6241688110210277
1714079198.6452322,-3.5763020868654603
1714079198.6453452,-3.522597860406946
1714079198.645458,-3.4653913091730186
1714079198.645571,-3.4035148443999113
1714079198.6456838,-3.3369684660876238
1714079198.6457968,-3.268087131005746
1714079198.6459098,-3.191033557609275
1714079198.6460226,-3.1139797634548607
1714079198.6461356,-3.03225627651921
1714079198.6462483,-2.9528675255952055
1714079198.6463614,-2.8688090818899648
1714079198.6464741,-2.7835830494209572
1714079198.6465871,-2.6925195146490024
1714079198.6467,-2.599121023107458
1714079198.646813,-2.5022202067905
1714079198.646926,-2.398314520164772
1714079198.6470387,-2.289738919999864
1714079198.6471517,-2.177660774301599
1714079198.6472645,-2.057410169530798
1714079198.6473775,-1.9359924175121166
1714079198.6474903,-1.8122393775869299
1714079198.6476033,-1.6861514912711248
1714079198.647716,-1.5577287585647017
1714079198.647829,-1.4269709587097168
1714079198.647942,-1.2903757669307567
1714079198.6480548,-1.1561155319213867
1714079198.6481678,-1.0125154698336565
1714079198.6482806,-0.8665804509763364
1714079198.6483936,-0.7136405066207603
1714079198.6485064,-0.56070061745467
1714079198.6486194,-0.40309078715465685
1714079198.6487322,-0.23847608654587354
1714079198.6488452,-0.07853128567889885
1714079198.6489582,0.08376484943760765
1714079198.649071,0.24490864188582806
1714079198.649184,0.40955554555963586
1714079198.6492968,0.5706993518052277
1714079198.6494098,0.7341785563362969
1714079198.6495225,0.903496311770545
1714079198.6496356,1.070478668919316
1714079198.6497483,1.2468026743994818
1714079198.6498613,1.4196234720724599
1714079198.649974,1.5947797784098872
1714079198.650087,1.7664329873190985
1714079198.6502001,1.9404214841348153
1714079198.650313,2.1062360869513617
1714079198.650426,2.2743863088113287
1714079198.6505387,2.4308590977280224
1714079198.6506517,2.5908353152098478
1714079198.6507645,2.7519791214554394
1714079198.6508775,2.909619719893844
1714079198.6509902,3.0649249200467708
1714079198.6511033,3.2213979297214084
1714079198.6512163,3.373200142825091
1714079198.651329,3.5191635290781655
1714079198.651442,3.6639595473254167
1714079198.6515548,3.7959107646235712
1714079198.6516678,3.927861761163782
1714079198.6517806,4.046967735996953
1714079198.6518936,4.163738974818477
1714079198.6520064,4.273503356509738
1714079198.6521194,4.379764751151756
1714079198.6522324,4.482523158744529
1714079198.6523452,4.581778579288058
1714079198.6524582,4.677530571266456
1714079198.652571,4.766276589146367
1714079198.652684,4.852686987982856
1714079198.6527967,4.9274201746340145
1714079198.6529098,4.997482564714219
1714079198.6530225,5.061706790217647
1714079198.6531355,5.115421171541567
1714079198.6532483,5.170303803903085
1714079198.6533613,5.214676592085096
1714079198.6534743,5.260217189788818
1714079198.653587,5.297584003872341
1714079198.6537,5.338453805005108
1714079198.653813,5.3688142034742565
1714079198.653926,5.396838982899983
1714079198.6540387,5.417857788227222
1714079198.6541517,5.434205796983506
1714079198.6542645,5.4470503771746595
1714079198.6543775,5.450553805739791
1714079198.6544905,5.454056792789035
1714079198.6546032,5.451721615261501
1714079198.6547163,5.450553805739791
1714079198.654829,5.442379580603705
1714079198.654942,5.431870177940086
1714079198.6550548,5.4236963943198875
1714079198.6551678,5.408516195085313
1714079198.6552806,5.396838982899983
1714079198.6553936,5.3781557966161655
1714079198.6555066,5.359472610332348
1714079198.6556194,5.338453805005108
1714079198.6557324,5.313932012628626
1714079198.6558452,5.2917453977796765
1714079198.6559582,5.262552808832239
1714079198.656071,5.2368632069340455
1714079198.656184,5.208837985992432
1714079198.6562967,5.183148384094238
1714079198.6564097,5.153955795146801
1714079198.6565228,5.128266193248607
1714079198.6566355,5.103744400872125
1714079198.6567485,5.074551370408799
1714079198.6568613,5.050029578032317
1714079198.6569743,5.0185013700414585
1714079198.657087,4.993979577664976
1714079198.6572,4.961284001668294
1714079198.6573129,4.932090971204969
1714079198.6574259,4.900562763214111
1714079198.6575387,4.86903499673914
1714079198.6576517,4.8410097757975254
1714079198.6577647,4.814152364377622
1714079198.6578774,4.788462762479429
1714079198.6579905,4.763940970102945
1714079198.6581032,4.739419177726463
1714079198.6582162,4.713729575828269
1714079198.658329,4.684536986880832
1714079198.658442,4.658847384982638
1714079198.6585548,4.629654354519314
1714079198.6586678,4.600461765571876
1714079198.6587808,4.568933557581018
1714079198.6588936,4.540908778155291
1714079198.6590066,4.514051366735387
1714079198.6591194,4.48602658730966
1714079198.6592324,4.4626721629390005
1714079198.6593451,4.434647383513274
1714079198.6594582,4.40662216257166
1714079198.659571,4.372758777053267
1714079198.659684,4.340062759540698
1714079198.659797,4.301528577451353
1714079198.6599097,4.26532957288954
1714079198.6600227,4.224459771756773
1714079198.6601355,4.18826076719496
1714079198.6602485,4.147390966062193
1714079198.6603613,4.106521164929425
1714079198.6604743,4.069154350845902
1714079198.660587,4.025949372185601
1714079198.6607,3.983911761531123
1714079198.6608129,3.9383711638274015
1714079198.6609259,3.885824150509304
1714079198.6610389,3.829774150141963
1714079198.6611516,3.7748919592963324
1714079198.6612647,3.7153385303638595
1714079198.6613774,3.652282335140087
1714079198.6614904,3.593896936487268
1714079198.6616032,3.5273375334563077
1714079198.6617162,3.4654489269963014
1714079198.661829,3.3965541256798635
1714079198.661942,3.3253239260779486
1714079198.662055,3.2470875316196017
1714079198.6621678,3.167683327639544
1714079198.6622808,3.080105119281345
1714079198.6623936,2.9890239238739014
1714079198.6625066,2.8932717111375594
1714079198.6626194,2.796351909637451
1714079198.6627324,2.6982645193735757
1714079198.6628451,2.593170713495325
1714079198.6629581,2.4880769076170743
1714079198.6630712,2.3771444956461587
1714079198.663184,2.2650444949114763
1714079198.663297,2.1471058880841287
1714079198.6634097,2.026832103729248
1714079198.6635227,1.9007194925237583
1714079198.6636355,1.7664329873190985
1714079198.6637485,1.6309787829717
1714079198.6638613,1.4873505742461592
1714079198.6639743,1.3460578741850675
1714079198.6640873,1.2000942671740495
1714079198.6642,1.052962961020293
1714079198.664313,0.903496311770545
1714079198.6644258,0.7493587555708708
1714079198.6645389,0.596388953703421
1714079198.6646516,0.438748272480788
1714079198.6647646,0.2752690679497189
1714079198.6648774,0.111789856519964
1714079198.6649904,-0.05634916187436492
1714079198.6651032,-0.22563379671838546
1714079198.6652162,-0.39491843846109176
1714079198.6653292,-0.5677054877634401
1714079198.665442,-0.7416600430453265
1714079198.665555,-0.9132796415576228
1714079198.6656678,-1.0860667184547141
1714079198.6657808,-1.2541838266231395
1714079198.6658936,-1.4258034803249218
1714079198.6660066,-1.595088066878142
1714079198.6661193,-1.7667077205799242
1714079198.6662323,-1.9371597855179397
1714079198.6663454,-2.108779439219722
1714079198.6664581,-2.2803988721635604
1714079198.6665711,-2.4450136555565725
1714079198.666684,-2.6142983524887646
1714079198.666797,-2.7742430015846535
1714079198.6669097,-2.930685546663072
1714079198.6670227,-3.0824579574443676
1714079198.6671355,-3.233062779461896
1714079198.6672485,-3.377830319934421
1714079198.6673615,-3.519095535631533
1714079198.6674743,-3.6568582057952876
1714079198.6675873,-3.793453287195276
1714079198.6677,-3.926546043819851
1714079198.667813,-4.053801518899423
1714079198.6679258,-4.177554448445638
1714079198.6680388,-4.290799741391782
1714079198.6681516,-4.4017107398421675
1714079198.6682646,-4.504448837704128
1714079198.6683774,-4.600182286015263
1714079198.6684904,-4.688910643259684
1714079198.6686034,-4.768299173425745
1714079198.6687162,-4.850022881119339
1714079198.6688292,-4.922406761734574
1714079198.668942,-4.994790642349808
1714079198.669055,-5.053164340831615
1714079198.6691678,-5.109203744817663
1714079198.6692808,-5.159404984226933
1714079198.6693935,-5.203769383607087
1714079198.6695065,-5.244631237453884
1714079198.6696196,-5.273818086694788
1714079198.6697323,-5.300670199924045
1714079198.6698453,-5.324019767619945
1714079198.669958,-5.339197317759195
1714079198.6700711,-5.352039248855025
1714079198.670184,-5.360211707927562
1714079198.670297,-5.366048989472565
1714079198.6704097,-5.373054080539279
1714079198.6705227,-5.369551535005923
1714079198.6706357,-5.368384167000099
1714079198.6707485,-5.359044339921739
1714079198.6708615,-5.354374426382559
1714079198.6709743,-5.338029508237486
1714079198.6710873,-5.3228523996141215
1714079198.6712,-5.303005377451578
1714079198.671313,-5.280823177761501
1714079198.6714258,-5.257473610065601
1714079198.6715388,-5.2317888648421675
1714079198.6716516,-5.20610456113462
1714079198.6717646,-5.179252447905363
1714079198.6718776,-5.155902880209463
1714079198.6719904,-5.13021813498603
1714079198.6721034,-5.102198653750949
1714079198.6722162,-5.074179172515869
1714079198.6723292,-5.041489777741608
1714079198.672442,-5.011135118978994
1714079198.672555,-4.973775810665554
1714079198.6726677,-4.93991904788547
1714079198.6727808,-4.9060618435895
1714079198.6728938,-4.871037712803593
1714079198.6730065,-4.839515686035156
1714079198.6731195,-4.810328395278365
1714079198.6732323,-4.782308914043285
1714079198.6733453,-4.7589593463473845
1714079198.673458,-4.729772497106481
1714079198.673571,-4.700585647865577
1714079198.673684,-4.67256572511461
1714079198.673797,-4.638708962334527
1714079198.67391,-4.6095221130936235
1714079198.6740227,-4.578000086325186
1714079198.6741357,-4.551147973095929
1714079198.6742485,-4.526631037394205
1714079198.6743615,-4.502113660176595
1714079198.6744742,-4.4822666380140515
1714079198.6745872,-4.458917070318151
1714079198.6747,-4.436734870628074
1714079198.674813,-4.4133853029321735
1714079198.674926,-4.38419845369127
1714079198.6750388,-4.357346340462013
1714079198.6751518,-4.324656945687753
1714079198.6752646,-4.293134918919316
1714079198.6753776,-4.265115437684235
1714079198.6754904,-4.240598060466625
1714079198.6756034,-4.212578579231544
1714079198.6757162,-4.1892290115356445
1714079198.6758292,-4.161209530300564
1714079198.675942,-4.135525226593018
1714079198.676055,-4.105170567830403
1714079198.676168,-4.072481173056143
1714079198.6762807,-4.037456600754349
1714079198.6763937,-3.9954273789017285
1714079198.6765065,-3.958068070588288
1714079198.6766195,-3.918373584747314
1714079198.6767323,-3.876344362894694
1714079198.6768453,-3.8389850545812534
1714079198.676958,-3.7992905687402794
1714079198.677071,-3.757261346887659
1714079198.677184,-3.712897389023392
1714079198.6772969,-3.665030444109881
1714079198.67741,-3.6089914816397206
1714079198.6775227,-3.55061756239997
1714079198.6776357,-3.4887410976268627
1714079198.6777484,-3.423362087320398
1714079198.6778615,-3.3579832977718773
1714079198.6779742,-3.28676700592041
1714079198.6780872,-3.2178856708385326
1714079198.6782002,-3.1455017902232982
1714079198.678313,-3.0719505416022406
1714079198.678426,-2.996064336211593
1714079198.6785388,-2.9166755852875883
1714079198.6786518,-2.8291145960489907
1714079198.6787646,-2.74038623880457
1714079198.6788776,-2.645820379257202
1714079198.6789904,-2.5454170174068875
1714079198.6791034,-2.4461812443203397
1714079198.6792161,-2.337605423397488
1714079198.6793292,-2.23136478000217
1714079198.6794422,-2.120454223067672
1714079198.679555,-2.0060411205998174
1714079198.679668,-1.8916280181319625
1714079198.6797807,-1.7702101557343093
1714079198.6798937,-1.6452897478032995
1714079198.6800065,-1.5168669047179044
1714079198.6801195,-1.3791042345541493
1714079198.6802323,-1.2413415643903944
1714079198.6803453,-1.0989089806874592
1714079198.6804583,-0.948304048290959
1714079198.680571,-0.7965316375096638
1714079198.680684,-0.6470941283084728
1714079198.6807969,-0.4929867607575875
1714079198.6809099,-0.3423818283610873
1714079198.6810226,-0.18360450587890764
1714079198.6811357,-0.028329637522498764
1714079198.6812484,0.12930548853344387
1714079198.6813614,0.29628781808747184
1714079198.6814744,0.4609347493560226
1714079198.6815872,0.6302525047902707
1714079198.6817002,0.8030733576527348
1714079198.681813,0.9747265665619461
1714079198.681926,1.1463796650921856
1714079198.6820388,1.3156974757159197
1714079198.6821518,1.4826797776752048
1714079198.6822646,1.6496620796344896
1714079198.6823776,1.8119735850228202
1714079198.6824906,1.9742850904111509
1714079198.6826034,2.1389321044639305
1714079198.6827164,2.298908101187812
1714079198.6828291,2.4635551152405912
1714079198.6829422,2.628201908535427
1714079198.683055,2.7858425069738315
1714079198.683168,2.9469863132194236
1714079198.6832807,3.099956335844817
1714079198.6833937,3.2447521333341243
1714079198.6835065,3.3872125325379545
1714079198.6836195,3.5238345464070635
1714079198.6837325,3.656953352468985
1714079198.6838453,3.7854013619599516
1714079198.6839583,3.912681561929208
1714079198.684071,4.041129571420175
1714079198.684184,4.161403355775056
1714079198.6842968,4.281677581645824
1714079198.6844099,4.3937775823805065
1714079198.6845226,4.495368180451569
1714079198.6846356,4.595790969000922
1714079198.6847486,4.688039973930076
1714079198.6848614,4.769779576195611
1714079198.6849744,4.848016191411901
1714079198.6850872,4.920414200535527
1714079198.6852002,4.9869731620506
1714079198.685313,5.053532565081561
1714079198.685426,5.111918184492323
1714079198.6855388,5.167968184859664
1714079198.6856518,5.220515198177761
1714079198.6857648,5.260217189788818
1714079198.6858776,5.301086990921585
1714079198.6859906,5.333783008434154
1714079198.6861033,5.357136991288926
1714079198.6862164,5.380490974143699
1714079198.6863291,5.396838982899983
1714079198.6864421,5.408516195085313
1714079198.686555,5.420193407270643
1714079198.686668,5.426032013363308
1714079198.6867807,5.429535000412552
1714079198.6868937,5.4330379874617964
1714079198.6870067,5.429535000412552
1714079198.6871195,5.4283671908908415
1714079198.6872325,5.4190255977489326
1714079198.6873453,5.408516195085313
1714079198.6874583,5.39450380537245
1714079198.687571,5.3781557966161655
1714079198.687684,5.36063997833817
1714079198.6877968,5.339621173010932
1714079198.6879098,5.319770177205403
1714079198.6880229,5.297584003872341
1714079198.6881356,5.275397389023392
1714079198.6882486,5.252043406168619
1714079198.6883614,5.22752117227625
1714079198.6884744,5.204167189421477
1714079198.6885872,5.179645397044994
1714079198.6887002,5.153955795146801
1714079198.688813,5.129434002770318
1714079198.688926,5.096737985257749
1714079198.689039,5.069880573837845
1714079198.6891518,5.037184997841163
1714079198.6892648,5.002153802801061
1714079198.6893775,4.979967187952112
1714079198.6894906,4.948438979961254
1714079198.6896033,4.9227493780630605
1714079198.6897163,4.895891966643156
1714079198.689829,4.8678671872174295
1714079198.6899421,4.843345394840947
1714079198.6900551,4.815320173899332
1714079198.690168,4.788462762479429
1714079198.690281,4.755767186482747
1714079198.6903937,4.7265741560194225
1714079198.6905067,4.698549376593696
1714079198.6906195,4.669356787646258
1714079198.6907325,4.6378285796554
1714079198.6908453,4.61447415528474
1714079198.6909583,4.592287981951678
1714079198.691071,4.564262761010064
1714079198.691184,4.540908778155291
1714079198.691297,4.514051366735387
1714079198.6914098,4.487193955315484
1714079198.6915228,4.456833556846336
1714079198.6916356,4.422970171327944
1714079198.6917486,4.389106344293665
1714079198.6918614,4.3575785778186935
1714079198.6919744,4.324882560306125
1714079198.6920872,4.293354352315267
1714079198.6922002,4.262993953846118
1714079198.6923132,4.227962758806016
1714079198.692426,4.196434550815158
1714079198.692539,4.161403355775056
1714079198.6926517,4.118198377114755
1714079198.6927648,4.076160766460277
1714079198.6928775,4.028284549713135
1714079198.6929905,3.9769053459167476
1714079198.6931033,3.9290295706854925
1714079198.6932163,3.874146938323974
1714079198.6933293,3.8216003665217646
1714079198.693442,3.770221162725378
1714079198.693555,3.7141711623580367
1714079198.693668,3.6581209412327516
1714079198.693781,3.5985677330582226
1714079198.6938937,3.5308407412634955
1714079198.6940067,3.460778130425347
1714079198.6941195,3.3860449437741877
1714079198.6942325,3.3089761380796077
1714079198.6943452,3.227236535814073
1714079198.6944582,3.141993725741351
1714079198.6945713,3.0602541234758163
1714079198.694684,2.9703405168321395
1714079198.694797,2.8780915119029857
1714079198.6949098,2.7881781260172525
1714079198.6950228,2.687755116709956
1714079198.6951356,2.58733210740266
1714079198.6952486,2.4775675049534547
1714079198.6953614,2.364299694697062
1714079198.6954744,2.2463613086276584
1714079198.6955874,2.124919493993123
1714079198.6957002,1.9988071035455772
1714079198.6958132,1.8726944923400877
1714079198.695926,1.7430787837063824
1714079198.696039,1.609959977644461
1714079198.6961517,1.4768412819615115
1714079198.6962647,1.3343807723787096
1714079198.6963775,1.1930880723176178
1714079198.6964905,1.0506275627348158
1714079198.6966035,0.8999931591528433
1714079198.6967163,0.7470233572853936
1714079198.6968293,0.5835441527543244
1714079198.696942,0.4235680732462141
1714079198.697055,0.25775344283492474
1714079198.6971679,0.0919388124236354
1714079198.697281,-0.07269388685623804
1714079198.6973937,-0.2419785217002586
1714079198.6975067,-0.41126313584822194
1714079198.6976194,-0.5793803268008761
1714079198.6977324,-0.7509998701236865
1714079198.6978455,-0.9261219589798538
1714079198.6979582,-1.1012439374570493
1714079198.6980712,-1.2787009830828064
1714079198.698184,-1.452655483175207
1714079198.698297,-1.6324474855705542
1714079198.6984098,-1.8064019856629547
1714079198.6985228,-1.980356596134327
1714079198.6986356,-2.1531436178419323
1714079198.6987486,-2.3189257692407677
1714079198.6988616,-2.480038007100423
1714079198.6989744,-2.643485422487612
1714079198.6990874,-2.797592790038497
1714079198.6992002,-2.9552024823647955
1714079198.6993132,-3.109309849915681
1714079198.699426,-3.262249849460743
1714079198.699539,-3.412854892236215
1714079198.6996517,-3.554119887175383
1714079198.6997647,-3.696552470878318
1714079198.6998777,-3.829645227502893
1714079198.6999905,-3.9557328930607545
1714079198.7001035,-4.078318454601146
1714079198.7002163,-4.192731557069001
1714079198.7003293,-4.304809482009322
1714079198.700442,-4.411050566920528
1714079198.700555,-4.5137886647824885
1714079198.7006679,-4.610689481099446
1714079198.7007809,-4.704087751883048
1714079198.7008939,-4.793983918649179
1714079198.7010067,-4.875707626342773
1714079198.7011197,-4.94809106544212
1714079198.7012324,-5.014637664512351
1714079198.7013454,-5.075346540521692
1714079198.7014582,-5.13021813498603
1714079198.7015712,-5.178085079899541
1714079198.701684,-5.220114301752161
1714079198.701797,-5.256306242059778
1714079198.7019098,-5.291330372845684
1714079198.7020228,-5.319349854080765
1714079198.7021358,-5.341532053770842
1714079198.7022486,-5.361379075933385
1714079198.7023616,-5.375388816550926
1714079198.7024744,-5.384729085145173
1714079198.7025874,-5.3917337346959995
1714079198.7027001,-5.390566366690176
1714079198.7028131,-5.387063821156819
1714079198.702926,-5.381226539611816
1714079198.703039,-5.368384167000099
1714079198.703152,-5.352039248855025
1714079198.7032647,-5.338029508237486
1714079198.7033777,-5.319349854080765
1714079198.7034905,-5.298335463912398
1714079198.7036035,-5.2796558097556785
1714079198.7037163,-5.257473610065601
1714079198.7038293,-5.235291410375524
1714079198.703942,-5.211941842679624
1714079198.704055,-5.182754993438721
1714079198.704168,-5.154735070687753
1714079198.7042809,-5.124380853441026
1714079198.7043939,-5.090523649145055
1714079198.7045066,-5.0566668863649715
1714079198.7046196,-5.022810123584888
1714079198.7047324,-4.990120728810628
1714079198.7048454,-4.962101247575547
1714079198.7049582,-4.9340813248245805
1714079198.7050712,-4.904894475583677
1714079198.705184,-4.879209730360243
1714079198.705297,-4.850022881119339
1714079198.70541,-4.819668663872613
1714079198.7055228,-4.788146637104175
1714079198.7056358,-4.756624610335738
1714079198.7057486,-4.723935215561478
1714079198.7058616,-4.690078011265507
1714079198.7059743,-4.65972379401878
1714079198.7060874,-4.63520641680117
1714079198.7062001,-4.610689481099446
1714079198.7063131,-4.5885072814093695
1714079198.7064261,-4.566325081719293
1714079198.706539,-4.542975514023392
1714079198.706652,-4.5137886647824885
1714079198.7067647,-4.486936551553232
1714079198.7068777,-4.454247156778971
1714079198.7069905,-4.422725130010534
1714079198.7071035,-4.394705648775454
1714079198.7072163,-4.36435099001284
1714079198.7073293,-4.338666686305293
1714079198.7074423,-4.312981941081859
1714079198.707555,-4.290799741391782
1714079198.707668,-4.268617983217593
1714079198.7077808,-4.2429332379941584
1714079198.7078938,-4.217248492770724
1714079198.7080066,-4.185726907518174
1714079198.7081196,-4.154204880749737
1714079198.7082324,-4.1203476764537665
1714079198.7083454,-4.0829883681403265
1714079198.7084584,-4.050298973366066
1714079198.7085712,-4.019944314603452
1714079198.7086842,-3.9860875518233687
1714079198.708797,-3.958068070588288
1714079198.70891,-3.921876130280671
1714079198.7090228,-3.8856841899730536
1714079198.7091358,-3.844822336126257
1714079198.7092485,-3.7992905687402794
1714079198.7093616,-3.7525914333484787
1714079198.7094743,-3.6988874276479082
1714079198.7095873,-3.646350789953161
1714079198.7097003,-3.5891442387192334
1714079198.709813,-3.531937687485306
1714079198.7099261,-3.474731136251379
1714079198.710039,-3.418692173781218
1714079198.710152,-3.3556483410022873
1714079198.7102647,-3.287934373926233
1714079198.7103777,-3.2178856708385326
1714079198.7104905,-3.141999465447885
1714079198.7106035,-3.061443346518057
1714079198.7107165,-2.9750497252852828
1714079198.7108293,-2.8851537792770947
1714079198.7109423,-2.7917552877355503
1714079198.711055,-2.7018593417273626
1714079198.711168,-2.603790936646638
1714079198.7112808,-2.501052838784677
1714079198.7113938,-2.4029844337039523
1714079198.7115066,-2.2979111583144576
1714079198.7116196,-2.1881679693857827
1714079198.7117326,-2.0760900444454617
1714079198.7118454,-1.95583943967466
1714079198.7119584,-1.8309191421226219
1714079198.7120712,-1.7048312558068168
1714079198.7121842,-1.5729059775670369
1714079198.712297,-1.4363107857880768
1714079198.71241,-1.3020505507787068
1714079198.7125227,-1.1642878806149517
1714079198.7126358,-1.0241902536816065
1714079198.7127485,-0.8805901915938765
1714079198.7128615,-0.7358226511213514
1714079198.7129745,-0.5840502403400563
1714079198.7130873,-0.43461275873360805
1714079198.7132003,-0.27700292843359486
1714079198.713313,-0.11472317079703012
1714079198.713426,0.04639817332779919
1714079198.713539,0.21571592876204737
1714079198.713652,0.38503367039892405
1714079198.7137647,0.5496806016674748
1714079198.7138777,0.718998357101723
1714079198.7139907,0.885980659061008
1714079198.7141035,1.049459863592077
1714079198.7142165,1.2152744664086235
1714079198.7143292,1.3822568787468803
1714079198.7144423,1.5527422781343811
1714079198.714555,1.7220600887581152
1714079198.714668,1.8913778993818493
1714079198.7147808,2.0618632987693504
1714079198.7148938,2.232348698156851
1714079198.7150068,2.396995712209631
1714079198.7151196,2.5593071072189892
1714079198.7152326,2.7169477056573936
1714079198.7153454,2.871085317046554
1714079198.7154584,3.0217197206285262
1714079198.7155712,3.1641801198323565
1714079198.7156842,3.311311536365085
1714079198.715797,3.4561073338543924
1714079198.71591,3.5962323347727456
1714079198.716023,3.735189526169388
1714079198.7161357,3.8694761417530197
1714079198.7162488,3.9979241512439865
1714079198.7163615,4.1205335546422885
1714079198.7164745,4.233801364898682
1714079198.7165873,4.341230569062409
1714079198.7167003,4.441653357611762
1714079198.716813,4.53740534959016
1714079198.716926,4.628486986513491
1714079198.7170389,4.713729575828269
1714079198.7171519,4.798972165143048
1714079198.717265,4.880711767408583
1714079198.7173777,4.9542775860539185
1714079198.7174907,5.025507785655834
1714079198.7176034,5.089731569643374
1714079198.7177165,5.146949379532425
1714079198.7178292,5.194825596279568
1714079198.7179422,5.235695397412335
1714079198.718055,5.280068185594346
1714079198.718168,5.310428584063494
1714079198.718281,5.340788982532642
1714079198.7183938,5.367646393952546
1714079198.7185068,5.389833008801495
1714079198.7186196,5.408516195085313
1714079198.7187326,5.422528584798177
1714079198.7188454,5.434205796983506
1714079198.7189584,5.4377087840327505
1714079198.7190711,5.438876593554461
1714079198.7191842,5.4330379874617964
1714079198.7192972,5.4283671908908415
1714079198.71941,5.417857788227222
1714079198.719523,5.406180576041892
1714079198.7196357,5.3921681863290285
1714079198.7197487,5.375820177572744
1714079198.7198615,5.359472610332348
1714079198.7199745,5.339621173010932
1714079198.7200873,5.3232736057705345
1714079198.7202003,5.303422609965006
1714079198.720313,5.281235995116057
1714079198.720426,5.260217189788818
1714079198.720539,5.234527587890625
1714079198.7206519,5.207670176470721
1714079198.7207649,5.183148384094238
1714079198.7208776,5.153955795146801
1714079198.7209907,5.125930574205186
1714079198.7211034,5.096737985257749
1714079198.7212164,5.067545396310312
1714079198.7213292,5.041855794412118
1714079198.7214422,5.0138305734705035
1714079198.7215552,4.98814097157231
1714079198.721668,4.9636191791958275
1714079198.721781,4.935594399770101
1714079198.7218938,4.908736988350197
1714079198.7220068,4.880711767408583
1714079198.7221196,4.851519178461145
1714079198.7222326,4.821158779991998
1714079198.7223454,4.793133559050383
1714079198.7224584,4.765108779624656
1714079198.7225714,4.740586987248173
1714079198.7226841,4.71489738534998
1714079198.7227972,4.692710770501031
1714079198.72291,4.669356787646258
1714079198.723023,4.643667185748065
1714079198.7231357,4.619144951855694
1714079198.7232487,4.587617185380723
1714079198.7233615,4.559591964439109
1714079198.7234745,4.525728578920718
1714079198.7235873,4.495368180451569
1714079198.7237003,4.465007781982422
1714079198.7238133,4.433479573991563
1714079198.723926,4.405454353049949
1714079198.724039,4.377429573624222
1714079198.7241518,4.348236543160898
1714079198.7242649,4.3167087766859265
1714079198.7243776,4.285180568695068
1714079198.7244906,4.247813754611545
1714079198.7246034,4.2116147500497325
1714079198.7247164,4.16724196186772
1714079198.7248294,4.126372160734953
1714079198.7249422,4.0843345500804755
1714079198.7250552,4.037626142855044
1714079198.725168,3.999091960765697
1714079198.725281,3.954719172583686
1714079198.7253938,3.906842955836543
1714079198.7255068,3.8601345486111107
1714079198.7256196,3.8064201672871905
1714079198.7257326,3.750369725403962
1714079198.7258456,3.691984547509087
1714079198.7259583,3.6265927332418935
1714079198.7260714,3.5612011397326433
1714079198.7261841,3.489970940130728
1714079198.7262971,3.42107613881429
1714079198.72641,3.3486781296906645
1714079198.726523,3.272777133517795
1714079198.7266357,3.1968761373449253
1714079198.7267487,3.1163041238431575
1714079198.7268617,3.032229123292146
1714079198.7269745,2.942315516648469
1714079198.7270875,2.8465635246700707
1714079198.7272003,2.748475913648252
1714079198.7273133,2.6433821077700013
1714079198.727426,2.5359529036062733
1714079198.727539,2.426188301157068
1714079198.7276518,2.3140883004223856
1714079198.7277648,2.193814295309561
1714079198.7278776,2.0793788962894015
1714079198.7279906,1.95793730241281
1714079198.7281036,1.8329923903500591
1714079198.7282164,1.7045443808590923
1714079198.7283294,1.5690901765116938
1714079198.7284422,1.427797476450602
1714079198.7285552,1.2865047763895106
1714079198.728668,1.1370380719502766
1714079198.728781,0.9875713675110428
1714079198.7288938,0.8369369087395844
1714079198.7290068,0.6816316533971716
1714079198.7291198,0.5286618515297218
1714079198.7292325,0.3721888694498274
1714079198.7293456,0.21221280373908855
1714079198.7294583,0.05457213286448408
1714079198.7295713,-0.11122073564264509
1714079198.729684,-0.27350049327920983
1714079198.7297971,-0.4451200641967632
1714079198.72991,-0.6190746470733924
1714079198.730023,-0.7895267120114079
1714079198.730136,-0.9646487456780892
1714079198.7302487,-1.1386033561494615
1714079198.7303617,-1.3125578562418618
1714079198.7304745,-1.481842553174054
1714079198.7305875,-1.6511271397272744
1714079198.7307003,-1.8204117262804949
1714079198.7308133,-1.9885288344489203
1714079198.730926,-2.1578135313811124
1714079198.731039,-2.3224283147741245
1714079198.7311518,-2.489377834178783
1714079198.7312648,-2.655160206335562
1714079198.7313778,-2.8232773145039873
1714079198.7314906,-2.979719638824463
1714079198.7316036,-3.133827006375348
1714079198.7317164,-3.28443204915082
1714079198.7318294,-3.429199589623345
1714079198.7319422,-3.5704645845625134
1714079198.7320552,-3.7012223844174983
1714079198.732168,-3.83314777303625
1714079198.732281,-3.956900702582465
1714079198.732394,-4.08065363212868
1714079198.7325068,-4.199736648135715
1714079198.7326198,-4.316484486615216
1714079198.7327325,-4.423892498016357
1714079198.7328455,-4.527798405400029
1714079198.7329583,-4.624699221716987
1714079198.7330713,-4.712260210955584
1714079198.733184,-4.795151286655002
1714079198.733297,-4.869869903281883
1714079198.7334101,-4.93991904788547
1714079198.733523,-5.001795291900635
1714079198.733636,-5.062504167909975
1714079198.7337487,-5.119710939901846
1714079198.7338617,-5.166410075293647
1714079198.7339745,-5.211941842679624
1714079198.7340875,-5.246966414981418
1714079198.7342002,-5.281990545767324
1714079198.7343132,-5.310010027002405
1714079198.7344263,-5.328689681159125
1714079198.734539,-5.347369335315845
1714079198.734652,-5.356709162394205
1714079198.7347648,-5.366048989472565
1714079198.7348778,-5.369551535005923
1714079198.7349906,-5.3707189030117455
1714079198.7351036,-5.368384167000099
1714079198.7352164,-5.363714253460919
1714079198.7353294,-5.359044339921739
1714079198.7354422,-5.345034599304199
1714079198.7355552,-5.336862140231662
1714079198.7356682,-5.319349854080765
1714079198.735781,-5.303005377451578
1714079198.735894,-5.280823177761501
1714079198.7360067,-5.255138432538067
1714079198.7361197,-5.22828631930881
1714079198.7362325,-5.2002668380737305
1714079198.7363455,-5.171079988832827
1714079198.7364583,-5.138390594058566
1714079198.7365713,-5.110371112823486
1714079198.7366843,-5.081183822066695
1714079198.736797,-5.051996972825791
1714079198.73691,-5.022810123584888
1714079198.7370229,-4.994790642349808
1714079198.737136,-4.964435983587194
1714079198.7372487,-4.93057922080711
1714079198.7373617,-4.89788982603285
1714079198.7374744,-4.861697885725233
1714079198.7375875,-4.8278406814292625
1714079198.7377005,-4.795151286655002
1714079198.7378132,-4.767131805419922
1714079198.7379262,-4.737944956179018
1714079198.738039,-4.715762756488941
1714079198.738152,-4.690078011265507
1714079198.7382648,-4.665561075563784
1714079198.7383778,-4.637541594328703
1714079198.7384906,-4.611856849105269
1714079198.7386036,-4.581502631858543
1714079198.7387164,-4.551147973095929
1714079198.7388294,-4.523128491860849
1714079198.7389424,-4.4927738330982345
1714079198.7390552,-4.4659221613848645
1714079198.7391682,-4.441404784167254
1714079198.739281,-4.422725130010534
1714079198.739394,-4.400542930320457
1714079198.7395067,-4.377193362624556
1714079198.7396197,-4.355011162934479
1714079198.7397325,-4.325824313693576
1714079198.7398455,-4.298972200464319
1714079198.7399585,-4.267450173695882
1714079198.7400713,-4.235928146927445
1714079198.7401843,-4.203238752153184
1714079198.740297,-4.172884534906458
1714079198.74041,-4.144865053671378
1714079198.7405229,-4.115677762914586
1714079198.7406359,-4.0888256496853295
1714079198.7407486,-4.06080616845025
1714079198.7408617,-4.029284141681813
1714079198.7409747,-3.994260010895905
1714079198.7410874,-3.954565525054931
1714079198.7412004,-3.9102015671906645
1714079198.7413132,-3.8658371678105103
1714079198.7414262,-3.821472768430356
1714079198.741539,-3.7736062650327327
1714079198.741652,-3.7292418656525785
1714079198.7417648,-3.6813751414970115
1714079198.7418778,-3.637010962874801
1714079198.7419908,-3.5856419139438205
1714079198.7421036,-3.531937687485306
1714079198.7422166,-3.472396179481789
1714079198.7423294,-3.409352346702858
1714079198.7424424,-3.3404710116209806
1714079198.7425551,-3.266919762999923
1714079198.7426682,-3.1922009256150985
1714079198.742781,-3.1139797634548607
1714079198.742894,-3.0380935580642134
1714079198.7430067,-2.9552024823647955
1714079198.7431197,-2.874646363434968
1714079198.7432327,-2.788252962960137
1714079198.7433455,-2.700691752963596
1714079198.7434585,-2.602623568640815
1714079198.7435713,-2.5045551635600902
1714079198.7436843,-2.4006494769343623
1714079198.743797,-2.289738919999864
1714079198.74391,-2.1799957310711893
1714079198.7440228,-2.059745126300388
1714079198.7441359,-1.9383273742817064
1714079198.7442489,-1.8169092911261098
1714079198.7443616,-1.6919889935740717
1714079198.7444746,-1.5647336288734717
1714079198.7445874,-1.4328083506336917
1714079198.7447004,-1.2985481156243217
1714079198.7448132,-1.1584504886909768
1714079198.7449262,-1.0125154698336565
1714079198.745039,-0.8619105374371563
1714079198.745152,-0.7078031146967853
1714079198.745265,-0.550193311991515
1714079198.7453778,-0.3914159757119638
1714079198.7454908,-0.2279687534879755
1714079198.7456036,-0.07035892318796227
1714079198.7457166,0.0919388124236354
1714079198.7458293,0.25425031781196594
1714079198.7459424,0.41772952234303506
1714079198.7460551,0.5812086992793613
1714079198.7461681,0.7435202046676918
1714079198.746281,0.9140056592446786
1714079198.746394,1.0833234698684127
1714079198.746507,1.2561442675413907
1714079198.7466197,1.4289651755933408
1714079198.7467327,1.6017860836452906
1714079198.7468455,1.7722714830327917
1714079198.7469585,1.936918497085571
1714079198.7470713,2.101565290380407
1714079198.7471843,2.2638769061477095
1714079198.747297,2.425020712393301
1714079198.74741,2.580325912546228
1714079198.747523,2.7438051170772972
1714079198.7476358,2.9014457155157016
1714079198.7477489,3.0602541234758163
1714079198.7478616,3.2178947219142207
1714079198.7479746,3.372032333303381
1714079198.7480874,3.516828130792688
1714079198.7482004,3.656953352468985
1714079198.7483132,3.7935751455801503
1714079198.7484262,3.919687536027696
1714079198.7485392,4.0434647489477085
1714079198.748652,4.157900368725811
1714079198.748765,4.273503356509738
1714079198.7488778,4.382100370195176
1714079198.7489908,4.4895295743589045
1714079198.7491035,4.593455791473389
1714079198.7492166,4.686872164408365
1714079198.7493293,4.78028897885923
1714079198.7494423,4.859692962081343
1714079198.7495553,4.935594399770101
1714079198.7496681,5.002153802801061
1714079198.7497811,5.0640419677451805
1714079198.749894,5.120091968112521
1714079198.750007,5.172638981430619
1714079198.7501197,5.220515198177761
1714079198.7502327,5.259049380267108
1714079198.7503455,5.303422609965006
1714079198.7504585,5.338453805005108
1714079198.7505713,5.37114938100179
1714079198.7506843,5.393335995850739
1714079198.7507973,5.4143548011779785
1714079198.75091,5.4283671908908415
1714079198.751023,5.435373606505217
1714079198.7511358,5.441212212597882
1714079198.7512488,5.441212212597882
1714079198.7513616,5.444715199647126
1714079198.7514746,5.442379580603705
1714079198.7515874,5.436541416026928
1714079198.7517004,5.426032013363308
1714079198.7518134,5.417857788227222
1714079198.7519262,5.4050132080360695
1714079198.7520392,5.389833008801495
1714079198.752152,5.37114938100179
1714079198.752265,5.352466194717972
1714079198.7523777,5.331447389390733
1714079198.7524908,5.311596393585205
1714079198.7526035,5.285906791687012
1714079198.7527165,5.259049380267108
1714079198.7528296,5.235695397412335
1714079198.7529423,5.206502808464898
1714079198.7530553,5.181980574572528
1714079198.753168,5.155123604668511
1714079198.753281,5.128266193248607
1714079198.753394,5.102576591350414
1714079198.753507,5.076886989452221
1714079198.7536197,5.048861768510606
1714079198.7537327,5.014998382992214
1714079198.7538455,4.990476590615732
1714079198.7539585,4.956612763581452
1714079198.7540715,4.929755793677436
1714079198.7541842,4.897059776164867
1714079198.7542973,4.870202364744963
1714079198.75441,4.842177585319236
1714079198.754523,4.816487983421043
1714079198.7546358,4.79196619104456
1714079198.7547488,4.766276589146367
1714079198.7548616,4.742922164775707
1714079198.7549746,4.71489738534998
1714079198.7550876,4.686872164408365
1714079198.7552004,4.656511765939218
1714079198.7553134,4.62498355794836
1714079198.7554262,4.596958778522632
1714079198.7555392,4.568933557581018
1714079198.755652,4.543243955682825
1714079198.755765,4.518722163306342
1714079198.7558777,4.493032561408149
1714079198.7559907,4.465007781982422
1714079198.7561038,4.4393181800842285
1714079198.7562165,4.40895778161508
1714079198.7563295,4.378597383145933
1714079198.7564423,4.338894950018989
1714079198.7565553,4.306199374022307
1714079198.756668,4.267664750417073
1714079198.756781,4.229130568327727
1714079198.7568939,4.194099373287624
1714079198.757007,4.156732559204102
1714079198.7571197,4.119365745120578
1714079198.7572327,4.077328575981988
1714079198.7573457,4.03645877484922
1714079198.7574584,3.989750367623788
1714079198.7575715,3.9418741508766453
1714079198.7576842,3.8904949470802586
1714079198.7577972,3.833277137191207
1714079198.75791,3.7725563402529114
1714079198.758023,3.713003352836326
1714079198.7581358,3.653450144661797
1714079198.7582488,3.5892261399163137
1714079198.7583618,3.526169944692541
1714079198.7584746,3.4619459399470576
1714079198.7585876,3.3930511386306197
1714079198.7587004,3.3183177312215166
1714079198.7588134,3.24008133676317
1714079198.7589262,3.1583417344976352
1714079198.7590392,3.0684281278539585
1714079198.759152,2.9785145212102817
1714079198.759265,2.887433325802838
1714079198.759378,2.7916811130664967
1714079198.7594907,2.694761311566388
1714079198.7596037,2.5920029039736145
1714079198.7597165,2.4892447171387846
1714079198.7598295,2.3818155129750567
1714079198.7599423,2.2720509105258517
1714079198.7600553,2.155279892462271
1714079198.760168,2.0326704890639693
1714079198.760281,1.9077256873801902
1714079198.760394,1.7746069916972407
1714079198.7605069,1.642655884778058
1714079198.7606199,1.5048662821451821
1714079198.7607327,1.3635734717051187
1714079198.7608457,1.2234484707867657
1714079198.7609584,1.0786525629184864
1714079198.7610714,0.9326890662864402
1714079198.7611842,0.7820546075149818
1714079198.7612972,0.6302525047902707
1714079198.76141,0.47027639768741747
1714079198.761523,0.31030031817930714
1714079198.761636,0.1456534007081279
1714079198.7617488,-0.02132475514102865
1714079198.7618618,-0.1906093899850492
1714079198.7619746,-0.3633964668821405
1714079198.7620876,-0.5315136026453089
1714079198.7622004,-0.7043006795424002
1714079198.7623134,-0.8724178429003114
1714079198.7624261,-1.0452048646079168
1714079198.7625391,-1.215657039924904
1714079198.7626522,-1.3884440616325096
1714079198.762765,-1.5577287585647017
1714079198.762878,-1.7351856938114871
1714079198.7629907,-1.9056377587495026
1714079198.7631037,-2.078425001215052
1714079198.7632165,-2.251212022922657
1714079198.7633295,-2.4193291310910823
1714079198.7634423,-2.5827763257203276
1714079198.7635553,-2.739218650040803
1714079198.7636683,-2.896828563125045
1714079198.763781,-3.0474333851425732
1714079198.763894,-3.1968708391542786
1714079198.7640069,-3.3439735571543374
1714079198.7641199,-3.4852385520935054
1714079198.7642326,-3.6276711357964406
1714079198.7643456,-3.7630990699485496
1714079198.7644584,-3.8985265625847707
1714079198.7645714,-4.022279492130986
1714079198.7646842,-4.1471997896830235
1714079198.7647972,-4.256942978611699
1714079198.7649102,-4.366686167540373
1714079198.765023,-4.468256897396511
1714079198.765136,-4.565157713713469
1714079198.7652488,-4.6550538804796
1714079198.7653618,-4.741447060196488
1714079198.7654746,-4.823170767890082
1714079198.7655876,-4.899057194038673
1714079198.7657003,-4.9714410746539075
1714079198.7658134,-5.034484686674895
1714079198.7659264,-5.095193562684235
1714079198.7660391,-5.147730421136926
1714079198.7661521,-5.19209482051708
1714079198.766265,-5.235291410375524
1714079198.766378,-5.265646069138138
1714079198.7664907,-5.294832918379042
1714079198.7666037,-5.315847750063296
1714079198.7667165,-5.335694772225839
1714079198.7668295,-5.349704512843379
1714079198.7669425,-5.359044339921739
1714079198.7670553,-5.368384167000099
1714079198.7671683,-5.3707189030117455
1714079198.767281,-5.371886712533456
1714079198.767394,-5.367216798994276
1714079198.7675068,-5.360211707927562
1714079198.7676198,-5.347369335315845
1714079198.7677326,-5.3333595946983055
1714079198.7678456,-5.3170151180691185
1714079198.7679586,-5.298335463912398
1714079198.7680714,-5.273818086694788
1714079198.7681844,-5.250468518998887
1714079198.7682972,-5.229454128830521
1714079198.7684102,-5.20143464759544
1714079198.768523,-5.180419815911187
1714079198.768636,-5.1524003346761065
1714079198.7687488,-5.127883398974383
1714079198.7688618,-5.101031285745126
1714079198.7689745,-5.071843994988336
1714079198.7690876,-5.0403224097357855
1714079198.7692006,-5.005297837433991
1714079198.7693133,-4.973775810665554
1714079198.7694263,-4.941086415891294
1714079198.769539,-4.908397021117033
1714079198.7696521,-4.878042362354419
1714079198.769765,-4.851190249125162
1714079198.769878,-4.824338577411792
1714079198.7699907,-4.799821200194182
1714079198.7701037,-4.772969086964925
1714079198.7702167,-4.743782237724021
1714079198.7703295,-4.713427578961407
1714079198.7704425,-4.681905993708858
1714079198.7705553,-4.65388607095789
1714079198.7706683,-4.621196676183629
1714079198.770781,-4.590842458936903
1714079198.770894,-4.563990345707646
1714079198.7710068,-4.541808146017569
1714079198.7711198,-4.520793314333315
1714079198.7712328,-4.496276378631592
1714079198.7713456,-4.474094178941514
1714079198.7714586,-4.447242065712257
1714079198.7715714,-4.419222584477177
1714079198.7716844,-4.391203103242097
1714079198.7717972,-4.357346340462013
1714079198.7719102,-4.3269916816994
1714079198.772023,-4.300139568470142
1714079198.772136,-4.269785351223415
1714079198.7722487,-4.247603151533339
1714079198.7723618,-4.223086215831615
1714079198.7724748,-4.202071384147361
1714079198.7725875,-4.174051902912281
1714079198.7727005,-4.144865053671378
1714079198.7728133,-4.11334302690294
1714079198.7729263,-4.079485822606969
1714079198.773039,-4.0409591462877055
1714079198.773152,-4.004767205980088
1714079198.773265,-3.9650727201391147
1714079198.773378,-3.928881221347385
1714079198.773491,-3.8926892810397677
1714079198.7736037,-3.8564973407321506
1714079198.7737167,-3.8156354868853533
1714079198.7738295,-3.7736062650327327
1714079198.7739425,-3.7292418656525785
1714079198.7740552,-3.675537859952008
1714079198.7741683,-3.6194986767239037
1714079198.774281,-3.55995738947833
1714079198.774394,-3.5004158814748125
1714079198.774507,-3.433869503162525
1714079198.7746198,-3.3696580816198276
1714079198.7747328,-3.30311170330754
1714079198.7748456,-3.2342303682256626
1714079198.7749586,-3.165349033143785
1714079198.7750714,-3.0917977845227274
1714079198.7751844,-3.01591157913208
1714079198.7752972,-2.933020503432662
1714079198.7754102,-2.8477944709636547
1714079198.7755232,-2.757898304197523
1714079198.775636,-2.662165076644332
1714079198.775749,-2.5640966715636075
1714079198.7758617,-2.461358352943703
1714079198.7759748,-2.3609552118513317
1714079198.7760875,-2.25471434769807
1714079198.7762005,-2.148473704302752
1714079198.7763133,-2.0328932338290744
1714079198.7764263,-1.9173125425974527
1714079198.776539,-1.7958946801997997
1714079198.776652,-1.6721417506535847
1714079198.776765,-1.5425514291833948
1714079198.7768779,-1.4059563477834065
1714079198.776991,-1.2681936776196514
1714079198.7771037,-1.1234260267681544
1714079198.7772167,-0.9763235295260393
1714079198.7773294,-0.8268861307038201
1714079198.7774425,-0.680951056657014
1714079198.7775552,-0.5280111674909238
1714079198.7776682,-0.3774062350944236
1714079198.7777812,-0.22213134776662896
1714079198.777894,-0.06335404598050647
1714079198.778007,0.09427422450648414
1714079198.7781198,0.26359196614336083
1714079198.7782328,0.43174202243487037
1714079198.7783456,0.6033952037493387
1714079198.7784586,0.7750483574690642
1714079198.7785714,0.9431983585710878
1714079198.7786844,1.1160192666230377
1714079198.7787974,1.2841692677250613
1714079198.7789102,1.452319379206057
1714079198.7790232,1.615798583737126
1714079198.779136,1.7839485848391496
1714079198.779249,1.9497632980346677
1714079198.7793617,2.115577900851214
1714079198.7794747,2.2848957114749484
1714079198.7795875,2.4518779030552613
1714079198.7797005,2.617692505871808
1714079198.7798133,2.7800041216391103
1714079198.7799263,2.9399801183629917
1714079198.7800393,3.0894469331811973
1714079198.780152,3.236578128955982
1714079198.780265,3.3790385281598123
1714079198.7803779,3.5133251437434443
1714079198.7804909,3.652282335140087
1714079198.7806036,3.7830657429165306
1714079198.7807167,3.9138489299350314
1714079198.7808294,4.039961761898464
1714079198.7809424,4.162571165296766
1714079198.7810555,4.282844949651647
1714079198.7811682,4.391441963337085
1714079198.7812812,4.495368180451569
1714079198.781394,4.591120172429967
1714079198.781507,4.682201367837411
1714079198.7816198,4.761605792575412
1714079198.7817328,4.84451276284677
1714079198.7818456,4.916910771970396
1714079198.7819586,4.98814097157231
1714079198.7820716,5.0547003746032715
1714079198.7821844,5.121259777634232
1714079198.7822974,5.179645397044994
1714079198.7824101,5.22752117227625
1714079198.7825232,5.274229579501681
1714079198.782636,5.310428584063494
1714079198.782749,5.344292411097774
1714079198.7828617,5.3688142034742565
1714079198.7829747,5.393335995850739
1714079198.7830875,5.409684004607024
1714079198.7832005,5.4236963943198875
1714079198.7833135,5.436541416026928
1714079198.7834263,5.443547390125415
1714079198.7835393,5.450553805739791
1714079198.783652,5.450553805739791
1714079198.783765,5.449385996218081
1714079198.7838778,5.441212212597882
1714079198.7839909,5.431870177940086
1714079198.7841036,5.420193407270643
1714079198.7842166,5.4050132080360695
1714079198.7843297,5.3874973897580745
1714079198.7844424,5.366478584430835
1714079198.7845554,5.347795398147017
1714079198.7846682,5.325608783298068
1714079198.7847812,5.301086990921585
1714079198.784894,5.277733008066813
1714079198.785007,5.256714202739574
1714079198.7851198,5.2321924103630915
1714079198.7852328,5.207670176470721
1714079198.7853458,5.181980574572528
1714079198.7854586,5.155123604668511
1714079198.7855716,5.129434002770318
1714079198.7856843,5.100240972306993
1714079198.7857974,5.069880573837845
1714079198.7859101,5.038352365846987
1714079198.7860231,5.0138305734705035
1714079198.786136,4.984637984523067
1714079198.786249,4.960116192146583
1714079198.786362,4.93325878072668
1714079198.7864747,4.912239975399441
1714079198.7865877,4.885382563979537
1714079198.7867005,4.85735778455381
1714079198.7868135,4.830500373133907
1714079198.7869263,4.801307784186469
1714079198.7870393,4.770947385717321
1714079198.787152,4.734748381155509
1714079198.787265,4.709058779257315
1714079198.7873778,4.679866190309878
1714079198.7874908,4.651840969368263
1714079198.7876039,4.629654354519314
1714079198.7877166,4.602797384615298
1714079198.7878296,4.579442960244638
1714079198.7879424,4.5537533583464445
1714079198.7880554,4.522225150355586
1714079198.7881682,4.495368180451569
1714079198.7882812,4.460336985411467
1714079198.788394,4.427640967898898
1714079198.788507,4.39611275990804
1714079198.78862,4.361081564867938
1714079198.7887328,4.32955335687708
1714079198.7888458,4.300360767929642
1714079198.7889585,4.266496940895363
1714079198.7890716,4.2349691744203914
1714079198.7891843,4.198770169858579
1714079198.7892973,4.159068178247522
1714079198.78941,4.117030567593044
1714079198.7895231,4.0703221603676125
1714079198.7896361,4.022445943620469
1714079198.789749,3.9757375363950374
1714079198.789862,3.925526142120361
1714079198.7899747,3.876482557367395
1714079198.7900877,3.827438531098542
1714079198.7902005,3.7737241497746217
1714079198.7903135,3.720009326934814
1714079198.7904263,3.662791737803706
1714079198.7905393,3.595064746008979
1714079198.790652,3.5308407412634955
1714079198.790765,3.45844273213987
1714079198.790878,3.3778709393960455
1714079198.7909908,3.304305341508653
1714079198.7911038,3.2213979297214084
1714079198.7912166,3.140826136977584
1714079198.7913296,3.055583326904862
1714079198.7914424,2.9680051185466625
1714079198.7915554,2.8757561136175083
1714079198.7916682,2.781171710402877
1714079198.7917812,2.6807489218535245
1714079198.7918942,2.5744873064535634
1714079198.792007,2.4682259118115457
1714079198.79212,2.354958101555153
1714079198.7922328,2.2358519059640387
1714079198.7923458,2.1109071042802596
1714079198.7924585,1.990633099167435
1714079198.7925715,1.865688297483656
1714079198.7926843,1.7372402879926891
1714079198.7927973,1.606456880216245
1714079198.7929103,1.4674995784406308
1714079198.793023,1.335548471521448
1714079198.7931361,1.1919203731748793
1714079198.793249,1.0424536687356454
1714079198.793362,0.8941546634391502
1714079198.7934747,0.7365139546217742
1714079198.7935877,0.5800410001366226
1714079198.7937005,0.4200649206285123
1714079198.7938135,0.25775344283492474
1714079198.7939265,0.09310651846505977
1714079198.7940392,-0.06919144480316727
1714079198.7941523,-0.23380614541195055
1714079198.794265,-0.3984208736154768
1714079198.794378,-0.5653705309938502
1714079198.7944908,-0.7404925646605315
1714079198.7946038,-0.9121121631728277
1714079198.7947166,-1.0872341968395092
1714079198.7948296,-1.2658587208500613
1714079198.7949424,-1.440980699327257
1714079198.7950554,-1.617270266568219
1714079198.7951684,-1.7888898098910295
1714079198.7952812,-1.9616769419776068
1714079198.7953942,-2.1309614181518555
1714079198.795507,-2.2967437903086343
1714079198.79562,-2.461358352943703
1714079198.7957327,-2.623638179567125
1714079198.7958457,-2.78708537419637
1714079198.7959585,-2.9458626552864353
1714079198.7960715,-3.1058075251402677
1714079198.7961845,-3.2599148926911528
1714079198.7962973,-3.410519935466625
1714079198.7964103,-3.55995738947833
1714079198.796523,-3.694217514108728
1714079198.796636,-3.8308125955087164
1714079198.7967489,-3.956900702582465
1714079198.796862,-4.077151086595323
1714079198.7969747,-4.196234102602358
1714079198.7970877,-4.305977291531033
1714079198.7972007,-4.414552670937997
1714079198.7973135,-4.520793314333315
1714079198.7974265,-4.616526762644449
1714079198.7975392,-4.708757665422227
1714079198.7976522,-4.795151286655002
1714079198.797765,-4.872205080809416
1714079198.797878,-4.94342115190294
1714079198.7979908,-5.011135118978994
1714079198.7981038,-5.068341890970865
1714079198.7982166,-5.119710939901846
1714079198.7983296,-5.166410075293647
1714079198.7984426,-5.207271929140444
1714079198.7985554,-5.245798605459707
1714079198.7986684,-5.280823177761501
1714079198.7987812,-5.307675290990758
1714079198.7988942,-5.3333595946983055
1714079198.799007,-5.352039248855025
1714079198.79912,-5.366048989472565
1714079198.7992327,-5.377723994078459
1714079198.7993457,-5.384729085145173
1714079198.7994587,-5.382393907617639
1714079198.7995715,-5.380059171605993
1714079198.7996845,-5.373054080539279
1714079198.7997973,-5.361379075933385
1714079198.7999103,-5.353207058376736
1714079198.800023,-5.338029508237486
1714079198.800136,-5.321685031608299
1714079198.8002489,-5.305340113463225
1714079198.8003619,-5.286660459306504
1714079198.800475,-5.267980805149785
1714079198.8005877,-5.244631237453884
1714079198.8007007,-5.21894649223045
1714079198.8008134,-5.193262188522904
1714079198.8009264,-5.159404984226933
1714079198.8010392,-5.126715589452672
1714079198.8011522,-5.0940261946784124
1714079198.801265,-5.059002063892505
1714079198.801378,-5.027480037124068
1714079198.801491,-4.999460555888988
1714079198.8016038,-4.966771161114727
1714079198.8017168,-4.937583870357937
1714079198.8018296,-4.91073175712868
1714079198.8019426,-4.878042362354419
1714079198.8020554,-4.850022881119339
1714079198.8021684,-4.816166118339256
1714079198.8022811,-4.781141546037461
1714079198.8023942,-4.751954696796558
1714079198.802507,-4.716930124494764
1714079198.80262,-4.688910643259684
1714079198.802733,-4.66439370755796
1714079198.8028457,-4.63987633034035
1714079198.8029587,-4.618861940171983
1714079198.8030715,-4.595512372476083
1714079198.8031845,-4.569827627252649
1714079198.8032973,-4.545310691550926
1714079198.8034103,-4.516123400794135
1714079198.803523,-4.486936551553232
1714079198.803636,-4.456581892790617
1714079198.803749,-4.425060307538067
1714079198.8038619,-4.397040826302987
1714079198.8039749,-4.374858626612911
1714079198.8040876,-4.3491738813894765
1714079198.8042006,-4.329326859226933
1714079198.8043134,-4.303642114003499
1714079198.8044264,-4.279125178301776
1714079198.8045392,-4.251105697066695
1714079198.8046522,-4.2219184063099044
1714079198.8047652,-4.1892290115356445
1714079198.804878,-4.153037071228027
1714079198.804991,-4.119180308447944
1714079198.8051038,-4.084155736146149
1714079198.8052168,-4.050298973366066
1714079198.8053296,-4.018776946597629
1714079198.8054426,-3.9907574653625484
1714079198.8055553,-3.954565525054931
1714079198.8056684,-3.920708762274848
1714079198.8057811,-3.8786795404222274
1714079198.8058941,-3.8343151410420733
1714079198.8060071,-3.789950741661919
1714079198.80612,-3.7385816927309388
1714079198.806233,-3.689547600569548
1714079198.8063457,-3.6358435948689776
1714079198.8064587,-3.5833069571742304
1714079198.8065715,-3.531937687485306
1714079198.8066845,-3.477066093020969
1714079198.8067973,-3.418692173781218
1714079198.8069103,-3.3603182545414674
1714079198.8070233,-3.292604287465413
1714079198.807136,-3.220220627608122
1714079198.807249,-3.143166833453708
1714079198.8073618,-3.061443346518057
1714079198.8074749,-2.977384682054873
1714079198.8075876,-2.890991060822098
1714079198.8077006,-2.8034300715835005
1714079198.8078134,-2.7147017143390797
1714079198.8079264,-2.620135634033768
1714079198.8080394,-2.524402406480577
1714079198.8081522,-2.4263340013998524
1714079198.8082652,-2.3224283147741245
1714079198.808378,-2.213852493851273
1714079198.808491,-2.101774568910952
1714079198.8086038,-1.982691552903917
1714079198.8087168,-1.858938623357702
1714079198.8088295,-1.732850737041897
1714079198.8089426,-1.6020929371869121
1714079198.8090556,-1.4736700941015173
1714079198.8091683,-1.340577447855914
1714079198.8092813,-1.201647299307364
1714079198.8093941,-1.0650521075284038
1714079198.8095071,-0.9214519902511878
1714079198.80962,-0.7731820146242777
1714079198.809733,-0.6237445606125726
1714079198.8098457,-0.4684696594874064
1714079198.8099587,-0.3096923783973411
1714079198.8100715,-0.14974757753036638
1714079198.8101845,0.01603774898857982
1714079198.8102975,0.17951695179497754
1714079198.8104103,0.34649929514637695
1714079198.8105233,0.5088108005347075
1714079198.810636,0.6757931024939925
1714079198.810749,0.838104607882323
1714079198.8108618,1.001583867602878
1714079198.8109748,1.1650630721339472
1714079198.8110876,1.3332130732359708
1714079198.8112006,1.4978599769097787
1714079198.8113136,1.6741839823899445
1714079198.8114264,1.844669492156417
1714079198.8115394,2.0139873027801514
1714079198.8116522,2.1809694943604643
1714079198.8117652,2.346784097177011
1714079198.811878,2.5055925051371255
1714079198.811991,2.6620655148117627
1714079198.8121037,2.819706113250167
1714079198.8122168,2.9668375297828953
1714079198.8123298,3.1221427299358226
1714079198.8124425,3.273944722281562
1714079198.8125556,3.418740740528813
1714079198.8126683,3.5612011397326433
1714079198.8127813,3.7059969372219506
1714079198.812894,3.8402835528055825
1714079198.813007,3.971066739824083
1714079198.81312,4.091340965694851
1714079198.813233,4.201105347386113
1714079198.8133457,4.313205348120795
1714079198.8134587,4.415963755713569
1714079198.8135717,4.512883557213677
1714079198.8136845,4.608635990707962
1714079198.8137975,4.697381567071985
1714079198.8139102,4.784959775430185
1714079198.8140233,4.8678671872174295
1714079198.814136,4.940265196341055
1714079198.814249,5.01149539594297
1714079198.8143618,5.072216192881266
1714079198.8144748,5.127098383726897
1714079198.8145878,5.177309778001573
1714079198.8147006,5.218179579134341
1714079198.8148136,5.259049380267108
1714079198.8149264,5.292913207301387
1714079198.8150394,5.326776592819779
1714079198.8151522,5.354801813761393
1714079198.8152652,5.375820177572744
1714079198.815378,5.398006792421694
1714079198.815491,5.4143548011779785
1714079198.815604,5.4236963943198875
1714079198.8157167,5.4283671908908415
1714079198.8158298,5.4330379874617964
1714079198.8159425,5.427199381369131
1714079198.8160555,5.424864203841597
1714079198.8161683,5.416689978705512
1714079198.8162813,5.407348385563603
1714079198.816394,5.395671614894161
1714079198.816507,5.3828265931871195
1714079198.8166199,5.369982012995967
1714079198.816733,5.354801813761393
1714079198.816846,5.334950376439977
1714079198.8169587,5.316267190156159
1714079198.8170717,5.295248384828921
1714079198.8171844,5.2730622114958585
1714079198.8172975,5.249707787125199
1714079198.8174102,5.221683007699472
1714079198.8175232,5.193657786757857
1714079198.817636,5.16563300733213
1714079198.817749,5.135272167347095
1714079198.817862,5.1095825654489015
1714079198.8179748,5.083893405066596
1714079198.8180878,5.0547003746032715
1714079198.8182006,5.030178582226788
1714079198.8183136,5.003321170806885
1714079198.8184264,4.976464200902868
1714079198.8185394,4.947271170439543
1714079198.8186522,4.919246391013816
1714079198.8187652,4.887718183022958
1714079198.8188782,4.859692962081343
1714079198.818991,4.830500373133907
1714079198.819104,4.798972165143048
1714079198.8192167,4.775618182288276
1714079198.8193297,4.748760770868372
1714079198.8194425,4.727741965541133
1714079198.8195555,4.70438798268636
1714079198.8196683,4.679866190309878
1714079198.8197813,4.654176588411684
1714079198.8198943,4.621480570899116
1714079198.820007,4.5946231594792115
1714079198.82012,4.565430570531774
1714079198.8202329,4.531567185013382
1714079198.8203459,4.504709773593478
1714079198.8204587,4.476684552651864
1714079198.8205717,4.447491963704427
1714079198.8206844,4.420634552284523
1714079198.8207974,4.3937775823805065
1714079198.8209102,4.364584551917182
1714079198.8210232,4.333056343926324
1714079198.8211362,4.296857780880398
1714079198.821249,4.259490966796875
1714079198.821362,4.219788975185818
1714079198.8214748,4.1754157454879195
1714079198.8215878,4.135713753876862
1714079198.8217006,4.092508775216562
1714079198.8218136,4.051638974083795
1714079198.8219264,4.008433553907606
1714079198.8220394,3.9663959432531284
1714079198.8221524,3.919687536027696
1714079198.8222651,3.867140964225486
1714079198.8223782,3.814593950907389
1714079198.822491,3.758543950540048
1714079198.822604,3.6943199457945646
1714079198.8227167,3.632431339334558
1714079198.8228297,3.5658719363035978
1714079198.8229425,3.49814494450887
1714079198.8230555,3.4327531302416765
1714079198.8231685,3.362690740161472
1714079198.8232813,3.2891251422740795
1714079198.8233943,3.215559323628743
1714079198.823507,3.1338197213632086
1714079198.82362,3.0509125303339073
1714079198.8237329,2.9609989236902305
1714079198.8238459,2.8640791221901223
1714079198.8239586,2.7694947189754906
1714079198.8240716,2.66440091309724
1714079198.8241844,2.5593071072189892
1714079198.8242974,2.454213301340739
1714079198.8244104,2.3432811101277666
1714079198.8245232,2.232348698156851
1714079198.8246362,2.1190808879004583
1714079198.824749,1.9964714845021565
1714079198.824862,1.8726944923400877
1714079198.8249748,1.7419110845636436
1714079198.8250878,1.606456880216245
1714079198.8252006,1.466331879297892
1714079198.8253136,1.3215359714296129
1714079198.8254266,1.1744046652758562
1714079198.8255394,1.0249379608366225
1714079198.8256524,0.8731358581119113
1714079198.8257651,0.718998357101723
1714079198.8258781,0.5660285000447873
1714079198.825991,0.406052420536677
1714079198.826104,0.24724406776604826
1714079198.8262167,0.08142943045607319
1714079198.8263297,-0.08436868450155964
1714079198.8264427,-0.25482081152774666
1714079198.8265555,-0.431110323579223
1714079198.8266685,-0.6027298944967764
1714079198.8267813,-0.7766844497786627
1714079198.8268943,-0.952973961830139
1714079198.827007,-1.1245936155319214
1714079198.82712,-1.2973806372395267
1714079198.8272328,-1.4701676589471322
1714079198.8273458,-1.6394523558793244
1714079198.8274589,-1.8099044208173398
1714079198.8275716,-1.980356596134327
1714079198.8276846,-2.148473704302752
1714079198.8277974,-2.3212607260103577
1714079198.8279104,-2.48821046617296
1714079198.8280232,-2.655160206335562
1714079198.8281362,-2.8174398122010404
1714079198.828249,-2.9750497252852828
1714079198.828362,-3.129157092836168
1714079198.8284748,-3.27742717884205
1714079198.8285878,-3.4221947193145748
1714079198.8287008,-3.563459714253743
1714079198.8288136,-3.696552470878318
1714079198.8289266,-3.8308125955087164
1714079198.8290393,-3.9592354385941113
1714079198.8291523,-4.08532354566786
1714079198.829265,-4.207908665692364
1714079198.8293781,-4.319987032148573
1714079198.829491,-4.430897589083071
1714079198.829604,-4.533635686945032
1714079198.829717,-4.62703439924452
1714079198.8298297,-4.719265302022298
1714079198.8299427,-4.799821200194182
1714079198.8300555,-4.87337244881524
1714079198.8301685,-4.945756329430474
1714079198.8302813,-5.009967750973171
1714079198.8303943,-5.071843994988336
1714079198.830507,-5.129050766980206
1714079198.83062,-5.178085079899541
1714079198.830733,-5.222449037763807
1714079198.8308458,-5.257473610065601
1714079198.8309588,-5.291330372845684
1714079198.8310716,-5.318182486074941
1714079198.8311846,-5.339197317759195
1714079198.8312974,-5.355541794388382
1714079198.8314104,-5.367216798994276
1714079198.8315232,-5.375388816550926
1714079198.8316362,-5.377723994078459
1714079198.831749,-5.378891362084282
1714079198.831862,-5.374221448545103
1714079198.831975,-5.3707189030117455
1714079198.8320878,-5.363714253460919
1714079198.8322008,-5.350871880849202
1714079198.8323135,-5.341532053770842
1714079198.8324265,-5.324019767619945
1714079198.8325393,-5.307675290990758
1714079198.8326523,-5.281990545767324
1714079198.832765,-5.256306242059778
1714079198.832878,-5.22828631930881
1714079198.8329911,-5.203769383607087
1714079198.833104,-5.17691727037783
1714079198.833217,-5.1465630531311035
1714079198.8333297,-5.122045675913492
1714079198.8334427,-5.097528740211769
1714079198.8335555,-5.070676626982512
1714079198.8336685,-5.0403224097357855
1714079198.8337812,-5.008800382967348
1714079198.8338943,-4.976110988193088
1714079198.8340073,-4.94342115190294
1714079198.83412,-4.9072296531112105
1714079198.834233,-4.871037712803593
1714079198.8343458,-4.8383483180293325
1714079198.8344588,-4.805658481739185
1714079198.8345716,-4.778806810025816
1714079198.8346846,-4.751954696796558
1714079198.8347974,-4.726269951573125
1714079198.8349104,-4.699417838343868
1714079198.8350234,-4.670230989102964
1714079198.8351362,-4.64454624387953
1714079198.8352492,-4.610689481099446
1714079198.835362,-4.580334822336832
1714079198.835475,-4.548813237084283
1714079198.8355877,-4.5196259463274915
1714079198.8357008,-4.493941642619945
1714079198.8358135,-4.469424265402335
1714079198.8359265,-4.446074697706434
1714079198.8360393,-4.426227675543891
1714079198.8361523,-4.404045475853814
1714079198.8362653,-4.379528540152091
1714079198.836378,-4.352676426922833
1714079198.836491,-4.321154400154396
1714079198.8366039,-4.291967550913492
1714079198.836717,-4.261612892150879
1714079198.8368297,-4.228923497376618
1714079198.8369427,-4.199736648135715
1714079198.8370554,-4.174051902912281
1714079198.8371685,-4.1471997896830235
1714079198.8372815,-4.1226828539813
1714079198.8373942,-4.09349556322451
1714079198.8375072,-4.064308713983606
1714079198.83762,-4.030451951203522
1714079198.837733,-3.9930926428900824
1714079198.8378458,-3.9533981570491084
1714079198.8379588,-3.912536303202311
1714079198.8380716,-3.869339713343867
1714079198.8381846,-3.8261426819695363
1714079198.8382976,-3.784113460116916
1714079198.8384104,-3.7409168702584723
1714079198.8385234,-3.695385102872495
1714079198.8386362,-3.647518378716928
1714079198.8387492,-3.5961491090280036
1714079198.838862,-3.5389425577940763
1714079198.838975,-3.477066093020969
1714079198.8390877,-3.411687303472448
1714079198.8392007,-3.3439735571543374
1714079198.8393135,-3.268087131005746
1714079198.8394265,-3.1957034711484553
1714079198.8395395,-3.118649676994041
1714079198.8396523,-3.0415961035975703
1714079198.8397653,-2.9657098982069225
1714079198.839878,-2.881651233743738
1714079198.839991,-2.7964252012747304
1714079198.8401039,-2.705361666502776
1714079198.8402169,-2.610795806955408
1714079198.8403296,-2.51156003386886
1714079198.8404427,-2.4041518017097756
1714079198.8405557,-2.2979111583144576
1714079198.8406684,-2.1846656446103694
1714079198.8407815,-2.067917585372925
1714079198.8408942,-1.9500021581296567
1714079198.8410072,-1.8332540988922117
1714079198.84112,-1.709501169345997
1714079198.841233,-1.583413283030192
1714079198.8413458,-1.451488004790412
1714079198.8414588,-1.3148928130114519
1714079198.8415718,-1.1771301428476968
1714079198.8416846,-1.0300276456055817
1714079198.8417976,-0.8782552348242865
1714079198.8419104,-0.7241478672734013
1714079198.8420234,-0.5665380093786451
1714079198.8421361,-0.4100956574634269
1714079198.8422492,-0.25015087039382367
1714079198.842362,-0.09137356860770118
1714079198.842475,0.06741693036423789
1714079198.8425877,0.22972842885388267
1714079198.8427007,0.39320764718232326
1714079198.8428137,0.5601899491416084
1714079198.8429265,0.7283400054331178
1714079198.8430395,0.9011609134850678
1714079198.8431523,1.0716463680620545
1714079198.8432653,1.249138072684959
1714079198.843378,1.4196234720724599
1714079198.843491,1.5971151766953644
1714079198.8436038,1.7652652881763597
1714079198.8437169,1.9334152892783836
1714079198.8438299,2.0898882989530208
1714079198.8439426,2.2557029017695673
1714079198.8440557,2.4180142967789258
1714079198.8441684,2.576822704739041
1714079198.8442814,2.7379665109846325
1714079198.8443942,2.896774918944747
1714079198.8445072,3.0567509156686286
1714079198.84462,3.207385540008545
1714079198.844733,3.3568521340688067
1714079198.844846,3.5004803427943476
1714079198.8449588,3.6371021359055127
1714079198.8450718,3.7667177341602462
1714079198.8451846,3.8916627566019693
1714079198.8452976,4.014272160000271
1714079198.8454103,4.132210766827618
1714079198.8455234,4.247813754611545
1714079198.8456361,4.359913755346227
1714079198.8457491,4.468510769031665
1714079198.8458622,4.570101367102729
1714079198.845975,4.668188978124547
1714079198.846088,4.755767186482747
1714079198.8462007,4.836338979226571
1714079198.8463137,4.91107216587773
1714079198.8464265,4.978799378430401
1714079198.8465395,5.041855794412118
1714079198.8466523,5.101408781828703
1714079198.8467653,5.156290972674334
1714079198.846878,5.204167189421477
1714079198.846991,5.254378583696153
1714079198.847104,5.295248384828921
1714079198.8472168,5.3326151989124435
1714079198.8473299,5.365310774909125
1714079198.8474426,5.386329580236364
1714079198.8475556,5.408516195085313
1714079198.8476684,5.417857788227222
1714079198.8477814,5.429535000412552
1714079198.8478942,5.435373606505217
1714079198.8480072,5.4377087840327505
1714079198.8481202,5.438876593554461
1714079198.848233,5.436541416026928
1714079198.848346,5.4330379874617964
1714079198.8484588,5.4236963943198875
1714079198.8485718,5.415522610699688
1714079198.8486845,5.400342411465115
1714079198.8487976,5.385162212230541
1714079198.8489103,5.367646393952546
1714079198.8490233,5.347795398147017
1714079198.8491364,5.329112211863199
1714079198.8492491,5.30458997797083
1714079198.8493621,5.28357117264359
1714079198.849475,5.257881570745397
1714079198.849588,5.235695397412335
1714079198.8497007,5.207670176470721
1714079198.8498137,5.186651371143482
1714079198.8499265,5.159794401239465
1714079198.8500395,5.137607786390516
1714079198.8501523,5.111918184492323
1714079198.8502653,5.08622858259413
1714079198.8503783,5.055868184124981
1714079198.850491,5.025507785655834
1714079198.850604,4.995147387186686
1714079198.8507168,4.962451369674117
1714079198.8508298,4.93442659024839
1714079198.8509426,4.905233559785065
1714079198.8510556,4.878376589881049
1714079198.8511684,4.851519178461145
1714079198.8512814,4.825829576562952
1714079198.8513944,4.800139974664758
1714079198.8515072,4.775618182288276
1714079198.8516202,4.747592961346661
1714079198.851733,4.71606519487169
1714079198.851846,4.684536986880832
1714079198.8519588,4.653008778889974
1714079198.8520718,4.62615136747007
1714079198.8521845,4.598126588044343
1714079198.8522975,4.570101367102729
1714079198.8524106,4.545579574726245
1714079198.8525233,4.519889972828052
1714079198.8526363,4.493032561408149
1714079198.852749,4.467342959509955
1714079198.8528621,4.436982561040807
1714079198.852975,4.40662216257166
1714079198.853088,4.372758777053267
1714079198.8532007,4.338894950018989
1714079198.8533137,4.299192958407931
1714079198.8534267,4.268832559938784
1714079198.8535395,4.233801364898682
1714079198.8536525,4.198770169858579
1714079198.8537652,4.1649063428243
1714079198.8538783,4.125204351213243
1714079198.853991,4.0890053466514305
1714079198.854104,4.046967735996953
1714079198.8542168,3.9979241512439865
1714079198.8543298,3.9512157440185542
1714079198.8544426,3.8963335531729237
1714079198.8545556,3.841451362327293
1714079198.8546686,3.786568729965775
1714079198.8547814,3.7293513615926104
1714079198.8548944,3.668630343896371
1714079198.8550072,3.61258034352903
1714079198.8551202,3.5518595465907343
1714079198.855233,3.484132334038063
1714079198.855346,3.4140699439578586
1714079198.8554587,3.3393365365487555
1714079198.8555717,3.2599323325686984
1714079198.8556848,3.174689522495976
1714079198.8557975,3.0894469331811973
1714079198.8559105,2.9983655170158103
1714079198.8560233,2.908452131130077
1714079198.8561363,2.8185385244864003
1714079198.856249,2.718115515179104
1714079198.856362,2.6211957136789956
1714079198.8564749,2.518437306086222
1714079198.856588,2.4110081019224943
1714079198.856701,2.2965727029023344
1714079198.8568137,2.1798019055966975
1714079198.8569267,2.059527900483873
1714079198.8570395,1.9334152892783836
1714079198.8571525,1.8037996910236498
1714079198.8572652,1.6718485841044672
1714079198.8573782,1.538729778042546
1714079198.857491,1.3974370779814542
1714079198.857604,1.2619828736340557
1714079198.8577168,1.118354664908515
1714079198.8578298,0.9735588674192075
1714079198.8579428,0.8217567095050105
1714079198.8580556,0.6699546067802994
1714079198.8581686,0.5111461988201847
1714079198.8582814,0.3500024201693358
1714079198.8583944,0.18418778975804645
1714079198.8585072,0.01603774898857982
1714079198.8586202,-0.1509150559151614
1714079198.858733,-0.3213671622452912
1714079198.858846,-0.4883168472184075
1714079198.858959,-0.6564340105763188
1714079198.8590717,-0.8268861307038201
1714079198.8591847,-0.9996732076009114
1714079198.8592975,-1.172460229308517
1714079198.8594105,-1.340577447855914
1714079198.8595233,-1.5168669047179044
1714079198.8596363,-1.6884865584196866
1714079198.859749,-1.8636085368968822
1714079198.859862,-2.0363955586044877
1714079198.859975,-2.209182580312093
1714079198.8600879,-2.374964952468872
1714079198.860201,-2.5360771903285273
1714079198.8603137,-2.6948544714185925
1714079198.8604267,-2.8524643845028343
1714079198.8605394,-3.007739120059543
1714079198.8606524,-3.157176574071248
1714079198.8607652,-3.3077816168467202
1714079198.8608782,-3.4513815685554783
1714079198.8609912,-3.5984840657975936
1714079198.861104,-3.7339117791917587
1714079198.861217,-3.8658371678105103
1714079198.8613298,-3.9930926428900824
1714079198.8614428,-4.11217521738123
1714079198.8615556,-4.224253583837438
1714079198.8616686,-4.330494227232756
1714079198.8617814,-4.4344001346164275
1714079198.8618944,-4.532468318939209
1714079198.8620071,-4.6258665897228095
1714079198.8621202,-4.711092842949761
1714079198.8622332,-4.796318654660825
1714079198.862346,-4.874539816821063
1714079198.862459,-4.94809106544212
1714079198.8625717,-5.012302486984818
1714079198.8626847,-5.073011804510045
1714079198.8627975,-5.126715589452672
1714079198.8629105,-5.1734151663603605
1714079198.8630233,-5.216611756218804
1714079198.8631363,-5.250468518998887
1714079198.8632493,-5.281990545767324
1714079198.863362,-5.305340113463225
1714079198.863475,-5.328689681159125
1714079198.8635879,-5.345034599304199
1714079198.8637009,-5.356709162394205
1714079198.8638136,-5.366048989472565
1714079198.8639266,-5.3707189030117455
1714079198.8640394,-5.373054080539279
1714079198.8641524,-5.368384167000099
1714079198.8642654,-5.363714253460919
1714079198.8643782,-5.353207058376736
1714079198.8644912,-5.338029508237486
1714079198.864604,-5.320517663602476
1714079198.864717,-5.301837567929868
1714079198.8648298,-5.2854930913006815
1714079198.8649428,-5.263310891610605
1714079198.8650556,-5.243463869448061
1714079198.8651686,-5.217779124224627
1714079198.8652813,-5.2002668380737305
1714079198.8653944,-5.17224735683865
1714079198.8655074,-5.1465630531311035
1714079198.8656201,-5.115041026362666
1714079198.8657331,-5.084686367600052
1714079198.865846,-5.051996972825791
1714079198.865959,-5.016972400523998
1714079198.8660717,-4.983115637743914
1714079198.8661847,-4.94809106544212
1714079198.8662975,-4.92007158420704
1714079198.8664105,-4.889717366960313
1714079198.8665235,-4.8651999897427025
1714079198.8666363,-4.833678404490152
1714079198.8667493,-4.807993659266719
1714079198.866862,-4.776471632498281
1714079198.866975,-4.747284783257379
1714079198.8670878,-4.715762756488941
1714079198.8672009,-4.680738184187147
1714079198.8673136,-4.651551334946244
1714079198.8674266,-4.62236448570534
1714079198.8675396,-4.59784710848773
1714079198.8676524,-4.5721628047801826
1714079198.8677654,-4.551147973095929
1714079198.8678782,-4.525463227872495
1714079198.8679912,-4.502113660176595
1714079198.868104,-4.478764092480694
1714079198.868217,-4.449577243239791
1714079198.8683298,-4.420390393998887
1714079198.8684428,-4.38886836723045
1714079198.8685558,-4.3596810764736595
1714079198.8686686,-4.329326859226933
1714079198.8687816,-4.303642114003499
1714079198.8688943,-4.279125178301776
1714079198.8690073,-4.255775610605875
1714079198.8691201,-4.232426042909975
1714079198.8692331,-4.207908665692364
1714079198.869346,-4.181056552463107
1714079198.869459,-4.1471997896830235
1714079198.8695717,-4.116845572436297
1714079198.8696847,-4.077151086595323
1714079198.8697977,-4.0409591462877055
1714079198.8699105,-4.005934573985912
1714079198.8700235,-3.970910443200005
1714079198.8701363,-3.935885870898211
1714079198.8702493,-3.9020291081181275
1714079198.870362,-3.8658371678105103
1714079198.870475,-3.821472768430356
1714079198.8705878,-3.782946092111093
1714079198.8707008,-3.7327444111859354
1714079198.8708138,-3.683710098266601
1714079198.8709266,-3.6276711357964406
1714079198.8710396,-3.57163217332628
1714079198.8711524,-3.512090665322763
1714079198.8712654,-3.4537165253250683
1714079198.8713782,-3.391840060551961
1714079198.8714912,-3.3299635957788536
1714079198.871604,-3.264584806230333
1714079198.871717,-3.1968708391542786
1714079198.87183,-3.123319590533221
1714079198.8719428,-3.0439310603671603
1714079198.8720558,-2.9633749414373325
1714079198.8721685,-2.874646363434968
1714079198.8722816,-2.78241546065719
1714079198.8723943,-2.6855146443402322
1714079198.8725073,-2.5862788712536844
1714079198.87262,-2.4858755094033698
1714079198.872733,-2.386639736316822
1714079198.872846,-2.279231504157737
1714079198.872959,-2.1718232719986528
1714079198.873072,-2.0550752127612077
1714079198.8731847,-1.9394947422875297
1714079198.8732977,-1.8157418127413147
1714079198.8734105,-1.6884865584196866
1714079198.8735235,-1.5565612801799067
1714079198.8736362,-1.4234685235553317
1714079198.8737493,-1.2822034182371915
1714079198.873862,-1.1374358777646665
1714079198.873975,-0.9950032940617314
1714079198.874088,-0.8502356983997204
1714079198.8742008,-0.7043006795424002
1714079198.8743138,-0.5536957471459
1714079198.8744266,-0.3995883520002718
1714079198.8745396,-0.2431460000850536
1714079198.8746524,-0.08203372773196961
1714079198.8747654,0.08142943045607319
1714079198.8748782,0.24724406776604826
1714079198.8749912,0.4200649206285123
1714079198.8751042,0.5905504028002421
1714079198.875217,0.7610358573772289
1714079198.87533,0.9303535576219911
1714079198.8754427,1.0996713682457253
1714079198.8755558,1.264318271919533
1714079198.8756685,1.4336359721642953
1714079198.8757815,1.6017860836452906
1714079198.8758943,1.771103783890053
1714079198.8760073,1.938086085849338
1714079198.87612,2.1085717059947826
1714079198.876233,2.2790571053822832
1714079198.876346,2.447207106484307
1714079198.876459,2.6141895188225637
1714079198.876572,2.777668723353633
1714079198.8766847,2.93297392350656
1714079198.8767977,3.082440517566822
1714079198.8769104,3.2319073323850276
1714079198.8770235,3.374367731588858
1714079198.8771362,3.5133251437434443
1714079198.8772492,3.652282335140087
1714079198.8773623,3.788904349009196
1714079198.877475,3.9231909645928273
1714079198.877588,4.049303355040373
1714079198.8777008,4.1754157454879195
1714079198.8778138,4.289851365266022
1714079198.8779266,4.399615746957284
1714079198.8780396,4.4988711675008135
1714079198.8781524,4.593455791473389
1714079198.8782654,4.682201367837411
1714079198.8783784,4.763940970102945
1714079198.8784912,4.846848381890191
1714079198.8786042,4.919246391013816
1714079198.878717,4.995147387186686
1714079198.87883,5.0593711711742255
1714079198.8789427,5.123595396677652
1714079198.8790557,5.179645397044994
1714079198.8791685,5.226353804270426
1714079198.8792815,5.271894401974148
1714079198.8793945,5.30692559701425
1714079198.8795073,5.338453805005108
1714079198.8796203,5.364143406903302
1714079198.879733,5.3874973897580745
1714079198.879846,5.407348385563603
1714079198.8799589,5.424864203841597
1714079198.8800719,5.438876593554461
1714079198.8801847,5.445883009168837
1714079198.8802977,5.454056792789035
1714079198.8804104,5.455224602310746
1714079198.8805234,5.455224602310746
1714079198.8806365,5.445883009168837
1714079198.8807492,5.438876593554461
1714079198.8808622,5.424864203841597
1714079198.880975,5.412019182134557
1714079198.881088,5.393335995850739
1714079198.8812008,5.374652809566921
1714079198.8813138,5.353634004239683
1714079198.8814266,5.3326151989124435
1714079198.8815396,5.309260774541784
1714079198.8816526,5.285906791687012
1714079198.8817654,5.263720176838062
1714079198.8818784,5.238030574939868
1714079198.8819911,5.212340973041675
1714079198.8821042,5.186651371143482
1714079198.882217,5.157458782196045
1714079198.88233,5.128266193248607
1714079198.8824427,5.09907360430117
1714079198.8825557,5.069880573837845
1714079198.8826687,5.041855794412118
1714079198.8827815,5.0138305734705035
1714079198.8828945,4.985805794044777
1714079198.8830073,4.962451369674117
1714079198.8831203,4.93442659024839
1714079198.883233,4.909904797871907
1714079198.883346,4.883047386452003
1714079198.8834589,4.8561899750321
1714079198.8835719,4.823493957519531
1714079198.8836846,4.795469178093804
1714079198.8837976,4.762773160581236
1714079198.8839107,4.733580571633798
1714079198.8840234,4.705555792208071
1714079198.8841364,4.679866190309878
1714079198.8842492,4.656511765939218
1714079198.8843622,4.6308221640410245
1714079198.884475,4.607468181186252
1714079198.884588,4.577107782717104
1714079198.8847008,4.551418180818911
1714079198.8848138,4.521057782349763
1714079198.8849268,4.4895295743589045
1714079198.8850396,4.455665747324625
1714079198.8851526,4.422970171327944
1714079198.8852654,4.390274153815375
1714079198.8853784,4.362249374389648
1714079198.8854911,4.333056343926324
1714079198.8856041,4.301528577451353
1714079198.885717,4.2711681789822045
1714079198.88583,4.233801364898682
1714079198.885943,4.198770169858579
1714079198.8860557,4.156732559204102
1714079198.8861687,4.11235977102209
1714079198.8862815,4.065651363796658
1714079198.8863945,4.020110766092936
1714079198.8865073,3.974570168389214
1714079198.8866203,3.925526142120361
1714079198.886733,3.876482557367395
1714079198.886846,3.8286063406202526
1714079198.886959,3.777227136823866
1714079198.8870718,3.722344945978235
1714079198.8871849,3.662791737803706
1714079198.8872976,3.5962323347727456
1714079198.8874106,3.5296729317417848
1714079198.8875234,3.4619459399470576
1714079198.8876364,3.3848771342524775
1714079198.8877492,3.311311536365085
1714079198.8878622,3.2307395228633173
1714079198.887975,3.1525031284049705
1714079198.888088,3.070763526139436
1714079198.888201,2.9855207160667137
1714079198.8883138,2.8956073301809804
1714079198.8884268,2.802190515730116
1714079198.8885396,2.70176750642282
1714079198.8886526,2.593170713495325
1714079198.8887653,2.485741509331597
1714079198.8888783,2.3701383007897268
1714079198.888991,2.2557029017695673
1714079198.8891041,2.1330934983712653
1714079198.8892171,2.0139873027801514
1714079198.88933,1.8890422803384286
1714079198.889443,1.7652652881763597
1714079198.8895557,1.6286433846862227
1714079198.8896687,1.4990276760525172
1714079198.8897815,1.3542318785632097
1714079198.8898945,1.2094359706949305
1714079198.8900073,1.0599692662556965
1714079198.8901203,0.9069994091987609
1714079198.8902333,0.751694209045834
1714079198.890346,0.5928858010857193
1714079198.890459,0.43641284660056784
1714079198.8905718,0.2705982161892785
1714079198.8906848,0.111789856519964
1714079198.8907976,-0.054014201655432026
1714079198.8909106,-0.2174614342274489
1714079198.8910234,-0.3844111054031937
1714079198.8911364,-0.55603070391549
1714079198.8912492,-0.7264828240429914
1714079198.8913622,-0.9027723360944677
1714079198.8914752,-1.076726891376354
1714079198.891588,-1.2530163482383445
1714079198.891701,-1.4281384370945118
1714079198.8918138,-1.6020929371869121
1714079198.8919268,-1.7702101557343093
1714079198.8920395,-1.9429972878208865
1714079198.8921525,-2.106444482450132
1714079198.8922653,-2.2722266338489674
1714079198.8923783,-2.4380087852478027
1714079198.8924913,-2.601455979877048
1714079198.892604,-2.76373580650047
1714079198.8927171,-2.923680676354302
1714079198.89283,-3.0824579574443676
1714079198.892943,-3.2365653249952526
1714079198.8930557,-3.3860027790069576
1714079198.8931687,-3.527267773946126
1714079198.8932815,-3.666198032873648
1714079198.8933945,-3.7957884647228095
1714079198.8935075,-3.923043498286494
1714079198.8936203,-4.045629059826886
1714079198.8937333,-4.163544707828097
1714079198.893846,-4.275622632768418
1714079198.893959,-4.38886836723045
1714079198.8940718,-4.490439097086588
1714079198.8941848,-4.592009826942726
1714079198.8942976,-4.683073361714681
1714079198.8944106,-4.771801718959102
1714079198.8945236,-4.852358058646873
1714079198.8946364,-4.92007158420704
1714079198.8947494,-4.988952919288917
1714079198.8948622,-5.047327059286611
1714079198.8949752,-5.101031285745126
1714079198.895088,-5.151232966670284
1714079198.895201,-5.19676473405626
1714079198.8953137,-5.235291410375524
1714079198.8954268,-5.270315982677318
1714079198.8955395,-5.299502831918222
1714079198.8956525,-5.324019767619945
1714079198.8957655,-5.345034599304199
1714079198.8958783,-5.356709162394205
1714079198.8959913,-5.368384167000099
1714079198.896104,-5.373054080539279
1714079198.896217,-5.371886712533456
1714079198.8963299,-5.371886712533456
1714079198.896443,-5.3648816214667425
1714079198.8965557,-5.356709162394205
1714079198.8966687,-5.346201967310022
1714079198.8967817,-5.335694772225839
1714079198.8968945,-5.319349854080765
1714079198.8970075,-5.305340113463225
1714079198.8971202,-5.288995636834038
1714079198.8972332,-5.2644782596164275
1714079198.897346,-5.243463869448061
1714079198.897459,-5.215444388212981
1714079198.8975718,-5.1897596429895465
1714079198.8976848,-5.157070248215287
1714079198.8977978,-5.1255482214468495
1714079198.8979106,-5.092858826672589
1714079198.8980236,-5.064839345437509
1714079198.8981364,-5.035652496196605
1714079198.8982494,-5.004130469428168
1714079198.8983622,-4.977278356198911
1714079198.8984752,-4.946923697436297
1714079198.898588,-4.917736848195394
1714079198.898701,-4.887382189432779
1714079198.8988137,-4.850022881119339
1714079198.8989267,-4.8173334863450785
1714079198.8990397,-4.781141546037461
1714079198.8991525,-4.749619519269024
1714079198.8992655,-4.718097492500587
1714079198.8993783,-4.690078011265507
1714079198.8994913,-4.66439370755796
1714079198.899604,-4.6410441398620605
1714079198.899717,-4.616526762644449
1714079198.8998299,-4.5885072814093695
1714079198.8999429,-4.567492891241002
1714079198.900056,-4.538305600484212
1714079198.9001687,-4.507951383237486
1714079198.9002817,-4.478764092480694
1714079198.9003944,-4.448409875233968
1714079198.9005075,-4.422725130010534
1714079198.9006202,-4.399375562314634
1714079198.9007332,-4.37836073063038
1714079198.900846,-4.35617897245619
1714079198.900959,-4.335164140771936
1714079198.901072,-4.312981941081859
1714079198.9011848,-4.284962459846779
1714079198.9012978,-4.254608242600052
1714079198.9014106,-4.225420951843262
1714079198.9015236,-4.191564189063178
1714079198.9016364,-4.160042162294741
1714079198.9017494,-4.128520135526304
1714079198.9018621,-4.095830740752043
1714079198.9019752,-4.068978627522786
1714079198.902088,-4.037456600754349
1714079198.902201,-4.009437119519268
1714079198.902314,-3.9732451792116517
1714079198.9024267,-3.9370532389040345
1714079198.9025397,-3.8938566490455906
1714079198.9026525,-3.8483248816596136
1714079198.9027655,-3.8004583782619896
1714079198.9028783,-3.7525914333484787
1714079198.9029913,-3.7012223844174983
1714079198.903104,-3.649853335486518
1714079198.903217,-3.5996516545613604
1714079198.90333,-3.548282384872436
1714079198.9034429,-3.4969133359414557
1714079198.9035559,-3.436204459932115
1714079198.9036686,-3.373160406395241
1714079198.9037817,-3.3066140280829535
1714079198.9038944,-3.2318954114560725
1714079198.9040074,-3.154841617301658
1714079198.9041202,-3.0777880439051875
1714079198.9042332,-2.993729379442003
1714079198.9043462,-2.9143406285179982
1714079198.904459,-2.8256122712735774
1714079198.904572,-2.73805128203498
1714079198.9046848,-2.650490292796382
1714079198.9047978,-2.5547568444852473
1714079198.9049106,-2.4555210713986995
1714079198.9050236,-2.353950120784618
1714079198.9051363,-2.241872195844297
1714079198.9052494,-2.129794050146032
1714079198.9053624,-2.010711034138997
1714079198.9054751,-1.8892930613623724
1714079198.9055882,-1.7632052854255393
1714079198.905701,-1.6347824423401442
1714079198.905814,-1.5075270776395444
1714079198.9059267,-1.3732668426301744
1714079198.9060397,-1.2401740860055994
1714079198.9061525,-1.1000764590722543
1714079198.9062655,-0.9564763969845241
1714079198.9063783,-0.808206421357614
1714079198.9064913,-0.6576014889611138
1714079198.9066043,-0.49999163106635763
1714079198.906717,-0.3423818283610873
1714079198.90683,-0.1812695491093176
1714079198.9069428,-0.01665483470316286
1714079198.9070559,0.1456534007081279
1714079198.9071686,0.3126357440595273
1714079198.9072816,0.47377955030511926
1714079198.9073944,0.6395941531216657
1714079198.9075074,0.8042410567954734
1714079198.9076204,0.9677202613265425
1714079198.9077332,1.1347025632858276
1714079198.9078462,1.3051880730523002
1714079198.907959,1.475673582818773
1714079198.908072,1.6508297787772284
1714079198.9081848,1.8189798902582237
1714079198.9082978,1.9894652896457248
1714079198.9084105,2.152944494176794
1714079198.9085236,2.312920711658619
1714079198.9086366,2.470561310097023
1714079198.9087493,2.6223633024427624
1714079198.9088624,2.7788363121174
1714079198.9089751,2.9318061139848495
1714079198.9090881,3.080105119281345
1714079198.909201,3.234242730670505
1714079198.909314,3.38137392644529
1714079198.9094267,3.5250021351708303
1714079198.9095397,3.6674625343746605
1714079198.9096525,3.799413751672815
1714079198.9097655,3.927861761163782
1714079198.9098785,4.049303355040373
1714079198.9099913,4.1649063428243
1714079198.9101043,4.274671166031449
1714079198.910217,4.380932560673466
1714079198.91033,4.48485877778795
1714079198.9104428,4.584113756815592
1714079198.9105558,4.678698380788167
1714079198.9106686,4.773282563244854
1714079198.9107816,4.855022165510389
1714079198.9108946,4.932090971204969
1714079198.9110074,5.003321170806885
1714079198.9111204,5.061706790217647
1714079198.9112332,5.120091968112521
1714079198.9113462,5.170303803903085
1714079198.911459,5.215844401606807
1714079198.911572,5.257881570745397
1714079198.9116848,5.295248384828921
1714079198.9117978,5.329112211863199
1714079198.9119108,5.361807787859881
1714079198.9120235,5.38399440270883
1714079198.9121366,5.406180576041892
1714079198.9122493,5.420193407270643
1714079198.9123623,5.431870177940086
1714079198.912475,5.438876593554461
1714079198.9125881,5.438876593554461
1714079198.912701,5.436541416026928
1714079198.912814,5.4283671908908415
1714079198.912927,5.4236963943198875
1714079198.9130397,5.415522610699688
1714079198.9131527,5.406180576041892
1714079198.9132655,5.3921681863290285
1714079198.9133785,5.375820177572744
1714079198.9134912,5.361807787859881
1714079198.9136043,5.340788982532642
1714079198.913717,5.324440973776357
1714079198.91383,5.297584003872341
1714079198.9139428,5.276565198545103
1714079198.9140558,5.250875596646909
1714079198.9141688,5.226353804270426
1714079198.9142816,5.195993405801278
1714079198.9143946,5.172638981430619
1714079198.9145074,5.144614202004892
1714079198.9146204,5.121259777634232
1714079198.9147332,5.0955701757360385
1714079198.9148462,5.062874599739357
1714079198.914959,5.044190971939652
1714079198.915072,5.014998382992214
1714079198.915185,4.98814097157231
1714079198.9152977,4.960116192146583
1714079198.9154108,4.926252365112305
1714079198.9155235,4.897059776164867
1714079198.9156365,4.866699377695719
1714079198.9157493,4.835171169704861
1714079198.9158623,4.810649377328378
1714079198.915975,4.782624156386763
1714079198.916088,4.759270173531991
1714079198.916201,4.733580571633798
1714079198.916314,4.706723160213894
1714079198.916427,4.682201367837411
1714079198.9165397,4.653008778889974
1714079198.9166527,4.623816189942536
1714079198.9167655,4.593455791473389
1714079198.9168785,4.563094951488353
1714079198.9169912,4.5350701720626265
1714079198.9171042,4.5082127606427225
1714079198.917217,4.482523158744529
1714079198.91733,4.456833556846336
1714079198.917443,4.429976145426432
1714079198.9175558,4.4031191755224155
1714079198.9176688,4.371590967531557
1714079198.9177816,4.338894950018989
1714079198.9178946,4.303863754978886
1714079198.9180074,4.2618261443244085
1714079198.9181204,4.227962758806016
1714079198.9182332,4.190595944722493
1714079198.9183462,4.148558775583902
1714079198.9184592,4.11235977102209
1714079198.918572,4.0703221603676125
1714079198.918685,4.031787536762379
1714079198.9187977,3.9874147485803673
1714079198.9189107,3.940706341354935
1714079198.9190235,3.8893271375585483
1714079198.9191365,3.8344449467129174
1714079198.9192493,3.7737241497746217
1714079198.9193623,3.7141711623580367
1714079198.9194753,3.65111474637632
1714079198.919588,3.588058551152547
1714079198.919701,3.5214991481215865
1714079198.9198139,3.4526043468051486
1714079198.919927,3.383709324730767
1714079198.9200397,3.3101437268433744
1714079198.9201527,3.2330749211487944
1714079198.9202654,3.15133531888326
1714079198.9203784,3.061421932997527
1714079198.9204915,2.9703405168321395
1714079198.9206042,2.8745885248537415
1714079198.9207172,2.7741655155464455
1714079198.92083,2.673742506239149
1714079198.920943,2.570984319404319
1714079198.9210558,2.464722704004358
1714079198.9211688,2.3561259110768633
1714079198.9212816,2.2428581008204707
1714079198.9213946,2.1260873035148338
1714079198.9215074,2.0034779001165317
1714079198.9216204,1.8785330984327526
1714079198.9217334,1.7465818811345983
1714079198.9218462,1.61229548630891
1714079198.9219592,1.4710026758688466
1714079198.922072,1.3285422766650163
1714079198.922185,1.1837463687967371
1714079198.9222977,1.0366150626429804
1714079198.9224107,0.8894838116787097
1714079198.9225235,0.7353462554790355
1714079198.9226365,0.5835441527543244
1714079198.9227495,0.42590347153169134
1714079198.9228623,0.26359196614336083
1714079198.9229753,0.09660964348801859
1714079198.923088,-0.07035892318796227
1714079198.923201,-0.2431460000850536
1714079198.9233139,-0.41826803375173494
1714079198.9234269,-0.5910551106488263
1714079198.9235396,-0.7673446227003027
1714079198.9236526,-0.941299177982189
1714079198.9237657,-1.1140861996897944
1714079198.9238784,-1.2880408101611667
1714079198.9239914,-1.457325396714387
1714079198.9241042,-1.6301125288009644
1714079198.9242172,-1.8017320721237746
1714079198.92433,-1.9710167690559668
1714079198.924443,-2.146138747533162
1714079198.9245558,-2.3177584012349444
1714079198.9246688,-2.4835405526337797
1714079198.9247816,-2.653992617571795
1714079198.9248946,-2.8092675738864474
1714079198.9250076,-2.966877266212746
1714079198.9251204,-3.1198172657578076
1714079198.9252334,-3.264584806230333
1714079198.9253461,-3.411687303472448
1714079198.9254591,-3.5517849304057934
1714079198.925572,-3.687212643799958
1714079198.925685,-3.824975313963713
1714079198.9257977,-3.954565525054931
1714079198.9259107,-4.081821000134503
1714079198.9260237,-4.203238752153184
1714079198.9261365,-4.318819222626862
1714079198.9262495,-4.426227675543891
1714079198.9263623,-4.528965773405852
1714079198.9264753,-4.62236448570534
1714079198.926588,-4.711092842949761
1714079198.926701,-4.793983918649179
1714079198.9268138,-4.871037712803593
1714079198.9269269,-4.945756329430474
1714079198.9270399,-5.012302486984818
1714079198.9271526,-5.075346540521692
1714079198.9272656,-5.133720680519386
1714079198.9273784,-5.185089729450366
1714079198.9274914,-5.22828631930881
1714079198.9276042,-5.269148173155608
1714079198.9277172,-5.303005377451578
1714079198.92783,-5.327522313153302
1714079198.927943,-5.347369335315845
1714079198.9280558,-5.3648816214667425
1714079198.9281688,-5.375388816550926
1714079198.9282818,-5.384729085145173
1714079198.9283946,-5.387063821156819
1714079198.9285076,-5.389398998684353
1714079198.9286203,-5.383561275623462
1714079198.9287333,-5.377723994078459
1714079198.9288461,-5.3707189030117455
1714079198.9289591,-5.356709162394205
1714079198.929072,-5.342699421776665
1714079198.929185,-5.324019767619945
1714079198.929298,-5.300670199924045
1714079198.9294107,-5.2796558097556785
1714079198.9295237,-5.251636328520598
1714079198.9296365,-5.22361640576963
1714079198.9297495,-5.197932102062084
1714079198.9298623,-5.16757744329947
1714079198.9299753,-5.141893139591923
1714079198.930088,-5.118543571896023
1714079198.930201,-5.090523649145055
1714079198.930314,-5.061336799904152
1714079198.9304268,-5.033317318669072
1714079198.9305398,-4.999460555888988
1714079198.9306526,-4.966771161114727
1714079198.9307656,-4.932913956818757
1714079198.9308784,-4.89788982603285
1714079198.9309914,-4.86870253527606
1714079198.9311042,-4.8383483180293325
1714079198.9312172,-4.809161027272542
1714079198.9313302,-4.784644091570819
1714079198.931443,-4.7589593463473845
1714079198.931556,-4.734442410645661
1714079198.9316688,-4.7052555614047575
1714079198.9317818,-4.6737335346363205
1714079198.9318945,-4.64454624387953
1714079198.9320076,-4.61302465862698
1714079198.9321203,-4.579167454331009
1714079198.9322333,-4.551147973095929
1714079198.932346,-4.523128491860849
1714079198.932459,-4.499778924164948
1714079198.9325721,-4.477596724474871
1714079198.932685,-4.453079788773148
1714079198.932798,-4.432064957088894
1714079198.9329107,-4.406380653381348
1714079198.9330237,-4.381863276163736
1714079198.9331365,-4.355011162934479
1714079198.9332495,-4.321154400154396
1714079198.9333622,-4.288465005380136
1714079198.9334753,-4.259278156139232
1714079198.9335883,-4.232426042909975
1714079198.933701,-4.206741297686541
1714079198.933814,-4.182224361984818
1714079198.9339268,-4.161209530300564
1714079198.9340398,-4.13202268105966
1714079198.9341526,-4.101668022297047
1714079198.9342656,-4.067811259516963
1714079198.9343784,-4.032786687215169
1714079198.9344914,-3.9930926428900824
1714079198.9346044,-3.952230789043285
1714079198.9347172,-3.9090337576689542
1714079198.9348302,-3.869339713343867
1714079198.934943,-3.82847785949707
1714079198.935056,-3.79111855118363
1714079198.9351687,-3.749088887815122
1714079198.9352818,-3.7035573411870883
1714079198.9353945,-3.652188292256108
1714079198.9355075,-3.5984840657975936
1714079198.9356203,-3.5412775145636664
1714079198.9357333,-3.479401049790559
1714079198.9358463,-3.410519935466625
1714079198.935959,-3.3428059683905706
1714079198.936072,-3.271589676539103
1714079198.936185,-3.199206016681812
1714079198.936298,-3.129157092836168
1714079198.9364107,-3.0521032986817533
1714079198.9365237,-2.9727147685156927
1714079198.9366364,-2.8874887360466848
1714079198.9367495,-2.8010951148139105
1714079198.9368625,-2.7076968440303095
1714079198.9369752,-2.607293482179995
1714079198.9370883,-2.5045551635600902
1714079198.937201,-2.3994818881705955
1714079198.937314,-2.2885713312360974
1714079198.9374268,-2.1764931855378324
1714079198.9375398,-2.0632476718337447
1714079198.9376526,-1.9476672013600667
1714079198.9377656,-1.8297516637378268
1714079198.9378786,-1.7059987341916119
1714079198.9379914,-1.5787433694910118
1714079198.9381044,-1.452655483175207
1714079198.9382172,-1.3137253346266569
1714079198.9383302,-1.172460229308517
1714079198.938443,-1.0276926888359916
1714079198.938556,-0.8782552348242865
1714079198.9386687,-0.7288177808125813
1714079198.9387817,-0.5770453148418002
1714079198.9388947,-0.42177046890611997
1714079198.9390075,-0.2676630737604918
1714079198.9391205,-0.1135556924122351
1714079198.9392333,0.04523046383703196
1714079198.9393463,0.20403884075306078
1714079198.939459,0.3686857444268686
1714079198.939572,0.5356681015756395
1714079198.9396849,0.7049858570098877
1714079198.9397979,0.8789744090150903
1714079198.9399107,1.0517952618775543
1714079198.9400237,1.2234484707867657
1714079198.9401367,1.3939339805532385
1714079198.9402494,1.5609162825125233
1714079198.9403625,1.7278985844718084
1714079198.9404752,1.890210089860139
1714079198.9405882,2.0513538961057307
1714079198.940701,2.2183363084439875
1714079198.940814,2.3771444956461587
1714079198.9409268,2.541791509698938
1714079198.9410398,2.705270714230007
1714079198.9411528,2.8664145204755993
1714079198.9412656,3.025222928435714
1714079198.9413786,3.174689522495976
1714079198.9414914,3.324156337314182
1714079198.9416044,3.4631135287108243
1714079198.9417171,3.5962323347727456
1714079198.9418302,3.7293513615926104
1714079198.941943,3.854295942518446
1714079198.942056,3.9792409649601685
1714079198.942169,4.099514749315049
1714079198.9422817,4.215118178614864
1714079198.9423947,4.3318889759205
1714079198.9425075,4.440485548090051
1714079198.9426205,4.543243955682825
1714079198.9427333,4.6378285796554
1714079198.9428463,4.723071168970178
1714079198.942959,4.804810771235713
1714079198.943072,4.876040970837628
1714079198.9431849,4.946103360917832
1714079198.9432979,5.01149539594297
1714079198.9434109,5.073384002402976
1714079198.9435236,5.132936989819561
1714079198.9436367,5.186651371143482
1714079198.9437494,5.2368632069340455
1714079198.9438624,5.2824038046377675
1714079198.9439752,5.316267190156159
1714079198.9440882,5.350130575674551
1714079198.944201,5.374652809566921
1714079198.944314,5.3921681863290285
1714079198.944427,5.410851814128734
1714079198.9445398,5.4190255977489326
1714079198.9446528,5.427199381369131
1714079198.9447656,5.434205796983506
1714079198.9448786,5.435373606505217
1714079198.9449914,5.4330379874617964
1714079198.9451044,5.431870177940086
1714079198.9452171,5.424864203841597
1714079198.9453301,5.413186991656268
1714079198.9454432,5.399174601943404
1714079198.945556,5.38399440270883
1714079198.945669,5.366478584430835
1714079198.9457817,5.346627588625307
1714079198.9458947,5.324440973776357
1714079198.9460075,5.30458997797083
1714079198.9461205,5.280068185594346
1714079198.9462333,5.256714202739574
1714079198.9463463,5.231024600841381
1714079198.9464593,5.207670176470721
1714079198.946572,5.183148384094238
1714079198.946685,5.157458782196045
1714079198.9467978,5.131769180297852
1714079198.9469109,5.103744400872125
1714079198.9470236,5.07571917993051
1714079198.9471366,5.048861768510606
1714079198.9472494,5.017334002035635
1714079198.9473624,4.98814097157231
1714079198.9474752,4.957780573103163
1714079198.9475882,4.930923161683259
1714079198.9477012,4.9040661917792425
1714079198.947814,4.878376589881049
1714079198.947927,4.855022165510389
1714079198.9480398,4.829332563612196
1714079198.9481528,4.802475593708179
1714079198.9482656,4.775618182288276
1714079198.9483786,4.747592961346661
1714079198.9484913,4.717232562877514
1714079198.9486043,4.6903755929734965
1714079198.9487174,4.661182562510172
1714079198.9488301,4.635492960611979
1714079198.9489431,4.609803358713785
1714079198.949056,4.5806107697663485
1714079198.949169,4.559591964439109
1714079198.9492817,4.532734553019205
1714079198.9493947,4.507044951121012
1714079198.9495075,4.476684552651864
1714079198.9496205,4.446324154182716
1714079198.9497335,4.411292959142614
1714079198.9498463,4.377429573624222
1714079198.9499593,4.341230569062409
1714079198.950072,4.310870170593262
1714079198.950185,4.275838975553159
1714079198.9502978,4.245478577084011
1714079198.9504108,4.2116147500497325
1714079198.9505236,4.17775136453134
1714079198.9506366,4.138049372920284
1714079198.9507494,4.098346939793339
1714079198.9508624,4.052806342089617
1714079198.9509754,4.0072657443858954
1714079198.9510882,3.9570543501112194
1714079198.9512012,3.903339968787299
1714079198.951314,3.8519607649909124
1714079198.951427,3.798245942151105
1714079198.9515398,3.743363751305474
1714079198.9516528,3.6884813397018994
1714079198.9517655,3.630095941049081
1714079198.9518785,3.568207334589075
1714079198.9519916,3.5016479315581144
1714079198.9521043,3.4327531302416765
1714079198.9522173,3.3556843245470964
1714079198.95233,3.276280341324983
1714079198.9524431,3.1945407390594482
1714079198.952556,3.111633327272203
1714079198.952669,3.0240551189140037
1714079198.9527817,2.93297392350656
1714079198.9528947,2.8442281263845937
1714079198.9530077,2.748475913648252
1714079198.9531205,2.6515561121481435
1714079198.9532335,2.5464623062698926
1714079198.9533463,2.437865513342398
1714079198.9534593,2.3222623048005278
1714079198.953572,2.203156109209414
1714079198.953685,2.084049692860356
1714079198.9537978,1.95793730241281
1714079198.9539108,1.824818385971917
1714079198.9540238,1.6952027877171834
1714079198.9541366,1.562083981655262
1714079198.9542496,1.4207912815941703
1714079198.9543624,1.2865047763895106
1714079198.9544754,1.1393734702357539
1714079198.9545882,0.9969129606529518
1714079198.9547012,0.8474463114032038
1714079198.954814,0.6898056025858278
1714079198.954927,0.5345004024329009
1714079198.9550397,0.37335659618730893
1714079198.9551528,0.20987737785886834
1714079198.9552658,0.04523046383703196
1714079198.9553785,-0.11939309813358165
1714079198.9554915,-0.286342755511955
1714079198.9556043,-0.44628754258155817
1714079198.9557173,-0.6144047335342124
1714079198.95583,-0.7848567984722278
1714079198.955943,-0.9553089185997291
1714079198.9560559,-1.1269285723015114
1714079198.956169,-1.2985481156243217
1714079198.956282,-1.476005161250079
1714079198.9563947,-1.6487921829576844
1714079198.9565077,-1.822746683050085
1714079198.9566205,-1.9931987479881004
1714079198.9567335,-2.1624834449202925
1714079198.9568462,-2.330600553088718
1714079198.9569592,-2.491712790948373
1714079198.957072,-2.653992617571795
1714079198.957185,-2.8092675738864474
1714079198.957298,-2.9680448549765126
1714079198.9574108,-3.1198172657578076
1714079198.9575238,-3.27275726530287
1714079198.9576366,-3.424529676084165
1714079198.9577496,-3.5681296277929233
1714079198.9578624,-3.7070596659625017
1714079198.9579754,-3.841320232108787
1714079198.9580882,-3.969742633678295
1714079198.9582012,-4.08999345920704
1714079198.958314,-4.205573929680718
1714079198.958427,-4.316484486615216
1714079198.95854,-4.421557762004711
1714079198.9586527,-4.521961123855025
1714079198.9587657,-4.618861940171983
1714079198.9588785,-4.711092842949761
1714079198.9589915,-4.793983918649179
1714079198.9591043,-4.876874994348596
1714079198.9592173,-4.9504262429696535
1714079198.95933,-5.018140210045709
1714079198.959443,-5.076513908527515
1714079198.959556,-5.129050766980206
1714079198.9596689,-5.174582534366183
1714079198.959782,-5.217779124224627
1714079198.9598947,-5.252803696526421
1714079198.9600077,-5.281990545767324
1714079198.9601204,-5.310010027002405
1714079198.9602334,-5.334527404220015
1714079198.9603462,-5.352039248855025
1714079198.9604592,-5.3648816214667425
1714079198.9605722,-5.375388816550926
1714079198.960685,-5.377723994078459
1714079198.960798,-5.381226539611816
1714079198.9609108,-5.376556626072636
1714079198.9610238,-5.368384167000099
1714079198.9611366,-5.356709162394205
1714079198.9612496,-5.342699421776665
1714079198.9613624,-5.326354945147479
1714079198.9614754,-5.310010027002405
1714079198.9615881,-5.291330372845684
1714079198.9617012,-5.270315982677318
1714079198.9618142,-5.249301150993064
1714079198.961927,-5.22828631930881
1714079198.96204,-5.202602015601264
1714079198.9621527,-5.178085079899541
1714079198.9622657,-5.147730421136926
1714079198.9623785,-5.118543571896023
1714079198.9624915,-5.0835189995942285
1714079198.9626043,-5.051996972825791
1714079198.9627173,-5.016972400523998
1714079198.9628303,-4.986618183277271
1714079198.962943,-4.955096156508834
1714079198.963056,-4.927076675273754
1714079198.9631689,-4.899057194038673
1714079198.9632819,-4.869869903281883
1714079198.9633946,-4.841850422046802
1714079198.9635077,-4.810328395278365
1714079198.9636204,-4.7799741780316385
1714079198.9637334,-4.747284783257379
1714079198.9638464,-4.712260210955584
1714079198.9639592,-4.6842407297205035
1714079198.9640722,-4.6527187029520665
1714079198.964185,-4.624699221716987
1714079198.964298,-4.600182286015263
1714079198.9644108,-4.580334822336832
1714079198.9645238,-4.554650518629286
1714079198.9646366,-4.531300950933385
1714079198.9647496,-4.505616205709952
1714079198.9648626,-4.478764092480694
1714079198.9649754,-4.447242065712257
1714079198.9650884,-4.418055216471354
1714079198.9652011,-4.390035735236274
1714079198.9653141,-4.36084888599537
1714079198.965427,-4.339834054311116
1714079198.96554,-4.312981941081859
1714079198.9656527,-4.2954696549309626
1714079198.9657657,-4.270952719229239
1714079198.9658785,-4.249937887544985
1714079198.9659915,-4.219583670298258
1714079198.9661045,-4.1892290115356445
1714079198.9662173,-4.1577069847672075
1714079198.9663303,-4.1203476764537665
1714079198.966443,-4.0829883681403265
1714079198.966556,-4.049131605360243
1714079198.9666688,-4.016442210585982
1714079198.9667819,-3.9802502702783653
1714079198.9668946,-3.9498956115157515
1714079198.9670076,-3.9137036712081343
1714079198.9671206,-3.876344362894694
1714079198.9672334,-3.83314777303625
1714079198.9673464,-3.787616005650273
1714079198.9674592,-3.739749060736762
1714079198.9675722,-3.6825427302607783
1714079198.967685,-3.6288387245602074
1714079198.967798,-3.5704645845625134
1714079198.9679108,-3.514425622092353
1714079198.9680238,-3.457219070858425
1714079198.9681368,-3.395342606085318
1714079198.9682496,-3.3358010980818005
1714079198.9683626,-3.271589676539103
1714079198.9684753,-3.2003733846876354
1714079198.9685884,-3.1244871792969877
1714079198.9687011,-3.0462660171367504
1714079198.9688141,-2.9633749414373325
1714079198.968927,-2.875813952198735
1714079198.96904,-2.785918006190547
1714079198.9691527,-2.6925195146490024
1714079198.9692657,-2.596786066337868
1714079198.9693787,-2.498717882015087
1714079198.9694915,-2.398314520164772
1714079198.9696045,-2.2955762015448675
1714079198.9697173,-2.1846656446103694
1714079198.9698303,-2.070252542142515
1714079198.969943,-1.9511695261354798
1714079198.970056,-1.82624911820447
1714079198.9701688,-1.6978263854980467
1714079198.9702818,-1.5612311937190868
1714079198.9703948,-1.4281384370945118
1714079198.9705076,-1.2857058533915766
1714079198.9706206,-1.1456082264582315
1714079198.9707334,-1.0008406859857064
1714079198.9708464,-0.8549056119389004
1714079198.9709592,-0.7101380714663752
1714079198.9710722,-0.5571981823002851
1714079198.971185,-0.4042582655394519
1714079198.971298,-0.24548095685464363
1714079198.971411,-0.08320120611676463
1714079198.9715238,0.08142943045607319
1714079198.9716368,0.24724406776604826
1714079198.9717495,0.4200649206285123
1714079198.9718626,0.5847118518970631
1714079198.9719753,0.7563650056167884
1714079198.9720883,0.9221796636228208
1714079198.972201,1.08565886815389
1714079198.9723141,1.252641170113175
1714079198.9724271,1.4184557729297214
1714079198.97254,1.5912766809816712
1714079198.972653,1.7570912837982176
1714079198.9727657,1.928744492707429
1714079198.9728787,2.1003977016166404
1714079198.9729915,2.269715291482431
1714079198.9731045,2.4366977038206876
1714079198.9732172,2.5966739213025125
1714079198.9733303,2.7589853163118714
1714079198.973443,2.910787529415554
1714079198.973556,3.0625895217612937
1714079198.973669,3.2085531287723117
1714079198.9737818,3.351013527976142
1714079198.9738948,3.495809546223393
1714079198.9740076,3.6371021359055127
1714079198.9741206,3.778394946345576
1714079198.9742334,3.9115137524074974
1714079198.9743464,4.041129571420175
1714079198.9744592,4.1660741523460105
1714079198.9745722,4.280509772124113
1714079198.9746852,4.391441963337085
1714079198.974798,4.488361764837194
1714079198.974911,4.587617185380723
1714079198.9750237,4.678698380788167
1714079198.9751368,4.763940970102945
1714079198.9752495,4.846848381890191
1714079198.9753625,4.926252365112305
1714079198.9754753,4.997482564714219
1714079198.9755883,5.067545396310312
1714079198.9757013,5.125930574205186
1714079198.975814,5.178477587523283
1714079198.975927,5.228688981797959
1714079198.97604,5.266055795881483
1714079198.976153,5.301086990921585
1714079198.9762657,5.333783008434154
1714079198.9763787,5.361807787859881
1714079198.9764915,5.38399440270883
1714079198.9766045,5.4050132080360695
1714079198.9767172,5.422528584798177
1714079198.9768302,5.436541416026928
1714079198.9769433,5.445883009168837
1714079198.977056,5.449385996218081
1714079198.977169,5.451721615261501
1714079198.9772818,5.4470503771746595
1714079198.9773948,5.443547390125415
1714079198.9775076,5.430702809934263
1714079198.9776206,5.4190255977489326
1714079198.9777334,5.403845398514359
1714079198.9778464,5.3874973897580745
1714079198.9779594,5.369982012995967
1714079198.9780722,5.350130575674551
1714079198.9781852,5.330279579869023
1714079198.978298,5.308093406535961
1714079198.978411,5.284738982165301
1714079198.9785237,5.261384999310528
1714079198.9786367,5.235695397412335
1714079198.9787495,5.207670176470721
1714079198.9788625,5.180813206566705
1714079198.9789755,5.153955795146801
1714079198.9790883,5.123595396677652
1714079198.9792013,5.093234998208505
1714079198.979314,5.06520977726689
1714079198.979427,5.037184997841163
1714079198.9795399,5.0091597768995495
1714079198.979653,4.985805794044777
1714079198.9797657,4.957780573103163
1714079198.9798787,4.932090971204969
1714079198.9799917,4.905233559785065
1714079198.9801044,4.876040970837628
1714079198.9802175,4.850351368939434
1714079198.9803302,4.818823160948576
1714079198.9804432,4.788462762479429
1714079198.980556,4.758102364010281
1714079198.980669,4.733580571633798
1714079198.9807818,4.705555792208071
1714079198.9808948,4.683369177359122
1714079198.9810076,4.658847384982638
1714079198.9811206,4.634325592606156
1714079198.9812336,4.609803358713785
1714079198.9813464,4.581778579288058
1714079198.9814594,4.5537533583464445
1714079198.9815722,4.522225150355586
1714079198.9816852,4.490697383880615
1714079198.981798,4.461504353417291
1714079198.981911,4.431143954948142
1714079198.9820237,4.401951366000705
1714079198.9821367,4.376261764102511
1714079198.9822497,4.343565746589943
1714079198.9823625,4.315540967164216
1714079198.9824755,4.282844949651647
1714079198.9825883,4.2443107675623
1714079198.9827013,4.203440966429533
1714079198.982814,4.161403355775056
1714079198.982927,4.117030567593044
1714079198.9830399,4.0703221603676125
1714079198.9831529,4.0247815626638905
1714079198.9832659,3.9792409649601685
1714079198.9833786,3.933700367256447
1714079198.9834917,3.885824150509304
1714079198.9836044,3.8344449467129174
1714079198.9837174,3.7830657429165306
1714079198.9838302,3.724680565021656
1714079198.9839432,3.6616241490399393
1714079198.984056,3.595064746008979
1714079198.984169,3.5273375334563077
1714079198.9842818,3.45844273213987
1714079198.9843948,3.3848771342524775
1714079198.9845078,3.3101437268433744
1714079198.9846206,3.2307395228633173
1714079198.9847336,3.1548385266904475
1714079198.9848464,3.073098924424913
1714079198.9849594,2.986688525588424
1714079198.9850721,2.8991103172302246
1714079198.9851851,2.802190515730116
1714079198.985298,2.70293531594453
1714079198.985411,2.5966739213025125
1714079198.985524,2.4892447171387846
1714079198.9856367,2.3794801146895797
1714079198.9857497,2.2650444949114763
1714079198.9858625,2.1471058880841287
1714079198.9859755,2.0315029003002025
1714079198.9860883,1.9088934969019005
1714079198.9862013,1.7839485848391496
1714079198.986314,1.6531652874416773
1714079198.986427,1.520046481379756
1714079198.98654,1.377585971796954
1714079198.9866529,1.2327901743076466
1714079198.9867659,1.08565886815389
1714079198.9868786,0.9326890662864402
1714079198.9869916,0.7785515100867659
1714079198.9871044,0.6197431021266513
1714079198.9872174,0.46443784678423844
1714079198.9873302,0.3044617672761281
1714079198.9874432,0.14331798862527917
1714079198.987556,-0.018989794922095758
1714079198.987669,-0.18360450587890764
1714079198.987782,-0.34938669866985744
1714079198.9878948,-0.5221737755669488
1714079198.9880078,-0.693793374079245
1714079198.9881206,-0.8677479293611314
1714079198.9882336,-1.0440373862231218
1714079198.9883463,-1.216824518309699
1714079198.9884593,-1.3907790184020996
1714079198.9885721,-1.5600637153342918
1714079198.9886851,-1.731683258657102
1714079198.9887981,-1.8986328884407324
1714079198.988911,-2.0655826286033347
1714079198.989024,-2.232532368765937
1714079198.9891367,-2.398314520164772
1714079198.9892497,-2.5617617147940175
1714079198.9893625,-2.727543866192853
1714079198.9894755,-2.8874887360466848
1714079198.9895883,-3.0427634716033936
1714079198.9897013,-3.199206016681812
1714079198.9898143,-3.3451409251601607
1714079198.989927,-3.4864061408572726
1714079198.99004,-3.6218338542514377
1714079198.9901528,-3.7560939788818355
1714079198.9902658,-3.882181644439697
1714079198.9903786,-4.005934573985912
1714079198.9904916,-4.126185399514657
1714079198.9906044,-4.241765869988336
1714079198.9907174,-4.357346340462013
1714079198.9908304,-4.462419615851508
1714079198.9909432,-4.565157713713469
1714079198.9910562,-4.656221248485424
1714079198.991169,-4.744949605729844
1714079198.991282,-4.826673313423439
1714079198.9913948,-4.899057194038673
1714079198.9915078,-4.969105897126374
1714079198.9916205,-5.029814773135715
1714079198.9917336,-5.088188913133409
1714079198.9918463,-5.140725330070213
1714079198.9919593,-5.187424906977901
1714079198.9920723,-5.23295623284799
1714079198.992185,-5.263310891610605
1714079198.9922981,-5.298335463912398
1714079198.992411,-5.320517663602476
1714079198.992524,-5.340364685765019
1714079198.9926367,-5.356709162394205
1714079198.9927497,-5.363714253460919
1714079198.9928625,-5.371886712533456
1714079198.9929755,-5.3707189030117455
1714079198.9930885,-5.368384167000099
1714079198.9932013,-5.3648816214667425
1714079198.9933143,-5.353207058376736
1714079198.993427,-5.346201967310022
1714079198.99354,-5.331024858686659
1714079198.9936528,-5.318182486074941
1714079198.9937658,-5.301837567929868
1714079198.9938786,-5.283157913773148
1714079198.9939916,-5.263310891610605
1714079198.9941046,-5.238793955908881
1714079198.9942174,-5.211941842679624
1714079198.9943304,-5.182754993438721
1714079198.9944432,-5.153567702681929
1714079198.9945562,-5.1255482214468495
1714079198.994669,-5.097528740211769
1714079198.994782,-5.0671740814491555
1714079198.9948947,-5.044992323274966
1714079198.9950078,-5.0134702965065285
1714079198.9951205,-4.990120728810628
1714079198.9952335,-4.957431334036367
1714079198.9953465,-4.92590930726793
1714079198.9954593,-4.89321991249367
1714079198.9955723,-4.861697885725233
1714079198.995685,-4.826673313423439
1714079198.995798,-4.791648741121645
1714079198.995911,-4.761294523874918
1714079198.996024,-4.735609778651485
1714079198.9961367,-4.709925474943938
1714079198.9962497,-4.686575907248038
1714079198.9963627,-4.65972379401878
1714079198.9964755,-4.63520641680117
1714079198.9965885,-4.60251702202691
1714079198.9967012,-4.575664908797652
1714079198.9968143,-4.545310691550926
1714079198.996927,-4.511453487254955
1714079198.99704,-4.485769183547408
1714079198.9971528,-4.454247156778971
1714079198.9972658,-4.432064957088894
1714079198.9973788,-4.4075480213871705
1714079198.9974916,-4.38770055770874
1714079198.9976046,-4.36551879953455
1714079198.9977174,-4.338666686305293
1714079198.9978304,-4.312981941081859
1714079198.9979432,-4.284962459846779
1714079198.9980562,-4.254608242600052
1714079198.998169,-4.2219184063099044
1714079198.998282,-4.191564189063178
1714079198.998395,-4.160042162294741
1714079198.9985077,-4.13202268105966
1714079198.9986207,-4.100500654291223
1714079198.9987335,-4.0759837185895
1714079198.9988465,-4.049131605360243
1714079198.9989593,-4.0141070330584485
1714079198.9990723,-3.9814176382841886
1714079198.999185,-3.939388416431568
1714079198.999298,-3.8973591945789474
1714079198.9994109,-3.8518274271929704
1714079198.9995239,-3.8039604822794595
1714079198.999637,-3.7595965244151923
1714079198.9997497,-3.712897389023392
1714079198.9998627,-3.667365400879471
1714079198.9999754,-3.618331308718081
1714079199.0000885,-3.56929721655669
1714079199.0002012,-3.513258033328586
1714079199.0003142,-3.4537165253250683
1714079199.000427,-3.3883377357765476
1714079199.00054,-3.31945640069467
1714079199.000653,-3.2494074768490258
1714079199.0007658,-3.1711863146887884
1714079199.0008788,-3.0941327412923174
1714079199.0009916,-3.01357662236249
1714079199.0011046,-2.9341878714384855
1714079199.0012174,-2.8501294277332447
1714079199.0013304,-2.7649031745062933
1714079199.0014431,-2.6738398604922824
1714079199.0015562,-2.5792740009449147
1714079199.0016692,-2.480038007100423
1714079199.001782,-2.376132320474695
1714079199.001895,-2.2663891315460205
1714079199.0020077,-2.151976249836109
1714079199.0021207,-2.0317256450653076
1714079199.0022335,-1.9126426290582725
1714079199.0023465,-1.7900572882758246
1714079199.0024593,-1.6651368803448146
1714079199.0025723,-1.5402164724138048
1714079199.002685,-1.4071238261682015
1714079199.002798,-1.2740310695436265
1714079199.002911,-1.1351009209950764
1714079199.0030239,-0.9938358156769364
1714079199.0031369,-0.8432308280909503
1714079199.0032496,-0.6926258956944501
1714079199.0033627,-0.5361835161844889
1714079199.0034754,-0.37623872911488565
1714079199.0035884,-0.21862891261224393
1714079199.0037012,-0.05518168348956991
1714079199.0038142,0.10244818749251189
1714079199.0039272,0.26709509116631963
1714079199.00404,0.4294065965546502
1714079199.004153,0.5928858010857193
1714079199.0042658,0.7598681582344903
1714079199.0043788,0.9268504601937753
1714079199.0044916,1.0996713682457253
1714079199.0046046,1.2724922762976751
1714079199.0047174,1.4453130739706532
1714079199.0048304,1.621637079450819
1714079199.0049434,1.790954890074553
1714079199.0050561,1.959104891176577
1714079199.0051692,2.1260873035148338
1714079199.005282,2.288398698524192
1714079199.005395,2.4483749160060175
1714079199.0055077,2.6036801161589445
1714079199.0056207,2.764823922404536
1714079199.0057335,2.9224645208429405
1714079199.0058465,3.078937530517578
1714079199.0059595,3.2330749211487944
1714079199.0060723,3.3860449437741877
1714079199.0061853,3.5296729317417848
1714079199.006298,3.668630343896371
1714079199.006411,3.8017489292003486
1714079199.0065238,3.9290295706854925
1714079199.0066369,4.0481355455186625
1714079199.0067496,4.162571165296766
1714079199.0068626,4.277006343558982
1714079199.0069754,4.38560335724442
1714079199.0070884,4.493032561408149
1714079199.0072014,4.592287981951678
1714079199.0073142,4.689207783451787
1714079199.0074272,4.78028897885923
1714079199.00754,4.864363758652298
1714079199.007653,4.937929577297634
1714079199.0077658,5.006824599372016
1714079199.0078788,5.069880573837845
1714079199.0079916,5.127098383726897
1714079199.0081046,5.179645397044994
1714079199.0082176,5.226353804270426
1714079199.0083303,5.270726592452437
1714079199.0084434,5.310428584063494
1714079199.0085561,5.347795398147017
1714079199.0086691,5.375820177572744
1714079199.008782,5.4015097794709375
1714079199.008895,5.421360775276466
1714079199.0090077,5.434205796983506
1714079199.0091207,5.443547390125415
1714079199.0092337,5.4470503771746595
1714079199.0093465,5.449385996218081
1714079199.0094595,5.444715199647126
1714079199.0095723,5.443547390125415
1714079199.0096853,5.435373606505217
1714079199.009798,5.4283671908908415
1714079199.009911,5.4143548011779785
1714079199.0100238,5.402677588992648
1714079199.0101368,5.388665199279785
1714079199.0102496,5.37114938100179
1714079199.0103626,5.350130575674551
1714079199.0104756,5.329112211863199
1714079199.0105884,5.3057577874925395
1714079199.0107014,5.2824038046377675
1714079199.0108142,5.254378583696153
1714079199.0109272,5.228688981797959
1714079199.01104,5.204167189421477
1714079199.011153,5.177309778001573
1714079199.0112658,5.15278798562509
1714079199.0113788,5.124763206199363
1714079199.0114918,5.101408781828703
1714079199.0116045,5.071048383359556
1714079199.0117176,5.048861768510606
1714079199.0118303,5.019669179563169
1714079199.0119433,4.990476590615732
1714079199.012056,4.960116192146583
1714079199.0121691,4.932090971204969
1714079199.012282,4.901730572735821
1714079199.012395,4.872537983788384
1714079199.012508,4.84451276284677
1714079199.0126207,4.824661767041241
1714079199.0127337,4.798972165143048
1714079199.0128465,4.770947385717321
1714079199.0129595,4.745257783819127
1714079199.0130723,4.720735991442645
1714079199.0131853,4.689207783451787
1714079199.013298,4.661182562510172
1714079199.013411,4.62731917699178
1714079199.013524,4.599293956050166
1714079199.0136368,4.570101367102729
1714079199.0137498,4.540908778155291
1714079199.0138626,4.516386985778809
1714079199.0139756,4.488361764837194
1714079199.0140884,4.4626721629390005
1714079199.0142014,4.435814751519097
1714079199.0143142,4.404286985044126
1714079199.0144272,4.369255348488136
1714079199.01454,4.334224153448034
1714079199.014653,4.298025148886222
1714079199.014766,4.260658776318585
1714079199.0148787,4.2209563431916415
1714079199.0149918,4.182422161102295
1714079199.0151045,4.145055347018771
1714079199.0152175,4.107688974451135
1714079199.0153303,4.0703221603676125
1714079199.0154433,4.028284549713135
1714079199.015556,3.983911761531123
1714079199.015669,3.93486773526227
1714079199.015782,3.8823211634600603
1714079199.015895,3.8216003665217646
1714079199.016008,3.767885543681957
1714079199.0161207,3.7071647467436613
1714079199.0162337,3.6464439498053656
1714079199.0163465,3.583387533823649
1714079199.0164595,3.5191635290781655
1714079199.0165722,3.4526043468051486
1714079199.0166852,3.3860449437741877
1714079199.0167983,3.311311536365085
1714079199.016911,3.2330749211487944
1714079199.017024,3.147832331834016
1714079199.0171368,3.0567509156686286
1714079199.0172498,2.9680051185466625
1714079199.0173626,2.871085317046554
1714079199.0174756,2.7729979267826783
1714079199.0175884,2.6725749174753823
1714079199.0177014,2.5686487003608987
1714079199.0178142,2.4635551152405912
1714079199.0179272,2.354958101555153
1714079199.0180402,2.240522702534993
1714079199.018153,2.122584095707646
1714079199.018266,1.9988071035455772
1714079199.0183787,1.8726944923400877
1714079199.0184917,1.7407433854209051
1714079199.0186045,1.6041214819307679
1714079199.0187175,1.4639964810124149
1714079199.0188303,1.3238713697150901
1714079199.0189433,1.177907873083044
1714079199.0190563,1.035447363500242
1714079199.019169,0.8883161125359711
1714079199.019282,0.7365139546217742
1714079199.0193949,0.5835441527543244
1714079199.019508,0.42590347153169134
1714079199.0196207,0.26359196614336083
1714079199.0197337,0.10011276851097742
1714079199.0198464,-0.06685648113489151
1714079199.0199594,-0.23614110218154058
1714079199.0200725,-0.4065932223090419
1714079199.0201852,-0.5782127932265952
1714079199.0202982,-0.7474974349693015
1714079199.020411,-0.9202845118663928
1714079199.020524,-1.093071588763484
1714079199.0206368,-1.2623561753167045
1714079199.0207498,-1.4351433074032818
1714079199.0208626,-1.6067628507260923
1714079199.0209756,-1.7795499828126695
1714079199.0210884,-1.9535044829050698
1714079199.0212014,-2.127459093376442
1714079199.0213144,-2.3025810718536377
1714079199.0214272,-2.473033136791653
1714079199.0215402,-2.636480552178842
1714079199.021653,-2.7987601580443204
1714079199.021766,-2.9540351143589723
1714079199.0218787,-3.1081424819098578
1714079199.0219917,-3.2599148926911528
1714079199.0221045,-3.404682433163678
1714079199.0222175,-3.5494499736362033
1714079199.0223305,-3.689547600569548
1714079199.0224433,-3.82380794595789
1714079199.0225563,-3.956900702582465
1714079199.022669,-4.081821000134503
1714079199.022782,-4.202071384147361
1714079199.0228949,-4.314149309087682
1714079199.0230079,-4.418055216471354
1714079199.0231206,-4.520793314333315
1714079199.0232337,-4.614192026632804
1714079199.0233467,-4.697083102332221
1714079199.0234594,-4.783476723564996
1714079199.0235724,-4.8593627081976996
1714079199.0236852,-4.93057922080711
1714079199.0237982,-5.001795291900635
1714079199.023911,-5.063671977431685
1714079199.024024,-5.119710939901846
1714079199.0241368,-5.171079988832827
1714079199.0242498,-5.216611756218804
1714079199.0243628,-5.253971064532244
1714079199.0244756,-5.284325723294859
1714079199.0245886,-5.310010027002405
1714079199.0247014,-5.334527404220015
1714079199.0248144,-5.352039248855025
1714079199.0249271,-5.366048989472565
1714079199.0250401,-5.374221448545103
1714079199.025153,-5.381226539611816
1714079199.025266,-5.382393907617639
1714079199.0253787,-5.383561275623462
1714079199.0254917,-5.375388816550926
1714079199.0256047,-5.3707189030117455
1714079199.0257175,-5.356709162394205
1714079199.0258305,-5.342699421776665
1714079199.0259433,-5.324019767619945
1714079199.0260563,-5.301837567929868
1714079199.026169,-5.280823177761501
1714079199.026282,-5.256306242059778
1714079199.0263948,-5.230621496836344
1714079199.0265079,-5.20610456113462
1714079199.0266209,-5.18158718391701
1714079199.0267336,-5.155902880209463
1714079199.0268466,-5.13021813498603
1714079199.0269594,-5.099863917739302
1714079199.0270724,-5.073011804510045
1714079199.0271852,-5.039154600214075
1714079199.0272982,-5.006465205439815
1714079199.027411,-4.970273265132198
1714079199.027524,-4.93524913434629
1714079199.027637,-4.9060618435895
1714079199.0277498,-4.871037712803593
1714079199.0278628,-4.843018231568513
1714079199.0279756,-4.8173334863450785
1714079199.0280886,-4.791648741121645
1714079199.0282013,-4.763629259886565
1714079199.0283144,-4.734442410645661
1714079199.0284271,-4.704087751883048
1714079199.0285401,-4.676068270647967
1714079199.028653,-4.642211507867883
1714079199.028766,-4.611856849105269
1714079199.028879,-4.583837367870189
1714079199.0289917,-4.555817886635109
1714079199.0291047,-4.532468318939209
1714079199.0292175,-4.510286119249131
1714079199.0293305,-4.488103919559054
1714079199.0294433,-4.464754351863155
1714079199.0295563,-4.440237416161431
1714079199.029669,-4.411050566920528
1714079199.029782,-4.38419845369127
1714079199.029895,-4.352676426922833
1714079199.0300078,-4.318819222626862
1714079199.0301208,-4.293134918919316
1714079199.0302336,-4.2639480696784124
1714079199.0303466,-4.238263324454978
1714079199.0304594,-4.217248492770724
1714079199.0305724,-4.191564189063178
1714079199.0306852,-4.165879443839744
1714079199.0307982,-4.13669259459884
1714079199.0309112,-4.10283539030287
1714079199.031024,-4.067811259516963
1714079199.031137,-4.026949405670166
1714079199.0312498,-3.9872549198291916
1714079199.0313628,-3.947560875504105
1714079199.0314755,-3.9066990216573076
1714079199.0315886,-3.868171903822157
1714079199.0317013,-3.829645227502893
1714079199.0318143,-3.789950741661919
1714079199.0319273,-3.747921519809299
1714079199.03204,-3.7012223844174983
1714079199.0321531,-3.649853335486518
1714079199.032266,-3.5961491090280036
1714079199.032379,-3.534272644254896
1714079199.0324917,-3.474731136251379
1714079199.0326047,-3.410519935466625
1714079199.0327175,-3.3451409251601607
1714079199.0328305,-3.2809295036174633
1714079199.0329432,-3.2132157572993525
1714079199.0330563,-3.143166833453708
1714079199.0331693,-3.0696155848326505
1714079199.033282,-2.9913944226724127
1714079199.033395,-2.9073357582092285
1714079199.0335078,-2.8209423577343973
1714079199.0336208,-2.727543866192853
1714079199.0337336,-2.6294754611121283
1714079199.0338466,-2.5279047312559904
1714079199.0339594,-2.4193291310910823
1714079199.0340724,-2.3165908124711776
1714079199.0341854,-2.20568025553668
1714079199.0342982,-2.0947696986021818
1714079199.0344112,-1.980356596134327
1714079199.034524,-1.8612735801272922
1714079199.034637,-1.7410230857354623
1714079199.0347497,-1.6137677210348622
1714079199.0348628,-1.481842553174054
1714079199.0349755,-1.345247361395094
1714079199.0350885,-1.201647299307364
1714079199.0352015,-1.0603821939892237
1714079199.0353143,-0.9156145983272128
1714079199.0354273,-0.7650096659307126
1714079199.03554,-0.6190746470733924
1714079199.035653,-0.46263226756343134
1714079199.035766,-0.31436229193652115
1714079199.035879,-0.15675246163650794
1714079199.0359917,-0.00031011193102501605
1714079199.0361047,0.15966591459733467
1714079199.0362175,0.32431281827114244
1714079199.0363305,0.49246284696790904
1714079199.0364435,0.6641160558771204
1714079199.0365562,0.8357692095968458
1714079199.0366693,1.0039192658883553
1714079199.036782,1.175572364418595
1714079199.036895,1.341387077614113
1714079199.0370078,1.5107047778588754
1714079199.0371208,1.6765193806754217
1714079199.0372336,1.8364954877782749
1714079199.0373466,2.0034779001165317
1714079199.0374596,2.1681246934113676
1714079199.0375724,2.3351071057496244
1714079199.0376854,2.4997538990444608
1714079199.0377982,2.66323310357553
1714079199.0379112,2.8255447193428322
1714079199.038024,2.984353127302947
1714079199.038137,3.1338197213632086
1714079199.0382497,3.2797833283742266
1714079199.0383627,3.418740740528813
1714079199.0384758,3.556530343161689
1714079199.0385885,3.690816737987377
1714079199.0387015,3.8169291284349227
1714079199.0388143,3.950047934496844
1714079199.0389273,4.074992956938567
1714079199.03904,4.195266741293448
1714079199.039153,4.313205348120795
1714079199.0392659,4.418299374756989
1714079199.039379,4.524560769399007
1714079199.039492,4.61447415528474
1714079199.0396047,4.6997171861154055
1714079199.0397177,4.7814567883809405
1714079199.0398304,4.8561899750321
1714079199.0399435,4.929755793677436
1714079199.0400562,4.996315196708396
1714079199.0401692,5.060538980695936
1714079199.040282,5.120091968112521
1714079199.040395,5.176141968479863
1714079199.0405078,5.224018185227005
1714079199.0406208,5.267223605403194
1714079199.0407338,5.299919181399875
1714079199.0408466,5.333783008434154
1714079199.0409596,5.359472610332348
1714079199.0410724,5.375820177572744
1714079199.0411854,5.39450380537245
1714079199.0412982,5.407348385563603
1714079199.0414112,5.420193407270643
1714079199.041524,5.4283671908908415
1714079199.041637,5.430702809934263
1714079199.04175,5.434205796983506
1714079199.0418627,5.431870177940086
1714079199.0419757,5.426032013363308
1714079199.0420885,5.417857788227222
1714079199.0422015,5.403845398514359
1714079199.0423143,5.388665199279785
1714079199.0424273,5.375820177572744
1714079199.04254,5.352466194717972
1714079199.042653,5.334950376439977
1714079199.042766,5.311596393585205
1714079199.0428789,5.289409778736255
1714079199.0429919,5.267223605403194
1714079199.0431046,5.245036990554244
1714079199.0432177,5.224018185227005
1714079199.0433304,5.198328583328812
1714079199.0434434,5.171471171908908
1714079199.0435562,5.146949379532425
1714079199.0436692,5.120091968112521
1714079199.043782,5.08739639211584
1714079199.043895,5.058203803168403
1714079199.044008,5.030178582226788
1714079199.0441208,4.99865037423593
1714079199.0442338,4.9729607723377365
1714079199.0443466,4.943768183390299
1714079199.0444596,4.9180785814921055
1714079199.0445724,4.894724598637334
1714079199.0446854,4.86903499673914
1714079199.0447981,4.843345394840947
1714079199.0449111,4.815320173899332
1714079199.0450242,4.7861275849518945
1714079199.045137,4.756934996004458
1714079199.04525,4.725406788013599
1714079199.0453627,4.6997171861154055
1714079199.0454757,4.672859774695502
1714079199.0455885,4.647170172797309
1714079199.0457015,4.623816189942536
1714079199.0458143,4.596958778522632
1714079199.0459273,4.572436986146149
1714079199.0460403,4.54791475225378
1714079199.046153,4.518722163306342
1714079199.046266,4.488361764837194
1714079199.0463789,4.4533305697970915
1714079199.0464919,4.420634552284523
1714079199.0466046,4.38560335724442
1714079199.0467176,4.3529077812477395
1714079199.0468304,4.3213795732568805
1714079199.0469434,4.289851365266022
1714079199.0470562,4.257155347753454
1714079199.0471692,4.223291962235062
1714079199.0472822,4.187092957673249
1714079199.047395,4.147390966062193
1714079199.047508,4.105353355407715
1714079199.0476208,4.057477138660572
1714079199.0477338,4.010769172951027
1714079199.0478466,3.961725146682174
1714079199.0479596,3.910345942885787
1714079199.0480723,3.8601345486111107
1714079199.0481853,3.8064201672871905
1714079199.0482984,3.7538731539690935
1714079199.0484111,3.698990742365519
1714079199.0485241,3.6406053437127004
1714079199.048637,3.5775491484889277
1714079199.04875,3.5133251437434443
1714079199.0488627,3.4385917363343412
1714079199.0489757,3.3673615367324263
1714079199.0490885,3.2867895232306585
1714079199.0492015,3.205049920965124
1714079199.0493145,3.1256457169850664
1714079199.0494273,3.040403127670288
1714079199.0495403,2.9528249193120883
1714079199.049653,2.865246710953889
1714079199.049766,2.771830117260968
1714079199.0498788,2.673742506239149
1714079199.0499918,2.5686487003608987
1714079199.0501046,2.4588840979116933
1714079199.0502176,2.349119495462488
1714079199.0503306,2.2311811093930842
1714079199.0504434,2.1097392947585494
1714079199.0505564,1.9847944930747703
1714079199.0506692,1.8575142931055137
1714079199.0507822,1.729066283614547
1714079199.050895,1.5971151766953644
1714079199.051008,1.4593255740624886
1714079199.0511208,1.3227036705723514
1714079199.0512338,1.1767401739403054
1714079199.0513465,1.031944266072026
1714079199.0514596,0.8801421081578289
1714079199.0515726,0.7236691536726775
1714079199.0516853,0.5648608009020487
1714079199.0517983,0.40021389722824097
1714079199.051911,0.2379023918399104
1714079199.0520241,0.07442318041015554
1714079199.052137,-0.08903861183811117
1714079199.05225,-0.25482081152774666
1714079199.0523627,-0.42177046890611997
1714079199.0524757,-0.5922225890336212
1714079199.0525887,-0.7650096659307126
1714079199.0527015,-0.940131699597394
1714079199.0528145,-1.1140861996897944
1714079199.0529273,-1.2903757669307567
1714079199.0530403,-1.4678327021775421
1714079199.053153,-1.6429547910337094
1714079199.053266,-1.8169092911261098
1714079199.0533788,-1.9885288344489203
1714079199.0534918,-2.1531436178419323
1714079199.0536048,-2.3247632715437145
1714079199.0537176,-2.4835405526337797
1714079199.0538306,-2.645820379257202
1714079199.0539434,-2.8057650283530906
1714079199.0540564,-2.9610399846677424
1714079199.0541692,-3.1198172657578076
1714079199.0542822,-3.271589676539103
1714079199.054395,-3.419859762544985
1714079199.054508,-3.5669622597871
1714079199.0546207,-3.7012223844174983
1714079199.0547338,-3.836650318569607
1714079199.0548468,-3.962737984127468
1714079199.0549595,-4.084155736146149
1714079199.0550725,-4.203238752153184
1714079199.0551853,-4.312981941081859
1714079199.0552983,-4.419222584477177
1714079199.055411,-4.524295859866672
1714079199.055524,-4.623531853711163
1714079199.055637,-4.716930124494764
1714079199.05575,-4.802156377721715
1714079199.055863,-4.883879643899423
1714079199.0559757,-4.956263524514657
1714079199.0560887,-5.023977491590712
1714079199.0562015,-5.078849086055049
1714079199.0563145,-5.129050766980206
1714079199.0564272,-5.179252447905363
1714079199.0565403,-5.221281669757984
1714079199.056653,-5.256306242059778
1714079199.056766,-5.291330372845684
1714079199.056879,-5.315847750063296
1714079199.0569918,-5.340364685765019
1714079199.0571048,-5.360211707927562
1714079199.0572176,-5.369551535005923
1714079199.0573306,-5.382393907617639
1714079199.0574434,-5.383561275623462
1714079199.0575564,-5.384729085145173
1714079199.0576692,-5.381226539611816
1714079199.0577822,-5.374221448545103
1714079199.0578952,-5.3648816214667425
1714079199.058008,-5.352039248855025
1714079199.058121,-5.334527404220015
1714079199.0582337,-5.320517663602476
1714079199.0583467,-5.300670199924045
1714079199.0584595,-5.280823177761501
1714079199.0585725,-5.260976155598958
1714079199.0586853,-5.236458778381348
1714079199.0587983,-5.213109210685447
1714079199.058911,-5.18625709745619
1714079199.059024,-5.154735070687753
1714079199.059137,-5.124380853441026
1714079199.0592499,-5.091691458666766
1714079199.059363,-5.057834254370795
1714079199.0594757,-5.028647405129892
1714079199.0595887,-4.999460555888988
1714079199.0597014,-4.972608442659731
1714079199.0598145,-4.9445889614246505
1714079199.0599272,-4.914234302662036
1714079199.0600402,-4.887382189432779
1714079199.0601532,-4.857027972186053
1714079199.060266,-4.822003399884259
1714079199.060379,-4.788146637104175
1714079199.0604918,-4.750787328790735
1714079199.0606048,-4.7216000380339445
1714079199.0607176,-4.688910643259684
1714079199.0608306,-4.65972379401878
1714079199.0609434,-4.63637422632288
1714079199.0610564,-4.610689481099446
1714079199.0611694,-4.585004735876012
1714079199.0612822,-4.565157713713469
1714079199.0613952,-4.537138232478389
1714079199.061508,-4.504448837704128
1714079199.061621,-4.475261988463225
1714079199.0617337,-4.442572152173077
1714079199.0618467,-4.418055216471354
1714079199.0619595,-4.38886836723045
1714079199.0620725,-4.3596810764736595
1714079199.0621853,-4.34216923183865
1714079199.0622983,-4.319987032148573
1714079199.0624113,-4.297804832458496
1714079199.062524,-4.275622632768418
1714079199.062637,-4.247603151533339
1714079199.0627499,-4.217248492770724
1714079199.0628629,-4.1892290115356445
1714079199.0629756,-4.151869703222204
1714079199.0630887,-4.1203476764537665
1714079199.0632014,-4.08532354566786
1714079199.0633144,-4.051466341371889
1714079199.0634274,-4.023446860136809
1714079199.0635402,-3.9919248333683717
1714079199.0636532,-3.958068070588288
1714079199.063766,-3.924211307808205
1714079199.063879,-3.884516821967231
1714079199.0639918,-3.8389850545812534
1714079199.0641048,-3.793453287195276
1714079199.0642176,-3.7409168702584723
1714079199.0643306,-3.687212643799958
1714079199.0644436,-3.6335086380993875
1714079199.0645564,-3.5763020868654603
1714079199.0646694,-3.522597860406946
1714079199.0647821,-3.4653913091730186
1714079199.0648952,-3.404682433163678
1714079199.065008,-3.3416386003847474
1714079199.065121,-3.273924633308693
1714079199.0652337,-3.201540973451402
1714079199.0653467,-3.1268221360665778
1714079199.0654597,-3.0427634716033936
1714079199.0655725,-2.9610399846677424
1714079199.0656855,-2.869976449895788
1714079199.0657983,-2.781248092651367
1714079199.0659113,-2.6913519258852356
1714079199.066024,-2.596786066337868
1714079199.066137,-2.49988525002091
1714079199.0662498,-2.4018168449401855
1714079199.0663629,-2.2955762015448675
1714079199.0664756,-2.1870006013799594
1714079199.0665886,-2.0714199101483377
1714079199.0667017,-1.9523371148992466
1714079199.0668144,-1.8285841853530318
1714079199.0669274,-1.6978263854980467
1714079199.0670402,-1.5694035424126518
1714079199.0671532,-1.4328083506336917
1714079199.067266,-1.2962131588547317
1714079199.067379,-1.1607854454605666
1714079199.0674918,-1.0171853833728366
1714079199.0676048,-0.8735853212851065
1714079199.0677178,-0.7241478672734013
1714079199.0678306,-0.5723754013026202
1714079199.0679436,-0.41826803375173494
1714079199.0680563,-0.2571557682973367
1714079199.0681694,-0.09137356860770118
1714079199.0682821,0.07325547436873117
1714079199.0683951,0.24374094274308944
1714079199.068508,0.4107232722971174
1714079199.068621,0.578873300993884
1714079199.068734,0.7470233572853936
1714079199.0688467,0.9105025618164627
1714079199.0689597,1.0786525629184864
1714079199.0690725,1.2456349752567433
1714079199.0691855,1.4149526755015054
1714079199.0692983,1.5912766809816712
1714079199.0694113,1.759426682083695
1714079199.069524,1.9310798909929063
1714079199.069637,2.1027330999021174
1714079199.0697498,2.2720509105258517
1714079199.0698628,2.43436230553521
1714079199.0699759,2.5955061117808023
1714079199.0700886,2.750811311933729
1714079199.0702016,2.8991103172302246
1714079199.0703144,3.052080119097674
1714079199.0704274,3.198043726108692
1714079199.0705402,3.34400733311971
1714079199.0706532,3.4911385288944947
1714079199.070766,3.633599148856269
1714079199.070879,3.770221162725378
1714079199.070992,3.904507336793122
1714079199.0711048,4.0341231558057995
1714079199.0712178,4.150893953111436
1714079199.0713305,4.26532957288954
1714079199.0714436,4.371590967531557
1714079199.0715563,4.47318156560262
1714079199.0716693,4.567766189575195
1714079199.071782,4.658847384982638
1714079199.0718951,4.747592961346661
1714079199.0720081,4.832835992177327
1714079199.072121,4.914575594442861
1714079199.072234,4.983470175001356
1714079199.0723467,5.052365197075738
1714079199.0724597,5.111918184492323
1714079199.0725725,5.16446519781042
1714079199.0726855,5.208837985992432
1714079199.0727983,5.249707787125199
1714079199.0729113,5.284738982165301
1714079199.073024,5.3186028091995805
1714079199.073137,5.348963207668728
1714079199.07325,5.37114938100179
1714079199.0733628,5.396838982899983
1714079199.0734758,5.412019182134557
1714079199.0735886,5.427199381369131
1714079199.0737016,5.434205796983506
1714079199.0738144,5.440044403076172
1714079199.0739274,5.438876593554461
1714079199.0740402,5.434205796983506
1714079199.0741532,5.4283671908908415
1714079199.0742662,5.421360775276466
1714079199.074379,5.407348385563603
1714079199.074492,5.39450380537245
1714079199.0746047,5.3828265931871195
1714079199.0747178,5.365310774909125
1714079199.0748305,5.348963207668728
1714079199.0749435,5.3279444023414895
1714079199.0750563,5.308093406535961
1714079199.0751693,5.28357117264359
1714079199.0752823,5.263720176838062
1714079199.075395,5.234527587890625
1714079199.075508,5.208837985992432
1714079199.075621,5.185484003137659
1714079199.075734,5.155123604668511
1714079199.0758467,5.129434002770318
1714079199.0759597,5.09907360430117
1714079199.0760725,5.072216192881266
1714079199.0761855,5.046526590983072
1714079199.0762985,5.020836989084879
1714079199.0764112,4.995147387186686
1714079199.0765243,4.969457785288492
1714079199.076637,4.942600373868589
1714079199.07675,4.9134077849211515
1714079199.0768628,4.8772087803593385
1714079199.0769758,4.852686987982856
1714079199.0770886,4.819990970470287
1714079199.0772016,4.790798381522849
1714079199.0773144,4.761605792575412
1714079199.0774274,4.7359161906772185
1714079199.0775404,4.71606519487169
1714079199.0776532,4.688039973930076
1714079199.0777662,4.665853359081127
1714079199.077879,4.6378285796554
1714079199.077992,4.609803358713785
1714079199.0781047,4.582946388809769
1714079199.0782177,4.5502503712972
1714079199.0783305,4.521057782349763
1714079199.0784435,4.490697383880615
1714079199.0785565,4.460336985411467
1714079199.0786693,4.433479573991563
1714079199.0787823,4.405454353049949
1714079199.078895,4.378597383145933
1714079199.079008,4.348236543160898
1714079199.0791209,4.3167087766859265
1714079199.079234,4.280509772124113
1714079199.0793467,4.245478577084011
1714079199.0794597,4.203440966429533
1714079199.0795727,4.162571165296766
1714079199.0796854,4.117030567593044
1714079199.0797985,4.078495943987811
1714079199.0799112,4.032955346284089
1714079199.0800242,3.995588973716453
1714079199.080137,3.950047934496844
1714079199.08025,3.9021721592655885
1714079199.0803628,3.854295942518446
1714079199.0804758,3.799413751672815
1714079199.0805886,3.741028132262053
1714079199.0807016,3.67797193703828
1714079199.0808146,3.6172511400999845
1714079199.0809274,3.5483563387835466
1714079199.0810404,3.480629346988819
1714079199.0811532,3.410566736150671
1714079199.0812662,3.3393365365487555
1714079199.081379,3.2622677308541754
1714079199.081492,3.187534323445073
1714079199.0816047,3.103459322894061
1714079199.0817177,3.0170489240575717
1714079199.0818307,2.9236323303646508
1714079199.0819435,2.8278801176283093
1714079199.0820565,2.7274571083210133
1714079199.0821693,2.6211957136789956
1714079199.0822823,2.5114311112297902
1714079199.082395,2.4040019070660623
1714079199.082508,2.2942373046168574
1714079199.0826209,2.1798019055966975
1714079199.0827339,2.0618632987693504
1714079199.0828469,1.9404214841348153
1714079199.0829597,1.815476792830008
1714079199.0830727,1.6835256859108252
1714079199.0831854,1.5492391807061654
1714079199.0832984,1.410281878930551
1714079199.0834112,1.2631505727767944
1714079199.0835242,1.118354664908515
1714079199.083637,0.9700556596120198
1714079199.08375,0.8205890103622718
1714079199.083863,0.665283755019859
1714079199.0839758,0.513481597105662
1714079199.0840888,0.3546732443350333
1714079199.0842016,0.19469716482692292
1714079199.0843146,0.032385669786621024
1714079199.0844274,-0.1345703309332883
1714079199.0845404,-0.3026874804938281
1714079199.0846531,-0.4766420633704574
1714079199.0847661,-0.6470941283084728
1714079199.084879,-0.8257186523190251
1714079199.084992,-1.0020081643705014
1714079199.085105,-1.1759626644629018
1714079199.0852177,-1.348749796549479
1714079199.0853307,-1.5215368182570845
1714079199.0854435,-1.6896540368044817
1714079199.0855565,-1.858938623357702
1714079199.0856693,-2.0282233202898943
1714079199.0857823,-2.197507796464143
1714079199.085895,-2.367960082160102
1714079199.086008,-2.5349096015647605
1714079199.086121,-2.700691752963596
1714079199.0862339,-2.8618042115811946
1714079199.0863469,-3.021748860677083
1714079199.0864596,-3.1711863146887884
1714079199.0865726,-3.31945640069467
1714079199.0866854,-3.4630563524034286
1714079199.0867984,-3.5984840657975936
1714079199.0869112,-3.735079147197582
1714079199.0870242,-3.8599998862655074
1714079199.0871372,-3.9872549198291916
1714079199.08725,-4.10750530384205
1714079199.087363,-4.226588319849085
1714079199.0874758,-4.336331508777759
1714079199.0875888,-4.439070048155608
1714079199.0877016,-4.538305600484212
1714079199.0878146,-4.628201767250343
1714079199.0879273,-4.713427578961407
1714079199.0880404,-4.790481373115822
1714079199.0881531,-4.867535167270236
1714079199.0882661,-4.93524913434629
1714079199.0883791,-5.000627923894811
1714079199.088492,-5.059002063892505
1714079199.088605,-5.113873658356843
1714079199.0887177,-5.16757744329947
1714079199.0888307,-5.2107744746738005
1714079199.0889435,-5.248133782987241
1714079199.0890565,-5.281990545767324
1714079199.0891693,-5.310010027002405
1714079199.0892823,-5.329857490680835
1714079199.0893953,-5.350871880849202
1714079199.089508,-5.361379075933385
1714079199.089621,-5.369551535005923
1714079199.0897338,-5.3707189030117455
1714079199.0898468,-5.373054080539279
1714079199.0899596,-5.369551535005923
1714079199.0900726,-5.366048989472565
1714079199.0901854,-5.355541794388382
1714079199.0902984,-5.345034599304199
1714079199.0904114,-5.3333595946983055
1714079199.0905242,-5.314679940541585
1714079199.0906372,-5.2960002863848645
1714079199.09075,-5.272650718688965
1714079199.090863,-5.246966414981418
1714079199.0909758,-5.220114301752161
1714079199.0910888,-5.1897596429895465
1714079199.0912015,-5.164074897766113
1714079199.0913146,-5.132553312513563
1714079199.0914276,-5.109203744817663
1714079199.0915403,-5.078849086055049
1714079199.0916533,-5.055499518359149
1714079199.091766,-5.026312227602358
1714079199.0918791,-4.994790642349808
1714079199.091992,-4.964435983587194
1714079199.092105,-4.928244043279577
1714079199.0922177,-4.895554648505317
1714079199.0923307,-4.861697885725233
1714079199.0924435,-4.829008490950972
1714079199.0925565,-4.796318654660825
1714079199.0926695,-4.767131805419922
1714079199.0927823,-4.744949605729844
1714079199.0928953,-4.716930124494764
1714079199.093008,-4.693580556798864
1714079199.093121,-4.665561075563784
1714079199.0932338,-4.63987633034035
1714079199.0933468,-4.607186935566089
1714079199.0934596,-4.575664908797652
1714079199.0935726,-4.547645427562572
1714079199.0936856,-4.5137886647824885
1714079199.0937984,-4.488103919559054
1714079199.0939114,-4.462419615851508
1714079199.0940242,-4.442572152173077
1714079199.0941372,-4.421557762004711
1714079199.09425,-4.397040826302987
1714079199.094363,-4.3736908170912
1714079199.0944757,-4.344503967850296
1714079199.0945888,-4.319987032148573
1714079199.0947018,-4.287297637374312
1714079199.0948145,-4.254608242600052
1714079199.0949275,-4.223086215831615
1714079199.0950403,-4.1950667345965345
1714079199.0951533,-4.167046811845567
1714079199.095266,-4.1413625081380205
1714079199.095379,-4.114510394908764
1714079199.095492,-4.08532354566786
1714079199.095605,-4.057304064432779
1714079199.0957177,-4.023446860136809
1714079199.0958307,-3.9872549198291916
1714079199.0959437,-3.9452256979765714
1714079199.0960565,-3.904363844129774
1714079199.0961695,-3.8623346222771535
1714079199.0962822,-3.8156354868853533
1714079199.0963953,-3.774773633038556
1714079199.096508,-3.731577043180112
1714079199.096621,-3.686045055036191
1714079199.0967338,-3.6405135084081577
1714079199.0968468,-3.5856419139438205
1714079199.0969598,-3.531937687485306
1714079199.0970726,-3.4677262659426087
1714079199.0971856,-3.4081847579390914
1714079199.0972984,-3.3369684660876238
1714079199.0974114,-3.262249849460743
1714079199.0975242,-3.1875310120759184
1714079199.0976372,-3.1139797634548607
1714079199.09775,-3.03926114682798
1714079199.097863,-2.9575374391343856
1714079199.097976,-2.875813952198735
1714079199.0980887,-2.788252962960137
1714079199.0982018,-2.6971894281881825
1714079199.0983145,-2.601455979877048
1714079199.0984275,-2.49988525002091
1714079199.0985403,-2.3924770178618253
1714079199.0986533,-2.2803988721635604
1714079199.098766,-2.1683209472232394
1714079199.098879,-2.0504052992220276
1714079199.098992,-1.9289873264454027
1714079199.099105,-1.8110718992021348
1714079199.099218,-1.6849840128863298
1714079199.0993307,-1.5612311937190868
1714079199.0994437,-1.4281384370945118
1714079199.0995564,-1.2938782020851416
1714079199.0996695,-1.1537805751517967
1714079199.0997822,-1.0101805130640664
1714079199.0998952,-0.8572405687084904
1714079199.100008,-0.7043006795424002
1714079199.100121,-0.5513607903763099
1714079199.100234,-0.3914159757119638
1714079199.1003468,-0.23614110218154058
1714079199.1004598,-0.07502884362582807
1714079199.1005726,0.07909401147453873
1714079199.1006856,0.24257321600560788
1714079199.1007984,0.406052420536677
1714079199.1009114,0.573034750090705
1714079199.1010242,0.7388494080967373
1714079199.1011372,0.9140056592446786
1714079199.1012502,1.0868265672966286
1714079199.101363,1.2631505727767944
1714079199.101476,1.4359714808287443
1714079199.1015887,1.6111277871661716
1714079199.1017017,1.7792777882681952
1714079199.1018145,1.9462600902274803
1714079199.1019275,2.1120746930440264
1714079199.1020403,2.2743863088113287
1714079199.1021533,2.4366977038206876
1714079199.1022663,2.59900931958799
1714079199.102379,2.7601531258335816
1714079199.102492,2.9224645208429405
1714079199.1026049,3.078937530517578
1714079199.1027179,3.2354105401922153
1714079199.1028306,3.3848771342524775
1714079199.1029437,3.5308407412634955
1714079199.1030564,3.6651271360891835
1714079199.1031694,3.797078132629394
1714079199.1032822,3.9231909645928273
1714079199.1033952,4.042296939425998
1714079199.1035082,4.160235546253346
1714079199.103621,4.272335546988028
1714079199.103734,4.386771166766131
1714079199.1038468,4.493032561408149
1714079199.1039598,4.593455791473389
1714079199.1040726,4.689207783451787
1714079199.1041856,4.7767859918099855
1714079199.1042984,4.85735778455381
1714079199.1044114,4.929755793677436
1714079199.1045244,4.997482564714219
1714079199.1046371,5.058203803168403
1714079199.1047502,5.117756790584988
1714079199.104863,5.171471171908908
1714079199.104976,5.221683007699472
1714079199.1050887,5.266055795881483
1714079199.1052017,5.308093406535961
1714079199.1053145,5.345459779103597
1714079199.1054275,5.375820177572744
1714079199.1055405,5.400342411465115
1714079199.1056533,5.417857788227222
1714079199.1057663,5.4330379874617964
1714079199.105879,5.441212212597882
1714079199.105992,5.44821818669637
1714079199.1061049,5.452888983267324
1714079199.1062179,5.450553805739791
1714079199.1063306,5.449385996218081
1714079199.1064436,5.444715199647126
1714079199.1065564,5.436541416026928
1714079199.1066694,5.426032013363308
1714079199.1067824,5.413186991656268
1714079199.1068952,5.399174601943404
1714079199.1070082,5.380490974143699
1714079199.107121,5.36063997833817
1714079199.107234,5.336118185961688
1714079199.1073468,5.313932012628626
1714079199.1074598,5.289409778736255
1714079199.1075726,5.263720176838062
1714079199.1076856,5.235695397412335
1714079199.1077986,5.2100057955141414
1714079199.1079113,5.183148384094238
1714079199.1080244,5.157458782196045
1714079199.1081371,5.130601370776141
1714079199.1082501,5.103744400872125
1714079199.108363,5.074551370408799
1714079199.108476,5.044190971939652
1714079199.1085887,5.017334002035635
1714079199.1087017,4.9823023654796454
1714079199.1088147,4.956612763581452
1714079199.1089275,4.9227493780630605
1714079199.1090405,4.900562763214111
1714079199.1091533,4.86903499673914
1714079199.1092663,4.84568057236848
1714079199.109379,4.821158779991998
1714079199.109492,4.796636987615514
1714079199.1096048,4.770947385717321
1714079199.1097178,4.744089974297418
1714079199.1098309,4.717232562877514
1714079199.1099436,4.6857043548866555
1714079199.1100566,4.658847384982638
1714079199.1101694,4.623816189942536
1714079199.1102824,4.598126588044343
1714079199.1103952,4.568933557581018
1714079199.1105082,4.543243955682825
1714079199.110621,4.519889972828052
1714079199.110734,4.491864751886438
1714079199.1108468,4.465007781982422
1714079199.1109598,4.435814751519097
1714079199.1110728,4.401951366000705
1714079199.1111856,4.3669201709606025
1714079199.1112986,4.32955335687708
1714079199.1114113,4.292186542793556
1714079199.1115243,4.258323157275164
1714079199.111637,4.219788975185818
1714079199.1117501,4.1847573386298285
1714079199.111863,4.148558775583902
1714079199.111976,4.110024151978669
1714079199.112089,4.072657337895146
1714079199.1122017,4.027116740191424
1714079199.1123147,3.981576142487702
1714079199.1124275,3.931364748213026
1714079199.1125405,3.876482557367395
1714079199.1126533,3.8216003665217646
1714079199.1127663,3.7655503661544234
1714079199.112879,3.7083325562653715
1714079199.112992,3.6499469368546094
1714079199.113105,3.5903939494380244
1714079199.1132178,3.5273375334563077
1714079199.1133308,3.4619459399470576
1714079199.1134436,3.391883329108909
1714079199.1135566,3.3159823329360396
1714079199.1136694,3.236578128955982
1714079199.1137824,3.15133531888326
1714079199.1138952,3.0660927295684814
1714079199.1140082,2.9738437246393272
1714079199.114121,2.8804269101884628
1714079199.114234,2.7846749182100647
1714079199.114347,2.6900905149954335
1714079199.1144598,2.5861645186388933
1714079199.1145728,2.4845736998098866
1714079199.1146855,2.3724736990752042
1714079199.1147985,2.260373698340522
1714079199.1149113,2.1377642949422198
1714079199.1150243,2.017490289829395
1714079199.115137,1.8855392932891843
1714079199.11525,1.7535881863700018
1714079199.1153631,1.6193016811653418
1714079199.115476,1.4791766802469888
1714079199.115589,1.341387077614113
1714079199.1157017,1.1965911697458338
1714079199.1158147,1.052962961020293
1714079199.1159275,0.8999931591528433
1714079199.1160405,0.7493587555708708
1714079199.1161532,0.5952212545606824
1714079199.1162663,0.4352451474578292
1714079199.1163793,0.27293364206949866
1714079199.116492,0.10244818749251189
1714079199.116605,-0.06452152436530148
1714079199.1167178,-0.23263866702715555
1714079199.1168308,-0.40309078715465685
1714079199.1169436,-0.5723754013026202
1714079199.1170566,-0.7404925646605315
1714079199.1171694,-0.9097772064032378
1714079199.1172824,-1.079061848145944
1714079199.1173954,-1.2471789563143694
1714079199.1175082,-1.4223010451705367
1714079199.1176212,-1.590418153338962
1714079199.117734,-1.7620378070407443
1714079199.117847,-1.9359924175121166
1714079199.1179597,-2.108779439219722
1714079199.1180727,-2.2780639153939704
1714079199.1181855,-2.4380087852478027
1714079199.1182985,-2.601455979877048
1714079199.1184113,-2.757898304197523
1714079199.1185243,-2.9143406285179982
1714079199.1186373,-3.0649456712934704
1714079199.11875,-3.214383125305176
1714079199.118863,-3.3626532113110574
1714079199.1189759,-3.506253163019816
1714079199.119089,-3.649853335486518
1714079199.1192017,-3.787616005650273
1714079199.1193147,-3.921876130280671
1714079199.1194274,-4.049131605360243
1714079199.1195405,-4.169381989373101
1714079199.1196535,-4.281459914313422
1714079199.1197662,-4.38770055770874
1714079199.1198792,-4.489271729080765
1714079199.119992,-4.585004735876012
1714079199.120105,-4.674900902642144
1714079199.1202178,-4.761294523874918
1714079199.1203308,-4.843018231568513
1714079199.1204436,-4.916569480189571
1714079199.1205566,-4.986618183277271
1714079199.1206696,-5.048494427292435
1714079199.1207824,-5.103366021756773
1714079199.1208954,-5.151232966670284
1714079199.1210082,-5.19559692453455
1714079199.1211212,-5.23295623284799
1714079199.121234,-5.262143523604781
1714079199.121347,-5.291330372845684
1714079199.1214597,-5.313512572535762
1714079199.1215727,-5.3333595946983055
1714079199.1216855,-5.349704512843379
1714079199.1217985,-5.359044339921739
1714079199.1219115,-5.368384167000099
1714079199.1220243,-5.371886712533456
1714079199.1221373,-5.373054080539279
1714079199.12225,-5.368384167000099
1714079199.122363,-5.361379075933385
1714079199.1224759,-5.350871880849202
1714079199.1225889,-5.336862140231662
1714079199.1227016,-5.319349854080765
1714079199.1228147,-5.299502831918222
1714079199.1229277,-5.278488000233968
1714079199.1230404,-5.255138432538067
1714079199.1231534,-5.2317888648421675
1714079199.1232662,-5.2107744746738005
1714079199.1233792,-5.1839223614445435
1714079199.123492,-5.160572793748643
1714079199.123605,-5.13021813498603
1714079199.1237178,-5.103366021756773
1714079199.1238308,-5.070676626982512
1714079199.1239438,-5.037987232208252
1714079199.1240566,-5.005297837433991
1714079199.1241696,-4.969105897126374
1714079199.1242824,-4.93875123836376
1714079199.1243954,-4.9060618435895
1714079199.1245081,-4.8803775398819536
1714079199.1246212,-4.850022881119339
1714079199.124734,-4.825505945417616
1714079199.124847,-4.795151286655002
1714079199.12496,-4.767131805419922
1714079199.1250727,-4.735609778651485
1714079199.1251857,-4.702920383877224
1714079199.1252985,-4.670230989102964
1714079199.1254115,-4.637541594328703
1714079199.1255243,-4.6083547450878
1714079199.1256373,-4.580334822336832
1714079199.12575,-4.559320432168466
1714079199.125863,-4.5348034964667425
1714079199.1259758,-4.516123400794135
1714079199.1260889,-4.4927738330982345
1714079199.1262019,-4.464754351863155
1714079199.1263146,-4.440237416161431
1714079199.1264277,-4.408715389392993
1714079199.1265404,-4.3806959081579135
1714079199.1266534,-4.3491738813894765
1714079199.1267662,-4.319987032148573
1714079199.1268792,-4.2954696549309626
1714079199.126992,-4.270952719229239
1714079199.127105,-4.249937887544985
1714079199.127218,-4.225420951843262
1714079199.1273308,-4.199736648135715
1714079199.1274438,-4.174051902912281
1714079199.1275566,-4.1413625081380205
1714079199.1276696,-4.106337935836226
1714079199.1277823,-4.072481173056143
1714079199.1278954,-4.0351218647427025
1714079199.1280081,-3.996594746907552
1714079199.1281211,-3.9604028065999346
1714079199.1282341,-3.9253786758140277
1714079199.128347,-3.8938566490455906
1714079199.12846,-3.8529947951987937
1714079199.1285727,-3.8121329413519964
1714079199.1286857,-3.7689363514935526
1714079199.1287985,-3.7187346705683955
1714079199.1289115,-3.667365400879471
1714079199.1290243,-3.6113264384093107
1714079199.1291373,-3.5517849304057934
1714079199.12925,-3.4922434224022756
1714079199.129363,-3.428032000859578
1714079199.129476,-3.366155536086471
1714079199.1295888,-3.2996091577741833
1714079199.1297019,-3.233062779461896
1714079199.1298146,-3.165349033143785
1714079199.1299276,-3.0894628277531373
1714079199.1300404,-3.01357662236249
1714079199.1301534,-2.9318529146688954
1714079199.1302662,-2.840789379896941
1714079199.1303792,-2.7497260658829297
1714079199.1304922,-2.652825249565972
1714079199.130605,-2.5559242124910706
1714079199.130718,-2.4566884394045228
1714079199.1308308,-2.353950120784618
1714079199.1309438,-2.2465421093834768
1714079199.1310565,-2.1403012452302153
1714079199.1311696,-2.0247207747565374
1714079199.1312823,-1.9068053475132694
1714079199.1313953,-1.7853873747366444
1714079199.1315084,-1.6546295748816595
1714079199.1316211,-1.5215368182570845
1714079199.1317341,-1.3837741480933294
1714079199.131847,-1.2436765211599843
1714079199.13196,-1.1012439374570493
1714079199.1320727,-0.952973961830139
1714079199.1321857,-0.8047039862032289
1714079199.1322985,-0.6564340105763188
1714079199.1324115,-0.5046615446055377
1714079199.1325243,-0.3540566122090375
1714079199.1326373,-0.19878175247598576
1714079199.1327503,-0.03650199828876389
1714079199.132863,0.12463465057037494
1714079199.132976,0.29161699392177437
1714079199.1330888,0.45976702261854097
1714079199.1332018,0.6314202039330093
1714079199.1333146,0.8042410567954734
1714079199.1334276,0.9688879604692812
1714079199.1335404,1.1323671650003504
1714079199.1336534,1.3016849756240845
1714079199.1337664,1.4674995784406308
1714079199.1338792,1.6333141812571772
1714079199.1339922,1.797961084930985
1714079199.134105,1.9649434972692417
1714079199.134218,2.1307581000857883
1714079199.1343307,2.300075910709522
1714079199.1344438,2.462387305718881
1714079199.1345565,2.628201908535427
1714079199.1346695,2.7893457147810192
1714079199.1347826,2.9434833261701794
1714079199.1348953,3.090614521944964
1714079199.1350083,3.234242730670505
1714079199.135121,3.374367731588858
1714079199.135234,3.5156605420289213
1714079199.135347,3.6499469368546094
1714079199.13546,3.7818979333948204
1714079199.1355727,3.916184548978452
1714079199.1356857,4.044632558469419
1714079199.1357987,4.1660741523460105
1714079199.1359115,4.284012759173358
1714079199.1360245,4.392609772858796
1714079199.1361372,4.495368180451569
1714079199.1362503,4.588784553386547
1714079199.136363,4.675195393738923
1714079199.136476,4.760437983053701
1714079199.1365888,4.8410097757975254
1714079199.1367018,4.915742962448685
1714079199.1368146,4.98814097157231
1714079199.1369276,5.0547003746032715
1714079199.1370406,5.116588981063277
1714079199.1371534,5.171471171908908
1714079199.1372664,5.220515198177761
1714079199.1373792,5.261384999310528
1714079199.1374922,5.301086990921585
1714079199.137605,5.329112211863199
1714079199.137718,5.353634004239683
1714079199.1378307,5.376987987094455
1714079199.1379437,5.39450380537245
1714079199.1380568,5.409684004607024
1714079199.1381695,5.422528584798177
1714079199.1382825,5.434205796983506
1714079199.1383953,5.435373606505217
1714079199.1385083,5.441212212597882
1714079199.138621,5.4377087840327505
1714079199.138734,5.430702809934263
1714079199.1388469,5.422528584798177
1714079199.13896,5.410851814128734
1714079199.139073,5.395671614894161
1714079199.1391857,5.38165878366541
1714079199.1392987,5.361807787859881
1714079199.1394114,5.343124601576063
1714079199.1395245,5.3232736057705345
1714079199.1396372,5.303422609965006
1714079199.1397502,5.284738982165301
1714079199.139863,5.256714202739574
1714079199.139976,5.2368632069340455
1714079199.1400888,5.211173605035852
1714079199.1402018,5.185484003137659
1714079199.1403148,5.157458782196045
1714079199.1404276,5.128266193248607
1714079199.1405406,5.096737985257749
1714079199.1406534,5.067545396310312
1714079199.1407664,5.0360171883194536
1714079199.1408792,5.0091597768995495
1714079199.1409922,4.9823023654796454
1714079199.141105,4.953109776532208
1714079199.141218,4.929755793677436
1714079199.141331,4.901730572735821
1714079199.1414437,4.876040970837628
1714079199.1415567,4.848016191411901
1714079199.1416695,4.816487983421043
1714079199.1417825,4.788462762479429
1714079199.1418953,4.755767186482747
1714079199.1420083,4.727741965541133
1714079199.142121,4.700884554121229
1714079199.142234,4.674027584217212
1714079199.142347,4.650673159846553
1714079199.1424599,4.62731917699178
1714079199.1425729,4.601629575093587
1714079199.1426857,4.577107782717104
1714079199.1427987,4.54791475225378
1714079199.1429114,4.518722163306342
1714079199.1430244,4.488361764837194
1714079199.1431372,4.455665747324625
1714079199.1432502,4.424137980849654
1714079199.1433632,4.391441963337085
1714079199.143476,4.362249374389648
1714079199.143589,4.334224153448034
1714079199.1437018,4.301528577451353
1714079199.1438148,4.2711681789822045
1714079199.1439276,4.237304351947926
1714079199.1440406,4.198770169858579
1714079199.1441534,4.160235546253346
1714079199.1442664,4.115862758071334
1714079199.1443791,4.071489969889322
1714079199.1444921,4.025949372185601
1714079199.1446052,3.9780731554384583
1714079199.144718,3.931364748213026
1714079199.144831,3.8811533539383496
1714079199.1449437,3.832109327669497
1714079199.1450567,3.7818979333948204
1714079199.1451695,3.7235127554999456
1714079199.1452825,3.6639595473254167
1714079199.1453953,3.597400144294456
1714079199.1455083,3.528505342978018
1714079199.1456213,3.457275143376103
1714079199.145734,3.3790385281598123
1714079199.145847,3.304305341508653
1714079199.1459599,3.224901137528596
1714079199.1460729,3.140826136977584
1714079199.1461856,3.0579187251903392
1714079199.1462986,2.9703405168321395
1714079199.1464114,2.8769239231392185
1714079199.1465244,2.7858425069738315
1714079199.1466374,2.6819165106172913
1714079199.1467502,2.577990514260751
1714079199.1468632,2.4682259118115457
1714079199.146976,2.3537905127913863
1714079199.147089,2.238187304249516
1714079199.1472018,2.1179132991366916
1714079199.1473148,1.9964714845021565
1714079199.1474276,1.8726944923400877
1714079199.1475406,1.7430787837063824
1714079199.1476533,1.6146308845943873
1714079199.1477664,1.4780089811042503
1714079199.1478794,1.3402193784713745
1714079199.1479921,1.1930880723176178
1714079199.1481051,1.0424536687356454
1714079199.148218,0.891819209964187
1714079199.148331,0.7353462554790355
1714079199.1484437,0.5742024492334437
1714079199.1485567,0.41422639732007627
1714079199.1486695,0.2519148919317457
1714079199.1487825,0.08843568050199084
1714079199.1488955,-0.07502884362582807
1714079199.1490083,-0.2431460000850536
1714079199.1491213,-0.41126313584822194
1714079199.149234,-0.5817152835704662
1714079199.149347,-0.7556698388523525
1714079199.1494598,-0.9342943076734189
1714079199.1495728,-1.1070813293810242
1714079199.1496856,-1.2845383750067816
1714079199.1497986,-1.461995310253567
1714079199.1499116,-1.6382848774945293
1714079199.1500244,-1.8087369424325448
1714079199.1501374,-1.97918900737056
1714079199.1502502,-2.148473704302752
1714079199.1503632,-2.3130884876957643
1714079199.150476,-2.4788706390945996
1714079199.150589,-2.6399828769542553
1714079199.1507018,-2.8010951148139105
1714079199.1508148,-2.9645423094431558
1714079199.1509278,-3.1198172657578076
1714079199.1510406,-3.271589676539103
1714079199.1511536,-3.4221947193145748
1714079199.1512663,-3.563459714253743
1714079199.1513793,-3.702389973181265
1714079199.151492,-3.8343151410420733
1714079199.1516051,-3.958068070588288
1714079199.151718,-4.08065363212868
1714079199.151831,-4.197401470608181
1714079199.1519437,-4.309479395548502
1714079199.1520567,-4.421557762004711
1714079199.1521697,-4.525463227872495
1714079199.1522825,-4.624699221716987
1714079199.1523955,-4.714595388483118
1714079199.1525083,-4.802156377721715
1714079199.1526213,-4.879209730360243
1714079199.152734,-4.9504262429696535
1714079199.152847,-5.015805032518174
1714079199.1529598,-5.074179172515869
1714079199.1530728,-5.127883398974383
1714079199.1531858,-5.174582534366183
1714079199.1532986,-5.221281669757984
1714079199.1534116,-5.2586409780714245
1714079199.1535244,-5.291330372845684
1714079199.1536374,-5.324019767619945
1714079199.1537502,-5.346201967310022
1714079199.1538632,-5.3648816214667425
1714079199.153976,-5.378891362084282
1714079199.154089,-5.3858964531509965
1714079199.154202,-5.392901102701822
1714079199.1543148,-5.388231189162642
1714079199.1544278,-5.384729085145173
1714079199.1545405,-5.376556626072636
1714079199.1546535,-5.3648816214667425
1714079199.1547663,-5.353207058376736
1714079199.1548793,-5.338029508237486
1714079199.154992,-5.319349854080765
1714079199.155105,-5.304172745457402
1714079199.155218,-5.281990545767324
1714079199.155331,-5.260976155598958
1714079199.155444,-5.2376261463871705
1714079199.1555567,-5.207271929140444
1714079199.1556697,-5.180419815911187
1714079199.1557825,-5.148897789142749
1714079199.1558955,-5.113873658356843
1714079199.1560082,-5.0835189995942285
1714079199.1561213,-5.051996972825791
1714079199.156234,-5.022810123584888
1714079199.156347,-4.993622832828097
1714079199.15646,-4.964435983587194
1714079199.1565728,-4.93875123836376
1714079199.1566858,-4.9130669346562135
1714079199.1567986,-4.878042362354419
1714079199.1569116,-4.846520335585982
1714079199.1570244,-4.813830940811722
1714079199.1571374,-4.782308914043285
1714079199.1572502,-4.750787328790735
1714079199.1573632,-4.719265302022298
1714079199.1574762,-4.695915734326397
1714079199.157589,-4.6678958115754305
1714079199.157702,-4.64921615741871
1714079199.1578147,-4.62236448570534
1714079199.1579278,-4.59784710848773
1714079199.1580405,-4.570994995258472
1714079199.1581535,-4.542975514023392
1714079199.1582663,-4.512621296776666
1714079199.1583793,-4.481099270008228
1714079199.1584923,-4.447242065712257
1714079199.158605,-4.422725130010534
1714079199.158718,-4.39820819430881
1714079199.158831,-4.36902090355202
1714079199.158944,-4.348006513383653
1714079199.1590567,-4.3269916816994
1714079199.1591697,-4.3013073779918525
1714079199.1592824,-4.2744552647625955
1714079199.1593955,-4.245267974005805
1714079199.1595082,-4.212578579231544
1714079199.1596212,-4.179889184457284
1714079199.1597342,-4.1471997896830235
1714079199.159847,-4.114510394908764
1714079199.15996,-4.08532354566786
1714079199.1600728,-4.057304064432779
1714079199.1601858,-4.028116773675989
1714079199.1602986,-3.997762556429262
1714079199.1604116,-3.962737984127468
1714079199.1605244,-3.9253786758140277
1714079199.1606374,-3.882181644439697
1714079199.1607504,-3.841320232108787
1714079199.1608632,-3.789950741661919
1714079199.1609762,-3.7385816927309388
1714079199.161089,-3.6848776870303683
1714079199.161202,-3.637010962874801
1714079199.1613147,-3.5833069571742304
1714079199.1614277,-3.533105276249073
1714079199.1615405,-3.474731136251379
1714079199.1616535,-3.412854892236215
1714079199.1617665,-3.349810838699341
1714079199.1618793,-3.278594546847873
1714079199.1619923,-3.2050432982268156
1714079199.162105,-3.129157092836168
1714079199.162218,-3.045098428372983
1714079199.1623309,-2.9610399846677424
1714079199.1624439,-2.874646363434968
1714079199.1625566,-2.78708537419637
1714079199.1626697,-2.698356796194006
1714079199.1627824,-2.604958525410405
1714079199.1628954,-2.505722752323857
1714079199.1630085,-2.406486758479365
1714079199.1631212,-2.3014137038478144
1714079199.1632342,-2.1916705149191396
1714079199.163347,-2.0760900444454617
1714079199.16346,-1.9535044829050698
1714079199.1635728,-1.8309191421226219
1714079199.1636858,-1.7048312558068168
1714079199.1637986,-1.575240934336627
1714079199.1639116,-1.4444831344816418
1714079199.1640246,-1.3102228994722718
1714079199.1641374,-1.1759626644629018
1714079199.1642504,-1.0370325159143519
1714079199.1643631,-0.8899300186722366
1714079199.1644762,-0.7451624781997115
1714079199.164589,-0.5933900674184163
1714079199.164702,-0.4357802371184031
1714079199.1648147,-0.27700292843359486
1714079199.1649277,-0.1123882140274401
1714079199.1650407,0.04873358885999079
1714079199.1651535,0.21571592876204737
1714079199.1652665,0.38036284623322664
1714079199.1653793,0.5426743516215571
1714079199.1654923,0.7084889544381036
1714079199.165605,0.8719681589691727
1714079199.165718,1.035447363500242
1714079199.1658309,1.204765174123976
1714079199.1659439,1.3752505735114768
1714079199.1660566,1.5492391807061654
1714079199.1661696,1.719724690472638
1714079199.1662827,1.8913778993818493
1714079199.1663954,2.059527900483873
1714079199.1665084,2.2253425033004195
1714079199.1666212,2.385318500024301
1714079199.1667342,2.5429593192206488
1714079199.166847,2.6982645193735757
1714079199.16696,2.8524019100047924
1714079199.1670728,3.003036313586765
1714079199.1671858,3.1536709379266807
1714079199.1672988,3.3019697224652322
1714079199.1674116,3.4526043468051486
1714079199.1675246,3.5927293477235014
1714079199.1676373,3.7305187295984337
1714079199.1677504,3.864805345182065
1714079199.1678631,3.9874147485803673
1714079199.1679761,4.105353355407715
1714079199.168089,4.2162855466206866
1714079199.168202,4.320211763735171
1714079199.168315,4.422970171327944
1714079199.1684277,4.522225150355586
1714079199.1685407,4.616809774328161
1714079199.1686535,4.705555792208071
1714079199.1687665,4.793133559050383
1714079199.1688793,4.874873161315918
1714079199.1689923,4.950774599004674
1714079199.169105,5.017334002035635
1714079199.169218,5.076886989452221
1714079199.169331,5.132936989819561
1714079199.1694438,5.179645397044994
1714079199.1695569,5.224018185227005
1714079199.1696696,5.266055795881483
1714079199.1697826,5.301086990921585
1714079199.1698954,5.338453805005108
1714079199.1700084,5.364143406903302
1714079199.1701212,5.389833008801495
1714079199.1702342,5.409684004607024
1714079199.170347,5.4236963943198875
1714079199.17046,5.431870177940086
1714079199.170573,5.4377087840327505
1714079199.1706858,5.434205796983506
1714079199.1707988,5.431870177940086
1714079199.1709116,5.426032013363308
1714079199.1710246,5.416689978705512
1714079199.1711373,5.406180576041892
1714079199.1712503,5.39450380537245
1714079199.171363,5.3828265931871195
1714079199.1714761,5.366478584430835
1714079199.1715891,5.350130575674551
1714079199.171702,5.331447389390733
1714079199.171815,5.308093406535961
1714079199.1719277,5.284738982165301
1714079199.1720407,5.266055795881483
1714079199.1721535,5.2368632069340455
1714079199.1722665,5.213508782563386
1714079199.1723793,5.184316193615948
1714079199.1724923,5.156290972674334
1714079199.1726053,5.130601370776141
1714079199.172718,5.100240972306993
1714079199.172831,5.076886989452221
1714079199.1729438,5.050029578032317
1714079199.1730568,5.02200479860659
1714079199.1731696,4.997482564714219
1714079199.1732826,4.968289975766782
1714079199.1733954,4.941432564346878
1714079199.1735084,4.9134077849211515
1714079199.1736212,4.880711767408583
1714079199.1737342,4.852686987982856
1714079199.1738472,4.8269973860846624
1714079199.17396,4.797804797137225
1714079199.174073,4.773282563244854
1714079199.1741858,4.751096389911792
1714079199.1742988,4.727741965541133
1714079199.1744115,4.70322017316465
1714079199.1745245,4.677530571266456
1714079199.1746373,4.648337982319019
1714079199.1747503,4.619144951855694
1714079199.1748633,4.586449375859013
1714079199.174976,4.5584241549173985
1714079199.1750891,4.526896388442427
1714079199.175202,4.497703357979103
1714079199.175315,4.4708459465592
1714079199.1754277,4.441653357611762
1714079199.1755407,4.413628578186035
1714079199.1756535,4.386771166766131
1714079199.1757665,4.354075149253562
1714079199.1758795,4.322547382778591
1714079199.1759923,4.285180568695068
1714079199.1761053,4.245478577084011
1714079199.176218,4.209279572522198
1714079199.176331,4.16724196186772
1714079199.1764438,4.128707338262487
1714079199.1765568,4.091340965694851
1714079199.1766696,4.046967735996953
1714079199.1767826,4.008433553907606
1714079199.1768956,3.962892956203884
1714079199.1770084,3.9138489299350314
1714079199.1771214,3.865973154703776
1714079199.1772342,3.808755344814724
1714079199.1773472,3.750369725403962
1714079199.17746,3.6873137509381326
1714079199.177573,3.6230897461926492
1714079199.1776857,3.5612011397326433
1714079199.1777987,3.4934741479379157
1714079199.1779115,3.4269147449069552
1714079199.1780245,3.3556843245470964
1714079199.1781375,3.2856219344668918
1714079199.1782503,3.2062177304868342
1714079199.1783633,3.1256457169850664
1714079199.178476,3.0357323310993336
1714079199.178589,2.9434833261701794
1714079199.1787019,2.850066511719315
1714079199.178815,2.7496437231699624
1714079199.1789277,2.6457175060554787
1714079199.1790407,2.541791509698938
1714079199.1791537,2.43436230553521
1714079199.1792665,2.3269331013714822
1714079199.1793795,2.211329892829612
1714079199.1794922,2.092223697238498
1714079199.1796052,1.9731175016473839
1714079199.179718,1.8435017930136786
1714079199.179831,1.713886084379973
1714079199.1799438,1.5749287826043588
1714079199.1800568,1.4336359721642953
1714079199.1801698,1.2923432721032035
1714079199.1802826,1.1475473642349243
1714079199.1803956,0.999248358938429
1714079199.1805084,0.8521171079741583
1714079199.1806214,0.6991473061067086
1714079199.1807342,0.5450097499070343
1714079199.1808472,0.38970452215936446
1714079199.18096,0.22622530383092385
1714079199.181073,0.06508151138270342
1714079199.1811857,-0.10188088786822777
1714079199.1812987,-0.27116550891487684
1714079199.1814117,-0.4392826722727881
1714079199.1815245,-0.6109022431903415
1714079199.1816375,-0.7836893200874329
1714079199.1817503,-0.9564763969845241
1714079199.1818633,-1.1280960506863063
1714079199.181976,-1.2962131588547317
1714079199.182089,-1.466665223792747
1714079199.1822019,-1.6324474855705542
1714079199.1823149,-1.8028995505085696
1714079199.182428,-1.9733517258255568
1714079199.1825407,-2.1426362019998053
1714079199.1826537,-2.3165908124711776
1714079199.1827664,-2.4835405526337797
1714079199.1828794,-2.651657660802205
1714079199.1829922,-2.8139374874256275
1714079199.1831052,-2.9703798117461027
1714079199.183218,-3.1268221360665778
1714079199.183331,-3.27275726530287
1714079199.183444,-3.419859762544985
1714079199.1835568,-3.558789800714563
1714079199.1836698,-3.6988874276479082
1714079199.1837826,-3.8354825090478966
1714079199.1838956,-3.9650727201391147
1714079199.1840084,-4.09349556322451
1714079199.1841214,-4.2102438432198985
1714079199.1842341,-4.328159491221109
1714079199.1843472,-4.432064957088894
1714079199.1844602,-4.533635686945032
1714079199.184573,-4.62703439924452
1714079199.184686,-4.714595388483118
1714079199.1847987,-4.796318654660825
1714079199.1849117,-4.871037712803593
1714079199.1850245,-4.94342115190294
1714079199.1851375,-5.007632573445638
1714079199.1852503,-5.070676626982512
1714079199.1853633,-5.1255482214468495
1714079199.185476,-5.175749902372007
1714079199.185589,-5.217779124224627
1714079199.185702,-5.253971064532244
1714079199.1858149,-5.287827827312328
1714079199.1859279,-5.310010027002405
1714079199.1860406,-5.334527404220015
1714079199.1861537,-5.348537144837556
1714079199.1862664,-5.362546885455096
1714079199.1863794,-5.368384167000099
1714079199.1864922,-5.375388816550926
1714079199.1866052,-5.375388816550926
1714079199.1867182,-5.373054080539279
1714079199.186831,-5.369551535005923
1714079199.186944,-5.363714253460919
1714079199.1870568,-5.354374426382559
1714079199.1871698,-5.338029508237486
1714079199.1872826,-5.324019767619945
1714079199.1873956,-5.300670199924045
1714079199.1875083,-5.278488000233968
1714079199.1876214,-5.252803696526421
1714079199.1877344,-5.225951583297164
1714079199.1878471,-5.199099470067907
1714079199.1879601,-5.171079988832827
1714079199.188073,-5.145395243609393
1714079199.188186,-5.117375762374312
1714079199.1882987,-5.092858826672589
1714079199.1884117,-5.063671977431685
1714079199.1885245,-5.034484686674895
1714079199.1886375,-4.999460555888988
1714079199.1887503,-4.966771161114727
1714079199.1888633,-4.931746588812934
1714079199.1889763,-4.895554648505317
1714079199.189089,-4.86403262173688
1714079199.189202,-4.831343226962619
1714079199.1893148,-4.803323745727539
1714079199.1894279,-4.775304264492458
1714079199.1895406,-4.7531220648023815
1714079199.1896536,-4.723935215561478
1714079199.1897664,-4.697083102332221
1714079199.1898794,-4.670230989102964
1714079199.1899924,-4.637541594328703
1714079199.1901052,-4.606019567560266
1714079199.1902182,-4.574497540791829
1714079199.190331,-4.545310691550926
1714079199.190444,-4.5196259463274915
1714079199.1905568,-4.497443746637415
1714079199.1906698,-4.471759442929868
1714079199.1907825,-4.454247156778971
1714079199.1908956,-4.433232325094718
1714079199.1910086,-4.408715389392993
1714079199.1911213,-4.3806959081579135
1714079199.1912344,-4.35150905891701
1714079199.1913471,-4.324656945687753
1714079199.1914601,-4.290799741391782
1714079199.191573,-4.262780260156702
1714079199.191686,-4.231258233388265
1714079199.1917987,-4.207908665692364
1714079199.1919117,-4.182224361984818
1714079199.1920245,-4.1577069847672075
1714079199.1921375,-4.129687503532127
1714079199.1922505,-4.09816547676369
1714079199.1923633,-4.064308713983606
1714079199.1924763,-4.026949405670166
1714079199.192589,-3.9884227293509023
1714079199.192702,-3.9452256979765714
1714079199.1928148,-3.904363844129774
1714079199.1929278,-3.8623346222771535
1714079199.1930406,-3.8203054004245334
1714079199.1931536,-3.779443546577736
1714079199.1932666,-3.7339117791917587
1714079199.1933794,-3.6907149685753713
1714079199.1934924,-3.641680876413981
1714079199.1936052,-3.5879768707134105
1714079199.1937182,-3.5284353627098928
1714079199.193831,-3.4665588979367854
1714079199.193944,-3.400012519624498
1714079199.1940567,-3.3322985525484436
1714079199.1941698,-3.2599148926911528
1714079199.1942828,-3.1875310120759184
1714079199.1943955,-3.118649676994041
1714079199.1945086,-3.0404285148338035
1714079199.1946213,-2.9633749414373325
1714079199.1947343,-2.880483865737915
1714079199.194847,-2.795257833268907
1714079199.19496,-2.700691752963596
1714079199.195073,-2.606125893416228
1714079199.195186,-2.5045551635600902
1714079199.195299,-2.395979563395182
1714079199.1954117,-2.2862363744665073
1714079199.1955247,-2.1741582287682424
1714079199.1956375,-2.0609127150641546
1714079199.1957505,-1.9418296990571198
1714079199.1958632,-1.822746683050085
1714079199.1959763,-1.6966589071132518
1714079199.196089,-1.5694035424126518
1714079199.196202,-1.4339758290184867
1714079199.1963148,-1.2985481156243217
1714079199.1964278,-1.1549480535365917
1714079199.1965408,-1.0043431211400915
1714079199.1966536,-0.8537381335541053
1714079199.1967666,-0.69496085246404
1714079199.1968794,-0.5420209081084639
1714079199.1969924,-0.3832436270183987
1714079199.1971052,-0.2268012751031805
1714079199.1972182,-0.06802396641837226
1714079199.197331,0.08843568050199084
1714079199.197444,0.25308259107448433
1714079199.197557,0.4200649206285123
1714079199.1976697,0.5847118518970631
1714079199.1977828,0.7551973064740498
1714079199.1978955,0.924515061908298
1714079199.1980085,1.0996713682457253
1714079199.1981213,1.2701567676332262
1714079199.1982343,1.442977675685176
1714079199.198347,1.609959977644461
1714079199.19846,1.7792777882681952
1714079199.198573,1.9415892936565255
1714079199.198686,2.1062360869513617
1714079199.198799,2.2638769061477095
1714079199.1989117,2.4285236994425454
1714079199.1990247,2.593170713495325
1714079199.1991374,2.754314519740917
1714079199.1992505,2.9166259147502758
1714079199.1993632,3.0742667339466236
1714079199.1994762,3.2295719340995506
1714079199.199589,3.3778709393960455
1714079199.199702,3.520331338599876
1714079199.199815,3.656953352468985
1714079199.1999278,3.786568729965775
1714079199.2000408,3.9138489299350314
1714079199.2001536,4.03529096532751
1714079199.2002666,4.161403355775056
1714079199.2003794,4.277006343558982
1714079199.2004924,4.394944950386329
1714079199.2006052,4.500038977022524
1714079199.2007182,4.605132562142831
1714079199.2008312,4.6997171861154055
1714079199.200944,4.787295394473605
1714079199.201057,4.866699377695719
1714079199.2011697,4.937929577297634
1714079199.2012827,5.005656789850305
1714079199.2013955,5.067545396310312
1714079199.2015085,5.127098383726897
1714079199.2016213,5.179645397044994
1714079199.2017343,5.228688981797959
1714079199.2018473,5.274229579501681
1714079199.20196,5.312764203106915
1714079199.202073,5.346627588625307
1714079199.2021859,5.372317190523501
1714079199.2022989,5.39450380537245
1714079199.2024117,5.408516195085313
1714079199.2025247,5.422528584798177
1714079199.2026374,5.429535000412552
1714079199.2027504,5.4377087840327505
1714079199.2028635,5.4377087840327505
1714079199.2029762,5.441212212597882
1714079199.2030892,5.435373606505217
1714079199.203202,5.434205796983506
1714079199.203315,5.4283671908908415
1714079199.2034278,5.417857788227222
1714079199.2035408,5.406180576041892
1714079199.2036536,5.3874973897580745
1714079199.2037666,5.372317190523501
1714079199.2038794,5.352466194717972
1714079199.2039924,5.331447389390733
1714079199.2041054,5.3057577874925395
1714079199.2042181,5.2824038046377675
1714079199.2043312,5.254378583696153
1714079199.204444,5.231024600841381
1714079199.204557,5.206502808464898
1714079199.2046697,5.181980574572528
1714079199.2047827,5.15278798562509
1714079199.2048955,5.130601370776141
1714079199.2050085,5.102576591350414
1714079199.2051215,5.074551370408799
1714079199.2052343,5.044190971939652
1714079199.2053473,5.0138305734705035
1714079199.20546,4.983470175001356
1714079199.205573,4.951941967010498
1714079199.2056859,4.925084997106481
1714079199.2057989,4.899395395208288
1714079199.2059116,4.872537983788384
1714079199.2060246,4.848016191411901
1714079199.2061377,4.821158779991998
1714079199.2062504,4.796636987615514
1714079199.2063634,4.769779576195611
1714079199.2064762,4.740586987248173
1714079199.2065892,4.712561766306559
1714079199.206702,4.679866190309878
1714079199.206815,4.654176588411684
1714079199.2069278,4.623816189942536
1714079199.2070408,4.601629575093587
1714079199.2071536,4.574772163673683
1714079199.2072666,4.551418180818911
1714079199.2073796,4.526896388442427
1714079199.2074924,4.500038977022524
1714079199.2076054,4.4708459465592
1714079199.2077181,4.438150370562518
1714079199.2078311,4.4077899720933695
1714079199.207944,4.369255348488136
1714079199.208057,4.335391962969744
1714079199.2081697,4.300360767929642
1714079199.2082827,4.266496940895363
1714079199.2083957,4.23146574585526
1714079199.2085085,4.198770169858579
1714079199.2086215,4.161403355775056
1714079199.2087343,4.124036541691533
1714079199.2088473,4.080831563031231
1714079199.20896,4.032955346284089
1714079199.209073,3.9885825581020775
1714079199.2091858,3.9325325577347363
1714079199.2092988,3.8823211634600603
1714079199.2094119,3.823935544049298
1714079199.2095246,3.769053353203667
1714079199.2096376,3.713003352836326
1714079199.2097504,3.654617733425564
1714079199.2098634,3.5962323347727456
1714079199.2099762,3.5296729317417848
1714079199.2100892,3.4654489269963014
1714079199.210202,3.3907157403451422
1714079199.210315,3.3159823329360396
1714079199.210428,3.2354105401922153
1714079199.2105408,3.150167730119493
1714079199.2106538,3.0649249200467708
1714079199.2107666,2.975011313403094
1714079199.2108796,2.886265516281128
1714079199.2109923,2.7916811130664967
1714079199.2111053,2.6970967098518654
1714079199.211218,2.5978415100662793
1714079199.2113311,2.492747704188029
1714079199.211444,2.386486309546011
1714079199.211557,2.268547702718664
1714079199.21167,2.1506090958913164
1714079199.2117827,2.026832103729248
1714079199.2118957,1.9007194925237583
1714079199.2120085,1.7722714830327917
1714079199.2121215,1.636817278685393
1714079199.2122343,1.5072016804306594
1714079199.2123473,1.365908869990596
1714079199.21246,1.2246161699295044
1714079199.212573,1.0868265672966286
1714079199.212686,0.9338567654291788
1714079199.2127988,0.7832223066577204
1714079199.2129118,0.6279170513153076
1714079199.2130246,0.46560554592697706
1714079199.2131376,0.30562949401360967
1714079199.2132504,0.1374794515194716
1714079199.2133634,-0.028329637522498764
1714079199.2134762,-0.19761427409119076
1714079199.2135892,-0.3622289884973455
1714079199.2137022,-0.5303461242605139
1714079199.213815,-0.6984632876184251
1714079199.213928,-0.8677479293611314
1714079199.2140408,-1.0405349510687367
1714079199.2141538,-1.210987126385724
1714079199.2142665,-1.3837741480933294
1714079199.2143795,-1.5553938017951117
1714079199.2144923,-1.730515780272307
1714079199.2146053,-1.9044703907436793
1714079199.214718,-2.072587498912105
1714079199.214831,-2.241872195844297
1714079199.2149441,-2.4053193904735424
1714079199.215057,-2.5640966715636075
1714079199.21517,-2.7205389958840827
1714079199.2152827,-2.875813952198735
1714079199.2153957,-3.02992131974962
1714079199.2155085,-3.1781911849975586
1714079199.2156215,-3.3299635957788536
1714079199.2157342,-3.477066093020969
1714079199.2158473,-3.6194986767239037
1714079199.2159603,-3.7549266108760126
1714079199.216073,-3.886851557978877
1714079199.216186,-4.009437119519268
1714079199.2162988,-4.1308553130538375
1714079199.2164118,-4.2429332379941584
1714079199.2165246,-4.35150905891701
1714079199.2166376,-4.454247156778971
1714079199.2167504,-4.553483150623462
1714079199.2168634,-4.6468814214070635
1714079199.2169764,-4.735609778651485
1714079199.2170892,-4.819668663872613
1714079199.2172022,-4.89672201651114
1714079199.217315,-4.967938529120551
1714079199.217428,-5.032149950663248
1714079199.2175407,-5.090523649145055
1714079199.2176538,-5.14422787560357
1714079199.2177665,-5.1839223614445435
1714079199.2178795,-5.225951583297164
1714079199.2179923,-5.257473610065601
1714079199.2181053,-5.291330372845684
1714079199.2182183,-5.312345204529938
1714079199.218331,-5.334527404220015
1714079199.218444,-5.352039248855025
1714079199.218557,-5.360211707927562
1714079199.21867,-5.371886712533456
1714079199.2187827,-5.373054080539279
1714079199.2188957,-5.374221448545103
1714079199.2190084,-5.366048989472565
1714079199.2191215,-5.362546885455096
1714079199.2192345,-5.349704512843379
1714079199.2193472,-5.332192226692482
1714079199.2194602,-5.3170151180691185
1714079199.219573,-5.298335463912398
1714079199.219686,-5.2796558097556785
1714079199.2197988,-5.257473610065601
1714079199.2199118,-5.235291410375524
1714079199.2200246,-5.21427657869127
1714079199.2201376,-5.1897596429895465
1714079199.2202506,-5.164074897766113
1714079199.2203634,-5.137223226052743
1714079199.2204764,-5.106868567290129
1714079199.2205892,-5.073011804510045
1714079199.2207022,-5.041489777741608
1714079199.220815,-5.009967750973171
1714079199.220928,-4.973775810665554
1714079199.2210407,-4.949258874963831
1714079199.2211537,-4.917736848195394
1714079199.2212667,-4.89321991249367
1714079199.2213795,-4.86403262173688
1714079199.2214925,-4.836013140501799
1714079199.2216053,-4.809161027272542
1714079199.2217183,-4.775304264492458
1714079199.221831,-4.746117415251555
1714079199.221944,-4.709925474943938
1714079199.2220569,-4.679570816181323
1714079199.2221699,-4.645714053401241
1714079199.2222826,-4.621196676183629
1714079199.2223957,-4.595512372476083
1714079199.2225087,-4.573330172786006
1714079199.2226214,-4.551147973095929
1714079199.2227345,-4.525463227872495
1714079199.2228472,-4.5032814696983055
1714079199.2229602,-4.471759442929868
1714079199.223073,-4.443739961694788
1714079199.223186,-4.411050566920528
1714079199.2232988,-4.3806959081579135
1714079199.2234118,-4.35150905891701
1714079199.2235248,-4.324656945687753
1714079199.2236376,-4.300139568470142
1714079199.2237506,-4.277957810295953
1714079199.2238634,-4.258110346617522
1714079199.2239764,-4.230090865382442
1714079199.2240891,-4.206741297686541
1714079199.2242022,-4.177554448445638
1714079199.224315,-4.142529876143843
1714079199.224428,-4.1098404813695835
1714079199.224541,-4.073648541061966
1714079199.2246537,-4.039791778281883
1714079199.2247667,-4.004767205980088
1714079199.2248795,-3.9732451792116517
1714079199.2249925,-3.939388416431568
1714079199.2251053,-3.9055316536514844
1714079199.2252183,-3.8670045358163336
1714079199.225331,-3.824975313963713
1714079199.225444,-3.778276178571913
1714079199.2255569,-3.730409233658402
1714079199.2256699,-3.6767052279578314
1714079199.2257829,-3.6194986767239037
1714079199.2258956,-3.56229234624792
1714079199.2260087,-3.5004158814748125
1714079199.2261214,-3.4455442870104753
1714079199.2262344,-3.3825002334736007
1714079199.2263472,-3.3229587254700834
1714079199.2264602,-3.2529100223823826
1714079199.226573,-3.1828610985367383
1714079199.226686,-3.109309849915681
1714079199.226799,-3.026418774216263
1714079199.2269118,-2.9435276985168457
1714079199.2270248,-2.8536317525086576
1714079199.2271376,-2.7625682177367032
1714079199.2272506,-2.6680023581893355
1714079199.2273633,-2.5722691306361445
1714079199.2274764,-2.4753680935612428
1714079199.2275891,-2.3737973637051053
1714079199.2277021,-2.2733940018547902
1714079199.2278152,-2.1601484881507025
1714079199.227928,-2.0480703424524376
1714079199.228041,-1.9289873264454027
1714079199.2281537,-1.8087369424325448
1714079199.2282667,-1.6768116641927648
1714079199.2283795,-1.5483889314863415
1714079199.2284925,-1.4106262613225866
1714079199.2286053,-1.2740310695436265
1714079199.2287183,-1.1351009209950764
1714079199.2288313,-0.9950032940617314
1714079199.228944,-0.8490682200149253
1714079199.229057,-0.7019657227728101
1714079199.2291698,-0.5536957471459
1714079199.2292829,-0.3995883520002718
1714079199.2293956,-0.2431460000850536
1714079199.2295086,-0.08203372773196961
1714079199.2296214,0.08493255547903202
1714079199.2297344,0.25308259107448433
1714079199.2298472,0.4235680732462141
1714079199.2299602,0.5917181019429807
1714079199.2300732,0.7633712556627061
1714079199.230186,0.9303535576219911
1714079199.230299,1.0973359699602478
1714079199.2304118,1.2654859710622717
1714079199.2305248,1.4324682730215565
1714079199.2306376,1.6017860836452906
1714079199.2307506,1.7699360847473142
1714079199.2308633,1.9427568824202925
1714079199.2309763,2.115577900851214
1714079199.2310894,2.2872311097604254
1714079199.2312021,2.453045712576972
1714079199.2313151,2.617692505871808
1714079199.231428,2.7765009138319225
1714079199.231541,2.9306385252210827
1714079199.2316537,3.0777697209958674
1714079199.2317667,3.2237333280068854
1714079199.2318795,3.3696969350179033
1714079199.2319925,3.50865434717249
1714079199.2321055,3.6487793480908426
1714079199.2322183,3.7854013619599516
1714079199.2323313,3.9208553455494064
1714079199.232444,4.049303355040373
1714079199.232557,4.168409771389431
1714079199.2326698,4.285180568695068
1714079199.2327828,4.3937775823805065
1714079199.2328956,4.491864751886438
1714079199.2330086,4.588784553386547
1714079199.2331214,4.6763627617447465
1714079199.2332344,4.763940970102945
1714079199.2333474,4.848016191411901
1714079199.2334602,4.9274201746340145
1714079199.2335732,5.002153802801061
1714079199.233686,5.072216192881266
1714079199.233799,5.136439976868806
1714079199.2339118,5.188986990186903
1714079199.2340248,5.2368632069340455
1714079199.2341375,5.278900376072636
1714079199.2342505,5.315099380634448
1714079199.2343636,5.344292411097774
1714079199.2344763,5.372317190523501
1714079199.2345893,5.396838982899983
1714079199.234702,5.415522610699688
1714079199.2348151,5.4330379874617964
1714079199.234928,5.443547390125415
1714079199.235041,5.455224602310746
1714079199.2351537,5.456392411832456
1714079199.2352667,5.45872758935999
1714079199.2353797,5.449385996218081
1714079199.2354925,5.442379580603705
1714079199.2356055,5.435373606505217
1714079199.2357183,5.420193407270643
1714079199.2358313,5.4050132080360695
1714079199.235944,5.386329580236364
1714079199.236057,5.3688142034742565
1714079199.2361698,5.348963207668728
1714079199.2362828,5.329112211863199
1714079199.2363958,5.308093406535961
1714079199.2365086,5.2870746012087215
1714079199.2366216,5.263720176838062
1714079199.2367344,5.235695397412335
1714079199.2368474,5.213508782563386
1714079199.2369602,5.185484003137659
1714079199.2370732,5.158626591717755
1714079199.237186,5.128266193248607
1714079199.237299,5.100240972306993
1714079199.2374117,5.072216192881266
1714079199.2375247,5.044190971939652
1714079199.2376378,5.019669179563169
1714079199.2377505,4.991644400137441
1714079199.2378635,4.967122166245072
1714079199.2379763,4.9367617677759235
1714079199.2380893,4.912239975399441
1714079199.238202,4.886550373501247
1714079199.238315,4.8561899750321
1714079199.2384279,4.825829576562952
1714079199.238541,4.793133559050383
1714079199.238654,4.759270173531991
1714079199.2387667,4.733580571633798
1714079199.2388797,4.707890969735605
1714079199.2389925,4.682201367837411
1714079199.2391055,4.660014752988462
1714079199.2392182,4.633157783084445
1714079199.2393312,4.608635990707962
1714079199.239444,4.578275150722927
1714079199.239557,4.54791475225378
1714079199.23967,4.517554353784631
1714079199.2397828,4.488361764837194
1714079199.2398958,4.452162760275382
1714079199.2400086,4.420634552284523
1714079199.2401216,4.3937775823805065
1714079199.2402344,4.363417183911358
1714079199.2403474,4.335391962969744
1714079199.2404602,4.300360767929642
1714079199.2405732,4.270000369460494
1714079199.240686,4.2349691744203914
1714079199.240799,4.194099373287624
1714079199.240912,4.15439694016068
1714079199.2410247,4.106521164929425
1714079199.2411377,4.063315744753237
1714079199.2412505,4.021278134098759
1714079199.2413635,3.972234549345793
1714079199.2414763,3.9290295706854925
1714079199.2415893,3.8811533539383496
1714079199.241702,3.829774150141963
1714079199.241815,3.778394946345576
1714079199.241928,3.720009326934814
1714079199.2420409,3.6592887507544622
1714079199.242154,3.5927293477235014
1714079199.2422667,3.5250021351708303
1714079199.2423797,3.4526043468051486
1714079199.2424924,3.3767031298743353
1714079199.2426054,3.3019697224652322
1714079199.2427182,3.224901137528596
1714079199.2428312,3.1431615352630615
1714079199.2429442,3.0602541234758163
1714079199.243057,2.97150832635385
1714079199.24317,2.879259321424696
1714079199.2432828,2.781171710402877
1714079199.2433958,2.6807489218535245
1714079199.2435086,2.5744873064535634
1714079199.2436216,2.462387305718881
1714079199.2437344,2.349119495462488
1714079199.2438474,2.2335165076785617
1714079199.2439604,2.1120746930440264
1714079199.2440732,1.9929684974529123
1714079199.2441862,1.8680236957691332
1714079199.244299,1.7384079871354279
1714079199.244412,1.6111277871661716
1714079199.2445247,1.469834976726108
1714079199.2446377,1.3320453740932323
1714079199.2447505,1.1884171653676916
1714079199.2448635,1.0401182704501681
1714079199.2449763,0.8871483582037466
1714079199.2450893,0.7295077045758565
1714079199.2452023,0.5753702035656681
1714079199.245315,0.41772952234303506
1714079199.245428,0.2565857160974432
1714079199.2455409,0.09660964348801859
1714079199.2456539,-0.06685648113489151
1714079199.2457666,-0.23263866702715555
1714079199.2458797,-0.4019233087698618
1714079199.2459924,-0.5723754013026202
1714079199.2461054,-0.7451624781997115
1714079199.2462184,-0.9261219589798538
1714079199.2463312,-1.1000764590722543
1714079199.2464442,-1.2798684614676015
1714079199.246557,-1.457325396714387
1714079199.24667,-1.6277775720313743
1714079199.2467828,-1.8017320721237746
1714079199.2468958,-1.9710167690559668
1714079199.2470086,-2.1391338772243924
1714079199.2471216,-2.3084185741565846
1714079199.2472346,-2.4753680935612428
1714079199.2473474,-2.641150465718022
1714079199.2474604,-2.8069326171168574
1714079199.2475731,-2.969212222982336
1714079199.2476861,-3.129157092836168
1714079199.247799,-3.2809295036174633
1714079199.247912,-3.428032000859578
1714079199.2480247,-3.5727995413321034
1714079199.2481377,-3.7058922979566784
1714079199.2482505,-3.8389850545812534
1714079199.2483635,-3.961570616121645
1714079199.2484765,-4.0829883681403265
1714079199.2485893,-4.202071384147361
1714079199.2487023,-4.314149309087682
1714079199.248815,-4.422725130010534
1714079199.248928,-4.526631037394205
1714079199.2490408,-4.623531853711163
1714079199.2491539,-4.714595388483118
1714079199.2492666,-4.795151286655002
1714079199.2493796,-4.871037712803593
1714079199.2494926,-4.942253783897117
1714079199.2496054,-5.006465205439815
1714079199.2497184,-5.064839345437509
1714079199.2498312,-5.118543571896023
1714079199.2499442,-5.165242707287823
1714079199.250057,-5.211941842679624
1714079199.25017,-5.251636328520598
1714079199.2502828,-5.283157913773148
1714079199.2503958,-5.313512572535762
1714079199.2505088,-5.335694772225839
1714079199.2506216,-5.354374426382559
1714079199.2507346,-5.366048989472565
1714079199.2508473,-5.374221448545103
1714079199.2509604,-5.378891362084282
1714079199.2510731,-5.377723994078459
1714079199.2511861,-5.375388816550926
1714079199.251299,-5.3707189030117455
1714079199.251412,-5.361379075933385
1714079199.2515247,-5.353207058376736
1714079199.2516377,-5.340364685765019
1714079199.2517507,-5.324019767619945
1714079199.2518635,-5.310010027002405
1714079199.2519765,-5.291330372845684
1714079199.2520893,-5.270315982677318
1714079199.2522023,-5.243463869448061
1714079199.252315,-5.215444388212981
1714079199.252428,-5.18625709745619
1714079199.2525408,-5.153567702681929
1714079199.2526538,-5.119710939901846
1714079199.2527668,-5.088188913133409
1714079199.2528796,-5.057834254370795
1714079199.2529926,-5.029814773135715
1714079199.2531054,-5.000627923894811
1714079199.2532184,-4.972608442659731
1714079199.2533312,-4.94342115190294
1714079199.2534442,-4.91073175712868
1714079199.253557,-4.876874994348596
1714079199.25367,-4.846520335585982
1714079199.253783,-4.810328395278365
1714079199.2538958,-4.7799741780316385
1714079199.2540088,-4.750787328790735
1714079199.2541215,-4.7216000380339445
1714079199.2542346,-4.699417838343868
1714079199.2543473,-4.6737335346363205
1714079199.2544603,-4.650383966940421
1714079199.254573,-4.624699221716987
1714079199.254686,-4.596679740481906
1714079199.2547991,-4.570994995258472
1714079199.254912,-4.539473410005923
1714079199.255025,-4.507951383237486
1714079199.2551377,-4.479931902002405
1714079199.2552507,-4.450744611245614
1714079199.2553635,-4.425060307538067
1714079199.2554765,-4.405212843859637
1714079199.2555892,-4.3806959081579135
1714079199.2557023,-4.358513708467837
1714079199.255815,-4.333996772766113
1714079199.255928,-4.307144659536856
1714079199.256041,-4.279125178301776
1714079199.2561538,-4.245267974005805
1714079199.2562668,-4.212578579231544
1714079199.2563796,-4.177554448445638
1714079199.2564926,-4.144865053671378
1714079199.2566054,-4.116845572436297
1714079199.2567184,-4.086490913673683
1714079199.2568312,-4.0561362549110695
1714079199.2569442,-4.028116773675989
1714079199.2570572,-3.9930926428900824
1714079199.25717,-3.9557328930607545
1714079199.257283,-3.9148714807298446
1714079199.2573957,-3.872841817361337
1714079199.2575088,-3.82847785949707
1714079199.2576215,-3.779443546577736
1714079199.2577345,-3.7327444111859354
1714079199.2578473,-3.6848776870303683
1714079199.2579603,-3.637010962874801
1714079199.2580733,-3.590311827483
1714079199.258186,-3.5389425577940763
1714079199.258299,-3.4852385520935054
1714079199.258412,-3.425697044089988
1714079199.258525,-3.3579832977718773
1714079199.2586377,-3.287934373926233
1714079199.2587507,-3.2167180820747654
1714079199.2588634,-3.138496919914528
1714079199.2589765,-3.059108389748467
1714079199.2590892,-2.9808870068302857
1714079199.2592022,-2.894493606355455
1714079199.2593153,-2.8116025306560375
1714079199.259428,-2.7240415414174395
1714079199.259541,-2.630643049875895
1714079199.2596538,-2.5349096015647605
1714079199.2597668,-2.4356738284782127
1714079199.2598796,-2.328265596319128
1714079199.2599926,-2.2173550393846297
1714079199.2601054,-2.098272023377595
1714079199.2602184,-1.980356596134327
1714079199.2603314,-1.8612735801272922
1714079199.2604442,-1.731683258657102
1714079199.2605572,-1.6079303291108873
1714079199.26067,-1.477172639634874
1714079199.260783,-1.345247361395094
1714079199.2608957,-1.208652169616134
1714079199.2610087,-1.069722021067584
1714079199.2611215,-0.9226194686359829
1714079199.2612345,-0.7755169713938678
1714079199.2613475,-0.6202421254581875
1714079199.2614603,-0.46263226756343134
1714079199.2615733,-0.30152000210903307
1714079199.261686,-0.14274269342422485
1714079199.261799,0.01837316624544285
1714079199.2619119,0.17951695179497754
1714079199.2620249,0.3418284433859366
1714079199.2621377,0.5029722496315284
1714079199.2622507,0.6641160558771204
1714079199.2623637,0.8310983578364054
1714079199.2624764,0.9945775623674745
1714079199.2625895,1.16272767384847
1714079199.2627022,1.3367161706641868
1714079199.2628152,1.5072016804306594
1714079199.262928,1.6788548893398707
1714079199.263041,1.8470048904418943
1714079199.2631538,2.0139873027801514
1714079199.2632668,2.1774665073112205
1714079199.2633796,2.337442504035102
1714079199.2634926,2.495083102473506
1714079199.2636056,2.6527239216698537
1714079199.2637184,2.8080291218227806
1714079199.2638314,2.965669720261185
1714079199.2639441,3.117471933364868
1714079199.2640572,3.2716093239960844
1714079199.26417,3.4234115370997675
1714079199.264283,3.5658719363035978
1714079199.2643957,3.7036615389364735
1714079199.2645087,3.835612756234628
1714079199.2646217,3.9558865405895087
1714079199.2647345,4.074992956938567
1714079199.2648475,4.190595944722493
1714079199.2649603,4.299192958407931
1714079199.2650733,4.404286985044126
1714079199.265186,4.503541964071768
1714079199.265299,4.605132562142831
1714079199.2654119,4.695046389544451
1714079199.2655249,4.7814567883809405
1714079199.2656379,4.865531568174009
1714079199.2657506,4.935594399770101
1714079199.2658637,5.002153802801061
1714079199.2659764,5.060538980695936
1714079199.2660894,5.113085994014034
1714079199.2662022,5.16329738828871
1714079199.2663152,5.208837985992432
1714079199.266428,5.250875596646909
1714079199.266541,5.2917453977796765
1714079199.2666538,5.324440973776357
1714079199.2667668,5.354801813761393
1714079199.2668798,5.380490974143699
1714079199.2669926,5.395671614894161
1714079199.2671056,5.4143548011779785
1714079199.2672184,5.422528584798177
1714079199.2673314,5.426032013363308
1714079199.2674441,5.430702809934263
1714079199.2675571,5.427199381369131
1714079199.26767,5.424864203841597
1714079199.267783,5.421360775276466
1714079199.267896,5.409684004607024
1714079199.2680087,5.402677588992648
1714079199.2681217,5.3874973897580745
1714079199.2682345,5.375820177572744
1714079199.2683475,5.359472610332348
1714079199.2684603,5.338453805005108
1714079199.2685733,5.319770177205403
1714079199.268686,5.298751371878164
1714079199.268799,5.271894401974148
1714079199.268912,5.2462048000759545
1714079199.2690248,5.218179579134341
1714079199.2691379,5.193657786757857
1714079199.2692506,5.166800375337954
1714079199.2693636,5.1411107734397605
1714079199.2694764,5.115421171541567
1714079199.2695894,5.08856420163755
1714079199.2697022,5.060538980695936
1714079199.2698152,5.037184997841163
1714079199.2699282,5.006824599372016
1714079199.270041,4.976464200902868
1714079199.270154,4.9496067894829645
1714079199.2702668,4.915742962448685
1714079199.2703798,4.890053360550492
1714079199.2704926,4.860860771603054
1714079199.2706056,4.83400336018315
1714079199.2707183,4.809481567806667
1714079199.2708313,4.7861275849518945
1714079199.270944,4.760437983053701
1714079199.2710571,4.737083558683042
1714079199.2711701,4.710226588779025
1714079199.271283,4.681033558315701
1714079199.271396,4.654176588411684
1714079199.2715087,4.623816189942536
1714079199.2716217,4.5946231594792115
1714079199.2717345,4.564262761010064
1714079199.2718475,4.536237981584336
1714079199.2719603,4.509380570164433
1714079199.2720733,4.481355349222818
1714079199.2721863,4.4580013663680464
1714079199.272299,4.431143954948142
1714079199.272412,4.398448378951461
1714079199.2725248,4.365752361438892
1714079199.2726378,4.32955335687708
1714079199.2727506,4.291019174787733
1714079199.2728636,4.253652360704209
1714079199.2729764,4.215118178614864
1714079199.2730894,4.176583555009629
1714079199.2732024,4.140384550447817
1714079199.2733152,4.101850368358471
1714079199.2734282,4.063315744753237
1714079199.273541,4.021278134098759
1714079199.273654,3.973402358867504
1714079199.2737668,3.9266939516420716
1714079199.2738798,3.8706439512747304
1714079199.2739925,3.8157617604290994
1714079199.2741055,3.7573761410183373
1714079199.2742183,3.6966553440800416
1714079199.2743313,3.635934547141746
1714079199.2744443,3.5728781311600293
1714079199.274557,3.50865434717249
1714079199.2746701,3.4444303424270064
1714079199.274783,3.3755355411105685
1714079199.274896,3.3008021337014655
1714079199.2750087,3.2225657392431186
1714079199.2751217,3.139658327455874
1714079199.2752345,3.0544155173831515
1714079199.2753475,2.9621665124539973
1714079199.2754605,2.8664145204755993
1714079199.2755733,2.771830117260968
1714079199.2756863,2.671407107953672
1714079199.275799,2.569816509882609
1714079199.275912,2.4670581022898355
1714079199.2760248,2.35729349984063
1714079199.2761378,2.247528897391425
1714079199.2762506,2.1295902905640776
1714079199.2763636,2.0046454888802985
1714079199.2764766,1.8773652889110424
1714079199.2765894,1.7465818811345983
1714079199.2767024,1.609959977644461
1714079199.2768152,1.469834976726108
1714079199.2769282,1.3273745775222778
1714079199.277041,1.1837463687967371
1714079199.277154,1.0377827617857192
1714079199.2772667,0.8871483582037466
1714079199.2773798,0.7341785563362969
1714079199.2774925,0.5800410001366226
1714079199.2776055,0.4200649206285123
1714079199.2777185,0.25892114197766336
1714079199.2778313,0.0919388124236354
1714079199.2779443,-0.07619632890930882
1714079199.278057,-0.25015087039382367
1714079199.27817,-0.42177046890611997
1714079199.2782829,-0.5933900674184163
1714079199.278396,-0.7685121010850976
1714079199.2785087,-0.941299177982189
1714079199.2786217,-1.1129187213049994
1714079199.2787347,-1.2845383750067816
1714079199.2788475,-1.456157918329592
1714079199.2789605,-1.6242751368769892
1714079199.2790732,-1.8017320721237746
1714079199.2791862,-1.9768540506009702
1714079199.279299,-2.1449713795273393
1714079199.279412,-2.3200933580045344
1714079199.2795248,-2.484707920639603
1714079199.2796378,-2.650490292796382
1714079199.2797508,-2.8080999851226807
1714079199.2798636,-2.9622073526735657
1714079199.2799766,-3.1139797634548607
1714079199.2800894,-3.266919762999923
1714079199.2802024,-3.409352346702858
1714079199.2803152,-3.55295251916956
1714079199.2804282,-3.696552470878318
1714079199.280541,-3.8319804050304267
1714079199.280654,-3.9650727201391147
1714079199.280767,-4.09349556322451
1714079199.2808797,-4.211411211225721
1714079199.2809927,-4.325824313693576
1714079199.2811055,-4.435567502622251
1714079199.2812185,-4.537138232478389
1714079199.2813313,-4.63053650326199
1714079199.2814443,-4.719265302022298
1714079199.281557,-4.803323745727539
1714079199.28167,-4.881544907887776
1714079199.2817829,-4.956263524514657
1714079199.2818959,-5.022810123584888
1714079199.282009,-5.084686367600052
1714079199.2821217,-5.13955796206439
1714079199.2822347,-5.187424906977901
1714079199.2823474,-5.229454128830521
1714079199.2824605,-5.2644782596164275
1714079199.2825732,-5.297167654390688
1714079199.2826862,-5.319349854080765
1714079199.282799,-5.341532053770842
1714079199.282912,-5.356709162394205
1714079199.283025,-5.368384167000099
1714079199.2831378,-5.377723994078459
1714079199.2832508,-5.382393907617639
1714079199.2833636,-5.384729085145173
1714079199.2834766,-5.383561275623462
1714079199.2835894,-5.377723994078459
1714079199.2837024,-5.3707189030117455
1714079199.2838151,-5.359044339921739
1714079199.2839282,-5.341532053770842
1714079199.2840412,-5.326354945147479
1714079199.284154,-5.305340113463225
1714079199.284267,-5.283157913773148
1714079199.2843797,-5.256306242059778
1714079199.2844927,-5.230621496836344
1714079199.2846055,-5.20610456113462
1714079199.2847185,-5.18158718391701
1714079199.2848313,-5.155902880209463
1714079199.2849443,-5.13021813498603
1714079199.285057,-5.102198653750949
1714079199.28517,-5.070676626982512
1714079199.285283,-5.039154600214075
1714079199.2853959,-5.004130469428168
1714079199.2855089,-4.972608442659731
1714079199.2856216,-4.936416502352114
1714079199.2857347,-4.90255973957203
1714079199.2858474,-4.872205080809416
1714079199.2859604,-4.841850422046802
1714079199.2860732,-4.814998308817545
1714079199.2861862,-4.790481373115822
1714079199.2862992,-4.761294523874918
1714079199.286412,-4.7321072331181275
1714079199.286525,-4.702920383877224
1714079199.2866378,-4.670230989102964
1714079199.2867508,-4.638708962334527
1714079199.2868636,-4.607186935566089
1714079199.2869766,-4.576832718319363
1714079199.2870893,-4.547645427562572
1714079199.2872024,-4.523128491860849
1714079199.2873154,-4.502113660176595
1714079199.2874281,-4.477596724474871
1714079199.2875412,-4.4554145247847945
1714079199.287654,-4.432064957088894
1714079199.287767,-4.405212843859637
1714079199.2878797,-4.376025994618733
1714079199.2879927,-4.34683914537783
1714079199.2881055,-4.315317118609393
1714079199.2882185,-4.286129827852602
1714079199.2883315,-4.258110346617522
1714079199.2884443,-4.231258233388265
1714079199.2885573,-4.2102438432198985
1714079199.28867,-4.186894275523998
1714079199.288783,-4.160042162294741
1714079199.2888958,-4.133190049065484
1714079199.2890089,-4.100500654291223
1714079199.2891216,-4.06547608198943
1714079199.2892346,-4.029284141681813
1714079199.2893474,-3.9884227293509023
1714079199.2894604,-3.947560875504105
1714079199.2895734,-3.9090337576689542
1714079199.2896862,-3.869339713343867
1714079199.2897992,-3.8308125955087164
1714079199.289912,-3.7922859191894527
1714079199.290025,-3.7467541518034757
1714079199.2901378,-3.702389973181265
1714079199.2902508,-3.648685746722751
1714079199.2903636,-3.5914791954888234
1714079199.2904766,-3.533105276249073
1714079199.2905896,-3.4653913091730186
1714079199.2907023,-3.4035148443999113
1714079199.2908154,-3.3322985525484436
1714079199.2909281,-3.263417217466566
1714079199.2910411,-3.1957034711484553
1714079199.291154,-3.1198172657578076
1714079199.291267,-3.045098428372983
1714079199.2913797,-2.9657098982069225
1714079199.2914927,-2.880483865737915
1714079199.2916057,-2.795257833268907
1714079199.2917185,-2.698356796194006
1714079199.2918315,-2.599121023107458
1714079199.2919443,-2.4963829252454968
1714079199.2920573,-2.391309649856002
1714079199.29217,-2.2803988721635604
1714079199.292283,-2.1729908607624195
1714079199.2923958,-2.059745126300388
1714079199.2925088,-1.9441646558267098
1714079199.2926216,-1.82624911820447
1714079199.2927346,-1.7024962990372268
1714079199.2928476,-1.5729059775670369
1714079199.2929604,-1.440980699327257
1714079199.2930734,-1.3020505507787068
1714079199.2931862,-1.1631204022301567
1714079199.2932992,-1.0183528617576316
1714079199.293412,-0.8630780158219513
1714079199.293525,-0.7124730282359653
1714079199.2936378,-0.5618680958394651
1714079199.2937508,-0.4065932223090419
1714079199.2938638,-0.2536533055482087
1714079199.2939765,-0.09370853227597695
1714079199.2940896,0.06508151138270342
1714079199.2942023,0.22972842885388267
1714079199.2943153,0.39904617049075936
1714079199.294428,0.5683639535197504
1714079199.2945411,0.7446879589999164
1714079199.294654,0.9175088118623803
1714079199.294767,1.0926650630103216
1714079199.29488,1.2666536702050102
1714079199.2949927,1.4348037816860058
1714079199.2951057,1.6087922785017224
1714079199.2952185,1.7746069916972407
1714079199.2953315,1.9392538953710483
1714079199.2954443,2.103900688665884
1714079199.2955573,2.2662123044331866
1714079199.29567,2.432026907249733
1714079199.295783,2.593170713495325
1714079199.295896,2.7589853163118714
1714079199.2960088,2.9154583259865086
1714079199.2961218,3.070763526139436
1714079199.2962346,3.219062531435931
1714079199.2963476,3.3603553418759944
1714079199.2964604,3.499312533272637
1714079199.2965734,3.6312637505707914
1714079199.2966862,3.7643825566327127
1714079199.2967992,3.8904949470802586
1714079199.296912,4.015439969521982
1714079199.297025,4.138049372920284
1714079199.297138,4.257155347753454
1714079199.2972507,4.371590967531557
1714079199.2973638,4.479020171695285
1714079199.2974765,4.578275150722927
1714079199.2975895,4.670524155652081
1714079199.2977023,4.754599376961036
1714079199.2978153,4.836338979226571
1714079199.297928,4.908736988350197
1714079199.298041,4.978799378430401
1714079199.298154,5.043023603933828
1714079199.298267,5.1049117688779475
1714079199.29838,5.16329738828871
1714079199.2984927,5.213508782563386
1714079199.2986057,5.259049380267108
1714079199.2987185,5.298751371878164
1714079199.2988315,5.3326151989124435
1714079199.2989442,5.359472610332348
1714079199.2990572,5.379323606137876
1714079199.2991703,5.399174601943404
1714079199.299283,5.412019182134557
1714079199.299396,5.420193407270643
1714079199.2995088,5.426032013363308
1714079199.2996218,5.434205796983506
1714079199.2997346,5.431870177940086
1714079199.2998476,5.434205796983506
1714079199.2999604,5.427199381369131
1714079199.3000734,5.420193407270643
1714079199.3001862,5.410851814128734
1714079199.3002992,5.395671614894161
1714079199.3004122,5.379323606137876
1714079199.300525,5.36063997833817
1714079199.300638,5.343124601576063
1714079199.3007507,5.322105796248824
1714079199.3008637,5.297584003872341
1714079199.3009765,5.277733008066813
1714079199.3010895,5.255546393217863
1714079199.3012023,5.2321924103630915
1714079199.3013153,5.2100057955141414
1714079199.3014283,5.187819180665192
1714079199.301541,5.16329738828871
1714079199.301654,5.136439976868806
1714079199.3017669,5.111918184492323
1714079199.30188,5.079222166979754
1714079199.3019927,5.052365197075738
1714079199.3021057,5.02200479860659
1714079199.3022184,4.992811768143265
1714079199.3023314,4.9636191791958275
1714079199.3024445,4.9367617677759235
1714079199.3025572,4.91107216587773
1714079199.3026702,4.885382563979537
1714079199.302783,4.85735778455381
1714079199.302896,4.8316681826556165
1714079199.3030088,4.800139974664758
1714079199.3031218,4.774450372766565
1714079199.3032346,4.741754355253996
1714079199.3033476,4.713729575828269
1714079199.3034606,4.684536986880832
1714079199.3035734,4.655343956417507
1714079199.3036864,4.631989973562735
1714079199.3037992,4.602797384615298
1714079199.3039122,4.579442960244638
1714079199.304025,4.5537533583464445
1714079199.304138,4.529231565969962
1714079199.3042507,4.500038977022524
1714079199.3043637,4.469678578553376
1714079199.3044765,4.436982561040807
1714079199.3045895,4.399615746957284
1714079199.3047025,4.369255348488136
1714079199.3048153,4.335391962969744
1714079199.3049283,4.305031564500596
1714079199.305041,4.2711681789822045
1714079199.305154,4.238472161469636
1714079199.3052669,4.205776143957067
1714079199.3053799,4.169577139395255
1714079199.3054926,4.1298751477841975
1714079199.3056056,4.085502359602186
1714079199.3057187,4.041129571420175
1714079199.3058314,3.989750367623788
1714079199.3059444,3.9418741508766453
1714079199.3060572,3.8904949470802586
1714079199.3061702,3.8367805657563383
1714079199.306283,3.786568729965775
1714079199.306396,3.731686539120144
1714079199.3065088,3.6768043482745134
1714079199.3066218,3.614915741814507
1714079199.3067348,3.5518595465907343
1714079199.3068476,3.484132334038063
1714079199.3069606,3.410566736150671
1714079199.3070734,3.332330341692324
1714079199.3071864,3.2529261377122665
1714079199.3072991,3.171186535446732
1714079199.3074121,3.0871115348957203
1714079199.307525,3.003036313586765
1714079199.307638,2.9131229277010315
1714079199.3077507,2.8220415115356445
1714079199.3078637,2.725121710035536
1714079199.3079767,2.628201908535427
1714079199.3080895,2.520772704371699
1714079199.3082025,2.4110081019224943
1714079199.3083153,2.300075910709522
1714079199.3084283,2.17629869778951
1714079199.308541,2.0583600909621627
1714079199.308654,1.9322477005146166
1714079199.3087668,1.8049673901663885
1714079199.3088799,1.6730162832472057
1714079199.3089929,1.5434006849924722
1714079199.3091056,1.4067786711233632
1714079199.3092186,1.267821369347749
1714079199.3093314,1.1253609701439187
1714079199.3094444,0.9793973631329006
1714079199.3095572,0.8287629595509282
1714079199.3096702,0.6699546067802994
1714079199.309783,0.513481597105662
1714079199.309896,0.3488347210265972
1714079199.310009,0.18769091478100527
1714079199.3101218,0.021876291268401675
1714079199.3102348,-0.14274269342422485
1714079199.3103476,-0.3073574216277511
1714079199.3104606,-0.47547458498566236
1714079199.3105733,-0.6435916931540877
1714079199.3106863,-0.814043813281589
1714079199.3107991,-0.9879984237529613
1714079199.3109121,-1.1607854454605666
1714079199.311025,-1.335907534316734
1714079199.311138,-1.5121969911787243
1714079199.311251,-1.6873190800348916
1714079199.3113637,-1.8612735801272922
1714079199.3114767,-2.0317256450653076
1714079199.3115895,-2.1986753852279097
1714079199.3117025,-2.364457536626745
1714079199.3118153,-2.526737363250167
1714079199.3119283,-2.6866820123460555
1714079199.312041,-2.844291925430298
1714079199.312154,-3.000734249750773
1714079199.312267,-3.1536742492958347
1714079199.3123798,-3.3077816168467202
1714079199.3124928,-3.4560514820946584
1714079199.3126056,-3.5961491090280036
1714079199.3127186,-3.736246956719292
1714079199.3128314,-3.8623346222771535
1714079199.3129444,-3.9872549198291916
1714079199.3130572,-4.10283539030287
1714079199.3131702,-4.217248492770724
1714079199.3132832,-4.324656945687753
1714079199.313396,-4.429730221077247
1714079199.313509,-4.527798405400029
1714079199.3136218,-4.623531853711163
1714079199.3137348,-4.712260210955584
1714079199.3138475,-4.795151286655002
1714079199.3139606,-4.874539816821063
1714079199.3140733,-4.945756329430474
1714079199.3141863,-5.009967750973171
1714079199.3142993,-5.066006713443332
1714079199.314412,-5.118543571896023
1714079199.3145251,-5.164074897766113
1714079199.314638,-5.20610456113462
1714079199.314751,-5.243463869448061
1714079199.3148637,-5.274985896216498
1714079199.3149767,-5.305340113463225
1714079199.3150895,-5.327522313153302
1714079199.3152025,-5.345034599304199
1714079199.3153152,-5.361379075933385
1714079199.3154283,-5.369551535005923
1714079199.3155413,-5.376556626072636
1714079199.315654,-5.375388816550926
1714079199.315767,-5.374221448545103
1714079199.3158798,-5.3648816214667425
1714079199.3159928,-5.354374426382559
1714079199.3161056,-5.339197317759195
1714079199.3162186,-5.326354945147479
1714079199.3163314,-5.308842658996582
1714079199.3164444,-5.287827827312328
1714079199.3165574,-5.269148173155608
1714079199.3166702,-5.245798605459707
1714079199.3167832,-5.225951583297164
1714079199.316896,-5.197932102062084
1714079199.317009,-5.1734151663603605
1714079199.3171217,-5.140725330070213
1714079199.3172348,-5.110371112823486
1714079199.3173475,-5.0776817180492255
1714079199.3174605,-5.043824513753255
1714079199.3175735,-5.014637664512351
1714079199.3176863,-4.983115637743914
1714079199.3177993,-4.958598702042191
1714079199.317912,-4.928244043279577
1714079199.318025,-4.90255973957203
1714079199.318138,-4.874539816821063
1714079199.318251,-4.844185599574336
1714079199.3183637,-4.812663572805898
1714079199.3184767,-4.7799741780316385
1714079199.3185894,-4.747284783257379
1714079199.3187025,-4.713427578961407
1714079199.3188155,-4.686575907248038
1714079199.3189282,-4.656221248485424
1714079199.3190413,-4.634039048795347
1714079199.319154,-4.6095221130936235
1714079199.319267,-4.5885072814093695
1714079199.3193798,-4.563990345707646
1714079199.3194928,-4.5348034964667425
1714079199.3196056,-4.510286119249131
1714079199.3197186,-4.477596724474871
1714079199.3198316,-4.450744611245614
1714079199.3199444,-4.416887848465531
1714079199.3200574,-4.390035735236274
1714079199.3201702,-4.362016254001193
1714079199.3202832,-4.341001422316939
1714079199.320396,-4.317651854621039
1714079199.320509,-4.291967550913492
1714079199.3206217,-4.270952719229239
1714079199.3207347,-4.245267974005805
1714079199.3208477,-4.214913756759078
1714079199.3209605,-4.181056552463107
1714079199.3210735,-4.146032421677201
1714079199.3211863,-4.11217521738123
1714079199.3212993,-4.078318454601146
1714079199.321412,-4.044461691821063
1714079199.321525,-4.0141070330584485
1714079199.3216379,-3.9802502702783653
1714079199.3217509,-3.9498956115157515
1714079199.321864,-3.912536303202311
1714079199.3219767,-3.876344362894694
1714079199.3220897,-3.829645227502893
1714079199.3222024,-3.785280828122739
1714079199.3223155,-3.735079147197582
1714079199.3224282,-3.6848776870303683
1714079199.3225412,-3.6323410493356207
1714079199.322654,-3.5774694548712835
1714079199.322767,-3.524932817176536
1714079199.3228798,-3.4688938547063755
1714079199.3229928,-3.410519935466625
1714079199.3231058,-3.3486434706935175
1714079199.3232186,-3.283264460387053
1714079199.3233316,-3.2097132117659957
1714079199.3234444,-3.1326596383695247
1714079199.3235574,-3.05093593067593
1714079199.3236701,-2.9633749414373325
1714079199.3237832,-2.878148908968325
1714079199.323896,-2.785918006190547
1714079199.324009,-2.6948544714185925
1714079199.324122,-2.594451109568278
1714079199.3242347,-2.49755029325132
1714079199.3243477,-2.398314520164772
1714079199.3244605,-2.292073876769454
1714079199.3245735,-2.1823306878407793
1714079199.3246863,-2.066749996609158
1714079199.3247993,-1.9453322445904766
1714079199.324912,-1.8204117262804949
1714079199.325025,-1.6908215151892767
1714079199.325138,-1.5600637153342918
1714079199.3252509,-1.4223010451705367
1714079199.3253639,-1.2868733317763716
1714079199.3254766,-1.1467757048430265
1714079199.3255897,-1.0066780779096816
1714079199.3257024,-0.8595755254780804
1714079199.3258154,-0.7136405066207603
1714079199.3259282,-0.56070061745467
1714079199.3260412,-0.4042582655394519
1714079199.326154,-0.24781591362423366
1714079199.326267,-0.08086624934717461
1714079199.32638,0.08259714339618329
1714079199.3264928,0.2507471927890071
1714079199.3266058,0.4188972214857737
1714079199.3267186,0.588214949325279
1714079199.3268316,0.7551973064740498
1714079199.3269444,0.9186765110051189
1714079199.3270574,1.0891619655821059
1714079199.3271701,1.2538088692559135
1714079199.3272831,1.4242943790223863
1714079199.3273962,1.5947797784098872
1714079199.327509,1.7699360847473142
1714079199.327622,1.9404214841348153
1714079199.3277347,2.114410091329504
1714079199.3278477,2.286063300238715
1714079199.3279605,2.4483749160060175
1714079199.3280735,2.6130217093008534
1714079199.3281863,2.770662307739258
1714079199.3282993,2.924799919128418
1714079199.3284123,3.0742667339466236
1714079199.328525,3.224901137528596
1714079199.328638,3.372032333303381
1714079199.3287508,3.5179959403143988
1714079199.3288639,3.6616241490399393
1714079199.3289766,3.798245942151105
1714079199.3290896,3.93486773526227
1714079199.3292024,4.059812757703993
1714079199.3293154,4.1800865420588735
1714079199.3294284,4.292186542793556
1714079199.3295412,4.397280569429751
1714079199.3296542,4.4988711675008135
1714079199.329767,4.5899523629082575
1714079199.32988,4.682201367837411
1714079199.3299928,4.769779576195611
1714079199.3301058,4.852686987982856
1714079199.3302186,4.932090971204969
1714079199.3303316,5.006824599372016
1714079199.3304443,5.072216192881266
1714079199.3305573,5.131769180297852
1714079199.3306704,5.185484003137659
1714079199.3307831,5.228688981797959
1714079199.3308961,5.271894401974148
1714079199.331009,5.303422609965006
1714079199.331122,5.339621173010932
1714079199.3312347,5.3688142034742565
1714079199.3313477,5.3921681863290285
1714079199.3314605,5.415522610699688
1714079199.3315735,5.431870177940086
1714079199.3316865,5.445883009168837
1714079199.3317993,5.452888983267324
1714079199.3319123,5.4598953988817
1714079199.332025,5.4598953988817
1714079199.332138,5.455224602310746
1714079199.3322508,5.445883009168837
1714079199.3323638,5.436541416026928
1714079199.3324766,5.426032013363308
1714079199.3325896,5.408516195085313
1714079199.3327026,5.395671614894161
1714079199.3328154,5.376987987094455
1714079199.3329284,5.359472610332348
1714079199.3330412,5.337285995483398
1714079199.3331542,5.319770177205403
1714079199.333267,5.29408057530721
1714079199.33338,5.269558782930727
1714079199.3334928,5.245036990554244
1714079199.3336058,5.214676592085096
1714079199.3337185,5.188986990186903
1714079199.3338315,5.155123604668511
1714079199.3339446,5.130601370776141
1714079199.3340573,5.09907360430117
1714079199.3341703,5.072216192881266
1714079199.334283,5.043023603933828
1714079199.3343961,5.017334002035635
1714079199.334509,4.991644400137441
1714079199.334622,4.964786988717538
1714079199.3347347,4.939097386819345
1714079199.3348477,4.908736988350197
1714079199.3349607,4.880711767408583
1714079199.3350735,4.848016191411901
1714079199.3351865,4.8176557929427535
1714079199.3352993,4.788462762479429
1714079199.3354123,4.763940970102945
1714079199.335525,4.737083558683042
1714079199.335638,4.712561766306559
1714079199.3357508,4.689207783451787
1714079199.3358638,4.662350372031883
1714079199.3359768,4.63899638917711
1714079199.3360896,4.609803358713785
1714079199.3362026,4.5806107697663485
1714079199.3363154,4.5490825617754895
1714079199.3364284,4.516386985778809
1714079199.3365412,4.48485877778795
1714079199.3366542,4.454498379318802
1714079199.336767,4.427640967898898
1714079199.33688,4.399615746957284
1714079199.3369927,4.369255348488136
1714079199.3371058,4.338894950018989
1714079199.3372188,4.30853455154984
1714079199.3373315,4.273503356509738
1714079199.3374445,4.233801364898682
1714079199.3375573,4.192931563765914
1714079199.3376703,4.148558775583902
1714079199.337783,4.108856342456959
1714079199.337896,4.0609805672257036
1714079199.3380089,4.021278134098759
1714079199.338122,3.9769053459167476
1714079199.338235,3.931364748213026
1714079199.3383477,3.885824150509304
1714079199.3384607,3.8344449467129174
1714079199.3385735,3.779562755867287
1714079199.3386865,3.718841958928991
1714079199.3387992,3.656953352468985
1714079199.3389122,3.5927293477235014
1714079199.339025,3.5250021351708303
1714079199.339138,3.4561073338543924
1714079199.339251,3.3860449437741877
1714079199.3393638,3.313646934650562
1714079199.3394768,3.236578128955982
1714079199.3395896,3.156006336212158
1714079199.3397026,3.071931335661146
1714079199.3398154,2.986688525588424
1714079199.3399284,2.89443952065927
1714079199.3400412,2.7940165113519737
1714079199.3401542,2.6900905149954335
1714079199.3402672,2.583829120353416
1714079199.34038,2.4728967083825
1714079199.340493,2.3631321059332953
1714079199.3406057,2.244025910342181
1714079199.3407187,2.1307581000857883
1714079199.3408315,2.008148696687486
1714079199.3409445,1.8867068820529513
1714079199.3410573,1.7535881863700018
1714079199.3411703,1.6204693803080805
1714079199.341283,1.4826797776752048
1714079199.341396,1.341387077614113
1714079199.341509,1.1907526740321406
1714079199.3416219,1.0389504609284577
1714079199.341735,0.891819209964187
1714079199.3418477,0.7376816537645128
1714079199.3419607,0.5823764536115857
1714079199.3420734,0.4247357723889527
1714079199.3421865,0.265927392023581
1714079199.3422992,0.10361589353393624
1714079199.3424122,-0.059851603927435694
1714079199.3425252,-0.2268012751031805
1714079199.342638,-0.39491843846109176
1714079199.342751,-0.5653705309938502
1714079199.3428638,-0.7381576078909414
1714079199.3429768,-0.9179495550968029
1714079199.3430896,-1.0884016752243042
1714079199.3432026,-1.2611886969319095
1714079199.3433154,-1.4339758290184867
1714079199.3434284,-1.6032604155717072
1714079199.3435414,-1.7702101557343093
1714079199.3436542,-1.9383273742817064
1714079199.3437672,-2.107611850455955
1714079199.34388,-2.2722266338489674
1714079199.343993,-2.440343742017393
1714079199.3441057,-2.604958525410405
1714079199.3442187,-2.7695730880454734
1714079199.3443315,-2.930685546663072
1714079199.3444445,-3.0847929142139576
1714079199.3445573,-3.237732693001076
1714079199.3446703,-3.383667822237368
1714079199.3447833,-3.524932817176536
1714079199.344896,-3.6591931625648777
1714079199.345009,-3.7922859191894527
1714079199.3451219,-3.920708762274848
1714079199.3452349,-4.04796423735442
1714079199.3453476,-4.165879443839744
1714079199.3454607,-4.283795091840956
1714079199.3455734,-4.394705648775454
1714079199.3456864,-4.500946292170772
1714079199.3457994,-4.59784710848773
1714079199.3459122,-4.686575907248038
1714079199.3460252,-4.770634350953278
1714079199.346138,-4.847688145107693
1714079199.346251,-4.917736848195394
1714079199.3463638,-4.983115637743914
1714079199.3464768,-5.043824513753255
1714079199.3465896,-5.099863917739302
1714079199.3467026,-5.147730421136926
1714079199.3468156,-5.19559692453455
1714079199.3469284,-5.23295623284799
1714079199.3470414,-5.267980805149785
1714079199.3471541,-5.294832918379042
1714079199.3472672,-5.320517663602476
1714079199.34738,-5.336862140231662
1714079199.347493,-5.353207058376736
1714079199.3476057,-5.357876971915916
1714079199.3477187,-5.366048989472565
1714079199.3478317,-5.367216798994276
1714079199.3479445,-5.366048989472565
1714079199.3480575,-5.363714253460919
1714079199.3481703,-5.355541794388382
1714079199.3482833,-5.349704512843379
1714079199.348396,-5.336862140231662
1714079199.348509,-5.325187577141655
1714079199.3486218,-5.307675290990758
1714079199.3487349,-5.287827827312328
1714079199.3488476,-5.263310891610605
1714079199.3489606,-5.2376261463871705
1714079199.3490736,-5.2107744746738005
1714079199.3491864,-5.18158718391701
1714079199.3492994,-5.151232966670284
1714079199.3494122,-5.120878307907669
1714079199.3495252,-5.0940261946784124
1714079199.349638,-5.064839345437509
1714079199.349751,-5.039154600214075
1714079199.3498638,-5.009967750973171
1714079199.3499768,-4.977278356198911
1714079199.3500898,-4.94809106544212
1714079199.3502026,-4.914234302662036
1714079199.3503156,-4.881544907887776
1714079199.3504283,-4.845352967580159
1714079199.3505414,-4.813830940811722
1714079199.3506541,-4.7799741780316385
1714079199.3507671,-4.7531220648023815
1714079199.35088,-4.728605129100658
1714079199.350993,-4.701753015871401
1714079199.351106,-4.677236080169678
1714079199.3512187,-4.650383966940421
1714079199.3513317,-4.623531853711163
1714079199.3514445,-4.59317719494855
1714079199.3515575,-4.565157713713469
1714079199.3516703,-4.5348034964667425
1714079199.3517833,-4.504448837704128
1714079199.351896,-4.479931902002405
1714079199.352009,-4.450744611245614
1714079199.3521218,-4.432064957088894
1714079199.3522348,-4.408715389392993
1714079199.3523479,-4.38770055770874
1714079199.3524606,-4.36551879953455
1714079199.3525736,-4.338666686305293
1714079199.3526864,-4.308312027542679
1714079199.3527994,-4.281459914313422
1714079199.3529122,-4.246435783527516
1714079199.3530252,-4.217248492770724
1714079199.353138,-4.186894275523998
1714079199.353251,-4.1577069847672075
1714079199.353364,-4.134357417071307
1714079199.3534768,-4.1040031998245805
1714079199.3535898,-4.0759837185895
1714079199.3537025,-4.046796427832709
1714079199.3538156,-4.010604487525092
1714079199.3539283,-3.9720778112058284
1714079199.3540413,-3.931215957359031
1714079199.354154,-3.884516821967231
1714079199.3542671,-3.8401524225870767
1714079199.3543801,-3.7946206552010993
1714079199.354493,-3.7502566973368325
1714079199.354606,-3.704724929950855
1714079199.3547187,-3.6568582057952876
1714079199.3548317,-3.610158849645544
1714079199.3549445,-3.55762243270874
1714079199.3550575,-3.4992482927110458
1714079199.3551702,-3.438539416701705
1714079199.3552833,-3.3719930383894177
1714079199.3553963,-3.30077674653795
1714079199.355509,-3.2295604546864825
1714079199.355622,-3.152506660532068
1714079199.3557348,-3.0777880439051875
1714079199.3558478,-3.000734249750773
1714079199.3559606,-2.917843174051355
1714079199.3560736,-2.8372870551215277
1714079199.3561864,-2.7520610226525197
1714079199.3562994,-2.6586625311109753
1714079199.3564122,-2.5629290827998408
1714079199.3565252,-2.4601909849378796
1714079199.3566382,-2.3562852983121516
1714079199.356751,-2.2465421093834768
1714079199.356864,-2.1309614181518555
1714079199.3569767,-2.015380947678177
1714079199.3570898,-1.8962979316711424
1714079199.3572025,-1.7737125908886944
1714079199.3573155,-1.6487921829576844
1714079199.3574283,-1.5227042966418796
1714079199.3575413,-1.3907790184020996
1714079199.3576543,-1.2565187833927296
1714079199.357767,-1.1140861996897944
1714079199.35788,-0.9704861376020643
1714079199.357993,-0.8198812052055641
1714079199.358106,-0.6634388808850888
1714079199.3582187,-0.5104989917189986
1714079199.3583317,-0.35172165543944744
1714079199.3584445,-0.1917768683698442
1714079199.3585575,-0.032999559685035984
1714079199.3586705,0.12697006265322366
1714079199.3587832,0.2846107438758567
1714079199.3588963,0.4480899484069259
1714079199.359009,0.6139045512234723
1714079199.359122,0.7797192092295046
1714079199.3592348,0.9502046638064914
1714079199.3593478,1.1218578727157027
1714079199.3594606,1.2958463695314195
1714079199.3595736,1.4686672775833693
1714079199.3596864,1.6391527873498422
1714079199.3597994,1.809638186737343
1714079199.3599124,1.9696142938401964
1714079199.3600252,2.134261307892976
1714079199.3601382,2.295404893380624
1714079199.360251,2.4518779030552613
1714079199.360364,2.609518722251609
1714079199.3604767,2.7671593206900136
1714079199.3605897,2.924799919128418
1714079199.3607025,3.080105119281345
1714079199.3608155,3.2330749211487944
1714079199.3609285,3.3767031298743353
1714079199.3610413,3.520331338599876
1714079199.3611543,3.6557855429472745
1714079199.361267,3.7842335524382413
1714079199.36138,3.906842955836543
1714079199.3614929,4.029452359234845
1714079199.361606,4.147390966062193
1714079199.3617187,4.262993953846118
1714079199.3618317,4.372758777053267
1714079199.3619447,4.476684552651864
1714079199.3620574,4.584113756815592
1714079199.3621705,4.678698380788167
1714079199.3622832,4.7686117666739
1714079199.3623962,4.852686987982856
1714079199.362509,4.925084997106481
1714079199.362622,4.992811768143265
1714079199.3627348,5.055868184124981
1714079199.3628478,5.110750374970612
1714079199.3629606,5.16563300733213
1714079199.3630736,5.213508782563386
1714079199.3631866,5.260217189788818
1714079199.3632994,5.299919181399875
1714079199.3634124,5.334950376439977
1714079199.3635252,5.365310774909125
1714079199.3636382,5.385162212230541
1714079199.363751,5.4050132080360695
1714079199.363864,5.417857788227222
1714079199.3639767,5.424864203841597
1714079199.3640897,5.431870177940086
1714079199.3642027,5.434205796983506
1714079199.3643155,5.435373606505217
1714079199.3644285,5.4330379874617964
1714079199.3645413,5.4283671908908415
1714079199.3646543,5.422528584798177
1714079199.364767,5.4143548011779785
1714079199.36488,5.400342411465115
1714079199.3649929,5.3874973897580745
1714079199.3651059,5.37114938100179
1714079199.3652189,5.352466194717972
1714079199.3653316,5.330279579869023
1714079199.3654447,5.30692559701425
1714079199.3655574,5.2824038046377675
1714079199.3656704,5.259049380267108
1714079199.3657832,5.231024600841381
1714079199.3658962,5.205334998943187
1714079199.366009,5.179645397044994
1714079199.366122,5.151620176103379
1714079199.366235,5.127098383726897
1714079199.3663478,5.101408781828703
1714079199.3664608,5.072216192881266
1714079199.3665736,5.046526590983072
1714079199.3666866,5.0138305734705035
1714079199.3667994,4.984637984523067
1714079199.3669124,4.956612763581452
1714079199.3670251,4.923917187584771
1714079199.3671381,4.899395395208288
1714079199.367251,4.871370174266674
1714079199.367364,4.846848381890191
1714079199.367477,4.824661767041241
1714079199.3675897,4.796636987615514
1714079199.3677027,4.7721151952390315
1714079199.3678155,4.745257783819127
1714079199.3679285,4.71489738534998
1714079199.3680413,4.684536986880832
1714079199.3681543,4.651840969368263
1714079199.368267,4.621480570899116
1714079199.36838,4.593455791473389
1714079199.368493,4.563094951488353
1714079199.3686059,4.539740968633581
1714079199.3687189,4.514051366735387
1714079199.3688316,4.488361764837194
1714079199.3689446,4.460336985411467
1714079199.3690574,4.433479573991563
1714079199.3691704,4.400783556478995
1714079199.3692832,4.368087980482313
1714079199.3693962,4.3318889759205
1714079199.3695092,4.301528577451353
1714079199.369622,4.266496940895363
1714079199.369735,4.229130568327727
1714079199.3698478,4.196434550815158
1714079199.3699608,4.160235546253346
1714079199.3700736,4.126372160734953
1714079199.3701866,4.085502359602186
1714079199.3702993,4.042296939425998
1714079199.3704123,3.9967563417222762
1714079199.3705251,3.9418741508766453
1714079199.3706381,3.8893271375585483
1714079199.3707511,3.8309419596636736
1714079199.370864,3.7737241497746217
1714079199.370977,3.71650633988557
1714079199.3710897,3.653450144661797
1714079199.3712027,3.593896936487268
1714079199.3713155,3.5308407412634955
1714079199.3714285,3.4619459399470576
1714079199.3715413,3.3907157403451422
1714079199.3716543,3.3159823329360396
1714079199.3717673,3.236578128955982
1714079199.37188,3.150167730119493
1714079199.371993,3.061421932997527
1714079199.3721058,2.972675915117617
1714079199.3722188,2.8769239231392185
1714079199.3723316,2.781171710402877
1714079199.3724446,2.6830843201390016
1714079199.3725574,2.5814935013099953
1714079199.3726704,2.4752321066679777
1714079199.3727834,2.3678029025042497
1714079199.3728962,2.251032105198613
1714079199.3730092,2.1330934983712653
1714079199.373122,2.005813298402009
1714079199.373235,1.8808684967182299
1714079199.3733478,1.7489173897990473
1714079199.3734608,1.609959977644461
1714079199.3735735,1.4710026758688466
1714079199.3736866,1.3308776749504936
1714079199.3737996,1.1895849748894018
1714079199.3739123,1.0471244653065999
1714079199.3740253,0.8941546634391502
1714079199.374138,0.745855658142655
1714079199.3742511,0.5893827036575034
1714079199.374364,0.42590347153169134
1714079199.374477,0.2624242670006222
1714079199.3745897,0.09660964348801859
1714079199.3747027,-0.07269388685623804
1714079199.3748155,-0.24548095685464363
1714079199.3749285,-0.41710055536693996
1714079199.3750415,-0.5910551106488263
1714079199.3751543,-0.7626747091611226
1714079199.3752673,-0.936629264443009
1714079199.37538,-1.1070813293810242
1714079199.375493,-1.2845383750067816
1714079199.3756058,-1.456157918329592
1714079199.3757188,-1.6277775720313743
1714079199.3758316,-1.8064019856629547
1714079199.3759446,-1.980356596134327
1714079199.3760576,-2.1531436178419323
1714079199.3761704,-2.3247632715437145
1714079199.3762834,-2.487042877409193
1714079199.3763962,-2.652825249565972
1714079199.3765092,-2.8092675738864474
1714079199.376622,-2.9657098982069225
1714079199.376735,-3.118649676994041
1714079199.3768477,-3.264584806230333
1714079199.3769608,-3.411687303472448
1714079199.3770738,-3.55762243270874
1714079199.3771865,-3.696552470878318
1714079199.3772995,-3.83781768657543
1714079199.3774123,-3.966240529660825
1714079199.3775253,-4.091160827212863
1714079199.377638,-4.212578579231544
1714079199.377751,-4.3223217681602195
1714079199.377864,-4.429730221077247
1714079199.377977,-4.5301331414116754
1714079199.3780897,-4.623531853711163
1714079199.3782027,-4.712260210955584
1714079199.3783157,-4.798653832188359
1714079199.3784285,-4.875707626342773
1714079199.3785415,-4.9504262429696535
1714079199.3786542,-5.020474946057354
1714079199.3787673,-5.081183822066695
1714079199.37888,-5.13955796206439
1714079199.378993,-5.18625709745619
1714079199.3791058,-5.229454128830521
1714079199.3792188,-5.266813437143961
1714079199.3793318,-5.298335463912398
1714079199.3794446,-5.324019767619945
1714079199.3795576,-5.346201967310022
1714079199.3796704,-5.361379075933385
1714079199.3797834,-5.375388816550926
1714079199.3798962,-5.3858964531509965
1714079199.3800092,-5.389398998684353
1714079199.380122,-5.394068912223533
1714079199.380235,-5.3917337346959995
1714079199.380348,-5.383561275623462
1714079199.3804607,-5.375388816550926
1714079199.3805737,-5.361379075933385
1714079199.3806865,-5.345034599304199
1714079199.3807995,-5.327522313153302
1714079199.3809123,-5.301837567929868
1714079199.3810253,-5.281990545767324
1714079199.381138,-5.256306242059778
1714079199.381251,-5.234124042369701
1714079199.381364,-5.204936751612911
1714079199.3814769,-5.1839223614445435
1714079199.38159,-5.155902880209463
1714079199.3817027,-5.13021813498603
1714079199.3818157,-5.099863917739302
1714079199.3819284,-5.068341890970865
1714079199.3820415,-5.032149950663248
1714079199.3821542,-5.000627923894811
1714079199.3822672,-4.967938529120551
1714079199.38238,-4.93057922080711
1714079199.382493,-4.90139193005032
1714079199.382606,-4.871037712803593
1714079199.3827188,-4.841850422046802
1714079199.3828318,-4.8173334863450785
1714079199.3829446,-4.789314005109999
1714079199.3830576,-4.760127155869095
1714079199.3831704,-4.7321072331181275
1714079199.3832834,-4.699417838343868
1714079199.3833961,-4.66439370755796
1714079199.3835092,-4.634039048795347
1714079199.3836222,-4.603684390032733
1714079199.383735,-4.576832718319363
1714079199.383848,-4.552315341101752
1714079199.3839607,-4.528965773405852
1714079199.3840737,-4.510286119249131
1714079199.3841865,-4.485769183547408
1714079199.3842995,-4.460084438323975
1714079199.3844123,-4.4344001346164275
1714079199.3845253,-4.40287810784799
1714079199.3846383,-4.3736908170912
1714079199.384751,-4.3433365998444735
1714079199.384864,-4.315317118609393
1714079199.3849769,-4.286129827852602
1714079199.3850899,-4.261612892150879
1714079199.3852026,-4.238263324454978
1714079199.3853157,-4.214913756759078
1714079199.3854284,-4.1892290115356445
1714079199.3855414,-4.161209530300564
1714079199.3856542,-4.129687503532127
1714079199.3857672,-4.096998108757867
1714079199.3858802,-4.0619739779719595
1714079199.385993,-4.022279492130986
1714079199.386106,-3.9860875518233687
1714079199.3862188,-3.947560875504105
1714079199.3863318,-3.9113689351964878
1714079199.3864446,-3.876344362894694
1714079199.3865576,-3.8389850545812534
1714079199.3866704,-3.796955832728633
1714079199.3867834,-3.7525914333484787
1714079199.3868964,-3.7035573411870883
1714079199.3870091,-3.648685746722751
1714079199.3871222,-3.59264678425259
1714079199.387235,-3.5284353627098928
1714079199.387348,-3.4653913091730186
1714079199.3874607,-3.401179887630321
1714079199.3875737,-3.3346335093180337
1714079199.3876865,-3.269254719769513
1714079199.3877995,-3.2003733846876354
1714079199.3879125,-3.1268221360665778
1714079199.3880253,-3.05093593067593
1714079199.3881383,-2.969212222982336
1714079199.388251,-2.8828188225075047
1714079199.388364,-2.792922876499317
1714079199.3884768,-2.6971894281881825
1714079199.3885899,-2.5979536551016347
1714079199.3887026,-2.49521533648173
1714079199.3888156,-2.391309649856002
1714079199.3889287,-2.2862363744665073
1714079199.3890414,-2.177660774301599
1714079199.3891544,-2.064415039839568
1714079199.3892672,-1.9488345693658897
1714079199.3893802,-1.8285841853530318
1714079199.389493,-1.7048312558068168
1714079199.389606,-1.574073455951832
1714079199.3897188,-1.440980699327257
1714079199.3898318,-1.3020505507787068
1714079199.3899446,-1.1607854454605666
1714079199.3900576,-1.0136829482184515
1714079199.3901706,-0.8700828861307214
1714079199.3902833,-0.7218129105038112
1714079199.3903964,-0.5735428796874152
1714079199.3905091,-0.42410542567571
1714079199.3906221,-0.26883055214528684
1714079199.390735,-0.11472317079703012
1714079199.390848,0.04639817332779919
1714079199.3909607,0.2075419657760196
1714079199.3910737,0.37569199447278623
1714079199.3911867,0.5438420507642957
1714079199.3912995,0.7143275053412825
1714079199.3914125,0.8836452607755307
1714079199.3915253,1.055298469684742
1714079199.3916383,1.2211130725012884
1714079199.391751,1.3904307727460508
1714079199.391864,1.5574131850843076
1714079199.3919768,1.7208923896153767
1714079199.3920898,1.8867068820529513
1714079199.3922029,2.0548571039129184
1714079199.3923156,2.220671706729465
1714079199.3924286,2.3888217078314886
1714079199.3925414,2.5558041201697455
1714079199.3926544,2.718115515179104
1714079199.3927672,2.8745885248537415
1714079199.3928802,3.028725915484958
1714079199.392993,3.1758573320176864
1714079199.393106,3.3194855407432273
1714079199.3932188,3.457275143376103
1714079199.3933318,3.591561538201791
1714079199.3934448,3.7235127554999456
1714079199.3935575,3.854295942518446
1714079199.3936706,3.981576142487702
1714079199.3937833,4.105353355407715
1714079199.3938963,4.222124152713351
1714079199.394009,4.336559772491455
1714079199.3941221,4.4393181800842285
1714079199.394235,4.538573159111871
1714079199.394348,4.628486986513491
1714079199.394461,4.713729575828269
1714079199.3945737,4.794301368572094
1714079199.3946867,4.8678671872174295
1714079199.3947995,4.941432564346878
1714079199.3949125,5.01149539594297
1714079199.3950253,5.07571917993051
1714079199.3951383,5.136439976868806
1714079199.395251,5.190154799708614
1714079199.395364,5.238030574939868
1714079199.395477,5.280068185594346
1714079199.3955898,5.312764203106915
1714079199.3957028,5.339621173010932
1714079199.3958156,5.364143406903302
1714079199.3959286,5.385162212230541
1714079199.3960414,5.4015097794709375
1714079199.3961544,5.412019182134557
1714079199.3962672,5.424864203841597
1714079199.3963802,5.431870177940086
1714079199.396493,5.436541416026928
1714079199.396606,5.436541416026928
1714079199.396719,5.431870177940086
1714079199.3968318,5.424864203841597
1714079199.3969448,5.410851814128734
1714079199.3970575,5.396838982899983
1714079199.3971705,5.38165878366541
1714079199.3972833,5.366478584430835
1714079199.3973963,5.345459779103597
1714079199.397509,5.324440973776357
1714079199.397622,5.303422609965006
1714079199.397735,5.281235995116057
1714079199.397848,5.256714202739574
1714079199.397961,5.235695397412335
1714079199.3980737,5.211173605035852
1714079199.3981867,5.187819180665192
1714079199.3982995,5.159794401239465
1714079199.3984125,5.131769180297852
1714079199.3985252,5.1049117688779475
1714079199.3986382,5.072216192881266
1714079199.3987513,5.044190971939652
1714079199.398864,5.016166192513925
1714079199.398977,4.98814097157231
1714079199.3990898,4.962451369674117
1714079199.3992028,4.9367617677759235
1714079199.3993156,4.912239975399441
1714079199.3994286,4.887718183022958
1714079199.3995414,4.862028581124765
1714079199.3996544,4.832835992177327
1714079199.3997674,4.805978580757423
1714079199.3998802,4.775618182288276
1714079199.3999932,4.745257783819127
1714079199.400106,4.717232562877514
1714079199.400219,4.689207783451787
1714079199.4003317,4.663518181553593
1714079199.4004447,4.6401637571829335
1714079199.4005575,4.609803358713785
1714079199.4006705,4.586449375859013
1714079199.4007833,4.564262761010064
1714079199.4008963,4.5350701720626265
1714079199.4010093,4.503541964071768
1714079199.401122,4.4720137560809095
1714079199.401235,4.438150370562518
1714079199.4013479,4.404286985044126
1714079199.401461,4.376261764102511
1714079199.4015737,4.341230569062409
1714079199.4016867,4.313205348120795
1714079199.4017994,4.285180568695068
1714079199.4019125,4.251316741660789
1714079199.4020255,4.2162855466206866
1714079199.4021382,4.1800865420588735
1714079199.4022512,4.138049372920284
1714079199.402364,4.092508775216562
1714079199.402477,4.049303355040373
1714079199.4025898,3.999091960765697
1714079199.4027028,3.952383553540265
1714079199.4028156,3.904507336793122
1714079199.4029286,3.856631561561867
1714079199.4030416,3.8040845482437695
1714079199.4031544,3.752705344447383
1714079199.4032674,3.6966553440800416
1714079199.4033802,3.6347667376200357
1714079199.4034932,3.5705427328745523
1714079199.403606,3.5039833298435914
1714079199.403719,3.4315855414779097
1714079199.4038317,3.3580199435905174
1714079199.4039447,3.2809511378959373
1714079199.4040575,3.1992115356304027
1714079199.4041705,3.1221427299358226
1714079199.4042835,3.0357323310993336
1714079199.4043963,2.949321932262844
1714079199.4045093,2.8605759143829346
1714079199.404622,2.763656112882826
1714079199.404735,2.66323310357553
1714079199.4048479,2.5558041201697455
1714079199.4049609,2.44487170819883
1714079199.4050736,2.33043630917867
1714079199.4051867,2.212497702351323
1714079199.4052997,2.092223697238498
1714079199.4054124,1.968446484318486
1714079199.4055254,1.8399985852064908
1714079199.4056382,1.7115506860944958
1714079199.4057512,1.5795995791753132
1714079199.405864,1.4453130739706532
1714079199.405977,1.3040203739095617
1714079199.4060898,1.1580567668985438
1714079199.4062028,1.010925460744787
1714079199.4063158,0.8614588114950391
1714079199.4064286,0.7049858570098877
1714079199.4065416,0.5485129025247362
1714079199.4066544,0.38503367039892405
1714079199.4067674,0.22622530383092385
1714079199.4068801,0.06391380534127906
1714079199.4069932,-0.09721096743036199
1714079199.407106,-0.2618256818365168
1714079199.407219,-0.4287753392148901
1714079199.407332,-0.5968925025728014
1714079199.4074447,-0.7650096659307126
1714079199.4075577,-0.940131699597394
1714079199.4076705,-1.1175886348441795
1714079199.4077835,-1.2892082885459617
1714079199.4078963,-1.466665223792747
1714079199.4080093,-1.6347824423401442
1714079199.408122,-1.8052345072781597
1714079199.408235,-1.9733517258255568
1714079199.4083478,-2.141468833993982
1714079199.4084609,-2.3060836173869945
1714079199.4085739,-2.468363223252473
1714079199.4086866,-2.630643049875895
1714079199.4087996,-2.792922876499317
1714079199.4089124,-2.9540351143589723
1714079199.4090254,-3.112812395449038
1714079199.4091382,-3.265752174236156
1714079199.4092512,-3.417524805775395
1714079199.409364,-3.55995738947833
1714079199.409477,-3.7012223844174983
1714079199.40959,-3.8319804050304267
1714079199.4097028,-3.958068070588288
1714079199.4098158,-4.08065363212868
1714079199.4099286,-4.196234102602358
1714079199.4100416,-4.309479395548502
1714079199.4101543,-4.416887848465531
1714079199.4102674,-4.524295859866672
1714079199.4103801,-4.621196676183629
1714079199.4104931,-4.714595388483118
1714079199.4106061,-4.797486464182535
1714079199.410719,-4.875707626342773
1714079199.410832,-4.946923697436297
1714079199.4109447,-5.011135118978994
1714079199.4110577,-5.070676626982512
1714079199.4111705,-5.119710939901846
1714079199.4112835,-5.16874525282118
1714079199.4113963,-5.2107744746738005
1714079199.4115093,-5.249301150993064
1714079199.411622,-5.281990545767324
1714079199.411735,-5.310010027002405
1714079199.411848,-5.334527404220015
1714079199.4119608,-5.352039248855025
1714079199.4120739,-5.368384167000099
1714079199.4121866,-5.375388816550926
1714079199.4122996,-5.377723994078459
1714079199.4124124,-5.378891362084282
1714079199.4125254,-5.374221448545103
1714079199.4126382,-5.367216798994276
1714079199.4127512,-5.356709162394205
1714079199.4128642,-5.348537144837556
1714079199.412977,-5.332192226692482
1714079199.41309,-5.318182486074941
1714079199.4132028,-5.300670199924045
1714079199.4133158,-5.284325723294859
1714079199.4134285,-5.260976155598958
1714079199.4135416,-5.2376261463871705
1714079199.4136543,-5.213109210685447
1714079199.4137673,-5.182754993438721
1714079199.4138803,-5.1524003346761065
1714079199.4139931,-5.118543571896023
1714079199.4141061,-5.085853735605875
1714079199.414219,-5.053164340831615
1714079199.414332,-5.0251448595965345
1714079199.4144447,-4.994790642349808
1714079199.4145577,-4.966771161114727
1714079199.4146705,-4.936416502352114
1714079199.4147835,-4.9060618435895
1714079199.4148965,-4.876874994348596
1714079199.4150093,-4.843018231568513
1714079199.4151223,-4.812663572805898
1714079199.415235,-4.775304264492458
1714079199.415348,-4.7426148697181985
1714079199.4154608,-4.712260210955584
1714079199.4155738,-4.6842407297205035
1714079199.4156866,-4.660891162024604
1714079199.4157996,-4.63520641680117
1714079199.4159124,-4.614192026632804
1714079199.4160254,-4.5885072814093695
1714079199.4161384,-4.5616551681801125
1714079199.4162512,-4.537138232478389
1714079199.4163642,-4.504448837704128
1714079199.416477,-4.474094178941514
1714079199.41659,-4.4449073297006105
1714079199.4167027,-4.421557762004711
1714079199.4168158,-4.39353828076963
1714079199.4169285,-4.3736908170912
1714079199.4170415,-4.3491738813894765
1714079199.4171546,-4.33166159523858
1714079199.4172673,-4.307144659536856
1714079199.4173803,-4.277957810295953
1714079199.417493,-4.249937887544985
1714079199.417606,-4.218416302292435
1714079199.417719,-4.188061643529821
1714079199.417832,-4.151869703222204
1714079199.4179447,-4.119180308447944
1714079199.4180577,-4.086490913673683
1714079199.4181707,-4.0561362549110695
1714079199.4182835,-4.025782037664342
1714079199.4183965,-3.9954273789017285
1714079199.4185092,-3.9604028065999346
1714079199.4186223,-3.921876130280671
1714079199.418735,-3.8798469084280507
1714079199.418848,-3.83314777303625
1714079199.4189608,-3.785280828122739
1714079199.4190738,-3.7327444111859354
1714079199.4191866,-3.6825427302607783
1714079199.4192996,-3.6300060925660307
1714079199.4194126,-3.5809720004046404
1714079199.4195254,-3.524932817176536
1714079199.4196384,-3.4700612227121987
1714079199.4197512,-3.4140222602420383
1714079199.4198642,-3.3486434706935175
1714079199.419977,-3.27976213561164
1714079199.42009,-3.2062108869905823
1714079199.4202027,-3.1268221360665778
1714079199.4203157,-3.0462660171367504
1714079199.4204288,-2.9633749414373325
1714079199.4205415,-2.878148908968325
1714079199.4206545,-2.788252962960137
1714079199.4207673,-2.700691752963596
1714079199.4208803,-2.607293482179995
1714079199.420993,-2.512727622632627
1714079199.421106,-2.406486758479365
1714079199.4212189,-2.3002461150840476
1714079199.421332,-2.190502926155373
1714079199.421445,-2.072587498912105
1714079199.4215577,-1.9523371148992466
1714079199.4216707,-1.82624911820447
1714079199.4217834,-1.6931564719588668
1714079199.4218965,-1.5694035424126518
1714079199.4220092,-1.4281384370945118
1714079199.4221222,-1.2927107237003468
1714079199.422235,-1.1537805751517967
1714079199.422348,-1.0136829482184515
1714079199.4224608,-0.8689154077459265
1714079199.4225738,-0.7171429417751453
1714079199.4226868,-0.5642030526090551
1714079199.4227996,-0.40542574392424685
1714079199.4229126,-0.24664843523943863
1714079199.4230254,-0.07736380729410383
1714079199.4231384,0.08960339344210094
1714079199.4232512,0.25425031781196594
1714079199.4233642,0.4212326473659939
1714079199.423477,0.5858795510398017
1714079199.42359,0.7528619081885726
1714079199.423703,0.9175088118623803
1714079199.4238157,1.0833234698684127
1714079199.4239287,1.252641170113175
1714079199.4240415,1.4231266798796476
1714079199.4241545,1.5971151766953644
1714079199.4242673,1.767600686461837
1714079199.4243803,1.9415892936565255
1714079199.424493,2.1085717059947826
1714079199.424606,2.276721707096806
1714079199.424719,2.441368500391642
1714079199.4248319,2.59900931958799
1714079199.4249449,2.7554821085046837
1714079199.4250576,2.9049489233228893
1714079199.4251707,3.061421932997527
1714079199.4252834,3.2120563365794994
1714079199.4253964,3.362690740161472
1714079199.4255092,3.510989745457967
1714079199.4256222,3.654617733425564
1714079199.4257352,3.7947429551018605
1714079199.425848,3.931364748213026
1714079199.425961,4.056309770654749
1714079199.4260738,4.174248377482096
1714079199.4261868,4.288683555744312
1714079199.4262996,4.3937775823805065
1714079199.4264126,4.495368180451569
1714079199.4265254,4.595790969000922
1714079199.4266384,4.689207783451787
1714079199.4267511,4.78028897885923
1714079199.4268641,4.863196390646475
1714079199.4269772,4.943768183390299
1714079199.42709,5.0138305734705035
1714079199.427203,5.079222166979754
1714079199.4273157,5.136439976868806
1714079199.4274287,5.186651371143482
1714079199.4275415,5.231024600841381
1714079199.4276545,5.269558782930727
1714079199.4277673,5.308093406535961
1714079199.4278803,5.339621173010932
1714079199.4279933,5.369982012995967
1714079199.428106,5.39450380537245
1714079199.428219,5.416689978705512
1714079199.4283319,5.435373606505217
1714079199.4284449,5.444715199647126
1714079199.4285576,5.452888983267324
1714079199.4286706,5.454056792789035
1714079199.4287834,5.454056792789035
1714079199.4288964,5.4470503771746595
1714079199.4290094,5.438876593554461
1714079199.4291222,5.4283671908908415
1714079199.4292352,5.416689978705512
1714079199.429348,5.4050132080360695
1714079199.429461,5.3874973897580745
1714079199.4295738,5.37114938100179
1714079199.4296868,5.350130575674551
1714079199.4297996,5.3326151989124435
1714079199.4299126,5.308093406535961
1714079199.4300253,5.2870746012087215
1714079199.4301383,5.259049380267108
1714079199.4302514,5.234527587890625
1714079199.4303641,5.208837985992432
1714079199.4304771,5.180813206566705
1714079199.43059,5.15278798562509
1714079199.430703,5.123595396677652
1714079199.4308157,5.09907360430117
1714079199.4309287,5.069880573837845
1714079199.4310415,5.046526590983072
1714079199.4311545,5.020836989084879
1714079199.4312675,4.991644400137441
1714079199.4313803,4.964786988717538
1714079199.4314933,4.9367617677759235
1714079199.431606,4.908736988350197
1714079199.431719,4.874873161315918
1714079199.4318318,4.84568057236848
1714079199.4319448,4.816487983421043
1714079199.4320576,4.790798381522849
1714079199.4321706,4.763940970102945
1714079199.4322836,4.738251368204752
1714079199.4323964,4.713729575828269
1714079199.4325094,4.689207783451787
1714079199.4326222,4.664685991075303
1714079199.4327352,4.634325592606156
1714079199.432848,4.605132562142831
1714079199.432961,4.577107782717104
1714079199.4330738,4.5444117652045355
1714079199.4331868,4.515219176257098
1714079199.4332998,4.48602658730966
1714079199.4334126,4.459169175889756
1714079199.4335256,4.431143954948142
1714079199.4336383,4.404286985044126
1714079199.4337513,4.378597383145933
1714079199.433864,4.343565746589943
1714079199.4339771,4.310870170593262
1714079199.43409,4.273503356509738
1714079199.434203,4.232633555376971
1714079199.4343157,4.192931563765914
1714079199.4344287,4.153229572154857
1714079199.4345417,4.11235977102209
1714079199.4346545,4.071489969889322
1714079199.4347675,4.028284549713135
1714079199.4348803,3.983911761531123
1714079199.4349933,3.9418741508766453
1714079199.435106,3.8893271375585483
1714079199.435219,3.8379479337621616
1714079199.4353318,3.777227136823866
1714079199.4354448,3.7176741494072805
1714079199.4355578,3.652282335140087
1714079199.4356706,3.588058551152547
1714079199.4357836,3.5191635290781655
1714079199.4358964,3.449101138997961
1714079199.4360094,3.3790385281598123
1714079199.4361222,3.3078083285578974
1714079199.4362352,3.2319073323850276
1714079199.436348,3.1525031284049705
1714079199.436461,3.0684281278539585
1714079199.436574,2.980849919495759
1714079199.4366868,2.887433325802838
1714079199.4367998,2.7905135243027295
1714079199.4369125,2.686587307188246
1714079199.4370255,2.5861645186388933
1714079199.4371383,2.4810707127606424
1714079199.4372513,2.3701383007897268
1714079199.437364,2.262709096625999
1714079199.437477,2.1482736976058394
1714079199.43759,2.0315029003002025
1714079199.437703,1.904222700330946
1714079199.437816,1.7757746908399792
1714079199.4379287,1.6438235839207966
1714079199.4380417,1.5060339812879209
1714079199.4381545,1.3647411708478574
1714079199.4382675,1.2176099750730727
1714079199.4383802,1.073981766347532
1714079199.4384933,0.9233473627655594
1714079199.438606,0.7703775057086237
1714079199.438719,0.6197431021266513
1714079199.438832,0.45976702261854097
1714079199.4389448,0.3044617672761281
1714079199.4390578,0.13981486360232034
1714079199.4391706,-0.022492235250495096
1714079199.4392836,-0.1906093899850492
1714079199.4393964,-0.3610615101125505
1714079199.4395094,-0.5303461242605139
1714079199.4396222,-0.7078031146967853
1714079199.4397352,-0.8794227132090815
1714079199.4398482,-1.0557122804500438
1714079199.439961,-1.226164345388059
1714079199.440074,-1.3954489319412795
1714079199.4401867,-1.5659011072582667
1714079199.4402997,-1.732850737041897
1714079199.4404125,-1.9009678452103225
1714079199.4405255,-2.070252542142515
1714079199.4406383,-2.239537239074707
1714079199.4407513,-2.4088217152489553
1714079199.4408643,-2.5722691306361445
1714079199.440977,-2.7357163252653898
1714079199.44109,-2.890991060822098
1714079199.4412029,-3.0474333851425732
1714079199.441316,-3.1945358823846886
1714079199.4414287,-3.3381360548513905
1714079199.4415417,-3.479401049790559
1714079199.4416544,-3.6136613951789007
1714079199.4417675,-3.751424065342656
1714079199.4418802,-3.8786795404222274
1714079199.4419932,-4.009437119519268
1714079199.4421062,-4.13202268105966
1714079199.442219,-4.251105697066695
1714079199.442332,-4.362016254001193
1714079199.4424448,-4.468256897396511
1714079199.4425578,-4.567492891241002
1714079199.4426706,-4.660891162024604
1714079199.4427836,-4.744949605729844
1714079199.4428964,-4.823170767890082
1714079199.4430094,-4.89672201651114
1714079199.4431224,-4.964435983587194
1714079199.4432352,-5.032149950663248
1714079199.4433482,-5.089356281139232
1714079199.443461,-5.140725330070213
1714079199.443574,-5.188592274983724
1714079199.4436867,-5.22828631930881
1714079199.4437997,-5.2644782596164275
1714079199.4439125,-5.293665550373218
1714079199.4440255,-5.315847750063296
1714079199.4441385,-5.3333595946983055
1714079199.4442513,-5.346201967310022
1714079199.4443643,-5.356709162394205
1714079199.444477,-5.361379075933385
1714079199.44459,-5.3648816214667425
1714079199.4447029,-5.3648816214667425
1714079199.4448159,-5.361379075933385
1714079199.4449286,-5.355541794388382
1714079199.4450417,-5.346201967310022
1714079199.4451544,-5.335694772225839
1714079199.4452674,-5.319349854080765
1714079199.4453804,-5.300670199924045
1714079199.4454932,-5.2796558097556785
1714079199.4456062,-5.256306242059778
1714079199.445719,-5.23295623284799
1714079199.445832,-5.204936751612911
1714079199.4459448,-5.179252447905363
1714079199.4460578,-5.150065157148573
1714079199.4461706,-5.124380853441026
1714079199.4462836,-5.099863917739302
1714079199.4463966,-5.071843994988336
1714079199.4465094,-5.044992323274966
1714079199.4466224,-5.016972400523998
1714079199.4467351,-4.986618183277271
1714079199.4468482,-4.953928788503011
1714079199.446961,-4.917736848195394
1714079199.447074,-4.8862148214269565
1714079199.4471867,-4.852358058646873
1714079199.4472997,-4.824338577411792
1714079199.4474127,-4.795151286655002
1714079199.4475255,-4.768299173425745
1714079199.4476385,-4.744949605729844
1714079199.4477513,-4.716930124494764
1714079199.4478643,-4.692413188793041
1714079199.447977,-4.660891162024604
1714079199.44809,-4.632871680789523
1714079199.4482028,-4.600182286015263
1714079199.4483159,-4.567492891241002
1714079199.4484289,-4.5406407780117455
1714079199.4485416,-4.511453487254955
1714079199.4486547,-4.488103919559054
1714079199.4487674,-4.464754351863155
1714079199.4488804,-4.4449073297006105
1714079199.4489932,-4.423892498016357
1714079199.4491062,-4.399375562314634
1714079199.449219,-4.3736908170912
1714079199.449332,-4.3433365998444735
1714079199.4494448,-4.315317118609393
1714079199.4495578,-4.282627723835132
1714079199.4496708,-4.252273065072519
1714079199.4497836,-4.225420951843262
1714079199.4498966,-4.196234102602358
1714079199.4500093,-4.169381989373101
1714079199.4501224,-4.144865053671378
1714079199.4502351,-4.116845572436297
1714079199.4503481,-4.0888256496853295
1714079199.450461,-4.053801518899423
1714079199.450574,-4.017609578591806
1714079199.450687,-3.979082902272542
1714079199.4507997,-3.9370532389040345
1714079199.4509127,-3.895024017051414
1714079199.4510255,-3.8518274271929704
1714079199.4511385,-3.8121329413519964
1714079199.4512513,-3.7677689834877293
1714079199.4513643,-3.7245719521133984
1714079199.451477,-3.6813751414970115
1714079199.45159,-3.6311736813297975
1714079199.451703,-3.5786370436350503
1714079199.4518158,-3.5179279468677658
1714079199.4519289,-3.454884114088835
1714079199.4520416,-3.387170147012781
1714079199.4521546,-3.3159538551613132
1714079199.4522674,-3.244737563309846
1714079199.4523804,-3.1711863146887884
1714079199.4524932,-3.0976350660677308
1714079199.4526062,-3.021748860677083
1714079199.452719,-2.9446952872806125
1714079199.452832,-2.8618042115811946
1714079199.452945,-2.7695730880454734
1714079199.4530578,-2.680844730801052
1714079199.4531708,-2.5816089577145047
1714079199.4532835,-2.4835405526337797
1714079199.4533966,-2.377299909238462
1714079199.4535093,-2.2687240883156106
1714079199.4536223,-2.1554785746115224
1714079199.453735,-2.0398981041378446
1714079199.4538481,-1.9243174129062228
1714079199.4539611,-1.8052345072781597
1714079199.454074,-1.6849840128863298
1714079199.454187,-1.5565612801799067
1714079199.4542997,-1.4269709587097168
1714079199.4544127,-1.2903757669307567
1714079199.4545255,-1.1479431832278215
1714079199.4546385,-1.0043431211400915
1714079199.4547513,-0.8514031767845153
1714079199.4548643,-0.7019657227728101
1714079199.4549773,-0.5478583552219249
1714079199.45509,-0.39258345409675877
1714079199.455203,-0.23380614541195055
1714079199.4553158,-0.07502884362582807
1714079199.4554288,0.08026172441464882
1714079199.4555416,0.2460763410285667
1714079199.4556546,0.40838784641689724
1714079199.4557674,0.578873300993884
1714079199.4558804,0.7493587555708708
1714079199.4559932,0.9221796636228208
1714079199.4561062,1.0961682708175093
1714079199.4562192,1.2713245771549366
1714079199.456332,1.4453130739706532
1714079199.456445,1.615798583737126
1714079199.4565578,1.7851162839818884
1714079199.4566708,1.9474278997491905
1714079199.4567835,2.1120746930440264
1714079199.4568965,2.2732184992896185
1714079199.4570093,2.43436230553521
1714079199.4571223,2.59900931958799
1714079199.4572353,2.762488524119059
1714079199.457348,2.9236323303646508
1714079199.457461,3.078937530517578
1714079199.457574,3.2319073323850276
1714079199.457687,3.380206337681523
1714079199.4577997,3.520331338599876
1714079199.4579127,3.654617733425564
1714079199.4580255,3.7830657429165306
1714079199.4581385,3.910345942885787
1714079199.4582515,4.031787536762379
1714079199.4583642,4.152061762633147
1714079199.4584773,4.2711681789822045
1714079199.45859,4.382100370195176
1714079199.458703,4.491864751886438
1714079199.4588158,4.5946231594792115
1714079199.4589288,4.688039973930076
1714079199.4590416,4.775618182288276
1714079199.4591546,4.853854797504566
1714079199.4592676,4.929755793677436
1714079199.4593804,4.995147387186686
1714079199.4594934,5.058203803168403
1714079199.4596062,5.118924600106698
1714079199.4597192,5.172638981430619
1714079199.459832,5.22752117227625
1714079199.459945,5.2730622114958585
1714079199.4600577,5.315099380634448
1714079199.4601707,5.347795398147017
1714079199.4602835,5.380490974143699
1714079199.4603965,5.403845398514359
1714079199.4605095,5.4190255977489326
1714079199.4606223,5.4330379874617964
1714079199.4607353,5.440044403076172
1714079199.460848,5.44821818669637
1714079199.460961,5.450553805739791
1714079199.4610739,5.450553805739791
1714079199.461187,5.450553805739791
1714079199.4612997,5.442379580603705
1714079199.4614127,5.436541416026928
1714079199.4615257,5.422528584798177
1714079199.4616385,5.409684004607024
1714079199.4617515,5.396838982899983
1714079199.4618642,5.376987987094455
1714079199.4619772,5.354801813761393
1714079199.46209,5.331447389390733
1714079199.462203,5.309260774541784
1714079199.4623158,5.284738982165301
1714079199.4624288,5.257881570745397
1714079199.4625418,5.231024600841381
1714079199.4626546,5.208837985992432
1714079199.4627676,5.185484003137659
1714079199.4628804,5.159794401239465
1714079199.4629934,5.130601370776141
1714079199.4631062,5.103744400872125
1714079199.4632192,5.078054798973931
1714079199.463332,5.047694400504783
1714079199.463445,5.020836989084879
1714079199.4635577,4.989308781094021
1714079199.4636707,4.961284001668294
1714079199.4637837,4.93442659024839
1714079199.4638965,4.906401369306776
1714079199.4640095,4.884215195973714
1714079199.4641223,4.859692962081343
1714079199.4642353,4.83400336018315
1714079199.464348,4.809481567806667
1714079199.464461,4.777953359815809
1714079199.4645739,4.749928580390082
1714079199.4646869,4.718400372399224
1714079199.4648,4.688039973930076
1714079199.4649127,4.657679575460929
1714079199.4650257,4.62615136747007
1714079199.4651384,4.600461765571876
1714079199.4652514,4.573604354151973
1714079199.4653642,4.546747384247956
1714079199.4654772,4.521057782349763
1714079199.46559,4.495368180451569
1714079199.465703,4.467342959509955
1714079199.465816,4.438150370562518
1714079199.4659288,4.400783556478995
1714079199.4660418,4.368087980482313
1714079199.4661546,4.335391962969744
1714079199.4662676,4.299192958407931
1714079199.4663804,4.266496940895363
1714079199.4664934,4.233801364898682
1714079199.4666061,4.198770169858579
1714079199.4667192,4.163738974818477
1714079199.4668322,4.124036541691533
1714079199.466945,4.086670169123897
1714079199.467058,4.039961761898464
1714079199.4671707,3.9885825581020775
1714079199.4672837,3.9383711638274015
1714079199.4673965,3.884656340987594
1714079199.4675095,3.8286063406202526
1714079199.4676223,3.7737241497746217
1714079199.4677353,3.7141711623580367
1714079199.467848,3.6557855429472745
1714079199.467961,3.5985677330582226
1714079199.468074,3.532008330027262
1714079199.4681869,3.4631135287108243
1714079199.4682999,3.3907157403451422
1714079199.4684126,3.314814523414329
1714079199.4685256,3.2319073323850276
1714079199.4686384,3.147832331834016
1714079199.4687514,3.0590865347120495
1714079199.4688642,2.9703405168321395
1714079199.4689772,2.8769239231392185
1714079199.4690902,2.7835071086883545
1714079199.469203,2.685419718424479
1714079199.469316,2.5826613108317056
1714079199.4694288,2.479902903238932
1714079199.4695418,2.3678029025042497
1714079199.4696546,2.2521996939623796
1714079199.4697676,2.131925688849555
1714079199.4698803,2.0034779001165317
1714079199.4699934,1.8761977001472754
1714079199.4701064,1.7465818811345983
1714079199.4702191,1.6111277871661716
1714079199.4703321,1.4733380741543238
1714079199.470445,1.3367161706641868
1714079199.470558,1.1930880723176178
1714079199.4706707,1.0506275627348158
1714079199.4707837,0.9011609134850678
1714079199.4708965,0.7470233572853936
1714079199.4710095,0.5928858010857193
1714079199.4711223,0.4294065965546502
1714079199.4712353,0.26709509116631963
1714079199.4713483,0.10128048145108752
1714079199.471461,-0.06802396641837226
1714079199.471574,-0.23614110218154058
1714079199.4716868,-0.40309078715465685
1714079199.4717999,-0.5735428796874152
1714079199.4719126,-0.7428275214301214
1714079199.4720256,-0.9144471199424178
1714079199.4721384,-1.0884016752243042
1714079199.4722514,-1.2600212185471145
1714079199.4723644,-1.4363107857880768
1714079199.4724772,-1.6161026778044523
1714079199.4725902,-1.7877223315062345
1714079199.472703,-1.96517926675302
1714079199.472816,-2.1391338772243924
1714079199.4729288,-2.307250985392818
1714079199.4730418,-2.477703050330833
1714079199.4731545,-2.638815508948432
1714079199.4732676,-2.797592790038497
1714079199.4733806,-2.9575374391343856
1714079199.4734933,-3.112812395449038
1714079199.4736063,-3.264584806230333
1714079199.4737191,-3.4140222602420383
1714079199.4738321,-3.558789800714563
1714079199.473945,-3.7035573411870883
1714079199.474058,-3.83781768657543
1714079199.4741707,-3.9674078976666483
1714079199.4742837,-4.091160827212863
1714079199.4743967,-4.205573929680718
1714079199.4745095,-4.317651854621039
1714079199.4746225,-4.422725130010534
1714079199.4747353,-4.521961123855025
1714079199.4748483,-4.615359394638626
1714079199.474961,-4.706422929410581
1714079199.475074,-4.789314005109999
1714079199.4751868,-4.872205080809416
1714079199.4752998,-4.9445889614246505
1714079199.4754126,-5.011135118978994
1714079199.4755256,-5.071843994988336
1714079199.4756386,-5.1255482214468495
1714079199.4757514,-5.1734151663603605
1714079199.4758644,-5.216611756218804
1714079199.4759772,-5.250468518998887
1714079199.4760902,-5.284325723294859
1714079199.476203,-5.310010027002405
1714079199.476316,-5.332192226692482
1714079199.4764287,-5.352039248855025
1714079199.4765418,-5.367216798994276
1714079199.4766548,-5.377723994078459
1714079199.4767675,-5.387063821156819
1714079199.4768806,-5.388231189162642
1714079199.4769933,-5.3858964531509965
1714079199.4771063,-5.381226539611816
1714079199.477219,-5.3707189030117455
1714079199.477332,-5.357876971915916
1714079199.477445,-5.341532053770842
1714079199.477558,-5.324019767619945
1714079199.477671,-5.305340113463225
1714079199.4777837,-5.281990545767324
1714079199.4778967,-5.260976155598958
1714079199.4780095,-5.238793955908881
1714079199.4781225,-5.216611756218804
1714079199.4782352,-5.188592274983724
1714079199.4783483,-5.164074897766113
1714079199.478461,-5.132553312513563
1714079199.478574,-5.101031285745126
1714079199.4786868,-5.068341890970865
1714079199.4787998,-5.033317318669072
1714079199.4789128,-5.000627923894811
1714079199.4790256,-4.967938529120551
1714079199.4791386,-4.93524913434629
1714079199.4792514,-4.9072296531112105
1714079199.4793644,-4.878042362354419
1714079199.4794772,-4.850022881119339
1714079199.4795902,-4.825505945417616
1714079199.479703,-4.793983918649179
1714079199.479816,-4.762461891880742
1714079199.479929,-4.733275042639838
1714079199.4800417,-4.698250470338044
1714079199.4801548,-4.666728443569607
1714079199.4802675,-4.638708962334527
1714079199.4803805,-4.6095221130936235
1714079199.4804933,-4.587339913403546
1714079199.4806063,-4.563990345707646
1714079199.480719,-4.541808146017569
1714079199.480832,-4.517291210315845
1714079199.480945,-4.4927738330982345
1714079199.481058,-4.463586983857331
1714079199.481171,-4.436734870628074
1714079199.4812837,-4.404045475853814
1714079199.4813967,-4.3736908170912
1714079199.4815094,-4.345671335856119
1714079199.4816225,-4.317651854621039
1714079199.4817352,-4.293134918919316
1714079199.4818482,-4.273287896756773
1714079199.481961,-4.249937887544985
1714079199.482074,-4.224253583837438
1714079199.482187,-4.1950667345965345
1714079199.4822998,-4.165879443839744
1714079199.4824128,-4.133190049065484
1714079199.4825256,-4.096998108757867
1714079199.4826386,-4.058471432438603
1714079199.4827514,-4.019944314603452
1714079199.4828644,-3.9872549198291916
1714079199.4829772,-3.947560875504105
1714079199.4830902,-3.9102015671906645
1714079199.4832032,-3.8786795404222274
1714079199.483316,-3.8389850545812534
1714079199.483429,-3.7946206552010993
1714079199.4835417,-3.749088887815122
1714079199.4836547,-3.696552470878318
1714079199.4837675,-3.641680876413981
1714079199.4838805,-3.5868092819496433
1714079199.4839933,-3.5261004059403027
1714079199.4841063,-3.4653913091730186
1714079199.4842193,-3.4081847579390914
1714079199.484332,-3.3463085139239275
1714079199.484445,-3.278594546847873
1714079199.4845579,-3.2155507140689426
1714079199.4846709,-3.140831876684118
1714079199.4847836,-3.066113260057237
1714079199.4848967,-2.9843895523636426
1714079199.4850094,-2.8979959311308683
1714079199.4851224,-2.8092675738864474
1714079199.4852355,-2.7135341255753125
1714079199.4853482,-2.615465720494588
1714079199.4854612,-2.517397536171807
1714079199.485574,-2.4158265855577254
1714079199.485687,-2.3119208989319975
1714079199.4857998,-2.20568025553668
1714079199.4859128,-2.093602109838415
1714079199.4860256,-1.978021639364737
1714079199.4861386,-1.8577710345939353
1714079199.4862514,-1.729348301887512
1714079199.4863644,-1.599757980417322
1714079199.4864774,-1.464330267023157
1714079199.4865901,-1.325400118474607
1714079199.4867032,-1.186469969926057
1714079199.486816,-1.0417024294535318
1714079199.486929,-0.8969349441704926
1714079199.4870417,-0.7509998701236865
1714079199.4871547,-0.6015624161119814
1714079199.4872675,-0.45445991886986625
1714079199.4873805,-0.29918504533944307
1714079199.4874935,-0.14391017180901985
1714079199.4876063,0.01603774898857982
1714079199.4877193,0.18302007681793636
1714079199.487832,0.34649929514637695
1714079199.487945,0.513481597105662
1714079199.4880579,0.6827993525399102
1714079199.4881709,0.8486140105459424
1714079199.4882836,1.0155963676947133
1714079199.4883966,1.1825786696539984
1714079199.4885097,1.3437224758995903
1714079199.4886224,1.5095370787161366
1714079199.4887354,1.6765193806754217
1714079199.4888482,1.8423340938709398
1714079199.4889612,2.0128194932584407
1714079199.489074,2.182137303882175
1714079199.489187,2.349119495462488
1714079199.4892998,2.5161019078007447
1714079199.4894128,2.678413523568047
1714079199.4895256,2.8360541220064515
1714079199.4896386,2.9878561143521907
1714079199.4897516,3.1349875308849193
1714079199.4898643,3.27861573961046
1714079199.4899774,3.41990832929258
1714079199.4900901,3.5576979319254556
1714079199.4902031,3.6966553440800416
1714079199.490316,3.8309419596636736
1714079199.490429,3.961725146682174
1714079199.4905417,4.08783753712972
1714079199.4906547,4.208111763000488
1714079199.4907677,4.31904395421346
1714079199.4908805,4.424137980849654
1714079199.4909935,4.521057782349763
1714079199.4911063,4.610971168235496
1714079199.4912193,4.696213757550274
1714079199.491332,4.78028897885923
1714079199.491445,4.8561899750321
1714079199.4915578,4.93442659024839
1714079199.4916708,4.9998181837576405
1714079199.4917839,5.066377586788601
1714079199.4918966,5.124763206199363
1714079199.4920096,5.174974600474039
1714079199.4921224,5.221683007699472
1714079199.4922354,5.261384999310528
1714079199.4923482,5.292913207301387
1714079199.4924612,5.320937986727114
1714079199.492574,5.346627588625307
1714079199.492687,5.3688142034742565
1714079199.4928,5.389833008801495
1714079199.4929128,5.406180576041892
1714079199.4930258,5.416689978705512
1714079199.4931386,5.4283671908908415
1714079199.4932516,5.434205796983506
1714079199.4933643,5.436541416026928
1714079199.4934773,5.435373606505217
1714079199.49359,5.424864203841597
1714079199.4937031,5.4143548011779785
1714079199.493816,5.4050132080360695
1714079199.493929,5.389833008801495
1714079199.494042,5.37114938100179
1714079199.4941547,5.355969181767216
1714079199.4942677,5.338453805005108
1714079199.4943805,5.315099380634448
1714079199.4944935,5.295248384828921
1714079199.4946063,5.271894401974148
1714079199.4947193,5.245036990554244
1714079199.494832,5.224018185227005
1714079199.494945,5.195993405801278
1714079199.495058,5.167968184859664
1714079199.4951708,5.144614202004892
1714079199.4952838,5.110750374970612
1714079199.4953966,5.081557786023175
1714079199.4955096,5.053532565081561
1714079199.4956224,5.025507785655834
1714079199.4957354,5.000985993279351
1714079199.4958482,4.974128581859447
1714079199.4959612,4.948438979961254
1714079199.4960742,4.925084997106481
1714079199.496187,4.898227585686578
1714079199.4963,4.870202364744963
1714079199.4964128,4.8410097757975254
1714079199.4965258,4.811817186850088
1714079199.4966385,4.782624156386763
1714079199.4967515,4.755767186482747
1714079199.4968643,4.727741965541133
1714079199.4969773,4.700884554121229
1714079199.49709,4.677530571266456
1714079199.497203,4.654176588411684
1714079199.4973161,4.628486986513491
1714079199.497429,4.605132562142831
1714079199.497542,4.574772163673683
1714079199.4976547,4.546747384247956
1714079199.4977677,4.516386985778809
1714079199.4978805,4.481355349222818
1714079199.4979935,4.450994950753671
1714079199.4981062,4.4194671842787
1714079199.4982193,4.389106344293665
1714079199.4983323,4.362249374389648
1714079199.498445,4.32955335687708
1714079199.498558,4.300360767929642
1714079199.4986708,4.26532957288954
1714079199.4987838,4.230298377849437
1714079199.4988966,4.190595944722493
1714079199.4990096,4.145055347018771
1714079199.4991224,4.101850368358471
1714079199.4992354,4.057477138660572
1714079199.4993484,4.008433553907606
1714079199.4994612,3.964060765725595
1714079199.4995742,3.9173523585001626
1714079199.499687,3.8683083322313094
1714079199.4998,3.818096937956633
1714079199.4999127,3.7667177341602462
1714079199.5000257,3.7048291277002403
1714079199.5001385,3.6464439498053656
1714079199.5002515,3.582219945059882
1714079199.5003645,3.510989745457967
1714079199.5004773,3.4409271346198187
1714079199.5005903,3.365026138446949
1714079199.500703,3.2902927310378463
1714079199.500816,3.213223925343266
1714079199.5009289,3.1349875308849193
1714079199.501042,3.0532479286193848
1714079199.5011547,2.9691729280683727
1714079199.5012677,2.8769239231392185
1714079199.5013804,2.7846749182100647
1714079199.5014935,2.6819165106172913
1714079199.5016065,2.5744873064535634
1714079199.5017192,2.4670581022898355
1714079199.5018322,2.3526227032696756
1714079199.501945,2.238187304249516
1714079199.502058,2.1202486974221686
1714079199.5021708,1.9999746923093442
1714079199.5022838,1.875029890625565
1714079199.5023966,1.7512527880845246
1714079199.5025096,1.6204693803080805
1714079199.5026226,1.4791766802469888
1714079199.5027354,1.3378838698069253
1714079199.5028484,1.195423470603095
1714079199.5029612,1.0412859695929066
1714079199.5030742,0.8906515108214483
1714079199.503187,0.7306754037185951
1714079199.5033,0.5718670509479664
1714079199.5034127,0.41305867058259466
1714079199.5035257,0.25308259107448433
1714079199.5036387,0.08610026841914212
1714079199.5037515,-0.07969876406369385
1714079199.5038645,-0.24081104331546357
1714079199.5039773,-0.41359812021255493
1714079199.5040903,-0.5817152835704662
1714079199.504203,-0.7591722740067376
1714079199.504316,-0.935461786058214
1714079199.5044289,-1.1105837645354093
1714079199.5045419,-1.2868733317763716
1714079199.5046546,-1.461995310253567
1714079199.5047677,-1.6324474855705542
1714079199.5048807,-1.8052345072781597
1714079199.5049934,-1.9733517258255568
1714079199.5051064,-2.1391338772243924
1714079199.5052192,-2.3060836173869945
1714079199.5053322,-2.47186576878583
1714079199.505445,-2.635312963415075
1714079199.505558,-2.799927746808087
1714079199.5056708,-2.9598723959039757
1714079199.5057838,-3.1174823089882175
1714079199.5058968,-3.271589676539103
1714079199.5060096,-3.418692173781218
1714079199.5061226,-3.558789800714563
1714079199.5062354,-3.696552470878318
1714079199.5063484,-3.8273100499753596
1714079199.5064611,-3.9533981570491084
1714079199.5065742,-4.079485822606969
1714079199.506687,-4.197401470608181
1714079199.5068,-4.312981941081859
1714079199.506913,-4.425060307538067
1714079199.5070257,-4.527798405400029
1714079199.5071387,-4.62703439924452
1714079199.5072515,-4.720432670028121
1714079199.5073645,-4.803323745727539
1714079199.5074773,-4.8803775398819536
1714079199.5075903,-4.9504262429696535
1714079199.507703,-5.0134702965065285
1714079199.507816,-5.074179172515869
1714079199.5079288,-5.126715589452672
1714079199.5080419,-5.1734151663603605
1714079199.5081549,-5.217779124224627
1714079199.5082676,-5.253971064532244
1714079199.5083807,-5.290163004839862
1714079199.5084934,-5.319349854080765
1714079199.5086064,-5.340364685765019
1714079199.5087192,-5.359044339921739
1714079199.5088322,-5.3707189030117455
1714079199.508945,-5.380059171605993
1714079199.509058,-5.384729085145173
1714079199.509171,-5.383561275623462
1714079199.5092838,-5.380059171605993
1714079199.5093968,-5.375388816550926
1714079199.5095096,-5.366048989472565
1714079199.5096226,-5.356709162394205
1714079199.5097353,-5.342699421776665
1714079199.5098484,-5.326354945147479
1714079199.5099611,-5.312345204529938
1714079199.5100741,-5.292497740851508
1714079199.5101871,-5.269148173155608
1714079199.5103,-5.244631237453884
1714079199.510413,-5.216611756218804
1714079199.5105257,-5.18625709745619
1714079199.5106387,-5.155902880209463
1714079199.5107515,-5.123213485435203
1714079199.5108645,-5.092858826672589
1714079199.5109773,-5.062504167909975
1714079199.5110903,-5.034484686674895
1714079199.5112033,-5.007632573445638
1714079199.511316,-4.980780901732268
1714079199.511429,-4.949258874963831
1714079199.5115418,-4.917736848195394
1714079199.5116549,-4.885047453421133
1714079199.5117676,-4.851190249125162
1714079199.5118806,-4.816166118339256
1714079199.5119934,-4.782308914043285
1714079199.5121064,-4.7531220648023815
1714079199.5122192,-4.725102583567301
1714079199.5123322,-4.695915734326397
1714079199.5124452,-4.6737335346363205
1714079199.512558,-4.64921615741871
1714079199.512671,-4.623531853711163
1714079199.5127838,-4.595512372476083
1714079199.5128968,-4.565157713713469
1714079199.5130095,-4.5348034964667425
1714079199.5131226,-4.505616205709952
1714079199.5132353,-4.472926810935691
1714079199.5133483,-4.443739961694788
1714079199.5134614,-4.421557762004711
1714079199.5135741,-4.39820819430881
1714079199.5136871,-4.376025994618733
1714079199.5138,-4.3596810764736595
1714079199.513913,-4.3328294047602895
1714079199.5140257,-4.307144659536856
1714079199.5141387,-4.277957810295953
1714079199.5142515,-4.247603151533339
1714079199.5143645,-4.214913756759078
1714079199.5144775,-4.183391729990641
1714079199.5145903,-4.151869703222204
1714079199.5147033,-4.121515485975477
1714079199.514816,-4.091160827212863
1714079199.514929,-4.0619739779719595
1714079199.5150418,-4.033954055220992
1714079199.5151548,-4.002432469968443
1714079199.5152676,-3.966240529660825
1714079199.5153806,-3.926546043819851
1714079199.5154934,-3.8786795404222274
1714079199.5156064,-3.8343151410420733
1714079199.5157194,-3.7864486376444497
1714079199.5158322,-3.736246956719292
1714079199.5159452,-3.689547600569548
1714079199.516058,-3.639345919644391
1714079199.516171,-3.5868092819496433
1714079199.5162838,-3.5366076010244862
1714079199.5163968,-3.479401049790559
1714079199.5165095,-3.417524805775395
1714079199.5166225,-3.3521457954689304
1714079199.5167356,-3.27976213561164
1714079199.5168483,-3.2038759302209923
1714079199.5169613,-3.1268221360665778
1714079199.517074,-3.045098428372983
1714079199.517187,-2.9610399846677424
1714079199.5173,-2.875813952198735
1714079199.517413,-2.790587919729727
1714079199.5175257,-2.6971894281881825
1714079199.5176387,-2.607293482179995
1714079199.5177517,-2.5068901203296803
1714079199.5178645,-2.4053193904735424
1714079199.5179775,-2.2990787470782243
1714079199.5180902,-2.1858330126161927
1714079199.5182033,-2.069084953378748
1714079199.518316,-1.9476672013600667
1714079199.518429,-1.82391416143488
1714079199.5185418,-1.7001613422676367
1714079199.5186548,-1.5717384991822418
1714079199.5187678,-1.440980699327257
1714079199.5188806,-1.309055421087477
1714079199.5189936,-1.1701252725389268
1714079199.5191064,-1.0288601672207867
1714079199.5192194,-0.8840926267482616
1714079199.5193322,-0.7311527375821714
1714079199.5194452,-0.5782127932265952
1714079199.519558,-0.41826803375173494
1714079199.519671,-0.25482081152774666
1714079199.5197837,-0.09370853227597695
1714079199.5198967,0.07325547436873117
1714079199.5200098,0.24023781772013061
1714079199.5201225,0.40371702225119976
1714079199.5202355,0.567196199187526
1714079199.5203483,0.7341785563362969
1714079199.5204613,0.8999931591528433
1714079199.520574,1.0716463680620545
1714079199.520687,1.243299466592294
1714079199.5207999,1.4161203746442441
1714079199.520913,1.5947797784098872
1714079199.521026,1.767600686461837
1714079199.5211387,1.9404214841348153
1714079199.5212517,2.107403896473072
1714079199.5213645,2.2732184992896185
1714079199.5214775,2.4331947167714434
1714079199.5215902,2.5884999169243703
1714079199.5217032,2.7461405153627747
1714079199.521816,2.9014457155157016
1714079199.521929,3.0544155173831515
1714079199.522042,3.2085531287723117
1714079199.5221548,3.3580199435905174
1714079199.5222678,3.5063189488870123
1714079199.5223806,3.6464439498053656
1714079199.5224936,3.7830657429165306
1714079199.5226064,3.912681561929208
1714079199.5227194,4.03529096532751
1714079199.5228322,4.153229572154857
1714079199.5229452,4.259490966796875
1714079199.523058,4.3669201709606025
1714079199.523171,4.4708459465592
1714079199.523284,4.567766189575195
1714079199.5233967,4.668188978124547
1714079199.5235097,4.753431567439327
1714079199.5236225,4.84451276284677
1714079199.5237355,4.9227493780630605
1714079199.5238483,4.991644400137441
1714079199.5239613,5.052365197075738
1714079199.524074,5.1095825654489015
1714079199.524187,5.16329738828871
1714079199.5243,5.2100057955141414
1714079199.5244129,5.249707787125199
1714079199.524526,5.289409778736255
1714079199.5246387,5.325608783298068
1714079199.5247517,5.358304800810637
1714079199.5248644,5.3828265931871195
1714079199.5249774,5.406180576041892
1714079199.5250902,5.421360775276466
1714079199.5252032,5.434205796983506
1714079199.5253162,5.441212212597882
1714079199.525429,5.443547390125415
1714079199.525542,5.441212212597882
1714079199.5256548,5.434205796983506
1714079199.5257678,5.429535000412552
1714079199.5258806,5.420193407270643
1714079199.5259936,5.410851814128734
1714079199.5261064,5.399174601943404
1714079199.5262194,5.385162212230541
1714079199.5263324,5.369982012995967
1714079199.5264452,5.351298385196261
1714079199.5265582,5.3326151989124435
1714079199.526671,5.309260774541784
1714079199.526784,5.288242410730432
1714079199.5268967,5.261384999310528
1714079199.5270097,5.235695397412335
1714079199.5271225,5.208837985992432
1714079199.5272355,5.184316193615948
1714079199.5273483,5.156290972674334
1714079199.5274613,5.130601370776141
1714079199.5275743,5.106079578399658
1714079199.527687,5.079222166979754
1714079199.5278,5.053532565081561
1714079199.5279129,5.024339976134123
1714079199.5280259,4.9998181837576405
1714079199.5281386,4.967122166245072
1714079199.5282516,4.939097386819345
1714079199.5283644,4.909904797871907
1714079199.5284774,4.8772087803593385
1714079199.5285904,4.849183559417725
1714079199.5287032,4.821158779991998
1714079199.5288162,4.796636987615514
1714079199.528929,4.7721151952390315
1714079199.529042,4.745257783819127
1714079199.5291548,4.723071168970178
1714079199.5292678,4.695046389544451
1714079199.5293806,4.668188978124547
1714079199.5294936,4.634325592606156
1714079199.5296066,4.606300371664542
1714079199.5297194,4.574772163673683
1714079199.5298324,4.543243955682825
1714079199.5299451,4.517554353784631
1714079199.5300581,4.4895295743589045
1714079199.530171,4.461504353417291
1714079199.530284,4.436982561040807
1714079199.5303967,4.40895778161508
1714079199.5305097,4.378597383145933
1714079199.5306225,4.344733556111653
1714079199.5307355,4.3120379801149715
1714079199.5308485,4.273503356509738
1714079199.5309613,4.233801364898682
1714079199.5310743,4.195266741293448
1714079199.531187,4.157900368725811
1714079199.5313,4.1205335546422885
1714079199.5314128,4.080831563031231
1714079199.5315259,4.041129571420175
1714079199.5316386,3.999091960765697
1714079199.5317516,3.953551363061975
1714079199.5318646,3.901004349743878
1714079199.5319774,3.8496251459474915
1714079199.5320904,3.788904349009196
1714079199.5322032,3.731686539120144
1714079199.5323162,3.668630343896371
1714079199.532429,3.605574148672598
1714079199.532542,3.5413501439271147
1714079199.5326548,3.4771261391816313
1714079199.5327678,3.4082313378651934
1714079199.5328808,3.335833328741568
1714079199.5329936,3.2622677308541754
1714079199.5331066,3.180528128588641
1714079199.5332193,3.097620716801396
1714079199.5333323,3.007707330915663
1714079199.5334451,2.9119551181793213
1714079199.5335581,2.816203126200923
1714079199.533671,2.718115515179104
1714079199.533784,2.617692505871808
1714079199.533897,2.5114311112297902
1714079199.5340097,2.402834097544352
1714079199.5341227,2.295404893380624
1714079199.5342355,2.1809694943604643
1714079199.5343485,2.0618632987693504
1714079199.5344613,1.9392538953710483
1714079199.5345743,1.8084704875946043
1714079199.534687,1.6765193806754217
1714079199.5348,1.5398974771852845
1714079199.5349128,1.398604777124193
1714079199.5350258,1.25847977620584
1714079199.5351388,1.112516169194822
1714079199.5352516,0.9665525621838039
1714079199.5353646,0.8170858577445701
1714079199.5354774,0.6699546067802994
1714079199.5355904,0.513481597105662
1714079199.5357032,0.3546732443350333
1714079199.5358162,0.1935294656841843
1714079199.535929,0.027714835272894964
1714079199.536042,-0.1392402582698398
1714079199.536155,-0.31202733516693115
1714079199.5362678,-0.4813119769096374
1714079199.5363808,-0.6576014889611138
1714079199.5364935,-0.8268861307038201
1714079199.5366066,-1.0020081643705014
1714079199.5367193,-1.1701252725389268
1714079199.5368323,-1.342912404625504
1714079199.536945,-1.5145319479483144
1714079199.537058,-1.6849840128863298
1714079199.5371711,-1.856603666588112
1714079199.537284,-2.0293906882957176
1714079199.537397,-2.20334529876709
1714079199.5375097,-2.370295038929692
1714079199.5376227,-2.5384121470981174
1714079199.5377355,-2.700691752963596
1714079199.5378485,-2.8583016660478378
1714079199.5379612,-3.0112416655929
1714079199.5380743,-3.159511530840838
1714079199.538187,-3.3089489848525435
1714079199.5383,-3.4478792437800654
1714079199.538413,-3.590311827483
1714079199.5385258,-3.7222372161017523
1714079199.5386388,-3.8576647087379734
1714079199.5387516,-3.9849201838175454
1714079199.5388646,-4.106337935836226
1714079199.5389774,-4.224253583837438
1714079199.5390904,-4.335164140771936
1714079199.5392032,-4.436734870628074
1714079199.5393162,-4.533635686945032
1714079199.5394292,-4.623531853711163
1714079199.539542,-4.707590297416404
1714079199.539655,-4.789314005109999
1714079199.5397677,-4.86403262173688
1714079199.5398808,-4.937583870357937
1714079199.5399935,-5.001795291900635
1714079199.5401065,-5.062504167909975
1714079199.5402193,-5.118543571896023
1714079199.5403323,-5.16757744329947
1714079199.5404453,-5.211941842679624
1714079199.540558,-5.248133782987241
1714079199.540671,-5.2796558097556785
1714079199.540784,-5.307675290990758
1714079199.540897,-5.326354945147479
1714079199.5410097,-5.3438672312983755
1714079199.5411227,-5.355541794388382
1714079199.5412354,-5.366048989472565
1714079199.5413485,-5.373054080539279
1714079199.5414612,-5.373054080539279
1714079199.5415742,-5.373054080539279
1714079199.5416873,-5.368384167000099
1714079199.5418,-5.360211707927562
1714079199.541913,-5.346201967310022
1714079199.5420258,-5.3333595946983055
1714079199.5421388,-5.314679940541585
1714079199.5422516,-5.292497740851508
1714079199.5423646,-5.270315982677318
1714079199.5424774,-5.243463869448061
1714079199.5425904,-5.220114301752161
1714079199.5427034,-5.19209482051708
1714079199.5428162,-5.169912620827003
1714079199.5429292,-5.143060507597746
1714079199.543042,-5.113873658356843
1714079199.543155,-5.089356281139232
1714079199.5432677,-5.061336799904152
1714079199.5433807,-5.028647405129892
1714079199.5434935,-4.9982927463672775
1714079199.5436065,-4.962101247575547
1714079199.5437195,-4.92590930726793
1714079199.5438323,-4.899057194038673
1714079199.5439453,-4.861697885725233
1714079199.544058,-4.836013140501799
1714079199.544171,-4.809161027272542
1714079199.5442839,-4.7858114595766414
1714079199.5443969,-4.757791978341562
1714079199.5445096,-4.728605129100658
1714079199.5446227,-4.700585647865577
1714079199.5447357,-4.6678958115754305
1714079199.5448484,-4.63637422632288
1714079199.5449615,-4.604852199554443
1714079199.5450742,-4.573330172786006
1714079199.5451872,-4.546478059556748
1714079199.5453,-4.521961123855025
1714079199.545413,-4.497443746637415
1714079199.5455258,-4.4764293564690485
1714079199.5456388,-4.453079788773148
1714079199.5457516,-4.429730221077247
1714079199.5458646,-4.404045475853814
1714079199.5459776,-4.3736908170912
1714079199.5460904,-4.34216923183865
1714079199.5462034,-4.309479395548502
1714079199.5463161,-4.282627723835132
1714079199.5464292,-4.2534404330783415
1714079199.546542,-4.225420951843262
1714079199.546655,-4.200904016141538
1714079199.5467677,-4.177554448445638
1714079199.5468807,-4.151869703222204
1714079199.5469937,-4.121515485975477
1714079199.5471065,-4.091160827212863
1714079199.5472195,-4.0561362549110695
1714079199.5473323,-4.021112124125162
1714079199.5474453,-3.9814176382841886
1714079199.547558,-3.9417231524432146
1714079199.547671,-3.9020291081181275
1714079199.5477839,-3.864669799804687
1714079199.5478969,-3.824975313963713
1714079199.5480099,-3.785280828122739
1714079199.5481226,-3.743251606270119
1714079199.5482357,-3.696552470878318
1714079199.5483484,-3.647518378716928
1714079199.5484614,-3.5914791954888234
1714079199.5485742,-3.533105276249073
1714079199.5486872,-3.4700612227121987
1714079199.5488,-3.402347476394088
1714079199.548913,-3.3381360548513905
1714079199.5490258,-3.268087131005746
1714079199.5491388,-3.199206016681812
1714079199.5492518,-3.1244871792969877
1714079199.5493646,-3.0486009739063404
1714079199.5494776,-2.971547179751926
1714079199.5495903,-2.8851537792770947
1714079199.5497034,-2.797592790038497
1714079199.5498161,-2.700691752963596
1714079199.5499291,-2.601455979877048
1714079199.550042,-2.49755029325132
1714079199.550155,-2.388974693086412
1714079199.550268,-2.281566460927327
1714079199.5503807,-2.1683209472232394
1714079199.5504937,-2.0550752127612077
1714079199.5506065,-1.9383273742817064
1714079199.5507195,-1.8192442478956998
1714079199.5508323,-1.6943239503436618
1714079199.5509453,-1.5647336288734717
1714079199.551058,-1.4316408722488967
1714079199.551171,-1.2950456804699366
1714079199.551284,-1.1514456183822066
1714079199.5513968,-1.0043431211400915
1714079199.5515099,-0.8549056119389004
1714079199.5516226,-0.7054681579271952
1714079199.5517356,-0.552528268761105
1714079199.5518484,-0.39725339523068176
1714079199.5519614,-0.2419785217002586
1714079199.5520742,-0.08787112655463042
1714079199.5521872,0.07325547436873117
1714079199.5523002,0.23323154007947003
1714079199.552413,0.4025492955137182
1714079199.552526,0.5718670509479664
1714079199.5526388,0.7446879589999164
1714079199.5527518,0.9198442101478576
1714079199.5528646,1.0914973638675831
1714079199.5529776,1.2654859710622717
1714079199.5530903,1.4359714808287443
1714079199.5532033,1.6052891810735066
1714079199.553316,1.771103783890053
1714079199.5534291,1.938086085849338
1714079199.5535421,2.101565290380407
1714079199.553655,2.268547702718664
1714079199.553768,2.435530115056921
1714079199.5538807,2.601344717873467
1714079199.5539937,2.7671593206900136
1714079199.5541065,2.9294707156993725
1714079199.5542195,3.0871115348957203
1714079199.5543323,3.2389135272414595
1714079199.5544453,3.382541735967
1714079199.5545583,3.5250021351708303
1714079199.554671,3.656953352468985
1714079199.554784,3.787736539487485
1714079199.5548968,3.9173523585001626
1714079199.5550098,4.042296939425998
1714079199.5551226,4.1660741523460105
1714079199.5552356,4.284012759173358
1714079199.5553484,4.39611275990804
1714079199.5554614,4.501206786544234
1714079199.5555744,4.601629575093587
1714079199.5556872,4.692710770501031
1714079199.5558002,4.777953359815809
1714079199.555913,4.855022165510389
1714079199.556026,4.926252365112305
1714079199.5561388,4.996315196708396
1714079199.5562518,5.057035993646692
1714079199.5563645,5.121259777634232
1714079199.5564775,5.177309778001573
1714079199.5565903,5.22985679131967
1714079199.5567033,5.276565198545103
1714079199.5568163,5.315099380634448
1714079199.556929,5.351298385196261
1714079199.5570421,5.376987987094455
1714079199.557155,5.400342411465115
1714079199.557268,5.416689978705512
1714079199.5573807,5.429535000412552
1714079199.5574937,5.443547390125415
1714079199.5576065,5.450553805739791
1714079199.5577195,5.455224602310746
1714079199.5578325,5.455224602310746
1714079199.5579453,5.454056792789035
1714079199.5580583,5.450553805739791
1714079199.558171,5.441212212597882
1714079199.558284,5.4330379874617964
1714079199.5583968,5.415522610699688
1714079199.5585098,5.399174601943404
1714079199.5586226,5.380490974143699
1714079199.5587356,5.36063997833817
1714079199.5588486,5.336118185961688
1714079199.5589614,5.316267190156159
1714079199.5590744,5.289409778736255
1714079199.5591872,5.264887986359772
1714079199.5593002,5.241534003505
1714079199.559413,5.21701176961263
1714079199.559526,5.1913226092303235
1714079199.5596387,5.16563300733213
1714079199.5597517,5.137607786390516
1714079199.5598648,5.110750374970612
1714079199.5599775,5.079222166979754
1714079199.5600905,5.048861768510606
1714079199.5602033,5.0185013700414585
1714079199.5603163,4.98814097157231
1714079199.560429,4.960116192146583
1714079199.560542,4.930923161683259
1714079199.5606549,4.906401369306776
1714079199.560768,4.880711767408583
1714079199.5608807,4.8561899750321
1714079199.5609937,4.829332563612196
1714079199.5611067,4.801307784186469
1714079199.5612195,4.773282563244854
1714079199.5613325,4.744089974297418
1714079199.5614452,4.713729575828269
1714079199.5615582,4.6857043548866555
1714079199.561671,4.655343956417507
1714079199.561784,4.62615136747007
1714079199.5618968,4.6039647526211205
1714079199.5620098,4.577107782717104
1714079199.5621228,4.5537533583464445
1714079199.5622356,4.525728578920718
1714079199.5623486,4.4988711675008135
1714079199.5624614,4.468510769031665
1714079199.5625744,4.433479573991563
1714079199.5626872,4.399615746957284
1714079199.5628002,4.362249374389648
1714079199.562913,4.3307211663987895
1714079199.563026,4.296857780880398
1714079199.563139,4.259490966796875
1714079199.5632517,4.230298377849437
1714079199.5633647,4.196434550815158
1714079199.5634775,4.160235546253346
1714079199.5635905,4.1205335546422885
1714079199.5637033,4.073825147416856
1714079199.5638163,4.032955346284089
1714079199.563929,3.9792409649601685
1714079199.564042,3.9301969386913154
1714079199.5641549,3.877650366889106
1714079199.5642679,3.8286063406202526
1714079199.564381,3.7748919592963324
1714079199.5644937,3.720009326934814
1714079199.5646067,3.6616241490399393
1714079199.5647194,3.603238750387121
1714079199.5648324,3.5390147456416376
1714079199.5649452,3.4701199443251998
1714079199.5650582,3.3942187273943865
1714079199.565171,3.313646934650562
1714079199.565284,3.236578128955982
1714079199.565397,3.150167730119493
1714079199.5655098,3.0625895217612937
1714079199.5656228,2.9785145212102817
1714079199.5657356,2.8850979275173607
1714079199.5658486,2.7940165113519737
1714079199.5659614,2.694761311566388
1714079199.5660744,2.593170713495325
1714079199.5661871,2.486909098095364
1714079199.5663002,2.3724736990752042
1714079199.5664132,2.259206109576755
1714079199.566526,2.1354288966567427
1714079199.566639,2.0128194932584407
1714079199.5667517,1.884371483767474
1714079199.5668647,1.7535881863700018
1714079199.5669775,1.6193016811653418
1714079199.5670905,1.4826797776752048
1714079199.5672033,1.3460578741850675
1714079199.5673163,1.2012619663167883
1714079199.567429,1.0541307705420033
1714079199.567542,0.9058317100560223
1714079199.567655,0.7493587555708708
1714079199.5677679,0.5893827036575034
1714079199.5678809,0.42590347153169134
1714079199.5679936,0.2612565678578836
1714079199.5681067,0.09427422450648414
1714079199.5682194,-0.07269388685623804
1714079199.5683324,-0.23847608654587354
1714079199.5684452,-0.4077607006938369
1714079199.5685582,-0.5747103580722102
1714079199.5686712,-0.7428275214301214
1714079199.568784,-0.9144471199424178
1714079199.568897,-1.0848992400699191
1714079199.5690098,-1.2600212185471145
1714079199.5691228,-1.4328083506336917
1714079199.5692356,-1.6090978074956823
1714079199.5693486,-1.7795499828126695
1714079199.5694613,-1.9500021581296567
1714079199.5695744,-2.122789179837262
1714079199.5696874,-2.2862363744665073
1714079199.5698001,-2.4508511578595193
1714079199.5699131,-2.608460850185818
1714079199.570026,-2.7672381312758834
1714079199.570139,-2.923680676354302
1714079199.5702517,-3.0766204551414207
1714079199.5703647,-3.2318954114560725
1714079199.5704775,-3.381332865467778
1714079199.5705905,-3.527267773946126
1714079199.5707035,-3.669700357649061
1714079199.5708163,-3.8039604822794595
1714079199.5709293,-3.934718502892388
1714079199.571042,-4.0561362549110695
1714079199.571155,-4.172884534906458
1714079199.5712678,-4.283795091840956
1714079199.5713809,-4.390035735236274
1714079199.5714936,-4.495109010625768
1714079199.5716066,-4.590842458936903
1714079199.5717194,-4.6842407297205035
1714079199.5718324,-4.770634350953278
1714079199.5719454,-4.852358058646873
1714079199.5720582,-4.927076675273754
1714079199.5721712,-4.993622832828097
1714079199.572284,-5.055499518359149
1714079199.572397,-5.109203744817663
1714079199.5725098,-5.158237616221109
1714079199.5726228,-5.199099470067907
1714079199.5727355,-5.235291410375524
1714079199.5728486,-5.267980805149785
1714079199.5729616,-5.297167654390688
1714079199.5730743,-5.3228523996141215
1714079199.5731874,-5.339197317759195
1714079199.5733001,-5.356709162394205
1714079199.5734131,-5.367216798994276
1714079199.573526,-5.373054080539279
1714079199.573639,-5.378891362084282
1714079199.5737517,-5.374221448545103
1714079199.5738647,-5.3707189030117455
1714079199.5739777,-5.361379075933385
1714079199.5740905,-5.348537144837556
1714079199.5742035,-5.3333595946983055
1714079199.5743163,-5.314679940541585
1714079199.5744293,-5.297167654390688
1714079199.574542,-5.277320632228145
1714079199.574655,-5.259808346077247
1714079199.5747678,-5.239961323914704
1714079199.5748808,-5.216611756218804
1714079199.5749936,-5.188592274983724
1714079199.5751066,-5.161740161754467
1714079199.5752196,-5.132553312513563
1714079199.5753324,-5.098696108217593
1714079199.5754454,-5.0671740814491555
1714079199.5755582,-5.032149950663248
1714079199.5756712,-5.000627923894811
1714079199.575784,-4.969105897126374
1714079199.575897,-4.93991904788547
1714079199.5760098,-4.9130669346562135
1714079199.5761228,-4.885047453421133
1714079199.5762358,-4.857027972186053
1714079199.5763485,-4.824338577411792
1714079199.5764616,-4.791648741121645
1714079199.5765743,-4.761294523874918
1714079199.5766873,-4.727437319578947
1714079199.5768,-4.693580556798864
1714079199.576913,-4.660891162024604
1714079199.577026,-4.63520641680117
1714079199.577139,-4.6095221130936235
1714079199.577252,-4.586172545397723
1714079199.5773647,-4.568660259246826
1714079199.5774777,-4.544143323545103
1714079199.5775905,-4.517291210315845
1714079199.5777035,-4.4927738330982345
1714079199.5778162,-4.462419615851508
1714079199.5779293,-4.430897589083071
1714079199.578042,-4.405212843859637
1714079199.578155,-4.3736908170912
1714079199.578268,-4.350341249395299
1714079199.5783808,-4.325824313693576
1714079199.5784938,-4.305977291531033
1714079199.5786066,-4.283795091840956
1714079199.5787196,-4.260445524145055
1714079199.5788324,-4.231258233388265
1714079199.5789454,-4.203238752153184
1714079199.5790582,-4.172884534906458
1714079199.5791712,-4.135525226593018
1714079199.579284,-4.10283539030287
1714079199.579397,-4.06664389151114
1714079199.57951,-4.031619319209346
1714079199.5796227,-3.9989299244350853
1714079199.5797358,-3.9674078976666483
1714079199.5798485,-3.934718502892388
1714079199.5799615,-3.8973591945789474
1714079199.5800743,-3.8564973407321506
1714079199.5801873,-3.810965573346173
1714079199.5803,-3.7630990699485496
1714079199.580413,-3.7093948434900352
1714079199.580526,-3.654523249025698
1714079199.580639,-3.5973166977917703
1714079199.580752,-3.540110146557843
1714079199.5808647,-3.4840711840876826
1714079199.5809777,-3.426864632853755
1714079199.5810905,-3.3649881680806475
1714079199.5812035,-3.3042790713133634
1714079199.5813162,-3.2342303682256626
1714079199.5814292,-3.159511530840838
1714079199.5815423,-3.0859602822197805
1714079199.581655,-3.003069206520363
1714079199.581768,-2.9166755852875883
1714079199.5818808,-2.8302821848127575
1714079199.5819938,-2.74038623880457
1714079199.5821066,-2.645820379257202
1714079199.5822196,-2.5524218877156573
1714079199.5823324,-2.4555210713986995
1714079199.5824454,-2.353950120784618
1714079199.5825582,-2.2477094773893
1714079199.5826712,-2.1367989204548024
1714079199.5827842,-2.0200508612173573
1714079199.582897,-1.8998004772044994
1714079199.58301,-1.7725451125038993
1714079199.5831227,-1.6417873126489144
1714079199.5832357,-1.5075270776395444
1714079199.5833485,-1.3732668426301744
1714079199.5834615,-1.2366716508512143
1714079199.5835743,-1.0965740239178692
1714079199.5836873,-0.9518064834453441
1714079199.5838003,-0.807038942972819
1714079199.583913,-0.6587689673459088
1714079199.584026,-0.5081639797599227
1714079199.5841389,-0.3540566122090375
1714079199.5842519,-0.2011167092455758
1714079199.5843647,-0.032999559685035984
1714079199.5844777,0.12813777559333375
1714079199.5845904,0.29628781808747184
1714079199.5847034,0.46560554592697706
1714079199.5848165,0.6302525047902707
1714079199.5849292,0.7960671076068171
1714079199.5850422,0.9583785578056617
1714079199.585155,1.1253609701439187
1714079199.585268,1.2900078738177263
1714079199.5853808,1.4546547774915342
1714079199.5854938,1.6239724777362963
1714079199.5856066,1.797961084930985
1714079199.5857196,1.9661110860330087
1714079199.5858326,2.136596706178453
1714079199.5859454,2.3024113089949996
1714079199.5860584,2.4658905135260687
1714079199.5861712,2.6246989214861833
1714079199.5862842,2.7788363121174
1714079199.586397,2.9283031269356052
1714079199.58651,3.0777697209958674
1714079199.5866227,3.2225657392431186
1714079199.5867357,3.368529125496193
1714079199.5868485,3.510989745457967
1714079199.5869615,3.65111474637632
1714079199.5870745,3.788904349009196
1714079199.5871873,3.9231909645928273
1714079199.5873003,4.049303355040373
1714079199.587413,4.169577139395255
1714079199.587526,4.280509772124113
1714079199.5876389,4.38560335724442
1714079199.5877519,4.48602658730966
1714079199.5878646,4.579442960244638
1714079199.5879776,4.670524155652081
1714079199.5880907,4.756934996004458
1714079199.5882034,4.8410097757975254
1714079199.5883164,4.920414200535527
1714079199.5884292,4.993979577664976
1714079199.5885422,5.058203803168403
1714079199.588655,5.121259777634232
1714079199.588768,5.170303803903085
1714079199.5888808,5.215844401606807
1714079199.5889938,5.259049380267108
1714079199.5891068,5.292913207301387
1714079199.5892196,5.3232736057705345
1714079199.5893326,5.352466194717972
1714079199.5894454,5.376987987094455
1714079199.5895584,5.399174601943404
1714079199.5896711,5.417857788227222
1714079199.5897841,5.431870177940086
1714079199.589897,5.438876593554461
1714079199.59001,5.445883009168837
1714079199.5901227,5.444715199647126
1714079199.5902357,5.440044403076172
1714079199.5903487,5.434205796983506
1714079199.5904615,5.424864203841597
1714079199.5905745,5.412019182134557
1714079199.5906873,5.400342411465115
1714079199.5908003,5.38165878366541
1714079199.590913,5.366478584430835
1714079199.591026,5.345459779103597
1714079199.5911388,5.325608783298068
1714079199.5912519,5.30692559701425
1714079199.5913649,5.284738982165301
1714079199.5914776,5.257881570745397
1714079199.5915906,5.234527587890625
1714079199.5917034,5.205334998943187
1714079199.5918164,5.179645397044994
1714079199.5919292,5.151620176103379
1714079199.5920422,5.121259777634232
1714079199.592155,5.0955701757360385
1714079199.592268,5.067545396310312
1714079199.592381,5.038352365846987
1714079199.5924938,5.016166192513925
1714079199.5926068,4.990476590615732
1714079199.5927196,4.9636191791958275
1714079199.5928326,4.9367617677759235
1714079199.5929453,4.907569178828487
1714079199.5930583,4.878376589881049
1714079199.5931711,4.846848381890191
1714079199.5932841,4.815320173899332
1714079199.5933971,4.7861275849518945
1714079199.59351,4.758102364010281
1714079199.593623,4.730077584584554
1714079199.5937357,4.705555792208071
1714079199.5938487,4.679866190309878
1714079199.5939615,4.656511765939218
1714079199.5940745,4.6308221640410245
1714079199.5941873,4.602797384615298
1714079199.5943003,4.575939973195394
1714079199.594413,4.546747384247956
1714079199.594526,4.516386985778809
1714079199.594639,4.487193955315484
1714079199.5947518,4.454498379318802
1714079199.5948648,4.428808777420609
1714079199.5949776,4.401951366000705
1714079199.5950906,4.375093954580802
1714079199.5952034,4.347069175155074
1714079199.5953164,4.315540967164216
1714079199.5954292,4.281677581645824
1714079199.5955422,4.243142958040591
1714079199.5956552,4.202273156907823
1714079199.595768,4.157900368725811
1714079199.595881,4.115862758071334
1714079199.5959938,4.071489969889322
1714079199.5961068,4.028284549713135
1714079199.5962195,3.9850795710528337
1714079199.5963326,3.9395385318332248
1714079199.5964453,3.893997934129503
1714079199.5965583,3.839115743283872
1714079199.5966713,3.787736539487485
1714079199.596784,3.725847933027479
1714079199.5968971,3.662791737803706
1714079199.59701,3.5985677330582226
1714079199.597123,3.5273375334563077
1714079199.5972357,3.45844273213987
1714079199.5973487,3.3872125325379545
1714079199.5974615,3.314814523414329
1714079199.5975745,3.2412489255269366
1714079199.5976872,3.159509323261402
1714079199.5978003,3.0754343227103904
1714079199.5979133,2.9890239238739014
1714079199.598026,2.8956073301809804
1714079199.598139,2.7975197191591614
1714079199.5982518,2.6924259132809105
1714079199.5983648,2.5849967091171826
1714079199.5984776,2.4775675049534547
1714079199.5985906,2.366635313740483
1714079199.5987034,2.251032105198613
1714079199.5988164,2.134261307892976
1714079199.5989294,2.0128194932584407
1714079199.5990422,1.890210089860139
1714079199.5991552,1.7629298898908825
1714079199.599268,1.627475685543484
1714079199.599381,1.4885183837678697
1714079199.5994937,1.3483932724705447
1714079199.5996068,1.2000942671740495
1714079199.5997195,1.049459863592077
1714079199.5998325,0.8964900617246274
1714079199.5999455,0.7411848063822145
1714079199.6000583,0.5847118518970631
1714079199.6001713,0.4247357723889527
1714079199.600284,0.26359196614336083
1714079199.600397,0.10244818749251189
1714079199.60051,-0.06335404598050647
1714079199.600623,-0.23263866702715555
1714079199.6007357,-0.4042582655394519
1714079199.6008487,-0.5793803268008761
1714079199.6009614,-0.7545023052780716
1714079199.6010745,-0.9319593509038289
1714079199.6011875,-1.1117512429202043
1714079199.6013002,-1.2833708966219866
1714079199.6014132,-1.457325396714387
1714079199.601526,-1.6289450504161693
1714079199.601639,-1.7970621585845945
1714079199.6017518,-1.966346855516787
1714079199.6018648,-2.1332963749214455
1714079199.6019776,-2.3002461150840476
1714079199.6020906,-2.468363223252473
1714079199.6022036,-2.6318104178817183
1714079199.6023164,-2.795257833268907
1714079199.6024294,-2.9587050278981524
1714079199.6025422,-3.112812395449038
1714079199.6026552,-3.263417217466566
1714079199.602768,-3.411687303472448
1714079199.602881,-3.5517849304057934
1714079199.6029937,-3.687212643799958
1714079199.6031067,-3.821472768430356
1714079199.6032197,-3.947560875504105
1714079199.6033325,-4.073648541061966
1714079199.6034455,-4.193898925074825
1714079199.6035583,-4.308312027542679
1714079199.6036713,-4.422725130010534
1714079199.603784,-4.528965773405852
1714079199.603897,-4.6258665897228095
1714079199.6040099,-4.716930124494764
1714079199.6041229,-4.797486464182535
1714079199.604236,-4.878042362354419
1714079199.6043487,-4.94809106544212
1714079199.6044617,-5.0134702965065285
1714079199.6045744,-5.075346540521692
1714079199.6046875,-5.1313855029918525
1714079199.6048002,-5.18158718391701
1714079199.6049132,-5.225951583297164
1714079199.605026,-5.266813437143961
1714079199.605139,-5.301837567929868
1714079199.6052518,-5.332192226692482
1714079199.6053648,-5.357876971915916
1714079199.6054778,-5.3707189030117455
1714079199.6055906,-5.384729085145173
1714079199.6057036,-5.394068912223533
1714079199.6058164,-5.398738825762713
1714079199.6059294,-5.3917337346959995
1714079199.6060421,-5.390566366690176
1714079199.6061552,-5.382393907617639
1714079199.606268,-5.369551535005923
1714079199.606381,-5.361379075933385
1714079199.606494,-5.346201967310022
1714079199.6066067,-5.327522313153302
1714079199.6067197,-5.311177836524116
1714079199.6068325,-5.287827827312328
1714079199.6069455,-5.260976155598958
1714079199.6070583,-5.235291410375524
1714079199.6071713,-5.20610456113462
1714079199.607284,-5.178085079899541
1714079199.607397,-5.147730421136926
1714079199.60751,-5.117375762374312
1714079199.6076229,-5.090523649145055
1714079199.6077359,-5.063671977431685
1714079199.6078486,-5.036819864202428
1714079199.6079617,-5.009967750973171
1714079199.6080744,-4.978445724204734
1714079199.6081874,-4.945756329430474
1714079199.6083002,-4.91540167066786
1714079199.6084132,-4.879209730360243
1714079199.608526,-4.847688145107693
1714079199.608639,-4.812663572805898
1714079199.608752,-4.778806810025816
1714079199.6088648,-4.7531220648023815
1714079199.6089778,-4.726269951573125
1714079199.6090906,-4.699417838343868
1714079199.6092036,-4.678403448175501
1714079199.6093163,-4.648048789412886
1714079199.6094294,-4.62236448570534
1714079199.6095421,-4.595512372476083
1714079199.6096551,-4.5616551681801125
1714079199.6097682,-4.532468318939209
1714079199.609881,-4.499778924164948
1714079199.609994,-4.474094178941514
1714079199.6101067,-4.450744611245614
1714079199.6102197,-4.422725130010534
1714079199.6103325,-4.406380653381348
1714079199.6104455,-4.38419845369127
1714079199.6105583,-4.3596810764736595
1714079199.6106713,-4.336331508777759
1714079199.6107843,-4.303642114003499
1714079199.610897,-4.273287896756773
1714079199.61101,-4.2429332379941584
1714079199.6111228,-4.209076475214075
1714079199.6112359,-4.182224361984818
1714079199.6113486,-4.151869703222204
1714079199.6114616,-4.1226828539813
1714079199.6115744,-4.09816547676369
1714079199.6116874,-4.068978627522786
1714079199.6118004,-4.038623968760172
1714079199.6119132,-4.002432469968443
1714079199.6120262,-3.9639053521332914
1714079199.612139,-3.924211307808205
1714079199.612252,-3.881014276433874
1714079199.6123648,-3.8343151410420733
1714079199.6124778,-3.787616005650273
1714079199.6125906,-3.7420842382642956
1714079199.6127036,-3.695385102872495
1714079199.6128163,-3.649853335486518
1714079199.6129293,-3.5961491090280036
1714079199.6130424,-3.542445103327433
1714079199.6131551,-3.4852385520935054
1714079199.6132681,-3.421027130550808
1714079199.613381,-3.3544807522385205
1714079199.613494,-3.278594546847873
1714079199.6136067,-3.2027083414572255
1714079199.6137197,-3.125654547302811
1714079199.6138325,-3.0462660171367504
1714079199.6139455,-2.9657098982069225
1714079199.6140585,-2.883986190513328
1714079199.6141713,-2.7964252012747304
1714079199.6142843,-2.7065292552665428
1714079199.614397,-2.613130763724998
1714079199.61451,-2.510392665863037
1714079199.6146228,-2.4088217152489553
1714079199.6147358,-2.2990787470782243
1714079199.6148486,-2.1834980558466026
1714079199.6149616,-2.066749996609158
1714079199.6150746,-1.9464996125962999
1714079199.6151874,-1.82391416143488
1714079199.6153004,-1.7001613422676367
1714079199.6154132,-1.5717384991822418
1714079199.6155262,-1.443315656096847
1714079199.615639,-1.3125578562418618
1714079199.615752,-1.172460229308517
1714079199.6158648,-1.0323626023751717
1714079199.6159778,-0.8852601051330565
1714079199.6160905,-0.7334876943517614
1714079199.6162035,-0.5805478051856712
1714079199.6163166,-0.42410542567571
1714079199.6164293,-0.26299316022131175
1714079199.6165423,-0.10655080830609356
1714079199.616655,0.055739842355251305
1714079199.6167681,0.216883627904786
1714079199.616881,0.3780274203530064
1714079199.616994,0.5391711990038554
1714079199.6171067,0.7049858570098877
1714079199.6172197,0.8731358581119113
1714079199.6173327,1.0424536687356454
1714079199.6174455,1.2152744664086235
1714079199.6175585,1.389263073603312
1714079199.6176713,1.562083981655262
1714079199.6177843,1.7360725888499506
1714079199.617897,1.9030548908092357
1714079199.61801,2.0700373031474926
1714079199.6181228,2.232348698156851
1714079199.6182358,2.3899892965952554
1714079199.6183488,2.5511331028408475
1714079199.6184616,2.708773922037195
1714079199.6185746,2.865246710953889
1714079199.6186874,3.0240551189140037
1714079199.6188004,3.177024920781453
1714079199.6189132,3.3288271338851363
1714079199.6190262,3.4771261391816313
1714079199.619139,3.614915741814507
1714079199.619252,3.7480345478764283
1714079199.619365,3.874146938323974
1714079199.6194777,3.9944211641947427
1714079199.6195908,4.11119196150038
1714079199.6197035,4.222124152713351
1714079199.6198165,4.32955335687708
1714079199.6199293,4.436982561040807
1714079199.6200423,4.539740968633581
1714079199.620155,4.6378285796554
1714079199.620268,4.728909775062843
1714079199.6203809,4.814152364377622
1714079199.620494,4.891221170072202
1714079199.620607,4.9636191791958275
1714079199.6207197,5.025507785655834
1714079199.6208327,5.08622858259413
1714079199.6209455,5.137607786390516
1714079199.6210585,5.188986990186903
1714079199.6211712,5.2368632069340455
1714079199.6212842,5.278900376072636
1714079199.621397,5.31743499967787
1714079199.62151,5.348963207668728
1714079199.621623,5.3781557966161655
1714079199.6217358,5.399174601943404
1714079199.6218488,5.413186991656268
1714079199.6219616,5.427199381369131
1714079199.6220746,5.434205796983506
1714079199.6221874,5.434205796983506
1714079199.6223004,5.436541416026928
1714079199.6224132,5.435373606505217
1714079199.6225262,5.4283671908908415
1714079199.6226392,5.421360775276466
1714079199.622752,5.410851814128734
1714079199.622865,5.398006792421694
1714079199.6229777,5.3874973897580745
1714079199.6230907,5.369982012995967
1714079199.6232035,5.351298385196261
1714079199.6233165,5.330279579869023
1714079199.6234293,5.308093406535961
1714079199.6235423,5.284738982165301
1714079199.623655,5.261384999310528
1714079199.623768,5.231024600841381
1714079199.623881,5.2100057955141414
1714079199.6239939,5.180813206566705
1714079199.624107,5.1504528080975565
1714079199.6242197,5.128266193248607
1714079199.6243327,5.102576591350414
1714079199.6244454,5.073384002402976
1714079199.6245584,5.048861768510606
1714079199.6246712,5.019669179563169
1714079199.6247842,4.992811768143265
1714079199.6248972,4.960116192146583
1714079199.62501,4.93442659024839
1714079199.625123,4.901730572735821
1714079199.6252358,4.878376589881049
1714079199.6253488,4.850351368939434
1714079199.6254616,4.825829576562952
1714079199.6255746,4.803642961714003
1714079199.6256874,4.777953359815809
1714079199.6258004,4.753431567439327
1714079199.6259134,4.730077584584554
1714079199.6260262,4.70205236364294
1714079199.6261392,4.668188978124547
1714079199.626252,4.643667185748065
1714079199.626365,4.612138977757207
1714079199.6264777,4.581778579288058
1714079199.6265907,4.556088977389865
1714079199.6267035,4.528063756448251
1714079199.6268165,4.502374154550058
1714079199.6269293,4.479020171695285
1714079199.6270423,4.449827582747847
1714079199.6271553,4.420634552284523
1714079199.627268,4.389106344293665
1714079199.627381,4.351739971726029
1714079199.6274939,4.320211763735171
1714079199.6276069,4.280509772124113
1714079199.6277196,4.24197514851888
1714079199.6278327,4.206943953478778
1714079199.6279454,4.173080567960386
1714079199.6280584,4.131042957305908
1714079199.6281714,4.098346939793339
1714079199.6282842,4.058644948182282
1714079199.6283972,4.014272160000271
1714079199.62851,3.9675637527748386
1714079199.628623,3.916184548978452
1714079199.6287358,3.8601345486111107
1714079199.6288488,3.8064201672871905
1714079199.6289616,3.7445315608271845
1714079199.6290746,3.6873137509381326
1714079199.6291876,3.6277605427636037
1714079199.6293004,3.564704347539831
1714079199.6294134,3.5004803427943476
1714079199.6295261,3.4315855414779097
1714079199.6296391,3.3603553418759944
1714079199.629752,3.2867895232306585
1714079199.629865,3.203882332201357
1714079199.6299777,3.118639522128635
1714079199.6300907,3.0310615345283787
1714079199.6302037,2.9364771313137474
1714079199.6303165,2.841892728099116
1714079199.6304295,2.7461405153627747
1714079199.6305423,2.6422145190062345
1714079199.6306553,2.540623700177228
1714079199.630768,2.4366977038206876
1714079199.630881,2.3234298935642945
1714079199.6309938,2.211329892829612
1714079199.6311069,2.0875529006675437
1714079199.6312196,1.9614402894620542
1714079199.6313326,1.8329923903500591
1714079199.6314456,1.698705885145399
1714079199.6315584,1.558580884227046
1714079199.6316714,1.4231266798796476
1714079199.6317842,1.281833869439584
1714079199.6318972,1.1370380719502766
1714079199.63201,0.9957452615102131
1714079199.632123,0.8474463114032038
1714079199.6322358,0.6968118526317455
1714079199.6323488,0.5426743516215571
1714079199.6324618,0.38386597125618543
1714079199.6325746,0.22388987795070364
1714079199.6326876,0.05924296737821014
1714079199.6328003,-0.10771829358957431
1714079199.6329134,-0.27466797166400486
1714079199.6330261,-0.4451200641967632
1714079199.6331391,-0.6132371999599315
1714079199.633252,-0.7801868849330478
1714079199.633365,-0.952973961830139
1714079199.633478,-1.1199235916137695
1714079199.6335907,-1.2915432453155518
1714079199.6337037,-1.463162788638362
1714079199.6338165,-1.6324474855705542
1714079199.6339295,-1.8075694640477498
1714079199.6340423,-1.97918900737056
1714079199.6341553,-2.1531436178419323
1714079199.634268,-2.3247632715437145
1714079199.634381,-2.48821046617296
1714079199.6344938,-2.651657660802205
1714079199.6346068,-2.8104349418922707
1714079199.6347198,-2.966877266212746
1714079199.6348326,-3.1174823089882175
1714079199.6349456,-3.264584806230333
1714079199.6350584,-3.415189849005805
1714079199.6351714,-3.554119887175383
1714079199.6352842,-3.700055016411675
1714079199.6353972,-3.83314777303625
1714079199.63551,-3.9639053521332914
1714079199.635623,-4.0888256496853295
1714079199.635736,-4.205573929680718
1714079199.6358488,-4.318819222626862
1714079199.6359618,-4.422725130010534
1714079199.6360745,-4.523128491860849
1714079199.6361876,-4.615359394638626
1714079199.6363003,-4.704087751883048
1714079199.6364133,-4.786978827582465
1714079199.636526,-4.86403262173688
1714079199.636639,-4.93875123836376
1714079199.6367521,-5.006465205439815
1714079199.636865,-5.069509258976689
1714079199.636978,-5.122045675913492
1714079199.6370907,-5.169912620827003
1714079199.6372037,-5.213109210685447
1714079199.6373165,-5.248133782987241
1714079199.6374295,-5.2796558097556785
1714079199.6375422,-5.304172745457402
1714079199.6376553,-5.326354945147479
1714079199.6377683,-5.3438672312983755
1714079199.637881,-5.359044339921739
1714079199.637994,-5.368384167000099
1714079199.6381068,-5.374221448545103
1714079199.6382198,-5.380059171605993
1714079199.6383326,-5.377723994078459
1714079199.6384456,-5.376556626072636
1714079199.6385584,-5.366048989472565
1714079199.6386714,-5.353207058376736
1714079199.6387842,-5.336862140231662
1714079199.6388972,-5.320517663602476
1714079199.6390102,-5.299502831918222
1714079199.639123,-5.274985896216498
1714079199.639236,-5.253971064532244
1714079199.6393487,-5.225951583297164
1714079199.6394618,-5.203769383607087
1714079199.6395745,-5.178085079899541
1714079199.6396875,-5.153567702681929
1714079199.6398003,-5.1255482214468495
1714079199.6399133,-5.0940261946784124
1714079199.6400263,-5.063671977431685
1714079199.640139,-5.029814773135715
1714079199.640252,-4.995958010355631
1714079199.640365,-4.958598702042191
1714079199.640478,-4.927076675273754
1714079199.6405907,-4.894387280499493
1714079199.6407037,-4.86403262173688
1714079199.6408165,-4.8383483180293325
1714079199.6409295,-4.810328395278365
1714079199.6410425,-4.786978827582465
1714079199.6411552,-4.756624610335738
1714079199.6412683,-4.726269951573125
1714079199.641381,-4.6947479248046875
1714079199.641494,-4.66322589803625
1714079199.6416068,-4.634039048795347
1714079199.6417198,-4.603684390032733
1714079199.6418326,-4.576832718319363
1714079199.6419456,-4.552315341101752
1714079199.6420584,-4.5301331414116754
1714079199.6421714,-4.512621296776666
1714079199.6422844,-4.488103919559054
1714079199.6423972,-4.462419615851508
1714079199.6425102,-4.439070048155608
1714079199.642623,-4.408715389392993
1714079199.642736,-4.379528540152091
1714079199.6428487,-4.348006513383653
1714079199.6429617,-4.319987032148573
1714079199.6430745,-4.288465005380136
1714079199.6431875,-4.267450173695882
1714079199.6433005,-4.241765869988336
1714079199.6434133,-4.217248492770724
1714079199.6435263,-4.192731557069001
1714079199.643639,-4.163544707828097
1714079199.643752,-4.13202268105966
1714079199.6438649,-4.09816547676369
1714079199.6439779,-4.0619739779719595
1714079199.6440907,-4.022279492130986
1714079199.6442037,-3.982585006290012
1714079199.6443167,-3.947560875504105
1714079199.6444294,-3.9113689351964878
1714079199.6445425,-3.8705070813496905
1714079199.6446552,-3.83314777303625
1714079199.6447682,-3.7922859191894527
1714079199.644881,-3.749088887815122
1714079199.644994,-3.7012223844174983
1714079199.6451068,-3.644015833183571
1714079199.6452198,-3.59264678425259
1714079199.6453328,-3.527267773946126
1714079199.6454456,-3.4688938547063755
1714079199.6455586,-3.402347476394088
1714079199.6456714,-3.3369684660876238
1714079199.6457844,-3.27275726530287
1714079199.6458972,-3.2038759302209923
1714079199.6460102,-3.1349945951391147
1714079199.646123,-3.059108389748467
1714079199.646236,-2.977384682054873
1714079199.6463487,-2.893326017591688
1714079199.6464617,-2.8045976603472673
1714079199.6465747,-2.7065292552665428
1714079199.6466875,-2.608460850185818
1714079199.6468005,-2.5045551635600902
1714079199.6469133,-2.4041518017097756
1714079199.6470263,-2.2955762015448675
1714079199.647139,-2.1858330126161927
1714079199.647252,-2.0737550876758717
1714079199.6473649,-1.9546720716688366
1714079199.6474779,-1.8355890556618017
1714079199.6475909,-1.709501169345997
1714079199.6477036,-1.5799108478758068
1714079199.6478167,-1.440980699327257
1714079199.6479294,-1.3008830723939118
1714079199.6480424,-1.1561155319213867
1714079199.6481552,-1.0090130346792714
1714079199.6482682,-0.8595755254780804
1714079199.648381,-0.7089705930815802
1714079199.648494,-0.55603070391549
1714079199.648607,-0.40309078715465685
1714079199.6487198,-0.24781591362423366
1714079199.6488328,-0.09137356860770118
1714079199.6489456,0.07325547436873117
1714079199.6490586,0.23556696595969023
1714079199.6491714,0.4072201472741586
1714079199.6492844,0.5753702035656681
1714079199.6493971,0.7493587555708708
1714079199.6495101,0.9210119092905962
1714079199.649623,1.0926650630103216
1714079199.649736,1.2608151744913172
1714079199.649849,1.4289651755933408
1714079199.6499617,1.5947797784098872
1714079199.6500747,1.761762190748144
1714079199.6501875,1.9275766831857186
1714079199.6503005,2.092223697238498
1714079199.6504133,2.262709096625999
1714079199.6505263,2.426188301157068
1714079199.650639,2.5966739213025125
1714079199.650752,2.7601531258335816
1714079199.650865,2.918961313035753
1714079199.6509778,3.0742667339466236
1714079199.6510909,3.224901137528596
1714079199.6512036,3.368529125496193
1714079199.6513166,3.5063189488870123
1714079199.6514294,3.641772932476467
1714079199.6515424,3.7748919592963324
1714079199.6516552,3.9091781333640765
1714079199.6517682,4.042296939425998
1714079199.6518812,4.1660741523460105
1714079199.651994,4.287515746222602
1714079199.652107,4.399615746957284
1714079199.6522198,4.505877583115189
1714079199.6523328,4.6039647526211205
1714079199.6524456,4.696213757550274
1714079199.6525586,4.78028897885923
1714079199.6526713,4.85735778455381
1714079199.6527843,4.93442659024839
1714079199.6528971,5.002153802801061
1714079199.6530101,5.0687127643161345
1714079199.6531231,5.128266193248607
1714079199.653236,5.186651371143482
1714079199.653349,5.235695397412335
1714079199.6534617,5.281235995116057
1714079199.6535747,5.3186028091995805
1714079199.6536875,5.347795398147017
1714079199.6538005,5.375820177572744
1714079199.6539133,5.39450380537245
1714079199.6540263,5.4143548011779785
1714079199.6541393,5.4236963943198875
1714079199.654252,5.438876593554461
1714079199.654365,5.445883009168837
1714079199.6544778,5.44821818669637
1714079199.6545908,5.452888983267324
1714079199.6547036,5.450553805739791
1714079199.6548166,5.444715199647126
1714079199.6549294,5.434205796983506
1714079199.6550424,5.424864203841597
1714079199.6551554,5.407348385563603
1714079199.6552682,5.393335995850739
1714079199.6553812,5.373485000045211
1714079199.655494,5.351298385196261
1714079199.655607,5.330279579869023
1714079199.6557198,5.308093406535961
1714079199.6558328,5.285906791687012
1714079199.6559455,5.263720176838062
1714079199.6560585,5.239198384461579
1714079199.6561716,5.21934738865605
1714079199.6562843,5.190154799708614
1714079199.6563973,5.16446519781042
1714079199.65651,5.134104799341272
1714079199.6566231,5.108415197443079
1714079199.656736,5.076886989452221
1714079199.656849,5.046526590983072
1714079199.6569617,5.016166192513925
1714079199.6570747,4.98814097157231
1714079199.6571875,4.960116192146583
1714079199.6573005,4.932090971204969
1714079199.6574135,4.908736988350197
1714079199.6575263,4.883047386452003
1714079199.6576393,4.855022165510389
1714079199.657752,4.829332563612196
1714079199.657865,4.798972165143048
1714079199.6579778,4.769779576195611
1714079199.6580908,4.739419177726463
1714079199.6582036,4.710226588779025
1714079199.6583166,4.681033558315701
1714079199.6584296,4.656511765939218
1714079199.6585424,4.631989973562735
1714079199.6586554,4.609803358713785
1714079199.6587682,4.584113756815592
1714079199.6588812,4.559591964439109
1714079199.658994,4.533902362540916
1714079199.659107,4.501206786544234
1714079199.6592197,4.4720137560809095
1714079199.6593328,4.438150370562518
1714079199.6594458,4.404286985044126
1714079199.6595585,4.373926145059091
1714079199.6596715,4.341230569062409
1714079199.6597843,4.310870170593262
1714079199.6598973,4.277006343558982
1714079199.66001,4.245478577084011
1714079199.660123,4.209279572522198
1714079199.660236,4.171912758438675
1714079199.660349,4.127539970256664
1714079199.6604617,4.083166740558766
1714079199.6605747,4.032955346284089
1714079199.6606877,3.983911761531123
1714079199.6608005,3.937203354305691
1714079199.6609135,3.884656340987594
1714079199.6610262,3.8344449467129174
1714079199.6611392,3.779562755867287
1714079199.661252,3.7270157425491894
1714079199.661365,3.668630343896371
1714079199.6614778,3.6079095469580755
1714079199.6615908,3.5390147456416376
1714079199.6617038,3.466616736518012
1714079199.6618166,3.3907157403451422
1714079199.6619296,3.312479125128852
1714079199.6620424,3.2377459384776928
1714079199.6621554,3.1525031284049705
1714079199.6622682,3.0684281278539585
1714079199.6623812,2.984353127302947
1714079199.662494,2.8932717111375594
1714079199.662607,2.801022926966349
1714079199.66272,2.704102904708297
1714079199.6628327,2.601344717873467
1714079199.6629457,2.492747704188029
1714079199.6630585,2.3818155129750567
1714079199.6631715,2.268547702718664
1714079199.6632843,2.1494415071275497
1714079199.6633973,2.026832103729248
1714079199.66351,1.904222700330946
1714079199.663623,1.7792777882681952
1714079199.663736,1.6473266813490124
1714079199.6638489,1.5153755744298298
1714079199.663962,1.3764182726542153
1714079199.6640747,1.2362932717358623
1714079199.6641877,1.0879942664393671
1714079199.6643004,0.9385275620001333
1714079199.6644135,0.7820546075149818
1714079199.6645262,0.6244139538870918
1714079199.6646392,0.4632701476414998
1714079199.664752,0.29628781808747184
1714079199.664865,0.13514402563925143
1714079199.664978,-0.029497117631965213
1714079199.6650908,-0.19411182513943423
1714079199.6652038,-0.35755904736342253
1714079199.6653166,-0.5315136026453089
1714079199.6654296,-0.6961283308488351
1714079199.6655424,-0.8735853212851065
1714079199.6656554,-1.0440373862231218
1714079199.6657681,-1.217991996694494
1714079199.6658812,-1.3931139751716894
1714079199.6659942,-1.5659011072582667
1714079199.666107,-1.7375206505810772
1714079199.66622,-1.9126426290582725
1714079199.6663327,-2.078425001215052
1714079199.6664457,-2.241872195844297
1714079199.6665585,-2.4029844337039523
1714079199.6666715,-2.5640966715636075
1714079199.6667843,-2.727543866192853
1714079199.6668973,-2.8828188225075047
1714079199.6670103,-3.03926114682798
1714079199.667123,-3.1933685143788653
1714079199.667236,-3.3439735571543374
1714079199.6673489,-3.4899084656326855
1714079199.6674619,-3.6288387245602074
1714079199.6675746,-3.7654338059601957
1714079199.6676877,-3.8926892810397677
1714079199.6678004,-4.016442210585982
1714079199.6679134,-4.133190049065484
1714079199.6680262,-4.246435783527516
1714079199.6681392,-4.35617897245619
1714079199.6682522,-4.462419615851508
1714079199.668365,-4.565157713713469
1714079199.668478,-4.65972379401878
1714079199.6685908,-4.749619519269024
1714079199.6687038,-4.831343226962619
1714079199.6688166,-4.908397021117033
1714079199.6689296,-4.977278356198911
1714079199.6690423,-5.037987232208252
1714079199.6691554,-5.096361372205946
1714079199.6692684,-5.14422787560357
1714079199.6693811,-5.19092701099537
1714079199.6694942,-5.230621496836344
1714079199.669607,-5.2644782596164275
1714079199.66972,-5.2960002863848645
1714079199.6698327,-5.3170151180691185
1714079199.6699457,-5.340364685765019
1714079199.6700585,-5.356709162394205
1714079199.6701715,-5.368384167000099
1714079199.6702845,-5.373054080539279
1714079199.6703973,-5.375388816550926
1714079199.6705103,-5.375388816550926
1714079199.670623,-5.366048989472565
1714079199.670736,-5.357876971915916
1714079199.6708488,-5.345034599304199
1714079199.6709619,-5.329857490680835
1714079199.6710746,-5.315847750063296
1714079199.6711876,-5.297167654390688
1714079199.6713006,-5.2796558097556785
1714079199.6714134,-5.260976155598958
1714079199.6715264,-5.238793955908881
1714079199.6716392,-5.215444388212981
1714079199.6717522,-5.188592274983724
1714079199.671865,-5.161740161754467
1714079199.671978,-5.13021813498603
1714079199.6720908,-5.099863917739302
1714079199.6722038,-5.0671740814491555
1714079199.6723166,-5.036819864202428
1714079199.6724296,-5.008800382967348
1714079199.6725426,-4.978445724204734
1714079199.6726553,-4.9527609789813
1714079199.6727684,-4.92474149774622
1714079199.6728811,-4.89672201651114
1714079199.6729941,-4.866367799264413
1714079199.673107,-4.833678404490152
1714079199.67322,-4.803323745727539
1714079199.6733327,-4.770634350953278
1714079199.6734457,-4.739112324184841
1714079199.6735587,-4.704087751883048
1714079199.6736715,-4.677236080169678
1714079199.6737845,-4.6527187029520665
1714079199.6738973,-4.6258665897228095
1714079199.6740103,-4.604852199554443
1714079199.674123,-4.580334822336832
1714079199.674236,-4.553483150623462
1714079199.6743488,-4.523128491860849
1714079199.6744618,-4.4927738330982345
1714079199.6745749,-4.4612518063297975
1714079199.6746876,-4.432064957088894
1714079199.6748006,-4.40287810784799
1714079199.6749134,-4.376025994618733
1714079199.6750264,-4.352676426922833
1714079199.6751392,-4.330494227232756
1714079199.6752522,-4.3118145730760356
1714079199.675365,-4.286129827852602
1714079199.675478,-4.259278156139232
1714079199.6755908,-4.233593410915798
1714079199.6757038,-4.199736648135715
1714079199.6758168,-4.169381989373101
1714079199.6759295,-4.135525226593018
1714079199.6760426,-4.10283539030287
1714079199.6761553,-4.072481173056143
1714079199.6762683,-4.042126514293529
1714079199.676381,-4.012939665052626
1714079199.6764941,-3.979082902272542
1714079199.676607,-3.9487282435099282
1714079199.67672,-3.907866389663131
1714079199.676833,-3.8658371678105103
1714079199.6769457,-3.8179702228969994
1714079199.6770587,-3.771271087505199
1714079199.6771715,-3.7199020385742183
1714079199.6772845,-3.663863076104058
1714079199.6773973,-3.614828763184724
1714079199.6775103,-3.55762243270874
1714079199.677623,-3.5050857950139926
1714079199.677736,-3.4490466117858882
1714079199.677849,-3.3883377357765476
1714079199.6779618,-3.32412631423385
1714079199.6780748,-3.251742433618616
1714079199.6781876,-3.1781911849975586
1714079199.6783006,-3.0988026548314975
1714079199.6784134,-3.017078947137903
1714079199.6785264,-2.9341878714384855
1714079199.6786392,-2.8431243366665306
1714079199.6787522,-2.7567309361917
1714079199.6788652,-2.664500033413922
1714079199.678978,-2.5711015418723777
1714079199.679091,-2.4753680935612428
1714079199.6792037,-2.372629995699282
1714079199.6793168,-2.2698916770793773
1714079199.6794295,-2.156646163375289
1714079199.6795425,-2.0410654721436674
1714079199.6796553,-1.9173125425974527
1714079199.6797683,-1.7958946801997997
1714079199.679881,-1.6663043587296096
1714079199.679994,-1.5367140372594197
1714079199.680107,-1.4047887590196397
1714079199.68022,-1.2693611560044464
1714079199.680333,-1.1315984858406913
1714079199.6804457,-0.9915008589073463
1714079199.6805587,-0.8490682200149253
1714079199.6806715,-0.6996307660032202
1714079199.6807845,-0.5466908768371299
1714079199.6808972,-0.39024849732716876
1714079199.6810102,-0.22913623187277052
1714079199.6811233,-0.06335404598050647
1714079199.681236,0.10128048145108752
1714079199.681349,0.26709509116631963
1714079199.6814618,0.43641284660056784
1714079199.6815748,0.5987243519888984
1714079199.6816876,0.7668744082804079
1714079199.6818006,0.9315213671437016
1714079199.6819134,1.0973359699602478
1714079199.6820264,1.2666536702050102
1714079199.6821394,1.437139179971483
1714079199.6822522,1.6134631854516488
1714079199.6823652,1.7839485848391496
1714079199.682478,1.959104891176577
1714079199.682591,2.1272548922786005
1714079199.6827037,2.2930694950951467
1714079199.6828167,2.4577165091479265
1714079199.6829295,2.615357107586331
1714079199.6830425,2.7694947189754906
1714079199.6831553,2.9201291225574635
1714079199.6832683,3.071931335661146
1714079199.6833813,3.2202301201996977
1714079199.683494,3.3696969350179033
1714079199.683607,3.5121573342217336
1714079199.6837199,3.656953352468985
1714079199.683833,3.7935751455801503
1714079199.6839457,3.925526142120361
1714079199.6840587,4.049303355040373
1714079199.6841714,4.16724196186772
1714079199.6842844,4.279341962602403
1714079199.6843975,4.382100370195176
1714079199.6845102,4.48485877778795
1714079199.6846232,4.5806107697663485
1714079199.684736,4.677530571266456
1714079199.684849,4.763940970102945
1714079199.6849618,4.852686987982856
1714079199.6850748,4.930923161683259
1714079199.6851876,5.002153802801061
1714079199.6853006,5.074551370408799
1714079199.6854136,5.131769180297852
1714079199.6855264,5.185484003137659
1714079199.6856394,5.22752117227625
1714079199.6857522,5.271894401974148
1714079199.6858652,5.3057577874925395
1714079199.685978,5.343124601576063
1714079199.686091,5.369982012995967
1714079199.6862037,5.396838982899983
1714079199.6863167,5.417857788227222
1714079199.6864295,5.434205796983506
1714079199.6865425,5.442379580603705
1714079199.6866555,5.449385996218081
1714079199.6867683,5.452888983267324
1714079199.6868813,5.449385996218081
1714079199.686994,5.445883009168837
1714079199.687107,5.4330379874617964
1714079199.6872199,5.429535000412552
1714079199.6873329,5.4143548011779785
1714079199.6874456,5.4015097794709375
1714079199.6875587,5.3874973897580745
1714079199.6876717,5.37114938100179
1714079199.6877844,5.354801813761393
1714079199.6878974,5.3326151989124435
1714079199.6880102,5.315099380634448
1714079199.6881232,5.289409778736255
1714079199.688236,5.266055795881483
1714079199.688349,5.24036619398329
1714079199.6884618,5.212340973041675
1714079199.6885748,5.186651371143482
1714079199.6886878,5.156290972674334
1714079199.6888006,5.129434002770318
1714079199.6889136,5.103744400872125
1714079199.6890264,5.076886989452221
1714079199.6891394,5.051197387554027
1714079199.6892521,5.024339976134123
1714079199.6893651,4.997482564714219
1714079199.689478,4.968289975766782
1714079199.689591,4.941432564346878
1714079199.689704,4.912239975399441
1714079199.6898167,4.881879576930293
1714079199.6899297,4.850351368939434
1714079199.6900425,4.821158779991998
1714079199.6901555,4.796636987615514
1714079199.6902683,4.7686117666739
1714079199.6903813,4.741754355253996
1714079199.690494,4.718400372399224
1714079199.690607,4.693878580022741
1714079199.6907198,4.668188978124547
1714079199.6908329,4.63899638917711
1714079199.6909459,4.612138977757207
1714079199.6910586,4.579442960244638
1714079199.6911716,4.54791475225378
1714079199.6912844,4.519889972828052
1714079199.6913974,4.488361764837194
1714079199.6915102,4.460336985411467
1714079199.6916232,4.433479573991563
1714079199.691736,4.405454353049949
1714079199.691849,4.377429573624222
1714079199.691962,4.345901365633364
1714079199.6920748,4.310870170593262
1714079199.6921878,4.274671166031449
1714079199.6923006,4.236136542426215
1714079199.6924136,4.192931563765914
1714079199.6925263,4.153229572154857
1714079199.6926394,4.108856342456959
1714079199.6927521,4.0703221603676125
1714079199.6928651,4.027116740191424
1714079199.6929781,3.983911761531123
1714079199.693091,3.9395385318332248
1714079199.693204,3.8928305661236795
1714079199.6933167,3.8379479337621616
1714079199.6934297,3.7818979333948204
1714079199.6935425,3.720009326934814
1714079199.6936555,3.654617733425564
1714079199.6937683,3.593896936487268
1714079199.6938813,3.526169944692541
1714079199.693994,3.457275143376103
1714079199.694107,3.3860449437741877
1714079199.69422,3.313646934650562
1714079199.6943328,3.2389135272414595
1714079199.6944458,3.159509323261402
1714079199.6945586,3.073098924424913
1714079199.6946716,2.9855207160667137
1714079199.6947844,2.887433325802838
1714079199.6948974,2.7881781260172525
1714079199.6950102,2.685419718424479
1714079199.6951232,2.579158103024518
1714079199.6952362,2.474064517904211
1714079199.695349,2.360796707647818
1714079199.695462,2.2486967069131354
1714079199.6955748,2.1330934983712653
1714079199.6956878,2.0139873027801514
1714079199.6958005,1.8890422803384286
1714079199.6959136,1.7582589829409563
1714079199.6960263,1.6251402872580067
1714079199.6961393,1.4861828751034205
1714079199.6962523,1.344890175042329
1714079199.696365,1.198926568031311
1714079199.6964781,1.0506275627348158
1714079199.696591,0.897657760867366
1714079199.696704,0.7470233572853936
1714079199.6968167,0.5928858010857193
1714079199.6969297,0.4352451474578292
1714079199.6970425,0.27760449382993907
1714079199.6971555,0.111789856519964
1714079199.6972685,-0.051679241436499136
1714079199.6973813,-0.22213134776662896
1714079199.6974943,-0.3960859168458868
1714079199.697607,-0.5688729661482351
1714079199.69772,-0.7428275214301214
1714079199.6978328,-0.9202845118663928
1714079199.6979458,-1.0942390671482791
1714079199.6980586,-1.2693611560044464
1714079199.6981716,-1.442148177712052
1714079199.6982844,-1.6114327642652722
1714079199.6983974,-1.7830524179670544
1714079199.6985104,-1.9535044829050698
1714079199.6986232,-2.125124136606852
1714079199.6987362,-2.2955762015448675
1714079199.698849,-2.466028266482883
1714079199.698962,-2.6318104178817183
1714079199.6990747,-2.7964252012747304
1714079199.6991878,-2.9575374391343856
1714079199.6993005,-3.110477438679448
1714079199.6994135,-3.263417217466566
1714079199.6995265,-3.410519935466625
1714079199.6996393,-3.5494499736362033
1714079199.6997523,-3.687212643799958
1714079199.699865,-3.8179702228969994
1714079199.699978,-3.947560875504105
1714079199.700091,-4.073648541061966
1714079199.700204,-4.1950667345965345
1714079199.7003167,-4.308312027542679
1714079199.7004297,-4.421557762004711
1714079199.7005427,-4.523128491860849
1714079199.7006555,-4.6200293081778065
1714079199.7007685,-4.708757665422227
1714079199.7008812,-4.789314005109999
1714079199.7009943,-4.867535167270236
1714079199.701107,-4.93875123836376
1714079199.70122,-5.002962659906458
1714079199.7013328,-5.063671977431685
1714079199.7014458,-5.118543571896023
1714079199.7015586,-5.171079988832827
1714079199.7016716,-5.215444388212981
1714079199.7017846,-5.255138432538067
1714079199.7018974,-5.288995636834038
1714079199.7020104,-5.314679940541585
1714079199.7021232,-5.338029508237486
1714079199.7022362,-5.354374426382559
1714079199.702349,-5.366048989472565
1714079199.702462,-5.374221448545103
1714079199.7025747,-5.382393907617639
1714079199.7026877,-5.381226539611816
1714079199.7028008,-5.382393907617639
1714079199.7029135,-5.377723994078459
1714079199.7030265,-5.3707189030117455
1714079199.7031393,-5.363714253460919
1714079199.7032523,-5.348537144837556
1714079199.703365,-5.336862140231662
1714079199.703478,-5.315847750063296
1714079199.7035909,-5.292497740851508
1714079199.7037039,-5.270315982677318
1714079199.703817,-5.242296501442238
1714079199.7039297,-5.213109210685447
1714079199.7040427,-5.182754993438721
1714079199.7041554,-5.153567702681929
1714079199.7042685,-5.124380853441026
1714079199.7043812,-5.095193562684235
1714079199.7044942,-5.0671740814491555
1714079199.704607,-5.036819864202428
1714079199.70472,-5.007632573445638
1714079199.704833,-4.977278356198911
1714079199.7049458,-4.942253783897117
1714079199.7050588,-4.909564389122857
1714079199.7051716,-4.875707626342773
1714079199.7052846,-4.843018231568513
1714079199.7053974,-4.814998308817545
1714079199.7055104,-4.7858114595766414
1714079199.7056231,-4.761294523874918
1714079199.7057362,-4.735609778651485
1714079199.705849,-4.711092842949761
1714079199.705962,-4.686575907248038
1714079199.706075,-4.65972379401878
1714079199.7061877,-4.629369135256167
1714079199.7063007,-4.596679740481906
1714079199.7064135,-4.569827627252649
1714079199.7065265,-4.5348034964667425
1714079199.7066393,-4.507951383237486
1714079199.7067523,-4.483434006019874
1714079199.706865,-4.4612518063297975
1714079199.706978,-4.439070048155608
1714079199.707091,-4.416887848465531
1714079199.7072039,-4.39353828076963
1714079199.7073169,-4.36551879953455
1714079199.7074296,-4.341001422316939
1714079199.7075427,-4.304809482009322
1714079199.7076554,-4.273287896756773
1714079199.7077684,-4.244100605999981
1714079199.7078812,-4.2102438432198985
1714079199.7079942,-4.184559097996464
1714079199.7081072,-4.1577069847672075
1714079199.70822,-4.13202268105966
1714079199.708333,-4.1040031998245805
1714079199.7084458,-4.073648541061966
1714079199.7085588,-4.038623968760172
1714079199.7086716,-4.001264660446732
1714079199.7087846,-3.9604028065999346
1714079199.7088974,-3.918373584747314
1714079199.7090104,-3.876344362894694
1714079199.7091231,-3.8308125955087164
1714079199.7092361,-3.785280828122739
1714079199.7093492,-3.744418974275942
1714079199.709462,-3.700055016411675
1714079199.709575,-3.652188292256108
1714079199.7096877,-3.6019866113309504
1714079199.7098007,-3.5459474281028465
1714079199.7099135,-3.4875735088630955
1714079199.7100265,-3.421027130550808
1714079199.7101393,-3.3533133842326976
1714079199.7102523,-3.28209709238123
1714079199.7103653,-3.2085458437601724
1714079199.710478,-3.1349945951391147
1714079199.710591,-3.061443346518057
1714079199.7107038,-2.9808870068302857
1714079199.7108169,-2.901498476664225
1714079199.7109296,-2.8151048554314504
1714079199.7110426,-2.7252089094232628
1714079199.7111554,-2.632978006645485
1714079199.7112684,-2.5337422335589372
1714079199.7113814,-2.4298365469332093
1714079199.7114942,-2.3235956827799478
1714079199.7116072,-2.209182580312093
1714079199.71172,-2.0947696986021818
1714079199.711833,-1.978021639364737
1714079199.7119458,-1.856603666588112
1714079199.7120588,-1.7363531721962822
1714079199.7121716,-1.6114327642652722
1714079199.7122846,-1.4795075964044642
1714079199.7123973,-1.348749796549479
1714079199.7125103,-1.2098196480009291
1714079199.7126234,-1.0650521075284038
1714079199.7127361,-0.9167820767120078
1714079199.7128491,-0.7638421875459176
1714079199.712962,-0.6120697215751365
1714079199.713075,-0.4521249621002762
1714079199.7131877,-0.296850088569853
1714079199.7133007,-0.14274269342422485
1714079199.7134135,0.01603774898857982
1714079199.7135265,0.1748461276292801
1714079199.7136395,0.3313190683170601
1714079199.7137523,0.49596599958561083
1714079199.7138653,0.6582775049739413
1714079199.713978,0.8275952604081895
1714079199.714091,0.9969129606529518
1714079199.7142038,1.1685661695621632
1714079199.7143168,1.3402193784713745
1714079199.7144296,1.5130401761443526
1714079199.7145426,1.6800225884826094
1714079199.7146556,1.8470048904418943
1714079199.7147684,2.0104840949729637
1714079199.7148814,2.172795489982322
1714079199.7149942,2.3327717074641474
1714079199.7151072,2.495083102473506
1714079199.71522,2.656226908719098
1714079199.715333,2.819706113250167
1714079199.7154458,2.9785145212102817
1714079199.7155588,3.132652132599442
1714079199.7156718,3.2856219344668918
1714079199.7157845,3.4315855414779097
1714079199.7158976,3.5693751441107855
1714079199.7160103,3.701326140650996
1714079199.7161233,3.826271163092719
1714079199.716236,3.9488805664910207
1714079199.7163491,4.069154350845902
1714079199.716462,4.182422161102295
1714079199.716575,4.298025148886222
1714079199.7166877,4.40895778161508
1714079199.7168007,4.510548379686143
1714079199.7169137,4.610971168235496
1714079199.7170265,4.70205236364294
1714079199.7171395,4.784959775430185
1714079199.7172523,4.864363758652298
1714079199.7173653,4.932090971204969
1714079199.717478,4.995147387186686
1714079199.717591,5.058203803168403
1714079199.7177038,5.115421171541567
1714079199.7178168,5.166800375337954
1714079199.7179298,5.218179579134341
1714079199.7180426,5.262552808832239
1714079199.7181556,5.303422609965006
1714079199.7182684,5.334950376439977
1714079199.7183814,5.364143406903302
1714079199.7184942,5.386329580236364
1714079199.7186072,5.403845398514359
1714079199.71872,5.4143548011779785
1714079199.718833,5.421360775276466
1714079199.718946,5.426032013363308
1714079199.7190588,5.431870177940086
1714079199.7191718,5.431870177940086
1714079199.7192845,5.4283671908908415
1714079199.7193975,5.424864203841597
1714079199.7195103,5.416689978705512
1714079199.7196233,5.407348385563603
1714079199.719736,5.396838982899983
1714079199.719849,5.379323606137876
1714079199.719962,5.36063997833817
1714079199.720075,5.3419567920543525
1714079199.720188,5.320937986727114
1714079199.7203007,5.2964161943506305
1714079199.7204137,5.2730622114958585
1714079199.7205265,5.2462048000759545
1714079199.7206395,5.221683007699472
1714079199.7207522,5.198328583328812
1714079199.7208652,5.170303803903085
1714079199.720978,5.146949379532425
1714079199.721091,5.118924600106698
1714079199.721204,5.090899379165084
1714079199.7213168,5.061706790217647
1714079199.7214298,5.032514201270209
1714079199.7215426,5.006824599372016
1714079199.7216556,4.974128581859447
1714079199.7217684,4.943768183390299
1714079199.7218814,4.919246391013816
1714079199.7219942,4.888885992544668
1714079199.7221072,4.864363758652298
1714079199.7222202,4.8410097757975254
1714079199.722333,4.816487983421043
1714079199.722446,4.79196619104456
1714079199.7225587,4.766276589146367
1714079199.7226717,4.7359161906772185
1714079199.7227845,4.710226588779025
1714079199.7228975,4.679866190309878
1714079199.7230103,4.648337982319019
1714079199.7231233,4.621480570899116
1714079199.7232363,4.593455791473389
1714079199.723349,4.567766189575195
1714079199.723462,4.5444117652045355
1714079199.7235749,4.515219176257098
1714079199.723688,4.493032561408149
1714079199.7238007,4.4626721629390005
1714079199.7239137,4.431143954948142
1714079199.7240264,4.398448378951461
1714079199.7241395,4.362249374389648
1714079199.7242522,4.326050369827835
1714079199.7243652,4.291019174787733
1714079199.7244782,4.255987979747631
1714079199.724591,4.2209563431916415
1714079199.724704,4.1847573386298285
1714079199.7248168,4.149726143589726
1714079199.7249298,4.11235977102209
1714079199.7250426,4.069154350845902
1714079199.7251556,4.02361375314218
1714079199.7252684,3.974570168389214
1714079199.7253814,3.9208553455494064
1714079199.7254944,3.867140964225486
1714079199.7256072,3.8099231543364347
1714079199.7257202,3.7515375349256725
1714079199.725833,3.6943199457945646
1714079199.725946,3.6382699454272234
1714079199.7260587,3.5775491484889277
1714079199.7261717,3.5121573342217336
1714079199.7262845,3.4444303424270064
1714079199.7263975,3.372032333303381
1714079199.7265105,3.2949635276088007
1714079199.7266233,3.215559323628743
1714079199.7267363,3.126813526506777
1714079199.726849,3.043906114719532
1714079199.726962,2.956328127119276
1714079199.7270749,2.8629113126684116
1714079199.7271879,2.7683269094537803
1714079199.7273006,2.673742506239149
1714079199.7274137,2.5733197176897966
1714079199.7275264,2.470561310097023
1714079199.7276394,2.3584613093623408
1714079199.7277524,2.240522702534993
1714079199.7278652,2.122584095707646
1714079199.7279782,1.9964714845021565
1714079199.728091,1.8680236957691332
1714079199.728204,1.7360725888499506
1714079199.7283168,1.6017860836452906
1714079199.7284298,1.4628287818696764
1714079199.7285426,1.3227036705723514
1714079199.7286556,1.1802432713685211
1714079199.7287686,1.0342796643575032
1714079199.7288814,0.8848129599182694
1714079199.7289944,0.7330108571935583
1714079199.7291071,0.5753702035656681
1714079199.7292202,0.41189097143985604
1714079199.729333,0.24841176690878689
1714079199.729446,0.08142943045607319
1714079199.7295587,-0.08903861183811117
1714079199.7296717,-0.25482081152774666
1714079199.7297847,-0.422937947290915
1714079199.7298975,-0.5933900674184163
1714079199.7300105,-0.7615072307763275
1714079199.7301233,-0.936629264443009
1714079199.7302363,-1.1047463726114344
1714079199.730349,-1.2787009830828064
1714079199.730462,-1.451488004790412
1714079199.7305748,-1.6254426152617842
1714079199.7306879,-1.8005645937389796
1714079199.7308009,-1.975686682595147
1714079199.7309136,-2.146138747533162
1714079199.7310266,-2.3142558557015875
1714079199.7311394,-2.4812055958641897
1714079199.7312524,-2.641150465718022
1714079199.7313652,-2.797592790038497
1714079199.7314782,-2.9540351143589723
1714079199.731591,-3.1058075251402677
1714079199.731704,-3.2552449791519726
1714079199.7318168,-3.4058498011695013
1714079199.7319298,-3.5517849304057934
1714079199.7320428,-3.696552470878318
1714079199.7321556,-3.8319804050304267
1714079199.7322686,-3.961570616121645
1714079199.7323813,-4.0888256496853295
1714079199.7324944,-4.205573929680718
1714079199.7326071,-4.318819222626862
1714079199.7327201,-4.425060307538067
1714079199.732833,-4.525463227872495
1714079199.732946,-4.623531853711163
1714079199.733059,-4.715762756488941
1714079199.7331717,-4.798653832188359
1714079199.7332847,-4.879209730360243
1714079199.7333975,-4.9527609789813
1714079199.7335105,-5.021642314063178
1714079199.7336233,-5.081183822066695
1714079199.7337363,-5.13488804852521
1714079199.733849,-5.1839223614445435
1714079199.733962,-5.22361640576963
1714079199.734075,-5.2586409780714245
1714079199.7341878,-5.288995636834038
1714079199.7343009,-5.314679940541585
1714079199.7344136,-5.338029508237486
1714079199.7345266,-5.356709162394205
1714079199.7346394,-5.367216798994276
1714079199.7347524,-5.378891362084282
1714079199.7348652,-5.384729085145173
1714079199.7349782,-5.384729085145173
1714079199.735091,-5.3858964531509965
1714079199.735204,-5.380059171605993
1714079199.735317,-5.368384167000099
1714079199.7354298,-5.359044339921739
1714079199.7355428,-5.341532053770842
1714079199.7356555,-5.324019767619945
1714079199.7357686,-5.305340113463225
1714079199.7358813,-5.283157913773148
1714079199.7359943,-5.262143523604781
1714079199.736107,-5.239961323914704
1714079199.7362201,-5.215444388212981
1714079199.7363331,-5.19209482051708
1714079199.736446,-5.165242707287823
1714079199.736559,-5.13488804852521
1714079199.7366717,-5.105701199284306
1714079199.7367847,-5.070676626982512
1714079199.7368975,-5.036819864202428
1714079199.7370105,-5.005297837433991
1714079199.7371233,-4.9714410746539075
1714079199.7372363,-4.941086415891294
1714079199.7373493,-4.91073175712868
1714079199.737462,-4.8803775398819536
1714079199.737575,-4.855860162664342
1714079199.7376878,-4.8278406814292625
1714079199.7378008,-4.796318654660825
1714079199.7379136,-4.765964437414098
1714079199.7380266,-4.7321072331181275
1714079199.7381394,-4.698250470338044
1714079199.7382524,-4.6678958115754305
1714079199.7383654,-4.63520641680117
1714079199.7384782,-4.606019567560266
1714079199.7385912,-4.581502631858543
1714079199.738704,-4.556985254640932
1714079199.738817,-4.537138232478389
1714079199.7389297,-4.514956032788311
1714079199.7390428,-4.486936551553232
1714079199.7391555,-4.460084438323975
1714079199.7392685,-4.427395043549714
1714079199.7393813,-4.40287810784799
1714079199.7394943,-4.371356081079553
1714079199.7396073,-4.341001422316939
1714079199.73972,-4.315317118609393
1714079199.739833,-4.291967550913492
1714079199.739946,-4.270952719229239
1714079199.740059,-4.248770519539161
1714079199.7401717,-4.224253583837438
1714079199.7402847,-4.198568838614005
1714079199.7403975,-4.169381989373101
1714079199.7405105,-4.135525226593018
1714079199.7406235,-4.09816547676369
1714079199.7407362,-4.064308713983606
1714079199.7408493,-4.025782037664342
1714079199.740962,-3.9895900973567255
1714079199.741075,-3.9533981570491084
1714079199.7411878,-3.917206216741491
1714079199.7413008,-3.8833494539614075
1714079199.7414136,-3.8436549681204335
1714079199.7415266,-3.802793114273636
1714079199.7416396,-3.7525914333484787
1714079199.7417524,-3.700055016411675
1714079199.7418654,-3.645183421947338
1714079199.7419782,-3.5879768707134105
1714079199.7420912,-3.5237654491707127
1714079199.742204,-3.4630563524034286
1714079199.742317,-3.401179887630321
1714079199.7424297,-3.3381360548513905
1714079199.7425427,-3.27275726530287
1714079199.7426555,-3.2038759302209923
1714079199.7427685,-3.129157092836168
1714079199.7428815,-3.0544382554513434
1714079199.7429943,-2.9727147685156927
1714079199.7431073,-2.8851537792770947
1714079199.74322,-2.792922876499317
1714079199.743333,-2.6960218394244158
1714079199.7434459,-2.6002886118712247
1714079199.743559,-2.5022202067905
1714079199.7436717,-2.3971469314010054
1714079199.7437847,-2.2967437903086343
1714079199.7438977,-2.1858330126161927
1714079199.7440104,-2.0749224556816945
1714079199.7441235,-1.9593419852080167
1714079199.7442362,-1.8390914908161868
1714079199.7443492,-1.7141710828851768
1714079199.744462,-1.5822458046453969
1714079199.744575,-1.4456506128664368
1714079199.7446878,-1.306720464317887
1714079199.7448008,-1.1631204022301567
1714079199.7449138,-1.0206878185272217
1714079199.7450266,-0.8735853212851065
1714079199.7451396,-0.7229803888886063
1714079199.7452524,-0.5747103580722102
1714079199.7453654,-0.420602990521325
1714079199.7454782,-0.26299316022131175
1714079199.7455912,-0.10421585153650353
1714079199.745704,0.06274609240116896
1714079199.745817,0.22972842885388267
1714079199.7459297,0.40021389722824097
1714079199.7460427,0.573034750090705
1714079199.7461557,0.7446879589999164
1714079199.7462685,0.9151734135769031
1714079199.7463815,1.0868265672966286
1714079199.7464943,1.2549765683986522
1714079199.7466073,1.4207912815941703
1714079199.74672,1.59244438012441
1714079199.746833,1.7570912837982176
1714079199.7469459,1.928744492707429
1714079199.7470589,2.0945590955239752
1714079199.7471719,2.2650444949114763
1714079199.7472847,2.43436230553521
1714079199.7473977,2.5978415100662793
1714079199.7475104,2.757817506790161
1714079199.7476234,2.9154583259865086
1714079199.7477362,3.067260318332248
1714079199.7478492,3.213223925343266
1714079199.747962,3.3556843245470964
1714079199.748075,3.4923063384162054
1714079199.748188,3.633599148856269
1714079199.7483008,3.7667177341602462
1714079199.7484138,3.9021721592655885
1714079199.7485266,4.029452359234845
1714079199.7486396,4.15439694016068
1714079199.7487524,4.272335546988028
1714079199.7488654,4.380932560673466
1714079199.7489781,4.48602658730966
1714079199.7490911,4.579442960244638
1714079199.7492042,4.670524155652081
1714079199.749317,4.752263757917616
1714079199.74943,4.83400336018315
1714079199.7495427,4.907569178828487
1714079199.7496557,4.981134997473823
1714079199.7497685,5.046526590983072
1714079199.7498815,5.114253803535743
1714079199.7499943,5.170303803903085
1714079199.7501073,5.220515198177761
1714079199.75022,5.263720176838062
1714079199.750333,5.299919181399875
1714079199.750446,5.333783008434154
1714079199.7505589,5.357136991288926
1714079199.7506719,5.38165878366541
1714079199.7507846,5.399174601943404
1714079199.7508976,5.4143548011779785
1714079199.7510104,5.4283671908908415
1714079199.7511234,5.435373606505217
1714079199.7512362,5.443547390125415
1714079199.7513492,5.441212212597882
1714079199.7514622,5.442379580603705
1714079199.751575,5.435373606505217
1714079199.751688,5.424864203841597
1714079199.7518008,5.412019182134557
1714079199.7519138,5.396838982899983
1714079199.7520266,5.38399440270883
1714079199.7521396,5.364143406903302
1714079199.7522523,5.347795398147017
1714079199.7523654,5.325608783298068
1714079199.7524784,5.30692559701425
1714079199.7525911,5.285906791687012
1714079199.7527041,5.264887986359772
1714079199.752817,5.243869181032534
1714079199.75293,5.218179579134341
1714079199.7530427,5.194825596279568
1714079199.7531557,5.16563300733213
1714079199.7532685,5.139943405433937
1714079199.7533815,5.107247387921368
1714079199.7534943,5.079222166979754
1714079199.7536073,5.048861768510606
1714079199.7537203,5.020836989084879
1714079199.753833,4.993979577664976
1714079199.753946,4.967122166245072
1714079199.7540588,4.942600373868589
1714079199.7541718,4.9134077849211515
1714079199.7542846,4.888885992544668
1714079199.7543976,4.85735778455381
1714079199.7545104,4.829332563612196
1714079199.7546234,4.797804797137225
1714079199.7547364,4.76744395715219
1714079199.7548492,4.737083558683042
1714079199.7549622,4.709058779257315
1714079199.755075,4.683369177359122
1714079199.755188,4.658847384982638
1714079199.7553008,4.636660770133689
1714079199.7554138,4.609803358713785
1714079199.7555265,4.5852815663373026
1714079199.7556396,4.557256786911576
1714079199.7557526,4.526896388442427
1714079199.7558653,4.496535548457393
1714079199.7559783,4.465007781982422
1714079199.756091,4.429976145426432
1714079199.7562041,4.401951366000705
1714079199.756317,4.371590967531557
1714079199.75643,4.34239837858412
1714079199.7565427,4.313205348120795
1714079199.7566557,4.281677581645824
1714079199.7567687,4.250149373654966
1714079199.7568815,4.210446940528022
1714079199.7569945,4.173080567960386
1714079199.7571073,4.1298751477841975
1714079199.7572203,4.083166740558766
1714079199.757333,4.037626142855044
1714079199.757446,3.9909177356296115
1714079199.7575588,3.944209769920066
1714079199.7576718,3.893997934129503
1714079199.7577846,3.8461221588982473
1714079199.7578976,3.7947429551018605
1714079199.7580106,3.741028132262053
1714079199.7581234,3.680307335323757
1714079199.7582364,3.6195865383854615
1714079199.7583492,3.553027135354501
1714079199.7584622,3.4794615374671087
1714079199.758575,3.407063528343483
1714079199.758688,3.3311625321706133
1714079199.7588007,3.255261535997744
1714079199.7589138,3.178192730303164
1714079199.7590268,3.094117729752152
1714079199.7591395,3.0100427292011402
1714079199.7592525,2.9224645208429405
1714079199.7593653,2.8290479271500195
1714079199.7594783,2.7309603161282006
1714079199.759591,2.629369718057138
1714079199.759704,2.520772704371699
1714079199.759817,2.4098405131587275
1714079199.75993,2.295404893380624
1714079199.760043,2.1786340960749873
1714079199.7601557,2.0606954892476397
1714079199.7602687,1.936918497085571
1714079199.7603815,1.813141284165559
1714079199.7604945,1.6835256859108252
1714079199.7606072,1.5539099772771199
1714079199.7607203,1.4161203746442441
1714079199.760833,1.2771630728686296
1714079199.760946,1.1311994658576117
1714079199.7610588,0.9817327614183778
1714079199.7611718,0.8310983578364054
1714079199.7612848,0.6722900050657766
1714079199.7613976,0.5158170505806251
1714079199.7615106,0.35584097107251483
1714079199.7616234,0.19469716482692292
1714079199.7617364,0.032385669786621024
1714079199.7618492,-0.13223537416369827
1714079199.7619622,-0.29801756695464804
1714079199.762075,-0.47080461625699643
1714079199.762188,-0.6389217796149077
1714079199.762301,-0.8163787700511791
1714079199.7624137,-0.9938358156769364
1714079199.7625268,-1.172460229308517
1714079199.7626395,-1.347582318164684
1714079199.7627525,-1.5227042966418796
1714079199.7628653,-1.6989938638828417
1714079199.7629783,-1.865943493666472
1714079199.763091,-2.0352281905986644
1714079199.763204,-2.199842753233733
1714079199.763317,-2.366792493396335
1714079199.7634299,-2.5279047312559904
1714079199.763543,-2.6901845578794124
1714079199.7636557,-2.8501294277332447
1714079199.7637687,-3.007739120059543
1714079199.7638814,-3.163014076374195
1714079199.7639945,-3.3101165736163103
1714079199.7641072,-3.457219070858425
1714079199.7642202,-3.5938141522584135
1714079199.7643332,-3.7280744976467552
1714079199.764446,-3.8529947951987937
1714079199.764559,-3.9767477247450085
1714079199.7646718,-4.095830740752043
1714079199.7647848,-4.211411211225721
1714079199.7648976,-4.3223217681602195
1714079199.7650106,-4.429730221077247
1714079199.7651234,-4.533635686945032
1714079199.7652364,-4.62703439924452
1714079199.7653491,-4.718097492500587
1714079199.7654622,-4.802156377721715
1714079199.7655752,-4.876874994348596
1714079199.765688,-4.9445889614246505
1714079199.765801,-5.008800382967348
1714079199.7659137,-5.064839345437509
1714079199.7660267,-5.116208394368489
1714079199.7661395,-5.16757744329947
1714079199.7662525,-5.20960666515209
1714079199.7663653,-5.251636328520598
1714079199.7664783,-5.2854930913006815
1714079199.7665913,-5.310010027002405
1714079199.766704,-5.3333595946983055
1714079199.766817,-5.353207058376736
1714079199.7669299,-5.367216798994276
1714079199.7670429,-5.373054080539279
1714079199.7671556,-5.380059171605993
1714079199.7672687,-5.375388816550926
1714079199.7673814,-5.371886712533456
1714079199.7674944,-5.366048989472565
1714079199.7676075,-5.352039248855025
1714079199.7677202,-5.340364685765019
1714079199.7678332,-5.329857490680835
1714079199.767946,-5.314679940541585
1714079199.768059,-5.2960002863848645
1714079199.7681718,-5.272650718688965
1714079199.7682848,-5.251636328520598
1714079199.7683976,-5.230621496836344
1714079199.7685106,-5.197932102062084
1714079199.7686234,-5.16874525282118
1714079199.7687364,-5.136055416531033
1714079199.7688494,-5.106868567290129
1714079199.7689621,-5.0776817180492255
1714079199.7690752,-5.0461596912807885
1714079199.769188,-5.0193075780515315
1714079199.769301,-4.990120728810628
1714079199.7694137,-4.963268615581371
1714079199.7695267,-4.936416502352114
1714079199.7696395,-4.903727107577853
1714079199.7697525,-4.875707626342773
1714079199.7698655,-4.839515686035156
1714079199.7699783,-4.8068262912608954
1714079199.7700913,-4.772969086964925
1714079199.770204,-4.743782237724021
1714079199.770317,-4.716930124494764
1714079199.7704298,-4.690078011265507
1714079199.7705429,-4.670230989102964
1714079199.7706556,-4.642211507867883
1714079199.7707686,-4.6200293081778065
1714079199.7708817,-4.592009826942726
1714079199.7709944,-4.563990345707646
1714079199.7711074,-4.532468318939209
1714079199.7712202,-4.500946292170772
1714079199.7713332,-4.470592074924045
1714079199.771446,-4.441404784167254
1714079199.771559,-4.414552670937997
1714079199.7716718,-4.39237047124792
1714079199.7717848,-4.371356081079553
1714079199.7718976,-4.34683914537783
1714079199.7720106,-4.3223217681602195
1714079199.7721236,-4.297804832458496
1714079199.7722363,-4.268617983217593
1714079199.7723494,-4.235928146927445
1714079199.7724621,-4.203238752153184
1714079199.7725751,-4.171716725384747
1714079199.772688,-4.137859962604664
1714079199.772801,-4.10750530384205
1714079199.7729137,-4.079485822606969
1714079199.7730267,-4.049131605360243
1714079199.7731397,-4.0246142281426325
1714079199.7732525,-3.9907574653625484
1714079199.7733655,-3.9557328930607545
1714079199.7734783,-3.916038848735668
1714079199.7735913,-3.8716744493555137
1714079199.773704,-3.8273100499753596
1714079199.773817,-3.778276178571913
1714079199.7739298,-3.731577043180112
1714079199.7740428,-3.6825427302607783
1714079199.7741559,-3.6358435948689776
1714079199.7742686,-3.5844743251800533
1714079199.7743816,-3.530770319479483
1714079199.7744944,-3.477066093020969
1714079199.7746074,-3.4140222602420383
1714079199.7747202,-3.3521457954689304
1714079199.7748332,-3.27742717884205
1714079199.774946,-3.2027083414572255
1714079199.775059,-3.123319590533221
1714079199.775172,-3.0415961035975703
1714079199.7752848,-2.9598723959039757
1714079199.7753978,-2.872311406665378
1714079199.7755105,-2.78708537419637
1714079199.7756236,-2.6948544714185925
1714079199.7757363,-2.603790936646638
1714079199.7758493,-2.503387795554267
1714079199.775962,-2.3994818881705955
1714079199.7760751,-2.2909062880056874
1714079199.776188,-2.177660774301599
1714079199.776301,-2.0585777582945646
1714079199.776414,-1.9348248287483496
1714079199.7765267,-1.8122393775869299
1714079199.7766397,-1.6826490561167398
1714079199.7767525,-1.5507238882559315
1714079199.7768655,-1.4187986100161516
1714079199.7769783,-1.2845383750067816
1714079199.7770913,-1.1479431832278215
1714079199.777204,-1.0066780779096816
1714079199.777317,-0.8607430590523614
1714079199.77743,-0.7089705930815802
1714079199.7775428,-0.5571981823002851
1714079199.7776558,-0.3995883520002718
1714079199.7777686,-0.23847608654587354
1714079199.7778816,-0.07502884362582807
1714079199.7779944,0.08726797446056649
1714079199.7781074,0.24957946605152553
1714079199.7782202,0.4153940964628149
1714079199.7783332,0.578873300993884
1714079199.7784462,0.7411848063822145
1714079199.778559,0.9081671635309855
1714079199.778672,1.0763171646330092
1714079199.7787848,1.2503057718276978
1714079199.7788978,1.4196234720724599
1714079199.7790105,1.5971151766953644
1714079199.7791235,1.771103783890053
1714079199.7792363,1.943924691942003
1714079199.7793493,2.113242502565737
1714079199.779462,2.2790571053822832
1714079199.779575,2.4425363099133524
1714079199.7796881,2.6001769083517567
1714079199.779801,2.761320714597349
1714079199.779914,2.9131229277010315
1714079199.7800267,3.0684281278539585
1714079199.7801397,3.2225657392431186
1714079199.7802525,3.372032333303381
1714079199.7803655,3.5226667368853533
1714079199.7804782,3.662791737803706
1714079199.7805912,3.8029167387220593
1714079199.7807043,3.9290295706854925
1714079199.780817,4.052806342089617
1714079199.78093,4.16724196186772
1714079199.7810428,4.275838975553159
1714079199.7811558,4.383268179716887
1714079199.7812686,4.48485877778795
1714079199.7813816,4.582946388809769
1714079199.7814944,4.677530571266456
1714079199.7816074,4.7686117666739
1714079199.7817204,4.851519178461145
1714079199.7818332,4.929755793677436
1714079199.7819462,4.99865037423593
1714079199.782059,5.061706790217647
1714079199.782172,5.121259777634232
1714079199.7822847,5.170303803903085
1714079199.7823977,5.218179579134341
1714079199.7825105,5.260217189788818
1714079199.7826235,5.301086990921585
1714079199.7827365,5.336118185961688
1714079199.7828493,5.37114938100179
1714079199.7829623,5.396838982899983
1714079199.783075,5.420193407270643
1714079199.783188,5.438876593554461
1714079199.7833009,5.451721615261501
1714079199.783414,5.4598953988817
1714079199.7835267,5.46106320840341
1714079199.7836397,5.4598953988817
1714079199.7837524,5.456392411832456
1714079199.7838655,5.450553805739791
1714079199.7839785,5.441212212597882
1714079199.7840912,5.4283671908908415
1714079199.7842042,5.415522610699688
1714079199.784317,5.396838982899983
1714079199.78443,5.38165878366541
1714079199.7845428,5.361807787859881
1714079199.7846558,5.340788982532642
1714079199.7847686,5.31743499967787
1714079199.7848816,5.29408057530721
1714079199.7849946,5.267223605403194
1714079199.7851074,5.239198384461579
1714079199.7852204,5.214676592085096
1714079199.7853332,5.184316193615948
1714079199.7854462,5.158626591717755
1714079199.785559,5.130601370776141
1714079199.785672,5.1049117688779475
1714079199.7857847,5.07571917993051
1714079199.7858977,5.053532565081561
1714079199.7860107,5.025507785655834
1714079199.7861235,4.997482564714219
1714079199.7862365,4.968289975766782
1714079199.7863493,4.93442659024839
1714079199.7864623,4.907569178828487
1714079199.786575,4.874873161315918
1714079199.786688,4.843345394840947
1714079199.7868009,4.8176557929427535
1714079199.7869139,4.79196619104456
1714079199.7870266,4.7686117666739
1714079199.7871397,4.742922164775707
1714079199.7872527,4.717232562877514
1714079199.7873654,4.692710770501031
1714079199.7874784,4.661182562510172
1714079199.7875912,4.6378285796554
1714079199.7877042,4.6039647526211205
1714079199.787817,4.573604354151973
1714079199.78793,4.54791475225378
1714079199.7880428,4.516386985778809
1714079199.7881558,4.4895295743589045
1714079199.7882688,4.4626721629390005
1714079199.7883816,4.440485548090051
1714079199.7884946,4.410125149620904
1714079199.7886074,4.378597383145933
1714079199.7887204,4.343565746589943
1714079199.7888331,4.309702361071551
1714079199.7889462,4.272335546988028
1714079199.789059,4.233801364898682
1714079199.789172,4.18942857671667
1714079199.789285,4.152061762633147
1714079199.7893977,4.11119196150038
1714079199.7895107,4.072657337895146
1714079199.7896235,4.032955346284089
1714079199.7897365,3.9909177356296115
1714079199.7898493,3.9453771379258895
1714079199.7899623,3.895165743651213
1714079199.790075,3.842618730333116
1714079199.790188,3.7854013619599516
1714079199.790301,3.7235127554999456
1714079199.7904139,3.6639595473254167
1714079199.7905269,3.597400144294456
1714079199.7906396,3.534343949070683
1714079199.7907526,3.466616736518012
1714079199.7908654,3.4023927317725287
1714079199.7909784,3.3276593243634256
1714079199.7910912,3.251758328190556
1714079199.7912042,3.1735219337322094
1714079199.791317,3.0847759158522994
1714079199.79143,2.996030118730333
1714079199.791543,2.896774918944747
1714079199.7916558,2.799855117444639
1714079199.7917688,2.6970967098518654
1714079199.7918816,2.5908353152098478
1714079199.7919946,2.485741509331597
1714079199.7921073,2.3736415085969145
1714079199.7922204,2.262709096625999
1714079199.7923331,2.145938299320362
1714079199.7924461,2.024496484685827
1714079199.7925591,1.898384094238281
1714079199.792672,1.7652652881763597
1714079199.792785,1.6309787829717
1714079199.7928977,1.4885183837678697
1714079199.7930107,1.3472255733278062
1714079199.7931235,1.2000942671740495
1714079199.7932365,1.052962961020293
1714079199.7933493,0.9023286126278064
1714079199.7934623,0.7528619081885726
1714079199.7935753,0.5952212545606824
1714079199.793688,0.43991597162352664
1714079199.793801,0.2799398921154163
1714079199.7939138,0.11646068758434719
1714079199.7940269,-0.051679241436499136
1714079199.7941396,-0.22329883994879546
1714079199.7942526,-0.39491843846109176
1714079199.7943654,-0.5677054877634401
1714079199.7944784,-0.7404925646605315
1714079199.7945912,-0.9156145983272128
1714079199.7947042,-1.0884016752243042
1714079199.7948172,-1.2576862617775244
1714079199.79493,-1.4281384370945118
1714079199.795043,-1.596255545262937
1714079199.7951558,-1.7690426773495143
1714079199.7952688,-1.9383273742817064
1714079199.7953815,-2.108779439219722
1714079199.7954946,-2.279231504157737
1714079199.7956073,-2.4496835690957526
1714079199.7957203,-2.613130763724998
1714079199.7958333,-2.776577958354243
1714079199.7959461,-2.9341878714384855
1714079199.7960591,-3.0859602822197805
1714079199.796172,-3.2365653249952526
1714079199.796285,-3.381332865467778
1714079199.7963977,-3.522597860406946
1714079199.7965107,-3.6615281193344678
1714079199.7966235,-3.796955832728633
1714079199.7967365,-3.926546043819851
1714079199.7968495,-4.057304064432779
1714079199.7969623,-4.178721816451461
1714079199.7970753,-4.297804832458496
1714079199.797188,-4.405212843859637
1714079199.797301,-4.510286119249131
1714079199.7974138,-4.604852199554443
1714079199.7975268,-4.6947479248046875
1714079199.7976396,-4.775304264492458
1714079199.7977526,-4.853525426652696
1714079199.7978656,-4.92474149774622
1714079199.7979784,-4.9924554648222745
1714079199.7980914,-5.053164340831615
1714079199.7982042,-5.109203744817663
1714079199.7983172,-5.159404984226933
1714079199.79843,-5.20143464759544
1714079199.798543,-5.241128691920528
1714079199.7986557,-5.271483350683141
1714079199.7987688,-5.300670199924045
1714079199.7988815,-5.319349854080765
1714079199.7989945,-5.338029508237486
1714079199.7991076,-5.350871880849202
1714079199.7992203,-5.361379075933385
1714079199.7993333,-5.368384167000099
1714079199.799446,-5.3707189030117455
1714079199.799559,-5.373054080539279
1714079199.799672,-5.369551535005923
1714079199.799785,-5.367216798994276
1714079199.7998977,-5.359044339921739
1714079199.8000107,-5.347369335315845
1714079199.8001237,-5.331024858686659
1714079199.8002365,-5.312345204529938
1714079199.8003495,-5.291330372845684
1714079199.8004622,-5.2644782596164275
1714079199.8005753,-5.238793955908881
1714079199.800688,-5.20960666515209
1714079199.800801,-5.182754993438721
1714079199.8009138,-5.157070248215287
1714079199.8010268,-5.129050766980206
1714079199.8011398,-5.1045338312784825
1714079199.8012526,-5.073011804510045
1714079199.8013656,-5.044992323274966
1714079199.8014784,-5.009967750973171
1714079199.8015914,-4.978445724204734
1714079199.8017042,-4.942253783897117
1714079199.8018172,-4.908397021117033
1714079199.80193,-4.876874994348596
1714079199.802043,-4.841850422046802
1714079199.8021557,-4.813830940811722
1714079199.8022687,-4.788146637104175
1714079199.8023818,-4.761294523874918
1714079199.8024945,-4.736777146657308
1714079199.8026075,-4.706422929410581
1714079199.8027203,-4.679570816181323
1714079199.8028333,-4.648048789412886
1714079199.802946,-4.616526762644449
1714079199.803059,-4.586172545397723
1714079199.8031719,-4.559320432168466
1714079199.803285,-4.532468318939209
1714079199.803398,-4.507951383237486
1714079199.8035107,-4.485769183547408
1714079199.8036237,-4.464754351863155
1714079199.8037364,-4.443739961694788
1714079199.8038495,-4.418055216471354
1714079199.8039622,-4.395873016781277
1714079199.8040752,-4.36551879953455
1714079199.804188,-4.336331508777759
1714079199.804301,-4.304809482009322
1714079199.804414,-4.273287896756773
1714079199.8045268,-4.247603151533339
1714079199.8046398,-4.218416302292435
1714079199.8047526,-4.192731557069001
1714079199.8048656,-4.171716725384747
1714079199.8049784,-4.142529876143843
1714079199.8050914,-4.114510394908764
1714079199.8052042,-4.0829883681403265
1714079199.8053172,-4.045629059826886
1714079199.80543,-4.0082697515134456
1714079199.805543,-3.9650727201391147
1714079199.805656,-3.924211307808205
1714079199.8057687,-3.884516821967231
1714079199.8058817,-3.8436549681204335
1714079199.8059945,-3.8039604822794595
1714079199.8061075,-3.7607638924210156
1714079199.8062203,-3.7163994930408615
1714079199.8063333,-3.670867946412828
1714079199.806446,-3.6171637199543136
1714079199.806559,-3.561124757484153
1714079199.806672,-3.4992482927110458
1714079199.8067849,-3.4327019143987583
1714079199.8068979,-3.3673231248502375
1714079199.8070107,-3.2996091577741833
1714079199.8071237,-3.2272254979168924
1714079199.8072364,-3.152506660532068
1714079199.8073494,-3.0801230006747775
1714079199.8074622,-3.0019018385145397
1714079199.8075752,-2.923680676354302
1714079199.8076882,-2.8396220118911177
1714079199.807801,-2.750893433888753
1714079199.807914,-2.651657660802205
1714079199.8080268,-2.5582591692606607
1714079199.8081398,-2.4520185258653426
1714079199.8082526,-2.343442925700435
1714079199.8083656,-2.237202282305117
1714079199.8084784,-2.1262915046126754
1714079199.8085914,-2.011878622902764
1714079199.8087044,-1.8927956068957292
1714079199.8088171,-1.7737125908886944
1714079199.8089302,-1.6487921829576844
1714079199.809043,-1.5227042966418796
1714079199.809156,-1.3861091048629195
1714079199.8092687,-1.2448439995447793
1714079199.8093817,-1.1012439374570493
1714079199.8094945,-0.952973961830139
1714079199.8096075,-0.7988665942792539
1714079199.8097203,-0.6470941283084728
1714079199.8098333,-0.4906518039879975
1714079199.8099463,-0.33771188722716433
1714079199.810059,-0.1801020707245226
1714079199.810172,-0.02132475514102865
1714079199.8102849,0.13514402563925143
1714079199.8103979,0.29979094311043064
1714079199.8105106,0.46560554592697706
1714079199.8106236,0.6337556022184866
1714079199.8107364,0.8042410567954734
1714079199.8108494,0.9758942657046847
1714079199.8109624,1.1463796650921856
1714079199.8110752,1.3192005731441356
1714079199.8111882,1.485015175960682
1714079199.811301,1.6508297787772284
1714079199.811414,1.813141284165559
1714079199.8115268,1.975452899932861
1714079199.8116398,2.136596706178453
1714079199.8117526,2.295404893380624
1714079199.8118656,2.455381110862449
1714079199.8119786,2.6211957136789956
1714079199.8120914,2.7800041216391103
1714079199.8122044,2.942315516648469
1714079199.8123171,3.0929499202304416
1714079199.8124301,3.2424167350486472
1714079199.812543,3.388380342059665
1714079199.812656,3.5226667368853533
1714079199.8127687,3.6592887507544622
1714079199.8128817,3.7854013619599516
1714079199.8129945,3.9150167394567417
1714079199.8131075,4.039961761898464
1714079199.8132205,4.157900368725811
1714079199.8133333,4.280509772124113
1714079199.8134463,4.392609772858796
1714079199.813559,4.4988711675008135
1714079199.813672,4.599293956050166
1714079199.8137848,4.6903755929734965
1714079199.8138978,4.7721151952390315
1714079199.8140106,4.851519178461145
1714079199.8141236,4.9227493780630605
1714079199.8142366,4.991644400137441
1714079199.8143494,5.053532565081561
1714079199.8144624,5.114253803535743
1714079199.8145752,5.170303803903085
1714079199.8146882,5.220515198177761
1714079199.814801,5.266055795881483
1714079199.814914,5.30692559701425
1714079199.8150268,5.336118185961688
1714079199.8151398,5.366478584430835
1714079199.8152528,5.385162212230541
1714079199.8153656,5.402677588992648
1714079199.8154786,5.416689978705512
1714079199.8155913,5.426032013363308
1714079199.8157043,5.4330379874617964
1714079199.815817,5.438876593554461
1714079199.8159301,5.438876593554461
1714079199.816043,5.435373606505217
1714079199.816156,5.431870177940086
1714079199.816269,5.420193407270643
1714079199.8163817,5.413186991656268
1714079199.8164947,5.399174601943404
1714079199.8166075,5.38165878366541
1714079199.8167205,5.364143406903302
1714079199.8168333,5.343124601576063
1714079199.8169463,5.320937986727114
1714079199.817059,5.301086990921585
1714079199.817172,5.277733008066813
1714079199.8172848,5.253210774174443
1714079199.8173978,5.2321924103630915
1714079199.8175108,5.207670176470721
1714079199.8176236,5.184316193615948
1714079199.8177366,5.158626591717755
1714079199.8178494,5.131769180297852
1714079199.8179624,5.1049117688779475
1714079199.8180752,5.073384002402976
1714079199.8181882,5.043023603933828
1714079199.818301,5.0138305734705035
1714079199.818414,4.9823023654796454
1714079199.818527,4.955445395575629
1714079199.8186398,4.9274201746340145
1714079199.8187528,4.898227585686578
1714079199.8188655,4.873705793310094
1714079199.8189785,4.850351368939434
1714079199.8190913,4.8223265895137075
1714079199.8192043,4.795469178093804
1714079199.819317,4.766276589146367
1714079199.81943,4.7359161906772185
1714079199.8195431,4.707890969735605
1714079199.819656,4.6763627617447465
1714079199.819769,4.648337982319019
1714079199.8198817,4.621480570899116
1714079199.8199947,4.596958778522632
1714079199.8201075,4.572436986146149
1714079199.8202205,4.5490825617754895
1714079199.8203332,4.523392959877296
1714079199.8204463,4.493032561408149
1714079199.820559,4.465007781982422
1714079199.820672,4.429976145426432
1714079199.820785,4.397280569429751
1714079199.8208978,4.364584551917182
1714079199.8210108,4.3307211663987895
1714079199.8211236,4.299192958407931
1714079199.8212366,4.268832559938784
1714079199.8213494,4.232633555376971
1714079199.8214624,4.199937979380289
1714079199.8215752,4.1649063428243
1714079199.8216882,4.124036541691533
1714079199.8218012,4.081999372552942
1714079199.821914,4.0341231558057995
1714079199.822027,3.9862469390586566
1714079199.8221397,3.93486773526227
1714079199.8222528,3.8823211634600603
1714079199.8223655,3.827438531098542
1714079199.8224785,3.7737241497746217
1714079199.8225913,3.720009326934814
1714079199.8227043,3.662791737803706
1714079199.8228173,3.5997355425799333
1714079199.82293,3.537846936119927
1714079199.823043,3.4642813382325346
1714079199.8231559,3.3907157403451422
1714079199.823269,3.313646934650562
1714079199.8233817,3.227236535814073
1714079199.8234947,3.1454969335485385
1714079199.8236074,3.0590865347120495
1714079199.8237205,2.9691729280683727
1714079199.8238335,2.8815947197101734
1714079199.8239462,2.7835071086883545
1714079199.8240592,2.687755116709956
1714079199.824172,2.5849967091171826
1714079199.824285,2.4775675049534547
1714079199.8243978,2.366635313740483
1714079199.8245108,2.2486967069131354
1714079199.8246236,2.128422701800311
1714079199.8247366,2.005813298402009
1714079199.8248494,1.8773652889110424
1714079199.8249624,1.7465818811345983
1714079199.8250754,1.6146308845943873
1714079199.8251882,1.4780089811042503
1714079199.8253012,1.3402193784713745
1714079199.825414,1.2012619663167883
1714079199.825527,1.0541307705420033
1714079199.8256397,0.903496311770545
1714079199.8257527,0.7505264547136095
1714079199.8258655,0.5893827036575034
1714079199.8259785,0.4294065965546502
1714079199.8260915,0.2612565678578836
1714079199.8262043,0.09310651846505977
1714079199.8263173,-0.07269388685623804
1714079199.82643,-0.24081104331546357
1714079199.826543,-0.41126313584822194
1714079199.8266559,-0.5782127932265952
1714079199.8267689,-0.7498323917388916
1714079199.8268816,-0.9249544254055729
1714079199.8269947,-1.0954065455330741
1714079199.8271077,-1.2728635911588315
1714079199.8272204,-1.449153048020822
1714079199.8273335,-1.6277775720313743
1714079199.8274462,-1.8040670288933647
1714079199.8275592,-1.9733517258255568
1714079199.827672,-2.146138747533162
1714079199.827785,-2.3119208989319975
1714079199.8278978,-2.4753680935612428
1714079199.8280108,-2.636480552178842
1714079199.8281236,-2.797592790038497
1714079199.8282366,-2.9505325688256154
1714079199.8283496,-3.106974893146091
1714079199.8284624,-3.258747303927386
1714079199.8285754,-3.407017389933268
1714079199.8286881,-3.55528747593915
1714079199.8288012,-3.696552470878318
1714079199.828914,-3.8308125955087164
1714079199.829027,-3.9604028065999346
1714079199.8291397,-4.081821000134503
1714079199.8292527,-4.200904016141538
1714079199.8293657,-4.312981941081859
1714079199.8294785,-4.415720480459708
1714079199.8295915,-4.518458578321669
1714079199.8297043,-4.618861940171983
1714079199.8298173,-4.708757665422227
1714079199.82993,-4.796318654660825
1714079199.830043,-4.876874994348596
1714079199.8301558,-4.9527609789813
1714079199.8302689,-5.0193075780515315
1714079199.8303819,-5.081183822066695
1714079199.8304946,-5.136055416531033
1714079199.8306077,-5.1839223614445435
1714079199.8307204,-5.225951583297164
1714079199.8308334,-5.263310891610605
1714079199.8309462,-5.293665550373218
1714079199.8310592,-5.3228523996141215
1714079199.831172,-5.346201967310022
1714079199.831285,-5.363714253460919
1714079199.8313978,-5.380059171605993
1714079199.8315108,-5.388231189162642
1714079199.8316238,-5.394068912223533
1714079199.8317366,-5.394068912223533
1714079199.8318496,-5.390566366690176
1714079199.8319623,-5.384729085145173
1714079199.8320754,-5.373054080539279
1714079199.8321881,-5.357876971915916
1714079199.8323011,-5.342699421776665
1714079199.832414,-5.321685031608299
1714079199.832527,-5.300670199924045
1714079199.83264,-5.284325723294859
1714079199.8327527,-5.257473610065601
1714079199.8328657,-5.2376261463871705
1714079199.8329785,-5.213109210685447
1714079199.8330915,-5.18625709745619
1714079199.8332043,-5.158237616221109
1714079199.8333173,-5.124380853441026
1714079199.83343,-5.0940261946784124
1714079199.833543,-5.064839345437509
1714079199.833656,-5.029814773135715
1714079199.8337688,-4.997125378361455
1714079199.8338819,-4.969105897126374
1714079199.8339946,-4.937583870357937
1714079199.8341076,-4.911899566650391
1714079199.8342204,-4.885047453421133
1714079199.8343334,-4.857027972186053
1714079199.8344462,-4.826673313423439
1714079199.8345592,-4.796318654660825
1714079199.8346722,-4.761294523874918
1714079199.834785,-4.730939865112305
1714079199.834898,-4.698250470338044
1714079199.8350108,-4.665561075563784
1714079199.8351238,-4.63987633034035
1714079199.8352365,-4.61302465862698
1714079199.8353496,-4.590842458936903
1714079199.8354623,-4.566325081719293
1714079199.8355753,-4.5406407780117455
1714079199.835688,-4.518458578321669
1714079199.8358011,-4.491606465092412
1714079199.8359141,-4.460084438323975
1714079199.836027,-4.430897589083071
1714079199.83614,-4.39820819430881
1714079199.8362527,-4.36902090355202
1714079199.8363657,-4.344503967850296
1714079199.8364785,-4.319987032148573
1714079199.8365915,-4.296637464452672
1714079199.8367043,-4.275622632768418
1714079199.8368173,-4.249937887544985
1714079199.8369303,-4.224253583837438
1714079199.837043,-4.196234102602358
1714079199.837156,-4.162376898306388
1714079199.8372688,-4.129687503532127
1714079199.8373818,-4.092328195218687
1714079199.8374946,-4.0561362549110695
1714079199.8376076,-4.0246142281426325
1714079199.8377204,-3.9907574653625484
1714079199.8378334,-3.9604028065999346
1714079199.8379464,-3.9253786758140277
1714079199.8380592,-3.8880193675005876
1714079199.8381722,-3.850660059187147
1714079199.838285,-3.8039604822794595
1714079199.838398,-3.7549266108760126
1714079199.8385108,-3.7035573411870883
1714079199.8386238,-3.648685746722751
1714079199.8387365,-3.5914791954888234
1714079199.8388495,-3.534272644254896
1714079199.8389623,-3.4758987250151456
1714079199.8390753,-3.4163572170116283
1714079199.8391883,-3.3544807522385205
1714079199.839301,-3.287934373926233
1714079199.8394141,-3.2190530388443555
1714079199.839527,-3.1455017902232982
1714079199.83964,-3.0626107145238803
1714079199.8397527,-2.9808870068302857
1714079199.8398657,-2.890991060822098
1714079199.8399785,-2.797592790038497
1714079199.8400915,-2.703026709733186
1714079199.8402045,-2.604958525410405
1714079199.8403172,-2.5092250770992703
1714079199.8404303,-2.406486758479365
1714079199.840543,-2.2990787470782243
1714079199.840656,-2.1940054716887296
1714079199.8407688,-2.0795923692208746
1714079199.8408818,-1.96050935321384
1714079199.8409946,-1.842593925970572
1714079199.8411076,-1.7141710828851768
1714079199.8412206,-1.583413283030192
1714079199.8413334,-1.450320526405617
1714079199.8414464,-1.3113903778570668
1714079199.8415592,-1.1747951860781067
1714079199.8416722,-1.0323626023751717
1714079199.841785,-0.8887625402874416
1714079199.841898,-0.7439949998149165
1714079199.8420107,-0.5957250241880063
1714079199.8421237,-0.4451200641967632
1714079199.8422368,-0.288677712281545
1714079199.8423495,-0.12873293900931324
1714079199.8424625,0.03588879480957985
1714079199.8425753,0.20403884075306078
1714079199.8426883,0.37102117030708875
1714079199.842801,0.5426743516215571
1714079199.842914,0.7108244079130667
1714079199.8430269,0.8789744090150903
1714079199.84314,1.0436213678783839
1714079199.8432527,1.2117713689804077
1714079199.8433657,1.3729151752259996
1714079199.8434787,1.5457360832779494
1714079199.8435915,1.7162214826654503
1714079199.8437045,1.884371483767474
1714079199.8438172,2.0583600909621627
1714079199.8439302,2.2265100920641863
1714079199.844043,2.393492504402443
1714079199.844156,2.5581395184552225
1714079199.8442688,2.7169477056573936
1714079199.8443818,2.872253126568264
1714079199.8444948,3.0205521318647595
1714079199.8446076,3.168851137161255
1714079199.8447206,3.3101437268433744
1714079199.8448334,3.4526043468051486
1714079199.8449464,3.593896936487268
1714079199.8450592,3.731686539120144
1714079199.8451722,3.864805345182065
1714079199.845285,3.995588973716453
1714079199.845398,4.119365745120578
1714079199.845511,4.232633555376971
1714079199.8456237,4.34239837858412
1714079199.8457367,4.4439889766551826
1714079199.8458495,4.538573159111871
1714079199.8459625,4.6308221640410245
1714079199.8460753,4.71606519487169
1714079199.8461883,4.801307784186469
1714079199.846301,4.881879576930293
1714079199.846414,4.956612763581452
1714079199.8465269,5.026675595177545
1714079199.8466399,5.094402366214328
1714079199.846753,5.1504528080975565
1714079199.8468657,5.2006642023722325
1714079199.8469787,5.247372609597665
1714079199.8470914,5.2824038046377675
1714079199.8472044,5.31743499967787
1714079199.8473172,5.344292411097774
1714079199.8474302,5.37114938100179
1714079199.847543,5.3921681863290285
1714079199.847656,5.408516195085313
1714079199.847769,5.424864203841597
1714079199.8478818,5.436541416026928
1714079199.8479948,5.440044403076172
1714079199.8481076,5.443547390125415
1714079199.8482206,5.436541416026928
1714079199.8483334,5.429535000412552
1714079199.8484464,5.4190255977489326
1714079199.8485591,5.410851814128734
1714079199.8486722,5.391000376807319
1714079199.8487852,5.379323606137876
1714079199.848898,5.365310774909125
1714079199.849011,5.343124601576063
1714079199.8491237,5.322105796248824
1714079199.8492367,5.30692559701425
1714079199.8493495,5.28357117264359
1714079199.8494625,5.264887986359772
1714079199.8495753,5.239198384461579
1714079199.8496883,5.211173605035852
1714079199.8498013,5.188986990186903
1714079199.849914,5.160961769245288
1714079199.850027,5.131769180297852
1714079199.8501399,5.1049117688779475
1714079199.8502529,5.074551370408799
1714079199.8503656,5.047694400504783
1714079199.8504786,5.02200479860659
1714079199.8505914,4.995147387186686
1714079199.8507044,4.970625594810203
1714079199.8508172,4.942600373868589
1714079199.8509302,4.916910771970396
1714079199.8510432,4.890053360550492
1714079199.851156,4.860860771603054
1714079199.851269,4.832835992177327
1714079199.8513818,4.802475593708179
1714079199.8514948,4.7721151952390315
1714079199.8516076,4.746425593340838
1714079199.8517206,4.723071168970178
1714079199.8518333,4.697381567071985
1714079199.8519464,4.674027584217212
1714079199.8520594,4.648337982319019
1714079199.8521721,4.623816189942536
1714079199.8522851,4.596958778522632
1714079199.852398,4.565430570531774
1714079199.852511,4.53740534959016
1714079199.8526237,4.504709773593478
1714079199.8527367,4.469678578553376
1714079199.8528495,4.4439889766551826
1714079199.8529625,4.40895778161508
1714079199.8530755,4.380932560673466
1714079199.8531883,4.355242958775273
1714079199.8533013,4.324882560306125
1714079199.853414,4.288683555744312
1714079199.853527,4.257155347753454
1714079199.8536398,4.2162855466206866
1714079199.8537529,4.1754157454879195
1714079199.8538656,4.131042957305908
1714079199.8539786,4.086670169123897
1714079199.8540914,4.046967735996953
1714079199.8542044,4.000259770287408
1714079199.8543174,3.954719172583686
1714079199.8544302,3.9115137524074974
1714079199.8545432,3.8613023581328214
1714079199.854656,3.811090963858145
1714079199.854769,3.7538731539690935
1714079199.8548818,3.6954875345583313
1714079199.8549948,3.632431339334558
1714079199.8551075,3.564704347539831
1714079199.8552206,3.4946417367016824
1714079199.8553336,3.422243727578057
1714079199.8554463,3.349845939212375
1714079199.8555593,3.276280341324983
1714079199.8556721,3.198043726108692
1714079199.8557851,3.117471933364868
1714079199.855898,3.034564521577623
1714079199.856011,2.944650914933946
1714079199.8561237,2.8512343212410256
1714079199.8562367,2.750811311933729
1714079199.8563497,2.6480529043409557
1714079199.8564625,2.538288301891751
1714079199.8565755,2.4273561106787787
1714079199.8566883,2.3140883004223856
1714079199.8568013,2.1973175031167487
1714079199.856914,2.0793788962894015
1714079199.857027,1.95793730241281
1714079199.8571398,1.8318246912073204
1714079199.8572528,1.702208982573615
1714079199.8573656,1.5690901765116938
1714079199.8574786,1.427797476450602
1714079199.8575916,1.2865047763895106
1714079199.8577044,1.1370380719502766
1714079199.8578174,0.9852358588465937
1714079199.8579302,0.8357692095968458
1714079199.8580432,0.6792962551116943
1714079199.858156,0.5239909997692814
1714079199.858269,0.3686857444268686
1714079199.8583817,0.20637425283590952
1714079199.8584948,0.04639817332779919
1714079199.8586078,-0.11472317079703012
1714079199.8587205,-0.27933788520318487
1714079199.8588336,-0.44862252694589116
1714079199.8589463,-0.6179071686885974
1714079199.8590593,-0.7906942455856888
1714079199.859172,-0.9669837024476793
1714079199.859285,-1.1397708345342565
1714079199.859398,-1.3137253346266569
1714079199.859511,-1.485344988328439
1714079199.859624,-1.6511271397272744
1714079199.8597367,-1.8215792046652899
1714079199.8598497,-1.987361466443097
1714079199.8599625,-2.156646163375289
1714079199.8600755,-2.3235956827799478
1714079199.8601882,-2.49054542294255
1714079199.8603013,-2.655160206335562
1714079199.860414,-2.818607400964807
1714079199.860527,-2.979719638824463
1714079199.86064,-3.133827006375348
1714079199.8607528,-3.290269330695823
1714079199.8608658,-3.433869503162525
1714079199.8609786,-3.5727995413321034
1714079199.8610916,-3.7093948434900352
1714079199.8612044,-3.83781768657543
1714079199.8613174,-3.9674078976666483
1714079199.8614302,-4.0888256496853295
1714079199.8615432,-4.207908665692364
1714079199.861656,-4.3223217681602195
1714079199.861769,-4.429730221077247
1714079199.861882,-4.537138232478389
1714079199.8619947,-4.63053650326199
1714079199.8621078,-4.720432670028121
1714079199.8622205,-4.804491113733362
1714079199.8623335,-4.876874994348596
1714079199.8624463,-4.94809106544212
1714079199.8625593,-5.011135118978994
1714079199.862672,-5.070676626982512
1714079199.862785,-5.123213485435203
1714079199.862898,-5.17224735683865
1714079199.863011,-5.215444388212981
1714079199.863124,-5.250468518998887
1714079199.8632367,-5.2854930913006815
1714079199.8633497,-5.311177836524116
1714079199.8634624,-5.334527404220015
1714079199.8635755,-5.349704512843379
1714079199.8636882,-5.363714253460919
1714079199.8638012,-5.368384167000099
1714079199.8639143,-5.371886712533456
1714079199.864027,-5.373054080539279
1714079199.86414,-5.368384167000099
1714079199.8642528,-5.3648816214667425
1714079199.8643658,-5.354374426382559
1714079199.8644786,-5.346201967310022
1714079199.8645916,-5.3333595946983055
1714079199.8647044,-5.318182486074941
1714079199.8648174,-5.304172745457402
1714079199.8649302,-5.281990545767324
1714079199.8650432,-5.259808346077247
1714079199.8651562,-5.2317888648421675
1714079199.865269,-5.204936751612911
1714079199.865382,-5.17691727037783
1714079199.8654947,-5.143060507597746
1714079199.8656077,-5.113873658356843
1714079199.8657205,-5.084686367600052
1714079199.8658335,-5.055499518359149
1714079199.8659463,-5.027480037124068
1714079199.8660593,-4.9982927463672775
1714079199.8661723,-4.970273265132198
1714079199.866285,-4.936416502352114
1714079199.866398,-4.904894475583677
1714079199.8665109,-4.869869903281883
1714079199.8666239,-4.8383483180293325
1714079199.8667367,-4.803323745727539
1714079199.8668497,-4.770634350953278
1714079199.8669624,-4.743782237724021
1714079199.8670754,-4.714595388483118
1714079199.8671885,-4.692413188793041
1714079199.8673012,-4.6678958115754305
1714079199.8674142,-4.64454624387953
1714079199.867527,-4.616526762644449
1714079199.86764,-4.586172545397723
1714079199.8677528,-4.559320432168466
1714079199.8678658,-4.527798405400029
1714079199.8679786,-4.499778924164948
1714079199.8680916,-4.474094178941514
1714079199.8682046,-4.446074697706434
1714079199.8683174,-4.423892498016357
1714079199.8684304,-4.4017107398421675
1714079199.8685431,-4.38419845369127
1714079199.8686562,-4.36084888599537
1714079199.868769,-4.33749931829947
1714079199.868882,-4.307144659536856
1714079199.8689947,-4.277957810295953
1714079199.8691077,-4.2429332379941584
1714079199.8692205,-4.2102438432198985
1714079199.8693335,-4.177554448445638
1714079199.8694465,-4.151869703222204
1714079199.8695593,-4.123850221987124
1714079199.8696723,-4.09349556322451
1714079199.869785,-4.06547608198943
1714079199.869898,-4.032786687215169
1714079199.8700109,-3.9989299244350853
1714079199.8701239,-3.9592354385941113
1714079199.8702366,-3.916038848735668
1714079199.8703496,-3.8716744493555137
1714079199.8704627,-3.821472768430356
1714079199.8705754,-3.7759410010443792
1714079199.8706884,-3.7269071296409324
1714079199.8708012,-3.680207773491188
1714079199.8709142,-3.6311736813297975
1714079199.871027,-3.5798044116408736
1714079199.87114,-3.5284353627098928
1714079199.8712528,-3.4700612227121987
1714079199.8713658,-3.409352346702858
1714079199.8714788,-3.3416386003847474
1714079199.8715916,-3.269254719769513
1714079199.8717046,-3.1968708391542786
1714079199.8718174,-3.1174823089882175
1714079199.8719304,-3.0404285148338035
1714079199.8720431,-2.9610399846677424
1714079199.8721561,-2.876981320204558
1714079199.872269,-2.792922876499317
1714079199.872382,-2.703026709733186
1714079199.8724947,-2.608460850185818
1714079199.8726077,-2.510392665863037
1714079199.8727207,-2.4053193904735424
1714079199.8728335,-2.2944088335390442
1714079199.8729465,-2.1858330126161927
1714079199.8730593,-2.0609127150641546
1714079199.8731723,-1.9406623310512965
1714079199.873285,-1.8169092911261098
1714079199.873398,-1.6908215151892767
1714079199.8735108,-1.5600637153342918
1714079199.8736238,-1.4269709587097168
1714079199.8737369,-1.2927107237003468
1714079199.8738496,-1.1526130967670016
1714079199.8739626,-1.0101805130640664
1714079199.8740754,-0.8595755254780804
1714079199.8741884,-0.7066356363119902
1714079199.8743012,-0.552528268761105
1714079199.8744142,-0.39024849732716876
1714079199.874527,-0.23147118864236052
1714079199.87464,-0.06802396641837226
1714079199.874753,0.09310651846505977
1714079199.8748658,0.25425031781196594
1714079199.8749788,0.41772952234303506
1714079199.8750916,0.578873300993884
1714079199.8752046,0.7470233572853936
1714079199.8753173,0.91283796010194
1714079199.8754303,1.082155770725674
1714079199.875543,1.2549765683986522
1714079199.8756561,1.427797476450602
1714079199.8757691,1.6017860836452906
1714079199.875882,1.7699360847473142
1714079199.875995,1.9404214841348153
1714079199.8761077,2.1062360869513617
1714079199.8762207,2.2650444949114763
1714079199.8763335,2.4285236994425454
1714079199.8764465,2.583829120353416
1714079199.8765593,2.7438051170772972
1714079199.8766723,2.8991103172302246
1714079199.876785,3.0590865347120495
1714079199.876898,3.215559323628743
1714079199.877011,3.3661937272107156
1714079199.8771238,3.5156605420289213
1714079199.8772368,3.656953352468985
1714079199.8773496,3.7935751455801503
1714079199.8774626,3.922023155071117
1714079199.8775754,4.044632558469419
1714079199.8776884,4.161403355775056
1714079199.8778012,4.277006343558982
1714079199.8779142,4.38560335724442
1714079199.8780272,4.490697383880615
1714079199.87814,4.5946231594792115
1714079199.878253,4.6903755929734965
1714079199.8783658,4.782624156386763
1714079199.8784788,4.864363758652298
1714079199.8785915,4.940265196341055
1714079199.8787045,5.0091597768995495
1714079199.8788173,5.069880573837845
1714079199.8789303,5.123595396677652
1714079199.8790433,5.174974600474039
1714079199.879156,5.222850375705295
1714079199.8792691,5.264887986359772
1714079199.879382,5.3057577874925395
1714079199.879495,5.3419567920543525
1714079199.8796077,5.37114938100179
1714079199.8797207,5.39450380537245
1714079199.8798335,5.416689978705512
1714079199.8799465,5.431870177940086
1714079199.8800592,5.441212212597882
1714079199.8801723,5.4470503771746595
1714079199.8802853,5.4470503771746595
1714079199.880398,5.44821818669637
1714079199.880511,5.443547390125415
1714079199.8806238,5.436541416026928
1714079199.8807368,5.430702809934263
1714079199.8808496,5.417857788227222
1714079199.8809626,5.407348385563603
1714079199.8810754,5.391000376807319
1714079199.8811884,5.376987987094455
1714079199.8813014,5.357136991288926
1714079199.8814142,5.334950376439977
1714079199.8815272,5.312764203106915
1714079199.88164,5.2870746012087215
1714079199.881753,5.263720176838062
1714079199.8818657,5.238030574939868
1714079199.8819788,5.211173605035852
1714079199.8820915,5.186651371143482
1714079199.8822045,5.160961769245288
1714079199.8823175,5.135272167347095
1714079199.8824303,5.1095825654489015
1714079199.8825433,5.08622858259413
1714079199.882656,5.0547003746032715
1714079199.882769,5.029010772705078
1714079199.8828819,4.997482564714219
1714079199.882995,4.965954798239248
1714079199.8831077,4.939097386819345
1714079199.8832207,4.907569178828487
1714079199.8833337,4.876040970837628
1714079199.8834465,4.84568057236848
1714079199.8835595,4.819990970470287
1714079199.8836722,4.796636987615514
1714079199.8837852,4.770947385717321
1714079199.883898,4.745257783819127
1714079199.884011,4.719568181920934
1714079199.8841238,4.69154296097932
1714079199.8842368,4.661182562510172
1714079199.8843496,4.633157783084445
1714079199.8844626,4.602797384615298
1714079199.8845756,4.574772163673683
1714079199.8846884,4.5490825617754895
1714079199.8848014,4.524560769399007
1714079199.8849142,4.4988711675008135
1714079199.8850272,4.47318156560262
1714079199.88514,4.446324154182716
1714079199.885253,4.414795946191858
1714079199.8853657,4.386771166766131
1714079199.8854787,4.350572162204318
1714079199.8855917,4.315540967164216
1714079199.8857045,4.275838975553159
1714079199.8858175,4.238472161469636
1714079199.8859303,4.198770169858579
1714079199.8860433,4.160235546253346
1714079199.886156,4.122869173685709
1714079199.886269,4.083166740558766
1714079199.8863819,4.044632558469419
1714079199.8864949,3.999091960765697
1714079199.886608,3.9512157440185542
1714079199.8867207,3.8986687307004573
1714079199.8868337,3.841451362327293
1714079199.8869464,3.7842335524382413
1714079199.8870595,3.722344945978235
1714079199.8871722,3.6592887507544622
1714079199.8872852,3.5997355425799333
1714079199.887398,3.5331761395489725
1714079199.887511,3.468952134803489
1714079199.8876238,3.400057333487051
1714079199.8877368,3.3288271338851363
1714079199.8878498,3.248255341141312
1714079199.8879626,3.1700187259250217
1714079199.8880756,3.082440517566822
1714079199.8881884,2.9890239238739014
1714079199.8883014,2.896774918944747
1714079199.8884141,2.798687307922928
1714079199.8885272,2.704102904708297
1714079199.88864,2.6036801161589445
1714079199.888753,2.4985863102806936
1714079199.888866,2.3911571061169656
1714079199.8889787,2.28022469414605
1714079199.8890917,2.1622863080766463
1714079199.8892045,2.044347701249299
1714079199.8893175,1.914731882236622
1714079199.8894303,1.7874517926463374
1714079199.8895433,1.6519975882989388
1714079199.889656,1.5130401761443526
1714079199.889769,1.3705797769405224
1714079199.889882,1.2281192673577201
1714079199.8899949,1.0833234698684127
1714079199.8901079,0.9396952611428719
1714079199.8902206,0.7867254592754223
1714079199.8903337,0.6337556022184866
1714079199.8904464,0.4807858003510369
1714079199.8905594,0.31847429496270635
1714079199.8906722,0.15733048871711447
1714079199.8907852,-0.009649954046364184
1714079199.890898,-0.17776710015756111
1714079199.891011,-0.34938669866985744
1714079199.891124,-0.5186713404125637
1714079199.8912368,-0.69029093892486
1714079199.8913498,-0.8642454942067463
1714079199.8914626,-1.0311951239903767
1714079199.8915756,-1.201647299307364
1714079199.8916883,-1.3732668426301744
1714079199.8918014,-1.5448863859529847
1714079199.8919141,-1.720008474809152
1714079199.8920271,-1.8892930613623724
1714079199.8921402,-2.062080083069978
1714079199.892253,-2.234867325535527
1714079199.892366,-2.4029844337039523
1714079199.8924787,-2.5675992170969644
1714079199.8925917,-2.727543866192853
1714079199.8927045,-2.8851537792770947
1714079199.8928175,-3.03692619005839
1714079199.8929303,-3.1875310120759184
1714079199.8930433,-3.3334661413122104
1714079199.8931563,-3.4758987250151456
1714079199.893269,-3.614828763184724
1714079199.893382,-3.7549266108760126
1714079199.8934948,-3.886851557978877
1714079199.8936079,-4.0141070330584485
1714079199.8937206,-4.1413625081380205
1714079199.8938336,-4.2534404330783415
1714079199.8939464,-4.36551879953455
1714079199.8940594,-4.467089529390688
1714079199.8941724,-4.565157713713469
1714079199.8942852,-4.656221248485424
1714079199.8943982,-4.740279692190665
1714079199.894511,-4.822003399884259
1714079199.894624,-4.899057194038673
1714079199.8947368,-4.972608442659731
1714079199.8948498,-5.036819864202428
1714079199.8949625,-5.095193562684235
1714079199.8950756,-5.150065157148573
1714079199.8951883,-5.19559692453455
1714079199.8953013,-5.236458778381348
1714079199.8954144,-5.267980805149785
1714079199.8955271,-5.297167654390688
1714079199.8956401,-5.318182486074941
1714079199.895753,-5.339197317759195
1714079199.895866,-5.353207058376736
1714079199.8959787,-5.363714253460919
1714079199.8960917,-5.369551535005923
1714079199.8962045,-5.3707189030117455
1714079199.8963175,-5.371886712533456
1714079199.8964305,-5.368384167000099
1714079199.8965433,-5.363714253460919
1714079199.8966563,-5.352039248855025
1714079199.896769,-5.338029508237486
1714079199.896882,-5.324019767619945
1714079199.8969948,-5.300670199924045
1714079199.8971078,-5.281990545767324
1714079199.8972206,-5.256306242059778
1714079199.8973336,-5.234124042369701
1714079199.8974466,-5.208439297146267
1714079199.8975594,-5.188592274983724
1714079199.8976724,-5.1629075297602895
1714079199.8977852,-5.138390594058566
1714079199.8978982,-5.111538480829309
1714079199.898011,-5.085853735605875
1714079199.898124,-5.054332150353326
1714079199.8982368,-5.020474946057354
1714079199.8983498,-4.986618183277271
1714079199.8984625,-4.953928788503011
1714079199.8985755,-4.918904216201216
1714079199.8986886,-4.887382189432779
1714079199.8988013,-4.860530076203522
1714079199.8989143,-4.831343226962619
1714079199.899027,-4.8068262912608954
1714079199.8991401,-4.778806810025816
1714079199.899253,-4.748452151263201
1714079199.899366,-4.720432670028121
1714079199.8994787,-4.688910643259684
1714079199.8995917,-4.657388616491247
1714079199.8997047,-4.623531853711163
1714079199.8998175,-4.595512372476083
1714079199.8999305,-4.567492891241002
1714079199.9000432,-4.541808146017569
1714079199.9001563,-4.520793314333315
1714079199.900269,-4.496276378631592
1714079199.900382,-4.4764293564690485
1714079199.9004948,-4.448409875233968
1714079199.9006078,-4.426227675543891
1714079199.9007208,-4.395873016781277
1714079199.9008336,-4.366686167540373
1714079199.9009466,-4.333996772766113
1714079199.9010594,-4.302474745997676
1714079199.9011724,-4.279125178301776
1714079199.9012852,-4.249937887544985
1714079199.9013982,-4.225420951843262
1714079199.901511,-4.200904016141538
1714079199.901624,-4.175219270918104
1714079199.901737,-4.150702335216381
1714079199.9018497,-4.116845572436297
1714079199.9019628,-4.084155736146149
1714079199.9020755,-4.045629059826886
1714079199.9021885,-4.007102383507623
1714079199.9023013,-3.969742633678295
1714079199.9024143,-3.9277134118256742
1714079199.902527,-3.8938566490455906
1714079199.90264,-3.8518274271929704
1714079199.9027529,-3.8168028548911765
1714079199.902866,-3.7736062650327327
1714079199.902979,-3.7292418656525785
1714079199.9030917,-3.680207773491188
1714079199.9032047,-3.6253361790268506
1714079199.9033175,-3.5657946710233333
1714079199.9034305,-3.5050857950139926
1714079199.9035432,-3.440874373471295
1714079199.9036562,-3.373160406395241
1714079199.903769,-3.3077816168467202
1714079199.903882,-3.237732693001076
1714079199.903995,-3.167683989913375
1714079199.9041078,-3.0988026548314975
1714079199.9042208,-3.019413903907493
1714079199.9043336,-2.9388577849776656
1714079199.9044466,-2.8536317525086576
1714079199.9045594,-2.7649031745062933
1714079199.9046724,-2.6680023581893355
1714079199.9047852,-2.5687665851027877
1714079199.9048982,-2.468363223252473
1714079199.9050112,-2.363290168620922
1714079199.905124,-2.258216893231427
1714079199.905237,-2.148473704302752
1714079199.9053497,-2.0352281905986644
1714079199.9054627,-1.9196474993670427
1714079199.9055755,-1.8005645937389796
1714079199.9056885,-1.6756441858079698
1714079199.9058013,-1.5460539747167517
1714079199.9059143,-1.4117937397073816
1714079199.906027,-1.2716961127740365
1714079199.90614,-1.1304310074558963
1714079199.906253,-0.9821609214500144
1714079199.9063659,-0.8338910010125902
1714079199.906479,-0.6856210253856799
1714079199.9065917,-0.5326810810301038
1714079199.9067047,-0.3832436270183987
1714079199.9068174,-0.22563379671838546
1714079199.9069304,-0.07035892318796227
1714079199.9070432,0.09310651846505977
1714079199.9071562,0.2565857160974432
1714079199.9072692,0.4247357723889527
1714079199.907382,0.5975566528461597
1714079199.907495,0.7668744082804079
1714079199.9076078,0.9396952611428719
1714079199.9077208,1.112516169194822
1714079199.9078336,1.2841692677250613
1714079199.9079466,1.452319379206057
1714079199.9080594,1.621637079450819
1714079199.9081724,1.7862839831246269
1714079199.9082854,1.952098696320145
1714079199.9083982,2.1202486974221686
1714079199.9085112,2.2837279019532377
1714079199.908624,2.4507103142914946
1714079199.908737,2.617692505871808
1714079199.9088497,2.7835071086883545
1714079199.9089627,2.9434833261701794
1714079199.9090755,3.094117729752152
1714079199.9091885,3.2412489255269366
1714079199.9093015,3.3860449437741877
1714079199.9094143,3.5179959403143988
1714079199.9095273,3.6557855429472745
1714079199.90964,3.7830657429165306
1714079199.909753,3.9150167394567417
1714079199.9098659,4.0434647489477085
1714079199.9099789,4.161403355775056
1714079199.9100916,4.282844949651647
1714079199.9102046,4.390274153815375
1714079199.9103174,4.500038977022524
1714079199.9104304,4.598126588044343
1714079199.9105434,4.686872164408365
1714079199.9106562,4.7686117666739
1714079199.9107692,4.849183559417725
1714079199.910882,4.925084997106481
1714079199.910995,4.993979577664976
1714079199.9111078,5.061706790217647
1714079199.9112208,5.124763206199363
1714079199.9113336,5.181980574572528
1714079199.9114466,5.235695397412335
1714079199.9115596,5.280068185594346
1714079199.9116724,5.319770177205403
1714079199.9117854,5.348963207668728
1714079199.9118981,5.376987987094455
1714079199.9120111,5.396838982899983
1714079199.912124,5.415522610699688
1714079199.912237,5.429535000412552
1714079199.9123497,5.436541416026928
1714079199.9124627,5.4470503771746595
1714079199.9125757,5.450553805739791
1714079199.9126885,5.451721615261501
1714079199.9128015,5.44821818669637
1714079199.9129143,5.441212212597882
1714079199.9130273,5.4330379874617964
1714079199.91314,5.417857788227222
1714079199.913253,5.406180576041892
1714079199.9133658,5.386329580236364
1714079199.9134789,5.367646393952546
1714079199.9135916,5.350130575674551
1714079199.9137046,5.326776592819779
1714079199.9138176,5.3057577874925395
1714079199.9139304,5.2824038046377675
1714079199.9140434,5.261384999310528
1714079199.9141562,5.2368632069340455
1714079199.9142692,5.214676592085096
1714079199.914382,5.188986990186903
1714079199.914495,5.16563300733213
1714079199.9146078,5.135272167347095
1714079199.9147208,5.106079578399658
1714079199.9148338,5.078054798973931
1714079199.9149466,5.0453587814613625
1714079199.9150596,5.0185013700414585
1714079199.9151723,4.990476590615732
1714079199.9152853,4.961284001668294
1714079199.9153981,4.940265196341055
1714079199.9155111,4.909904797871907
1714079199.915624,4.887718183022958
1714079199.915737,4.859692962081343
1714079199.91585,4.83400336018315
1714079199.9159627,4.807146390279134
1714079199.9160757,4.7721151952390315
1714079199.9161885,4.741754355253996
1714079199.9163015,4.711393956784849
1714079199.9164143,4.683369177359122
1714079199.9165273,4.656511765939218
1714079199.91664,4.629654354519314
1714079199.916753,4.605132562142831
1714079199.9168658,4.582946388809769
1714079199.9169788,4.554921167868155
1714079199.9170918,4.528063756448251
1714079199.9172046,4.4988711675008135
1714079199.9173176,4.465007781982422
1714079199.9174304,4.433479573991563
1714079199.9175434,4.39611275990804
1714079199.9176562,4.365752361438892
1714079199.9177692,4.3318889759205
1714079199.917882,4.299192958407931
1714079199.917995,4.268832559938784
1714079199.918108,4.2349691744203914
1714079199.9182208,4.201105347386113
1714079199.9183338,4.163738974818477
1714079199.9184465,4.119365745120578
1714079199.9185596,4.074992956938567
1714079199.9186723,4.028284549713135
1714079199.9187853,3.9780731554384583
1714079199.918898,3.927861761163782
1714079199.919011,3.875314747845685
1714079199.9191241,3.8251033535710084
1714079199.919237,3.7737241497746217
1714079199.91935,3.7176741494072805
1714079199.9194627,3.6592887507544622
1714079199.9195757,3.5997355425799333
1714079199.9196885,3.5308407412634955
1714079199.9198015,3.45961054166158
1714079199.9199142,3.3860449437741877
1714079199.9200273,3.30547293027242
1714079199.9201403,3.224901137528596
1714079199.920253,3.141993725741351
1714079199.920366,3.0567509156686286
1714079199.9204788,2.9703405168321395
1714079199.9205918,2.8780915119029857
1714079199.9207046,2.787010316495542
1714079199.9208176,2.6889227054737233
1714079199.9209304,2.5826613108317056
1714079199.9210434,2.4752321066679777
1714079199.9211562,2.3631321059332953
1714079199.9212692,2.244025910342181
1714079199.9213822,2.1260873035148338
1714079199.921495,2.0011425018310547
1714079199.921608,1.8761977001472754
1714079199.9217207,1.7465818811345983
1714079199.9218338,1.6146308845943873
1714079199.9219465,1.4803443793897275
1714079199.9220595,1.344890175042329
1714079199.9221723,1.2012619663167883
1714079199.9222853,1.0576338679702193
1714079199.9223983,0.903496311770545
1714079199.922511,0.7505264547136095
1714079199.922624,0.5928858010857193
1714079199.922737,0.43174202243487037
1714079199.92285,0.2647596928808424
1714079199.9229627,0.10361589353393624
1714079199.9230757,-0.06101908231223071
1714079199.9231884,-0.22913623187277052
1714079199.9233015,-0.39491843846109176
1714079199.9234145,-0.5630355742242601
1714079199.9235272,-0.7358226511213514
1714079199.9236403,-0.9097772064032378
1714079199.923753,-1.0860667184547141
1714079199.923866,-1.2623561753167045
1714079199.9239788,-1.440980699327257
1714079199.9240918,-1.617270266568219
1714079199.9242046,-1.7923922450454146
1714079199.9243176,-1.9640118987471968
1714079199.9244304,-2.1356313316910356
1714079199.9245434,-2.3025810718536377
1714079199.9246564,-2.4671958552466497
1714079199.9247692,-2.628308093106305
1714079199.9248822,-2.788252962960137
1714079199.924995,-2.9481976120560254
1714079199.925108,-3.1058075251402677
1714079199.9252207,-3.262249849460743
1714079199.9253337,-3.412854892236215
1714079199.9254465,-3.55762243270874
1714079199.9255595,-3.697720059642085
1714079199.9256725,-3.8319804050304267
1714079199.9257853,-3.9557328930607545
1714079199.9258983,-4.0829883681403265
1714079199.926011,-4.1950667345965345
1714079199.926124,-4.305977291531033
1714079199.9262369,-4.414552670937997
1714079199.9263499,-4.517291210315845
1714079199.9264627,-4.615359394638626
1714079199.9265757,-4.707590297416404
1714079199.9266887,-4.791648741121645
1714079199.9268014,-4.87337244881524
1714079199.9269145,-4.9445889614246505
1714079199.9270272,-5.008800382967348
1714079199.9271402,-5.068341890970865
1714079199.927253,-5.120878307907669
1714079199.927366,-5.166410075293647
1714079199.9274788,-5.211941842679624
1714079199.9275918,-5.246966414981418
1714079199.9277048,-5.281990545767324
1714079199.9278176,-5.310010027002405
1714079199.9279306,-5.332192226692482
1714079199.9280434,-5.355541794388382
1714079199.9281564,-5.368384167000099
1714079199.9282691,-5.380059171605993
1714079199.9283822,-5.3858964531509965
1714079199.928495,-5.388231189162642
1714079199.928608,-5.388231189162642
1714079199.9287207,-5.377723994078459
1714079199.9288337,-5.371886712533456
1714079199.9289467,-5.359044339921739
1714079199.9290595,-5.342699421776665
1714079199.9291725,-5.325187577141655
1714079199.9292853,-5.306507481469048
1714079199.9293983,-5.286660459306504
1714079199.929511,-5.270315982677318
1714079199.929624,-5.246966414981418
1714079199.9297369,-5.221281669757984
1714079199.9298499,-5.193262188522904
1714079199.9299629,-5.16757744329947
1714079199.9300756,-5.13021813498603
1714079199.9301887,-5.099863917739302
1714079199.9303014,-5.0671740814491555
1714079199.9304144,-5.032149950663248
1714079199.9305272,-5.001795291900635
1714079199.9306402,-4.972608442659731
1714079199.930753,-4.94342115190294
1714079199.930866,-4.916569480189571
1714079199.930979,-4.89321991249367
1714079199.9310918,-4.857027972186053
1714079199.9312048,-4.826673313423439
1714079199.9313176,-4.796318654660825
1714079199.9314306,-4.761294523874918
1714079199.9315434,-4.729772497106481
1714079199.9316564,-4.700585647865577
1714079199.9317691,-4.671398357108787
1714079199.9318821,-4.648048789412886
1714079199.931995,-4.623531853711163
1714079199.932108,-4.600182286015263
1714079199.932221,-4.578000086325186
1714079199.9323337,-4.551147973095929
1714079199.9324467,-4.523128491860849
1714079199.9325595,-4.497443746637415
1714079199.9326725,-4.460084438323975
1714079199.9327853,-4.432064957088894
1714079199.9328983,-4.404045475853814
1714079199.933011,-4.374858626612911
1714079199.933124,-4.352676426922833
1714079199.933237,-4.328159491221109
1714079199.9333498,-4.307144659536856
1714079199.9334629,-4.284962459846779
1714079199.9335756,-4.256942978611699
1714079199.9336886,-4.228923497376618
1714079199.9338014,-4.196234102602358
1714079199.9339144,-4.162376898306388
1714079199.9340272,-4.126185399514657
1714079199.9341402,-4.0888256496853295
1714079199.9342532,-4.057304064432779
1714079199.934366,-4.0246142281426325
1714079199.934479,-3.9919248333683717
1714079199.9345918,-3.961570616121645
1714079199.9347048,-3.924211307808205
1714079199.9348176,-3.884516821967231
1714079199.9349306,-3.844822336126257
1714079199.9350433,-3.7946206552010993
1714079199.9351563,-3.7467541518034757
1714079199.9352694,-3.695385102872495
1714079199.9353821,-3.6428484651777477
1714079199.9354951,-3.5868092819496433
1714079199.935608,-3.533105276249073
1714079199.935721,-3.479401049790559
1714079199.9358337,-3.419859762544985
1714079199.9359467,-3.3603182545414674
1714079199.9360595,-3.294939244235003
1714079199.9361725,-3.2260579091531256
1714079199.9362853,-3.147836746992888
1714079199.9363983,-3.0696155848326505
1714079199.9365113,-2.9867245091332326
1714079199.936624,-2.8979959311308683
1714079199.936737,-2.8092675738864474
1714079199.9368498,-2.7158690823449025
1714079199.9369628,-2.624805547572948
1714079199.9370756,-2.529072320019757
1714079199.9371886,-2.4286689581694425
1714079199.9373014,-2.3247632715437145
1714079199.9374144,-2.2185226281483965
1714079199.9375274,-2.1052768936863653
1714079199.9376402,-1.987361466443097
1714079199.9377532,-1.8636085368968822
1714079199.937866,-1.7375206505810772
1714079199.937979,-1.6079303291108873
1714079199.9380918,-1.4748375724863123
1714079199.9382048,-1.341744926240709
1714079199.9383175,-1.205149734461749
1714079199.9384305,-1.0638846291436088
1714079199.9385436,-0.9214519902511878
1714079199.9386563,-0.7778519281634577
1714079199.9387693,-0.6284144741517526
1714079199.938882,-0.4766420633704574
1714079199.9389951,-0.3155297703213162
1714079199.939108,-0.15675246163650794
1714079199.939221,0.006696079098791987
1714079199.9393337,0.1748461276292801
1714079199.9394467,0.3406607442431979
1714079199.9395595,0.5064753470597444
1714079199.9396725,0.6722900050657766
1714079199.9397855,0.8369369087395844
1714079199.9398983,1.0004161684601394
1714079199.9400113,1.1685661695621632
1714079199.940124,1.3308776749504936
1714079199.940237,1.5036985830024436
1714079199.9403498,1.6741839823899445
1714079199.9404628,1.8435017930136786
1714079199.9405756,2.017490289829395
1714079199.9406886,2.1856402909314188
1714079199.9408016,2.3502873049841986
1714079199.9409144,2.5137665095152677
1714079199.9410274,2.673742506239149
1714079199.9411402,2.8278801176283093
1714079199.9412532,2.977346932446515
1714079199.941366,3.126813526506777
1714079199.941479,3.276280341324983
1714079199.9415917,3.4234115370997675
1714079199.9417048,3.567039745825308
1714079199.9418178,3.7083325562653715
1714079199.9419305,3.8437865398548263
1714079199.9420435,3.972234549345793
1714079199.9421563,4.097179571787516
1714079199.9422693,4.210446940528022
1714079199.942382,4.317876144691749
1714079199.942495,4.4194671842787
1714079199.9426079,4.514051366735387
1714079199.942721,4.608635990707962
1714079199.942834,4.698549376593696
1714079199.9429467,4.784959775430185
1714079199.9430597,4.86903499673914
1714079199.9431725,4.94493599291201
1714079199.9432855,5.01149539594297
1714079199.9433982,5.074551370408799
1714079199.9435112,5.132936989819561
1714079199.943624,5.181980574572528
1714079199.943737,5.226353804270426
1714079199.9438498,5.262552808832239
1714079199.9439628,5.298751371878164
1714079199.9440758,5.330279579869023
1714079199.9441886,5.357136991288926
1714079199.9443016,5.38399440270883
1714079199.9444144,5.403845398514359
1714079199.9445274,5.417857788227222
1714079199.9446402,5.429535000412552
1714079199.9447532,5.4330379874617964
1714079199.944866,5.436541416026928
1714079199.944979,5.436541416026928
1714079199.945092,5.429535000412552
1714079199.9452047,5.422528584798177
1714079199.9453177,5.410851814128734
1714079199.9454305,5.399174601943404
1714079199.9455435,5.389833008801495
1714079199.9456563,5.37114938100179
1714079199.9457693,5.355969181767216
1714079199.945882,5.338453805005108
1714079199.945995,5.31743499967787
1714079199.946108,5.298751371878164
1714079199.9462209,5.277733008066813
1714079199.946334,5.253210774174443
1714079199.9464467,5.226353804270426
1714079199.9465597,5.2006642023722325
1714079199.9466724,5.171471171908908
1714079199.9467854,5.143446392483181
1714079199.9468982,5.115421171541567
1714079199.9470112,5.089731569643374
1714079199.947124,5.0593711711742255
1714079199.947237,5.033681569276032
1714079199.94735,5.0091597768995495
1714079199.9474628,4.9823023654796454
1714079199.9475758,4.953109776532208
1714079199.9476886,4.923917187584771
1714079199.9478016,4.897059776164867
1714079199.9479144,4.866699377695719
1714079199.9480274,4.836338979226571
1714079199.9481401,4.808313758284957
1714079199.9482532,4.782624156386763
1714079199.9483662,4.755767186482747
1714079199.948479,4.731245394106264
1714079199.948592,4.709058779257315
1714079199.9487047,4.684536986880832
1714079199.9488177,4.660014752988462
1714079199.9489305,4.6308221640410245
1714079199.9490435,4.602797384615298
1714079199.9491563,4.570101367102729
1714079199.9492693,4.53740534959016
1714079199.9493823,4.507044951121012
1714079199.949495,4.479020171695285
1714079199.949608,4.450994950753671
1714079199.9497209,4.420634552284523
1714079199.9498339,4.3937775823805065
1714079199.9499466,4.364584551917182
1714079199.9500597,4.3307211663987895
1714079199.9501724,4.300360767929642
1714079199.9502854,4.262993953846118
1714079199.9503982,4.223291962235062
1714079199.9505112,4.1847573386298285
1714079199.9506242,4.140384550447817
1714079199.950737,4.097179571787516
1714079199.95085,4.056309770654749
1714079199.9509628,4.017775147049515
1714079199.9510758,3.972234549345793
1714079199.9511886,3.9266939516420716
1714079199.9513016,3.876482557367395
1714079199.9514143,3.823935544049298
1714079199.9515274,3.7667177341602462
1714079199.9516404,3.7083325562653715
1714079199.9517531,3.641772932476467
1714079199.9518661,3.5775491484889277
1714079199.951979,3.5098219359362566
1714079199.952092,3.437423926812631
1714079199.9522047,3.368529125496193
1714079199.9523177,3.2949635276088007
1714079199.9524305,3.219062531435931
1714079199.9525435,3.141993725741351
1714079199.9526565,3.0567509156686286
1714079199.9527693,2.9680051185466625
1714079199.9528823,2.8757561136175083
1714079199.952995,2.777668723353633
1714079199.953108,2.6760779045246266
1714079199.9532208,2.570984319404319
1714079199.9533339,2.4635551152405912
1714079199.9534466,2.3537905127913863
1714079199.9535596,2.239354893013283
1714079199.9536726,2.122584095707646
1714079199.9537854,2.0034779001165317
1714079199.9538984,1.8773652889110424
1714079199.9540112,1.7465818811345983
1714079199.9541242,1.61229548630891
1714079199.954237,1.4686672775833693
1714079199.95435,1.3250390688578286
1714079199.9544628,1.1802432713685211
1714079199.9545758,1.02844116864381
1714079199.9546885,0.876639010729613
1714079199.9548016,0.7225014545299389
1714079199.9549146,0.567196199187526
1714079199.9550273,0.40838784641689724
1714079199.9551404,0.24841176690878689
1714079199.9552531,0.08610026841914212
1714079199.9553661,-0.07853128567889885
1714079199.955479,-0.24781591362423366
1714079199.955592,-0.420602990521325
1714079199.9557047,-0.5922225890336212
1714079199.9558177,-0.7696795794698926
1714079199.9559307,-0.943634134751779
1714079199.9560435,-1.1175886348441795
1714079199.9561565,-1.2938782020851416
1714079199.9562693,-1.464330267023157
1714079199.9563823,-1.6359499207249393
1714079199.956495,-1.8075694640477498
1714079199.956608,-1.975686682595147
1714079199.9567208,-2.148473704302752
1714079199.9568338,-2.3165908124711776
1714079199.9569468,-2.484707920639603
1714079199.9570596,-2.653992617571795
1714079199.9571726,-2.8151048554314504
1714079199.9572854,-2.9750497252852828
1714079199.9573984,-3.1303246815999346
1714079199.9575112,-3.276259590078283
1714079199.9576242,-3.424529676084165
1714079199.957737,-3.56229234624792
1714079199.95785,-3.697720059642085
1714079199.9579628,-3.8308125955087164
1714079199.9580758,-3.958068070588288
1714079199.9581888,-4.0829883681403265
1714079199.9583015,-4.206741297686541
1714079199.9584146,-4.321154400154396
1714079199.9585273,-4.433232325094718
1714079199.9586403,-4.538305600484212
1714079199.958753,-4.632871680789523
1714079199.9588661,-4.723935215561478
1714079199.958979,-4.805658481739185
1714079199.959092,-4.881544907887776
1714079199.959205,-4.9527609789813
1714079199.9593177,-5.018140210045709
1714079199.9594307,-5.078849086055049
1714079199.9595435,-5.132553312513563
1714079199.9596565,-5.18158718391701
1714079199.9597692,-5.224784215291341
1714079199.9598823,-5.260976155598958
1714079199.959995,-5.293665550373218
1714079199.960108,-5.321685031608299
1714079199.960221,-5.341532053770842
1714079199.9603338,-5.355541794388382
1714079199.9604468,-5.368384167000099
1714079199.9605596,-5.374221448545103
1714079199.9606726,-5.377723994078459
1714079199.9607854,-5.380059171605993
1714079199.9608984,-5.375388816550926
1714079199.9610112,-5.373054080539279
1714079199.9611242,-5.368384167000099
1714079199.9612372,-5.354374426382559
1714079199.96135,-5.346201967310022
1714079199.961463,-5.331024858686659
1714079199.9615757,-5.310010027002405
1714079199.9616888,-5.288995636834038
1714079199.9618015,-5.265646069138138
1714079199.9619145,-5.2376261463871705
1714079199.9620273,-5.2107744746738005
1714079199.9621403,-5.180419815911187
1714079199.962253,-5.151232966670284
1714079199.962366,-5.123213485435203
1714079199.962479,-5.096361372205946
1714079199.962592,-5.070676626982512
1714079199.962705,-5.042657145747432
1714079199.9628177,-5.009967750973171
1714079199.9629307,-4.9819482697380915
1714079199.9630435,-4.94809106544212
1714079199.9631565,-4.9130669346562135
1714079199.9632692,-4.8803775398819536
1714079199.9633822,-4.844185599574336
1714079199.9634953,-4.813830940811722
1714079199.963608,-4.783476723564996
1714079199.963721,-4.757791978341562
1714079199.9638338,-4.733275042639838
1714079199.9639468,-4.707590297416404
1714079199.9640596,-4.680738184187147
1714079199.9641726,-4.65388607095789
1714079199.9642854,-4.621196676183629
1714079199.9643984,-4.5885072814093695
1714079199.9645114,-4.559320432168466
1714079199.9646242,-4.525463227872495
1714079199.9647372,-4.497443746637415
1714079199.96485,-4.472926810935691
1714079199.964963,-4.449577243239791
1714079199.9650757,-4.427395043549714
1714079199.9651887,-4.4075480213871705
1714079199.9653015,-4.38303064416956
1714079199.9654145,-4.358513708467837
1714079199.9655273,-4.330494227232756
1714079199.9656403,-4.3013073779918525
1714079199.9657533,-4.270952719229239
1714079199.965866,-4.238263324454978
1714079199.965979,-4.207908665692364
1714079199.9660919,-4.182224361984818
1714079199.966205,-4.154204880749737
1714079199.9663177,-4.128520135526304
1714079199.9664307,-4.101668022297047
1714079199.9665434,-4.072481173056143
1714079199.9666564,-4.038623968760172
1714079199.9667695,-4.002432469968443
1714079199.9668822,-3.9604028065999346
1714079199.9669952,-3.917206216741491
1714079199.967108,-3.8716744493555137
1714079199.967221,-3.82847785949707
1714079199.9673338,-3.784113460116916
1714079199.9674468,-3.7385816927309388
1714079199.9675596,-3.693050146102905
1714079199.9676726,-3.646350789953161
1714079199.9677856,-3.5984840657975936
1714079199.9678984,-3.5389425577940763
1714079199.9680114,-3.479401049790559
1714079199.9681242,-3.4140222602420383
1714079199.9682372,-3.3451409251601607
1714079199.96835,-3.273924633308693
1714079199.968463,-3.1980384279180454
1714079199.9685757,-3.1198172657578076
1714079199.9686887,-3.045098428372983
1714079199.9688017,-2.9645423094431558
1714079199.9689145,-2.883986190513328
1714079199.9690275,-2.7964252012747304
1714079199.9691403,-2.7065292552665428
1714079199.9692533,-2.613130763724998
1714079199.969366,-2.512727622632627
1714079199.969479,-2.4088217152489553
1714079199.9695919,-2.3002461150840476
1714079199.9697049,-2.1893355581495495
1714079199.9698176,-2.0714199101483377
1714079199.9699306,-1.9546720716688366
1714079199.9700437,-1.8355890556618017
1714079199.9701564,-1.711836126115587
1714079199.9702694,-1.585748239799782
1714079199.9703822,-1.459660353483977
1714079199.9704952,-1.320730204935427
1714079199.970608,-1.186469969926057
1714079199.970721,-1.039367472683942
1714079199.9708338,-0.8864275835178516
1714079199.9709468,-0.7323202159669664
1714079199.9710598,-0.5782127932265952
1714079199.9711726,-0.41710055536693996
1714079199.9712856,-0.2559882899125417
1714079199.9713984,-0.09721096743036199
1714079199.9715114,0.06624921742412779
1714079199.9716241,0.22505759089081373
1714079199.9717371,0.3920399204448417
1714079199.97185,0.5566868517133924
1714079199.971963,0.7260046071476406
1714079199.972076,0.8953223625818888
1714079199.9721887,1.070478668919316
1714079199.9723017,1.2444672761140045
1714079199.9724145,1.4161203746442441
1714079199.9725275,1.59244438012441
1714079199.9726403,1.7640975890336212
1714079199.9727533,1.9322477005146166
1714079199.972866,2.092223697238498
1714079199.972979,2.2557029017695673
1714079199.9730918,2.4156788984934487
1714079199.9732049,2.5733197176897966
1714079199.9733179,2.7344635239353883
1714079199.9734306,2.889768724088315
1714079199.9735436,3.049744720812197
1714079199.9736564,3.2027145226796465
1714079199.9737694,3.352181337497852
1714079199.9738822,3.495809546223393
1714079199.9739952,3.635934547141746
1714079199.974108,3.767885543681957
1714079199.974221,3.8928305661236795
1714079199.974334,4.01193654095685
1714079199.9744468,4.131042957305908
1714079199.9745598,4.245478577084011
1714079199.9746726,4.358745945824517
1714079199.9747856,4.4626721629390005
1714079199.9748983,4.568933557581018
1714079199.9750113,4.662350372031883
1714079199.9751241,4.755767186482747
1714079199.9752371,4.837506788748281
1714079199.9753501,4.9134077849211515
1714079199.975463,4.9823023654796454
1714079199.975576,5.040687984890408
1714079199.9756887,5.103744400872125
1714079199.9758017,5.155123604668511
1714079199.9759145,5.207670176470721
1714079199.9760275,5.254378583696153
1714079199.9761403,5.295248384828921
1714079199.9762533,5.334950376439977
1714079199.976366,5.366478584430835
1714079199.976479,5.3921681863290285
1714079199.976592,5.409684004607024
1714079199.9767048,5.426032013363308
1714079199.9768178,5.434205796983506
1714079199.9769306,5.441212212597882
1714079199.9770436,5.443547390125415
1714079199.9771564,5.442379580603705
1714079199.9772694,5.442379580603705
1714079199.9773822,5.4330379874617964
1714079199.9774952,5.4283671908908415
1714079199.9776082,5.415522610699688
1714079199.977721,5.406180576041892
1714079199.977834,5.391000376807319
1714079199.9779468,5.373485000045211
1714079199.9780598,5.354801813761393
1714079199.9781725,5.331447389390733
1714079199.9782856,5.310428584063494
1714079199.9783983,5.2870746012087215
1714079199.9785113,5.261384999310528
1714079199.9786243,5.239198384461579
1714079199.978737,5.213508782563386
1714079199.9788501,5.1913226092303235
1714079199.978963,5.16446519781042
1714079199.979076,5.14227858296147
1714079199.9791887,5.116588981063277
1714079199.9793017,5.08622858259413
1714079199.9794145,5.061706790217647
1714079199.9795275,5.029010772705078
1714079199.9796405,5.002153802801061
1714079199.9797533,4.969457785288492
1714079199.9798663,4.939097386819345
1714079199.979979,4.908736988350197
1714079199.980092,4.880711767408583
1714079199.9802048,4.855022165510389
1714079199.9803178,4.828165195606372
1714079199.9804306,4.802475593708179
1714079199.9805436,4.7767859918099855
1714079199.9806564,4.753431567439327
1714079199.9807694,4.724238978491889
1714079199.9808824,4.693878580022741
1714079199.9809952,4.663518181553593
1714079199.9811082,4.631989973562735
1714079199.981221,4.605132562142831
1714079199.981334,4.575939973195394
1714079199.9814467,4.5502503712972
1714079199.9815598,4.523392959877296
1714079199.9816725,4.4988711675008135
1714079199.9817855,4.4720137560809095
1714079199.9818985,4.442821167133472
1714079199.9820113,4.4124607686643245
1714079199.9821243,4.378597383145933
1714079199.982237,4.345901365633364
1714079199.98235,4.3073667420281305
1714079199.982463,4.272335546988028
1714079199.982576,4.236136542426215
1714079199.9826887,4.201105347386113
1714079199.9828017,4.16724196186772
1714079199.9829147,4.1298751477841975
1714079199.9830275,4.0936761432223845
1714079199.9831405,4.051638974083795
1714079199.9832532,4.0072657443858954
1714079199.9833663,3.954719172583686
1714079199.983479,3.9056751463148327
1714079199.983592,3.848457336425781
1714079199.9837048,3.7924073360584396
1714079199.9838178,3.7363573356910984
1714079199.9839306,3.6756365387528027
1714079199.9840436,3.6195865383854615
1714079199.9841566,3.5541949448762113
1714079199.9842694,3.489970940130728
1714079199.9843824,3.42107613881429
1714079199.9844952,3.3475105409268977
1714079199.9846082,3.2692739257106074
1714079199.984721,3.1840313363958286
1714079199.984834,3.0987885263231063
1714079199.9849467,3.004204123108475
1714079199.9850597,2.9142905164647983
1714079199.9851727,2.8208739227718773
1714079199.9852855,2.723954121271769
1714079199.9853985,2.6235311119644726
1714079199.9855113,2.52194051389341
1714079199.9856243,2.4156788984934487
1714079199.985737,2.3035788977587663
1714079199.98585,2.1879756892168962
1714079199.9859629,2.067701904862015
1714079199.9860759,1.9415892936565255
1714079199.986189,1.813141284165559
1714079199.9863017,1.681190287625348
1714079199.9864147,1.5457360832779494
1714079199.9865274,1.4056109719806247
1714079199.9866405,1.2666536702050102
1714079199.9867532,1.1253609701439187
1714079199.9868662,0.9829004605611165
1714079199.986979,0.8310983578364054
1714079199.987092,0.6792962551116943
1714079199.987205,0.5204879023410656
1714079199.9873178,0.35934409609547363
1714079199.9874308,0.1935294656841843
1714079199.9875436,0.025379418016031934
1714079199.9876566,-0.14507766399118635
1714079199.9877694,-0.3155297703213162
1714079199.9878824,-0.4824794552944324
1714079199.9879951,-0.6540990538067287
1714079199.9881082,-0.8245511187447442
1714079199.988221,-0.9950032940617314
1714079199.988334,-1.1677903157693368
1714079199.988447,-1.339409969471119
1714079199.9885597,-1.5156994263331094
1714079199.9886727,-1.6884865584196866
1714079199.9887855,-1.8636085368968822
1714079199.9888985,-2.0363955586044877
1714079199.9890113,-2.20801521230627
1714079199.9891243,-2.374964952468872
1714079199.989237,-2.5407471038677074
1714079199.98935,-2.700691752963596
1714079199.989463,-2.8559667092782477
1714079199.9895759,-3.010074076829133
1714079199.9896889,-3.159511530840838
1714079199.9898016,-3.3101165736163103
1714079199.9899147,-3.457219070858425
1714079199.9900274,-3.5973166977917703
1714079199.9901404,-3.735079147197582
1714079199.9902532,-3.8670045358163336
1714079199.9903662,-3.994260010895905
1714079199.9904792,-4.116845572436297
1714079199.990592,-4.226588319849085
1714079199.990705,-4.338666686305293
1714079199.9908178,-4.437902238633897
1714079199.9909308,-4.538305600484212
1714079199.9910436,-4.629369135256167
1714079199.9911566,-4.713427578961407
1714079199.9912694,-4.8009885682000055
1714079199.9913824,-4.8803775398819536
1714079199.9914951,-4.951593610975477
1714079199.9916081,-5.018140210045709
1714079199.9917212,-5.076513908527515
1714079199.991834,-5.132553312513563
1714079199.991947,-5.1839223614445435
1714079199.9920597,-5.221281669757984
1714079199.9921727,-5.259808346077247
1714079199.9922855,-5.288995636834038
1714079199.9923985,-5.314679940541585
1714079199.9925113,-5.335694772225839
1714079199.9926243,-5.352039248855025
1714079199.9927373,-5.366048989472565
1714079199.99285,-5.373054080539279
1714079199.992963,-5.380059171605993
1714079199.9930758,-5.380059171605993
1714079199.9931889,-5.377723994078459
1714079199.9933016,-5.3707189030117455
1714079199.9934146,-5.360211707927562
1714079199.9935274,-5.346201967310022
1714079199.9936404,-5.327522313153302
1714079199.9937534,-5.311177836524116
1714079199.9938662,-5.290163004839862
1714079199.9939792,-5.265646069138138
1714079199.994092,-5.244631237453884
1714079199.994205,-5.221281669757984
1714079199.9943178,-5.2002668380737305
1714079199.9944308,-5.175749902372007
1714079199.9945436,-5.148897789142749
1714079199.9946566,-5.122045675913492
1714079199.9947696,-5.088188913133409
1714079199.9948823,-5.057834254370795
1714079199.9949954,-5.021642314063178
1714079199.9951081,-4.988952919288917
1714079199.9952211,-4.955096156508834
1714079199.995334,-4.9235741297403965
1714079199.995447,-4.89321991249367
1714079199.9955597,-4.86403262173688
1714079199.9956727,-4.8383483180293325
1714079199.9957855,-4.812663572805898
1714079199.9958985,-4.782308914043285
1714079199.9960115,-4.751954696796558
1714079199.9961243,-4.723935215561478
1714079199.9962373,-4.688910643259684
1714079199.99635,-4.65972379401878
1714079199.996463,-4.628201767250343
1714079199.9965758,-4.600182286015263
1714079199.9966888,-4.578000086325186
1714079199.9968016,-4.555817886635109
1714079199.9969146,-4.533635686945032
1714079199.9970276,-4.511453487254955
1714079199.9971404,-4.485769183547408
1714079199.9972534,-4.457749702312328
1714079199.9973662,-4.427395043549714
1714079199.9974792,-4.40287810784799
1714079199.997592,-4.366686167540373
1714079199.997705,-4.336331508777759
1714079199.9978178,-4.307144659536856
1714079199.9979308,-4.2802925463075985
1714079199.9980438,-4.260445524145055
1714079199.9981565,-4.233593410915798
1714079199.9982696,-4.2102438432198985
1714079199.9983823,-4.183391729990641
1714079199.9984953,-4.154204880749737
1714079199.998608,-4.1226828539813
1714079199.9987211,-4.08532354566786
1714079199.998834,-4.050298973366066
1714079199.998947,-4.011772297046803
1714079199.9990597,-3.9814176382841886
1714079199.9991727,-3.9452256979765714
1714079199.9992857,-3.907866389663131
1714079199.9993985,-3.872841817361337
1714079199.9995115,-3.8343151410420733
1714079199.9996243,-3.793453287195276
1714079199.9997373,-3.7455867837976524
1714079199.99985,-3.694217514108728
1714079199.999963,-3.6428484651777477
1714079200.0000758,-3.5821393684104637
1714079200.0001888,-3.5237654491707127
1714079200.0003018,-3.4583864388642485
1714079200.0004146,-3.400012519624498
1714079200.0005276,-3.3346335093180337
1714079200.0006404,-3.269254719769513
1714079200.0007534,-3.201540973451402
1714079200.0008662,-3.1268221360665778
1714079200.0009792,-3.0521032986817533
1714079200.001092,-2.9703798117461027
1714079200.001205,-2.880483865737915
1714079200.001318,-2.788252962960137
1714079200.0014307,-2.6913519258852356
1714079200.0015438,-2.5932837415624546
1714079200.0016565,-2.489377834178783
1714079200.0017695,-2.3901420610922353
1714079200.0018823,-2.2803988721635604
1714079200.0019953,-2.1741582287682424
1714079200.002108,-2.057410169530798
1714079200.002221,-1.9406623310512965
1714079200.0023339,-1.8180767695109048
1714079200.002447,-1.6908215151892767
1714079200.00256,-1.5588962369494967
1714079200.0026727,-1.4223010451705367
1714079200.0027857,-1.2798684614676015
1714079200.0028985,-1.1362683993798715
1714079200.0030115,-0.9926683372921413
1714079200.0031242,-0.8455657848605402
1714079200.0032372,-0.6961283308488351
1714079200.00335,-0.5466908768371299
1714079200.003463,-0.39258345409675877
1714079200.003576,-0.2419785217002586
1714079200.0036888,-0.07969876406369385
1714079200.0038018,0.08259714339618329
1714079200.0039146,0.24724406776604826
1714079200.0040276,0.4188972214857737
1714079200.0041404,0.5858795510398017
1714079200.0042534,0.7610358573772289
1714079200.0043662,0.9303535576219911
1714079200.0044792,1.1020067665312026
1714079200.0045922,1.267821369347749
1714079200.004705,1.4359714808287443
1714079200.004818,1.6029537827880294
1714079200.0049307,1.771103783890053
1714079200.0050437,1.9392538953710483
1714079200.0051565,2.107403896473072
1714079200.0052695,2.28022469414605
1714079200.0053823,2.447207106484307
1714079200.0054953,2.615357107586331
1714079200.0056083,2.7788363121174
1714079200.005721,2.9364771313137474
1714079200.005834,3.0894469331811973
1714079200.0059469,3.234242730670505
1714079200.00606,3.380206337681523
1714079200.0061727,3.5179959403143988
1714079200.0062857,3.656953352468985
1714079200.0063984,3.787736539487485
1714079200.0065114,3.9231909645928273
1714079200.0066242,4.050471164562084
1714079200.0067372,4.173080567960386
1714079200.0068502,4.289851365266022
1714079200.006963,4.399615746957284
1714079200.007076,4.500038977022524
1714079200.0071888,4.5946231594792115
1714079200.0073018,4.684536986880832
1714079200.0074146,4.765108779624656
1714079200.0075276,4.84451276284677
1714079200.0076404,4.919246391013816
1714079200.0077534,4.991644400137441
1714079200.0078664,5.060538980695936
1714079200.0079792,5.123595396677652
1714079200.0080922,5.179645397044994
1714079200.008205,5.22752117227625
1714079200.008318,5.270726592452437
1714079200.0084307,5.310428584063494
1714079200.0085437,5.343124601576063
1714079200.0086565,5.367646393952546
1714079200.0087695,5.389833008801495
1714079200.0088825,5.410851814128734
1714079200.0089953,5.427199381369131
1714079200.0091083,5.442379580603705
1714079200.009221,5.44821818669637
1714079200.009334,5.45872758935999
1714079200.0094469,5.4598953988817
1714079200.0095599,5.45872758935999
1714079200.0096726,5.450553805739791
1714079200.0097857,5.444715199647126
1714079200.0098984,5.434205796983506
1714079200.0100114,5.416689978705512
1714079200.0101244,5.398006792421694
1714079200.0102372,5.376987987094455
1714079200.0103502,5.355969181767216
1714079200.010463,5.338453805005108
1714079200.010576,5.315099380634448
1714079200.0106888,5.2917453977796765
1714079200.0108018,5.262552808832239
1714079200.0109146,5.241534003505
1714079200.0110276,5.212340973041675
1714079200.0111406,5.188986990186903
1714079200.0112534,5.157458782196045
1714079200.0113664,5.130601370776141
1714079200.0114791,5.101408781828703
1714079200.0115921,5.069880573837845
1714079200.011705,5.040687984890408
1714079200.011818,5.01149539594297
1714079200.0119307,4.9869731620506
1714079200.0120437,4.961284001668294
1714079200.0121567,4.93442659024839
1714079200.0122695,4.907569178828487
1714079200.0123825,4.884215195973714
1714079200.0124953,4.855022165510389
1714079200.0126083,4.829332563612196
1714079200.012721,4.798972165143048
1714079200.012834,4.7686117666739
1714079200.0129468,4.738251368204752
1714079200.0130599,4.712561766306559
1714079200.0131729,4.683369177359122
1714079200.0132856,4.658847384982638
1714079200.0133986,4.633157783084445
1714079200.0135114,4.610971168235496
1714079200.0136244,4.5852815663373026
1714079200.0137372,4.556088977389865
1714079200.0138502,4.528063756448251
1714079200.013963,4.493032561408149
1714079200.014076,4.463839972460711
1714079200.0141888,4.427640967898898
1714079200.0143018,4.397280569429751
1714079200.0144148,4.365752361438892
1714079200.0145276,4.334224153448034
1714079200.0146406,4.301528577451353
1714079200.0147533,4.2711681789822045
1714079200.0148664,4.238472161469636
1714079200.0149791,4.201105347386113
1714079200.0150921,4.162571165296766
1714079200.015205,4.118198377114755
1714079200.015318,4.072657337895146
1714079200.015431,4.025949372185601
1714079200.0155437,3.9780731554384583
1714079200.0156567,3.9325325577347363
1714079200.0157695,3.8799855444166393
1714079200.0158825,3.8344449467129174
1714079200.0159953,3.779562755867287
1714079200.0161083,3.725847933027479
1714079200.016221,3.6697981534180815
1714079200.016334,3.604406339150888
1714079200.016447,3.537846936119927
1714079200.0165598,3.4631135287108243
1714079200.0166728,3.3907157403451422
1714079200.0167856,3.313646934650562
1714079200.0168986,3.2354105401922153
1714079200.0170114,3.156006336212158
1714079200.0171244,3.073098924424913
1714079200.0172372,2.9901917333956116
1714079200.0173502,2.8979427284664574
1714079200.017463,2.8045259140155934
1714079200.017576,2.704102904708297
1714079200.017689,2.601344717873467
1714079200.0178018,2.4904123059025514
1714079200.0179148,2.3736415085969145
1714079200.0180275,2.260373698340522
1714079200.0181406,2.140099693227697
1714079200.0182533,2.018658099351106
1714079200.0183663,1.8925454881456163
1714079200.018479,1.7640975890336212
1714079200.0185921,1.6344818803999157
1714079200.0187051,1.4990276760525172
1714079200.018818,1.356567276848687
1714079200.018931,1.2117713689804077
1714079200.0190437,1.0634723636839125
1714079200.0191567,0.9116702609592013
1714079200.0192695,0.7563650056167884
1714079200.0193825,0.5940535002284579
1714079200.0194952,0.4340774483150906
1714079200.0196083,0.27293364206949866
1714079200.0197213,0.11295756256138836
1714079200.019834,-0.05284672327063701
1714079200.019947,-0.21512647745785887
1714079200.0200598,-0.37974119186401367
1714079200.0201728,-0.54902583360672
1714079200.0202856,-0.7194778985447353
1714079200.0203986,-0.8899300186722366
1714079200.0205114,-1.067387064297994
1714079200.0206244,-1.2425090427751893
1714079200.0207374,-1.4152961748617665
1714079200.0208502,-1.590418153338962
1714079200.0209632,-1.7608703286559493
1714079200.021076,-1.9301549152091697
1714079200.021189,-2.098272023377595
1714079200.0213017,-2.2640541747764305
1714079200.0214148,-2.4286689581694425
1714079200.0215275,-2.5874462392595077
1714079200.0216405,-2.75439597942211
1714079200.0217533,-2.909670714978818
1714079200.0218663,-3.0696155848326505
1714079200.0219793,-3.2248905411473023
1714079200.022092,-3.3766629519285978
1714079200.022205,-3.520262903637356
1714079200.022318,-3.6568582057952876
1714079200.022431,-3.7922859191894527
1714079200.0225437,-3.918373584747314
1714079200.0226567,-4.042126514293529
1714079200.0227695,-4.1577069847672075
1714079200.0228825,-4.269785351223415
1714079200.0229955,-4.381863276163736
1714079200.0231082,-4.485769183547408
1714079200.0232213,-4.587339913403546
1714079200.023334,-4.679570816181323
1714079200.023447,-4.763629259886565
1714079200.0235598,-4.846520335585982
1714079200.0236728,-4.917736848195394
1714079200.0237856,-4.985450815271448
1714079200.0238986,-5.044992323274966
1714079200.0240116,-5.099863917739302
1714079200.0241244,-5.148897789142749
1714079200.0242374,-5.194429556528727
1714079200.0243502,-5.2317888648421675
1714079200.0244632,-5.267980805149785
1714079200.024576,-5.298335463912398
1714079200.024689,-5.3228523996141215
1714079200.0248017,-5.342699421776665
1714079200.0249147,-5.357876971915916
1714079200.0250275,-5.3707189030117455
1714079200.0251405,-5.375388816550926
1714079200.0252535,-5.376556626072636
1714079200.0253663,-5.376556626072636
1714079200.0254793,-5.368384167000099
1714079200.025592,-5.362546885455096
1714079200.025705,-5.348537144837556
1714079200.0258179,-5.338029508237486
1714079200.025931,-5.321685031608299
1714079200.0260437,-5.305340113463225
1714079200.0261567,-5.288995636834038
1714079200.0262697,-5.267980805149785
1714079200.0263824,-5.245798605459707
1714079200.0264955,-5.221281669757984
1714079200.0266082,-5.193262188522904
1714079200.0267212,-5.1629075297602895
1714079200.026834,-5.132553312513563
1714079200.026947,-5.099863917739302
1714079200.0270598,-5.068341890970865
1714079200.0271728,-5.039154600214075
1714079200.0272858,-5.009967750973171
1714079200.0273986,-4.9819482697380915
1714079200.0275116,-4.955096156508834
1714079200.0276244,-4.92474149774622
1714079200.0277374,-4.8920521029719595
1714079200.0278502,-4.86403262173688
1714079200.0279632,-4.825505945417616
1714079200.028076,-4.792816550643355
1714079200.028189,-4.7589593463473845
1714079200.028302,-4.727437319578947
1714079200.0284147,-4.697083102332221
1714079200.0285277,-4.67256572511461
1714079200.0286405,-4.645714053401241
1714079200.0287535,-4.62236448570534
1714079200.0288663,-4.59784710848773
1714079200.0289793,-4.574497540791829
1714079200.029092,-4.548813237084283
1714079200.029205,-4.517291210315845
1714079200.0293179,-4.489271729080765
1714079200.0294309,-4.458917070318151
1714079200.0295439,-4.430897589083071
1714079200.0296566,-4.406380653381348
1714079200.0297697,-4.38303064416956
1714079200.0298824,-4.363183622007017
1714079200.0299954,-4.344503967850296
1714079200.0301082,-4.318819222626862
1714079200.0302212,-4.2954696549309626
1714079200.030334,-4.266282805690059
1714079200.030447,-4.234760778921622
1714079200.03056,-4.203238752153184
1714079200.0306728,-4.170549357378924
1714079200.0307858,-4.133190049065484
1714079200.0308986,-4.10283539030287
1714079200.0310116,-4.07131380505032
1714079200.0311244,-4.04329432381524
1714079200.0312374,-4.010604487525092
1714079200.0313501,-3.9802502702783653
1714079200.0314631,-3.9382210484257447
1714079200.0315762,-3.9020291081181275
1714079200.031689,-3.8564973407321506
1714079200.031802,-3.8039604822794595
1714079200.0319147,-3.758428714893482
1714079200.0320277,-3.708227475484212
1714079200.0321405,-3.6568582057952876
1714079200.0322535,-3.605488936106364
1714079200.0323663,-3.55295251916956
1714079200.0324793,-3.4992482927110458
1714079200.032592,-3.4443766982467086
1714079200.032705,-3.381332865467778
1714079200.032818,-3.3136188983917236
1714079200.0329309,-3.240067649770666
1714079200.0330439,-3.1665164011496083
1714079200.0331566,-3.0859602822197805
1714079200.0332696,-3.00657175205372
1714079200.0333824,-2.920178130820945
1714079200.0334954,-2.8349520983519376
1714079200.0336082,-2.74739110911334
1714079200.0337212,-2.657495163105152
1714079200.0338342,-2.5640966715636075
1714079200.033947,-2.4671958552466497
1714079200.03406,-2.363290168620922
1714079200.0341728,-2.2570493044676603
1714079200.0342858,-2.1426362019998053
1714079200.0343986,-2.023553406750714
1714079200.0345116,-1.9009678452103225
1714079200.0346243,-1.7748800692734894
1714079200.0347373,-1.6476247045728893
1714079200.0348504,-1.5180343831026994
1714079200.0349631,-1.3826066697085344
1714079200.0350761,-1.2483464346991644
1714079200.035189,-1.1117512429202043
1714079200.035302,-0.9634812672932942
1714079200.0354147,-0.8210486835903591
1714079200.0355277,-0.6669413160394739
1714079200.0356405,-0.5128339484885887
1714079200.0357535,-0.3552240905938325
1714079200.0358663,-0.1894419116002542
1714079200.0359793,-0.028329637522498764
1714079200.0360923,0.13514402563925143
1714079200.036205,0.3044617672761281
1714079200.036318,0.46910869854467885
1714079200.0364308,0.6314202039330093
1714079200.0365438,0.7960671076068171
1714079200.0366566,0.9618817656128494
1714079200.0367696,1.127696368429396
1714079200.0368824,1.3005172764813457
1714079200.0369954,1.4686672775833693
1714079200.0371084,1.6414881856353194
1714079200.0372212,1.813141284165559
1714079200.0373342,1.9836266835530598
1714079200.037447,2.1506090958913164
1714079200.03756,2.3140883004223856
1714079200.0376728,2.47172889886079
1714079200.0377858,2.629369718057138
1714079200.0378985,2.7823395199245873
1714079200.0380116,2.9364771313137474
1714079200.0381246,3.088279123659487
1714079200.0382373,3.2354105401922153
1714079200.0383503,3.3872125325379545
1714079200.038463,3.534343949070683
1714079200.0385761,3.6756365387528027
1714079200.038689,3.8134261413856785
1714079200.038802,3.940706341354935
1714079200.0389147,4.0609805672257036
1714079200.0390277,4.17775136453134
1714079200.0391407,4.285180568695068
1714079200.0392535,4.392609772858796
1714079200.0393665,4.493032561408149
1714079200.0394793,4.593455791473389
1714079200.0395923,4.6857043548866555
1714079200.039705,4.774450372766565
1714079200.039818,4.859692962081343
1714079200.0399308,4.9367617677759235
1714079200.0400438,5.006824599372016
1714079200.0401566,5.069880573837845
1714079200.0402696,5.125930574205186
1714079200.0403826,5.176141968479863
1714079200.0404954,5.221683007699472
1714079200.0406084,5.260217189788818
1714079200.0407212,5.298751371878164
1714079200.0408342,5.333783008434154
1714079200.040947,5.362975597381592
1714079200.04106,5.3921681863290285
1714079200.0411727,5.412019182134557
1714079200.0412858,5.426032013363308
1714079200.0413988,5.4377087840327505
1714079200.0415115,5.442379580603705
1714079200.0416245,5.442379580603705
1714079200.0417373,5.442379580603705
1714079200.0418503,5.436541416026928
1714079200.041963,5.430702809934263
1714079200.042076,5.422528584798177
1714079200.042189,5.410851814128734
1714079200.042302,5.399174601943404
1714079200.042415,5.385162212230541
1714079200.0425277,5.366478584430835
1714079200.0426407,5.348963207668728
1714079200.0427535,5.330279579869023
1714079200.0428665,5.308093406535961
1714079200.0429792,5.285906791687012
1714079200.0430923,5.260217189788818
1714079200.043205,5.234527587890625
1714079200.043318,5.205334998943187
1714079200.0434308,5.179645397044994
1714079200.0435438,5.151620176103379
1714079200.0436568,5.125930574205186
1714079200.0437696,5.100240972306993
1714079200.0438826,5.073384002402976
1714079200.0439954,5.047694400504783
1714079200.0441084,5.019669179563169
1714079200.0442212,4.991644400137441
1714079200.0443342,4.9636191791958275
1714079200.044447,4.932090971204969
1714079200.04456,4.901730572735821
1714079200.044673,4.8678671872174295
1714079200.0447857,4.839841966275816
1714079200.0448987,4.8129849963717986
1714079200.0450115,4.783791965908474
1714079200.0451245,4.760437983053701
1714079200.0452373,4.734748381155509
1714079200.0453503,4.707890969735605
1714079200.045463,4.684536986880832
1714079200.045576,4.656511765939218
1714079200.045689,4.62615136747007
1714079200.0458019,4.599293956050166
1714079200.045915,4.568933557581018
1714079200.0460277,4.539740968633581
1714079200.0461407,4.514051366735387
1714079200.0462534,4.48369096826624
1714079200.0463665,4.459169175889756
1714079200.0464792,4.431143954948142
1714079200.0465922,4.404286985044126
1714079200.0467052,4.377429573624222
1714079200.046818,4.343565746589943
1714079200.046931,4.30853455154984
1714079200.0470438,4.2711681789822045
1714079200.0471568,4.23146574585526
1714079200.0472696,4.191763754244204
1714079200.0473826,4.15439694016068
1714079200.0474954,4.11119196150038
1714079200.0476084,4.073825147416856
1714079200.0477211,4.032955346284089
1714079200.0478342,3.9885825581020775
1714079200.0479472,3.9453771379258895
1714079200.04806,3.8928305661236795
1714079200.048173,3.8367805657563383
1714079200.0482857,3.7830657429165306
1714079200.0483987,3.7176741494072805
1714079200.0485115,3.6557855429472745
1714079200.0486245,3.591561538201791
1714079200.0487373,3.5250021351708303
1714079200.0488503,3.457275143376103
1714079200.0489633,3.388380342059665
1714079200.049076,3.312479125128852
1714079200.049189,3.236578128955982
1714079200.0493019,3.1548385266904475
1714079200.0494149,3.0649249200467708
1714079200.0495276,2.975011313403094
1714079200.0496407,2.8769239231392185
1714079200.0497534,2.7788363121174
1714079200.0498664,2.6760779045246266
1714079200.0499794,2.569816509882609
1714079200.0500922,2.461219716955114
1714079200.0502052,2.3537905127913863
1714079200.050318,2.239354893013283
1714079200.050431,2.1237519052293563
1714079200.0505438,2.0034779001165317
1714079200.0506568,1.8761977001472754
1714079200.0507696,1.7442464828491209
1714079200.0508826,1.6111277871661716
1714079200.0509953,1.4674995784406308
1714079200.0511084,1.3285422766650163
1714079200.0512214,1.1837463687967371
1714079200.0513341,1.0342796643575032
1714079200.0514472,0.8813098624900535
1714079200.05156,0.7330108571935583
1714079200.051673,0.5765379027084068
1714079200.0517857,0.4200649206285123
1714079200.0518987,0.25541801695470456
1714079200.0520115,0.09777734952944296
1714079200.0521245,-0.07619632890930882
1714079200.0522375,-0.24664843523943863
1714079200.0523503,-0.41826803375173494
1714079200.0524633,-0.5980599809575964
1714079200.052576,-0.7708470578546877
1714079200.052689,-0.943634134751779
1714079200.0528018,-1.1199235916137695
1714079200.0529149,-1.2962131588547317
1714079200.0530276,-1.460827831868772
1714079200.0531406,-1.6336149639553492
1714079200.0532537,-1.8028995505085696
1714079200.0533664,-1.97218413706179
1714079200.0534794,-2.1426362019998053
1714079200.0535922,-2.3119208989319975
1714079200.0537052,-2.482372963870013
1714079200.053818,-2.646987747263025
1714079200.053931,-2.8057650283530906
1714079200.0540438,-2.9645423094431558
1714079200.0541568,-3.1174823089882175
1714079200.0542698,-3.263417217466566
1714079200.0543826,-3.409352346702858
1714079200.0544956,-3.5471150168666132
1714079200.0546083,-3.687212643799958
1714079200.0547214,-3.8203054004245334
1714079200.0548341,-3.952230789043285
1714079200.0549471,-4.079485822606969
1714079200.05506,-4.200904016141538
1714079200.055173,-4.318819222626862
1714079200.0552857,-4.425060307538067
1714079200.0553987,-4.527798405400029
1714079200.0555117,-4.62703439924452
1714079200.0556245,-4.712260210955584
1714079200.0557375,-4.791648741121645
1714079200.0558503,-4.872205080809416
1714079200.0559633,-4.941086415891294
1714079200.056076,-5.009967750973171
1714079200.056189,-5.071843994988336
1714079200.0563018,-5.13021813498603
1714079200.0564148,-5.18158718391701
1714079200.0565279,-5.227118951302987
1714079200.0566406,-5.265646069138138
1714079200.0567536,-5.300670199924045
1714079200.0568664,-5.327522313153302
1714079200.0569794,-5.349704512843379
1714079200.0570922,-5.366048989472565
1714079200.0572052,-5.376556626072636
1714079200.057318,-5.3858964531509965
1714079200.057431,-5.388231189162642
1714079200.057544,-5.389398998684353
1714079200.0576568,-5.388231189162642
1714079200.0577698,-5.382393907617639
1714079200.0578825,-5.374221448545103
1714079200.0579956,-5.362546885455096
1714079200.0581083,-5.347369335315845
1714079200.0582213,-5.329857490680835
1714079200.058334,-5.307675290990758
1714079200.0584471,-5.284325723294859
1714079200.05856,-5.259808346077247
1714079200.058673,-5.230621496836344
1714079200.058786,-5.202602015601264
1714079200.0588987,-5.174582534366183
1714079200.0590117,-5.147730421136926
1714079200.0591245,-5.124380853441026
1714079200.0592375,-5.096361372205946
1714079200.0593503,-5.068341890970865
1714079200.0594633,-5.041489777741608
1714079200.059576,-5.008800382967348
1714079200.059689,-4.978445724204734
1714079200.059802,-4.9445889614246505
1714079200.0599148,-4.908397021117033
1714079200.0600278,-4.875707626342773
1714079200.0601406,-4.844185599574336
1714079200.0602536,-4.812663572805898
1714079200.0603664,-4.786978827582465
1714079200.0604794,-4.760127155869095
1714079200.0605922,-4.733275042639838
1714079200.0607052,-4.708757665422227
1714079200.0608182,-4.678403448175501
1714079200.060931,-4.6468814214070635
1714079200.061044,-4.61769457216616
1714079200.0611567,-4.583837367870189
1714079200.0612698,-4.553483150623462
1714079200.0613825,-4.525463227872495
1714079200.0614955,-4.498611556159125
1714079200.0616083,-4.478764092480694
1714079200.0617213,-4.456581892790617
1714079200.061834,-4.432064957088894
1714079200.061947,-4.4133853029321735
1714079200.06206,-4.385365821697094
1714079200.062173,-4.355011162934479
1714079200.062286,-4.329326859226933
1714079200.0623987,-4.297804832458496
1714079200.0625117,-4.266282805690059
1714079200.0626245,-4.235928146927445
1714079200.0627375,-4.207908665692364
1714079200.0628502,-4.185726907518174
1714079200.0629632,-4.158874794288917
1714079200.0630763,-4.13202268105966
1714079200.063189,-4.105170567830403
1714079200.063302,-4.070145995528609
1714079200.0634148,-4.037456600754349
1714079200.0635278,-4.002432469968443
1714079200.0636406,-3.956900702582465
1714079200.0637536,-3.917206216741491
1714079200.0638664,-3.876344362894694
1714079200.0639794,-3.8319804050304267
1714079200.0640924,-3.793453287195276
1714079200.0642052,-3.7502566973368325
1714079200.0643182,-3.704724929950855
1714079200.064431,-3.6568582057952876
1714079200.064544,-3.6043215681005405
1714079200.0646567,-3.544780060097023
1714079200.0647697,-3.4840711840876826
1714079200.0648825,-3.415189849005805
1714079200.0649955,-3.3474758819297508
1714079200.0651085,-3.27275726530287
1714079200.0652213,-3.2003733846876354
1714079200.0653343,-3.125654547302811
1714079200.065447,-3.0497683419121633
1714079200.06556,-2.9703798117461027
1714079200.0656729,-2.8874887360466848
1714079200.065786,-2.7987601580443204
1714079200.0658987,-2.708864212036133
1714079200.0660117,-2.611963395719175
1714079200.0661244,-2.508057709093447
1714079200.0662374,-2.4053193904735424
1714079200.0663505,-2.2944088335390442
1714079200.0664632,-2.1811630990770126
1714079200.0665762,-2.072587498912105
1714079200.066689,-1.9523371148992466
1714079200.066802,-1.8344215772770067
1714079200.0669148,-1.7153385612699719
1714079200.0670278,-1.590418153338962
1714079200.0671406,-1.459660353483977
1714079200.0672536,-1.3242326400898121
1714079200.0673666,-1.186469969926057
1714079200.0674794,-1.0428699078383268
1714079200.0675924,-0.8922649754418267
1714079200.0677052,-0.7381576078909414
1714079200.0678182,-0.5875526754944412
1714079200.067931,-0.4334452803488131
1714079200.068044,-0.2781704068183899
1714079200.0681567,-0.12056057651837666
1714079200.0682697,0.03822421379111431
1714079200.0683827,0.19469716482692292
1714079200.0684955,0.36051179523821225
1714079200.0686085,0.5274941523869832
1714079200.0687213,0.692141056060791
1714079200.0688343,0.8661296080659936
1714079200.068947,1.0401182704501681
1714079200.06906,1.210603669837669
1714079200.0691729,1.3845922770323575
1714079200.0692859,1.5515745789916426
1714079200.0693986,1.7208923896153767
1714079200.0695117,1.8808684967182299
1714079200.0696247,2.044347701249299
1714079200.0697374,2.208994494544135
1714079200.0698504,2.3678029025042497
1714079200.0699632,2.531282107035319
1714079200.0700762,2.6924259132809105
1714079200.070189,2.8524019100047924
1714079200.070302,3.013545716250384
1714079200.0704148,3.166515518117834
1714079200.0705278,3.312479125128852
1714079200.0706408,3.457275143376103
1714079200.0707536,3.591561538201791
1714079200.0708666,3.722344945978235
1714079200.0709794,3.848457336425781
1714079200.0710924,3.9687315622965493
1714079200.0712051,4.091340965694851
1714079200.0713181,4.208111763000488
1714079200.071431,4.323714750784415
1714079200.071544,4.432311764469853
1714079200.071657,4.5350701720626265
1714079200.0717697,4.62731917699178
1714079200.0718827,4.720735991442645
1714079200.0719955,4.798972165143048
1714079200.0721085,4.876040970837628
1714079200.0722213,4.942600373868589
1714079200.0723343,5.012662763948794
1714079200.072447,5.069880573837845
1714079200.07256,5.129434002770318
1714079200.072673,5.183148384094238
1714079200.0727859,5.231024600841381
1714079200.0728989,5.278900376072636
1714079200.0730116,5.31743499967787
1714079200.0731246,5.347795398147017
1714079200.0732374,5.372317190523501
1714079200.0733504,5.39450380537245
1714079200.0734632,5.409684004607024
1714079200.0735762,5.424864203841597
1714079200.073689,5.4283671908908415
1714079200.073802,5.435373606505217
1714079200.073915,5.436541416026928
1714079200.0740278,5.435373606505217
1714079200.0741408,5.431870177940086
1714079200.0742536,5.426032013363308
1714079200.0743666,5.415522610699688
1714079200.0744793,5.406180576041892
1714079200.0745924,5.388665199279785
1714079200.0747051,5.373485000045211
1714079200.0748181,5.355969181767216
1714079200.0749311,5.3326151989124435
1714079200.075044,5.310428584063494
1714079200.075157,5.2870746012087215
1714079200.0752697,5.260217189788818
1714079200.0753827,5.239198384461579
1714079200.0754955,5.213508782563386
1714079200.0756085,5.188986990186903
1714079200.0757213,5.16563300733213
1714079200.0758343,5.138775595912227
1714079200.0759473,5.114253803535743
1714079200.07606,5.08739639211584
1714079200.076173,5.055868184124981
1714079200.0762858,5.026675595177545
1714079200.0763988,4.997482564714219
1714079200.0765116,4.965954798239248
1714079200.0766246,4.940265196341055
1714079200.0767374,4.91107216587773
1714079200.0768504,4.885382563979537
1714079200.0769632,4.862028581124765
1714079200.0770762,4.836338979226571
1714079200.0771892,4.8129849963717986
1714079200.077302,4.787295394473605
1714079200.077415,4.758102364010281
1714079200.0775278,4.728909775062843
1714079200.0776408,4.698549376593696
1714079200.0777535,4.670524155652081
1714079200.0778666,4.642499376226354
1714079200.0779793,4.61447415528474
1714079200.0780923,4.588784553386547
1714079200.0782053,4.565430570531774
1714079200.078318,4.538573159111871
1714079200.0784311,4.514051366735387
1714079200.078544,4.48369096826624
1714079200.078657,4.4533305697970915
1714079200.0787697,4.421802361806233
1714079200.0788827,4.38560335724442
1714079200.0789955,4.350572162204318
1714079200.0791085,4.314373157642505
1714079200.0792215,4.280509772124113
1714079200.0793343,4.247813754611545
1714079200.0794473,4.213950369093153
1714079200.07956,4.178919174053051
1714079200.079673,4.142720169491238
1714079200.0797858,4.101850368358471
1714079200.0798988,4.0609805672257036
1714079200.0800116,4.014272160000271
1714079200.0801246,3.962892956203884
1714079200.0802376,3.912681561929208
1714079200.0803504,3.8601345486111107
1714079200.0804634,3.8040845482437695
1714079200.0805762,3.752705344447383
1714079200.0806892,3.6966553440800416
1714079200.080802,3.6371021359055127
1714079200.080915,3.5787167372526945
1714079200.0810277,3.5121573342217336
1714079200.0811408,3.4409271346198187
1714079200.0812535,3.3673615367324263
1714079200.0813665,3.287957332752369
1714079200.0814795,3.203882332201357
1714079200.0815923,3.119807331650345
1714079200.0817053,3.0275583267211914
1714079200.081818,2.938812529599225
1714079200.081931,2.8465635246700707
1714079200.082044,2.748475913648252
1714079200.082157,2.6503885233843767
1714079200.0822697,2.54879770455537
1714079200.0823827,2.4402009116278753
1714079200.0824957,2.3292684996569597
1714079200.0826085,2.211329892829612
1714079200.0827215,2.0887204894313105
1714079200.0828342,1.9637756877475314
1714079200.0829473,1.8353277886355364
1714079200.08306,1.7045443808590923
1714079200.083173,1.5714256851761428
1714079200.0832858,1.4324682730215565
1714079200.0833988,1.2935109712459423
1714079200.0835118,1.1545536694703278
1714079200.0836246,1.0062546641738326
1714079200.0837376,0.859123358020076
1714079200.0838504,0.7049858570098877
1714079200.0839634,0.5461774490497731
1714079200.0840762,0.38503367039892405
1714079200.0841892,0.2215544658678549
1714079200.084302,0.05340442337371685
1714079200.084415,-0.1123882140274401
1714079200.0845277,-0.27583545004879984
1714079200.0846407,-0.44628754258155817
1714079200.0847538,-0.6109022431903415
1714079200.0848665,-0.7801868849330478
1714079200.0849795,-0.9541414402149341
1714079200.0850923,-1.1234260267681544
1714079200.0852053,-1.2985481156243217
1714079200.085318,-1.4713351373319272
1714079200.085431,-1.6429547910337094
1714079200.0855439,-1.8192442478956998
1714079200.085657,-1.992031379982277
1714079200.08577,-2.1624834449202925
1714079200.0858827,-2.3294331850828947
1714079200.0859957,-2.49288037971214
1714079200.0861084,-2.657495163105152
1714079200.0862215,-2.8139374874256275
1714079200.0863342,-2.9703798117461027
1714079200.0864472,-3.1244871792969877
1714079200.08656,-3.278594546847873
1714079200.086673,-3.428032000859578
1714079200.086786,-3.57396713009587
1714079200.0868988,-3.717567302562572
1714079200.0870118,-3.850660059187147
1714079200.0871246,-3.9802502702783653
1714079200.0872376,-4.10283539030287
1714079200.0873504,-4.2160811247649015
1714079200.0874634,-4.329326859226933
1714079200.0875762,-4.433232325094718
1714079200.0876892,-4.532468318939209
1714079200.0878022,-4.628201767250343
1714079200.087915,-4.716930124494764
1714079200.088028,-4.804491113733362
1714079200.0881407,-4.881544907887776
1714079200.0882537,-4.955096156508834
1714079200.0883665,-5.020474946057354
1714079200.0884795,-5.078849086055049
1714079200.0885923,-5.132553312513563
1714079200.0887053,-5.179252447905363
1714079200.088818,-5.220114301752161
1714079200.088931,-5.255138432538067
1714079200.089044,-5.2854930913006815
1714079200.0891569,-5.313512572535762
1714079200.0892699,-5.335694772225839
1714079200.0893826,-5.354374426382559
1714079200.0894957,-5.366048989472565
1714079200.0896084,-5.377723994078459
1714079200.0897214,-5.383561275623462
1714079200.0898342,-5.3858964531509965
1714079200.0899472,-5.381226539611816
1714079200.0900602,-5.374221448545103
1714079200.090173,-5.363714253460919
1714079200.090286,-5.348537144837556
1714079200.0903988,-5.3333595946983055
1714079200.0905118,-5.313512572535762
1714079200.0906246,-5.293665550373218
1714079200.0907376,-5.270315982677318
1714079200.0908504,-5.251636328520598
1714079200.0909634,-5.22828631930881
1714079200.0910764,-5.204936751612911
1714079200.0911891,-5.179252447905363
1714079200.0913022,-5.150065157148573
1714079200.091415,-5.122045675913492
1714079200.091528,-5.091691458666766
1714079200.0916407,-5.055499518359149
1714079200.0917537,-5.021642314063178
1714079200.0918665,-4.986618183277271
1714079200.0919795,-4.957431334036367
1714079200.0920923,-4.927076675273754
1714079200.0922053,-4.899057194038673
1714079200.0923183,-4.874539816821063
1714079200.092431,-4.843018231568513
1714079200.092544,-4.818500854350902
1714079200.0926569,-4.784644091570819
1714079200.0927699,-4.7531220648023815
1714079200.0928826,-4.722767406039767
1714079200.0929956,-4.686575907248038
1714079200.0931084,-4.65972379401878
1714079200.0932214,-4.63053650326199
1714079200.0933344,-4.60251702202691
1714079200.0934472,-4.581502631858543
1714079200.0935602,-4.560487800174289
1714079200.093673,-4.538305600484212
1714079200.093786,-4.514956032788311
1714079200.0938988,-4.485769183547408
1714079200.0940118,-4.457749702312328
1714079200.0941246,-4.4285624115555375
1714079200.0942376,-4.400542930320457
1714079200.0943506,-4.366686167540373
1714079200.0944633,-4.345671335856119
1714079200.0945764,-4.321154400154396
1714079200.0946891,-4.298972200464319
1714079200.0948021,-4.277957810295953
1714079200.094915,-4.2534404330783415
1714079200.095028,-4.228923497376618
1714079200.0951407,-4.197401470608181
1714079200.0952537,-4.163544707828097
1714079200.0953665,-4.128520135526304
1714079200.0954795,-4.091160827212863
1714079200.0955925,-4.054968886905246
1714079200.0957053,-4.016442210585982
1714079200.0958183,-3.983752815811722
1714079200.095931,-3.947560875504105
1714079200.096044,-3.9137036712081343
1714079200.0961568,-3.876344362894694
1714079200.0962698,-3.8354825090478966
1714079200.0963826,-3.789950741661919
1714079200.0964956,-3.7409168702584723
1714079200.0966086,-3.689547600569548
1714079200.0967214,-3.6311736813297975
1714079200.0968344,-3.5727995413321034
1714079200.0969472,-3.5179279468677658
1714079200.0970602,-3.4583864388642485
1714079200.097173,-3.398844930860731
1714079200.097286,-3.3381360548513905
1714079200.0973988,-3.271589676539103
1714079200.0975118,-3.201540973451402
1714079200.0976248,-3.129157092836168
1714079200.0977376,-3.0497683419121633
1714079200.0978506,-2.9645423094431558
1714079200.0979633,-2.879316276974148
1714079200.0980763,-2.78708537419637
1714079200.098189,-2.6936868826548257
1714079200.0983021,-2.594451109568278
1714079200.098415,-2.4963829252454968
1714079200.098528,-2.395979563395182
1714079200.098641,-2.289738919999864
1714079200.0987537,-2.1823306878407793
1714079200.0988667,-2.0655826286033347
1714079200.0989795,-1.9464996125962999
1714079200.0990925,-1.82391416143488
1714079200.0992053,-1.6954914287284568
1714079200.0993183,-1.5600637153342918
1714079200.099431,-1.4223010451705367
1714079200.099544,-1.2822034182371915
1714079200.0996568,-1.1397708345342565
1714079200.0997698,-0.9985057292161164
1714079200.0998828,-0.8490682200149253
1714079200.0999956,-0.7019657227728101
1714079200.1001086,-0.5513607903763099
1714079200.1002214,-0.4007558303850668
1714079200.1003344,-0.2431460000850536
1714079200.1004472,-0.08086624934717461
1714079200.1005602,0.08259714339618329
1714079200.100673,0.2507471927890071
1714079200.100786,0.4188972214857737
1714079200.100899,0.588214949325279
1714079200.1010118,0.7563650056167884
1714079200.1011248,0.9268504601937753
1714079200.1012375,1.0926650630103216
1714079200.1013505,1.2596474753485785
1714079200.1014633,1.4242943790223863
1714079200.1015763,1.5901089818389327
1714079200.101689,1.7629298898908825
1714079200.101802,1.9275766831857186
1714079200.1019151,2.101565290380407
1714079200.102028,2.269715291482431
1714079200.102141,2.437865513342398
1714079200.1022537,2.602512306637234
1714079200.1023667,2.762488524119059
1714079200.1024795,2.917793724271986
1714079200.1025925,3.0660927295684814
1714079200.1027052,3.2143917348649764
1714079200.1028183,3.3580199435905174
1714079200.102931,3.49697713498716
1714079200.103044,3.63943753419099
1714079200.103157,3.777227136823866
1714079200.1032698,3.916184548978452
1714079200.1033828,4.044632558469419
1714079200.1034956,4.16724196186772
1714079200.1036086,4.287515746222602
1714079200.1037214,4.394944950386329
1714079200.1038344,4.497703357979103
1714079200.1039472,4.592287981951678
1714079200.1040602,4.6857043548866555
1714079200.1041732,4.76744395715219
1714079200.104286,4.852686987982856
1714079200.104399,4.928587984155725
1714079200.1045117,5.002153802801061
1714079200.1046247,5.069880573837845
1714079200.1047375,5.130601370776141
1714079200.1048505,5.186651371143482
1714079200.1049633,5.231024600841381
1714079200.1050763,5.271894401974148
1714079200.1051893,5.30692559701425
1714079200.105302,5.337285995483398
1714079200.105415,5.362975597381592
1714079200.1055279,5.38399440270883
1714079200.105641,5.406180576041892
1714079200.1057537,5.420193407270643
1714079200.1058667,5.434205796983506
1714079200.1059794,5.443547390125415
1714079200.1060925,5.44821818669637
1714079200.1062055,5.450553805739791
1714079200.1063182,5.4470503771746595
1714079200.1064312,5.443547390125415
1714079200.106544,5.430702809934263
1714079200.106657,5.422528584798177
1714079200.1067698,5.408516195085313
1714079200.1068828,5.389833008801495
1714079200.1069956,5.373485000045211
1714079200.1071086,5.354801813761393
1714079200.1072214,5.334950376439977
1714079200.1073344,5.312764203106915
1714079200.1074474,5.2917453977796765
1714079200.1075602,5.268390973409017
1714079200.1076732,5.242701371510823
1714079200.107786,5.215844401606807
1714079200.107899,5.188986990186903
1714079200.1080117,5.160961769245288
1714079200.1081247,5.131769180297852
1714079200.1082375,5.101408781828703
1714079200.1083505,5.069880573837845
1714079200.1084635,5.041855794412118
1714079200.1085763,5.012662763948794
1714079200.1086893,4.98814097157231
1714079200.108802,4.9636191791958275
1714079200.108915,4.932090971204969
1714079200.1090279,4.908736988350197
1714079200.1091409,4.881879576930293
1714079200.1092536,4.852686987982856
1714079200.1093667,4.824661767041241
1714079200.1094797,4.79196619104456
1714079200.1095924,4.765108779624656
1714079200.1097054,4.739419177726463
1714079200.1098182,4.712561766306559
1714079200.1099312,4.686872164408365
1714079200.110044,4.665853359081127
1714079200.110157,4.63899638917711
1714079200.1102698,4.616809774328161
1714079200.1103828,4.588784553386547
1714079200.1104956,4.5584241549173985
1714079200.1106086,4.528063756448251
1714079200.1107216,4.495368180451569
1714079200.1108344,4.463839972460711
1714079200.1109474,4.432311764469853
1714079200.1110601,4.404286985044126
1714079200.1111732,4.372758777053267
1714079200.111286,4.344733556111653
1714079200.111399,4.313205348120795
1714079200.1115117,4.280509772124113
1714079200.1116247,4.245478577084011
1714079200.1117377,4.204608775951244
1714079200.1118505,4.1649063428243
1714079200.1119635,4.115862758071334
1714079200.1120763,4.074992956938567
1714079200.1121893,4.030620168756555
1714079200.112302,3.9850795710528337
1714079200.112415,3.937203354305691
1714079200.1125278,3.8916627566019693
1714079200.1126409,3.839115743283872
1714079200.1127539,3.786568729965775
1714079200.1128666,3.7293513615926104
1714079200.1129797,3.6697981534180815
1714079200.1130924,3.603238750387121
1714079200.1132054,3.534343949070683
1714079200.1133182,3.45844273213987
1714079200.1134312,3.383709324730767
1714079200.113544,3.313646934650562
1714079200.113657,3.2354105401922153
1714079200.11377,3.156006336212158
1714079200.1138828,3.0695957166177252
1714079200.1139958,2.9890239238739014
1714079200.1141086,2.9014457155157016
1714079200.1142216,2.803358325251826
1714079200.1143343,2.704102904708297
1714079200.1144474,2.5978415100662793
1714079200.1145601,2.491580115424262
1714079200.1146731,2.3829831017388234
1714079200.114786,2.2673798931969533
1714079200.114899,2.151776905413027
1714079200.115012,2.0326704890639693
1714079200.1151247,1.9123964839511447
1714079200.1152377,1.7851162839818884
1714079200.1153505,1.6590037831553706
1714079200.1154635,1.5223818796652333
1714079200.1155763,1.3822568787468803
1714079200.1156893,1.2409640683068168
1714079200.115802,1.0903296647248444
1714079200.115915,0.9408629602856106
1714079200.116028,0.7855577601326836
1714079200.1161408,0.6290848056475321
1714079200.1162539,0.4714440968301561
1714079200.1163666,0.3126357440595273
1714079200.1164796,0.15032423867119682
1714079200.1165924,-0.01431987448422997
1714079200.1167054,-0.17543214338797108
1714079200.1168182,-0.3458842635154724
1714079200.1169312,-0.5116664701037936
1714079200.1170442,-0.686788503770475
1714079200.117157,-0.8584080470932854
1714079200.11727,-1.0370325159143519
1714079200.1173828,-1.212154604770519
1714079200.1174958,-1.3826066697085344
1714079200.1176085,-1.5577287585647017
1714079200.1177216,-1.724678388348332
1714079200.1178343,-1.8939629749015525
1714079200.1179473,-2.059745126300388
1714079200.11806,-2.22669486646299
1714079200.1181731,-2.391309649856002
1714079200.1182861,-2.5524218877156573
1714079200.118399,-2.7182040391144926
1714079200.118512,-2.876981320204558
1714079200.1186247,-3.0357586012946234
1714079200.1187377,-3.1898659688455084
1714079200.1188505,-3.3393036436151573
1714079200.1189635,-3.482903595323916
1714079200.1190763,-3.618331308718081
1714079200.1191893,-3.751424065342656
1714079200.1193023,-3.8798469084280507
1714079200.119415,-4.005934573985912
1714079200.119528,-4.125017589992947
1714079200.1196408,-4.240598060466625
1714079200.1197538,-4.355011162934479
1714079200.1198666,-4.460084438323975
1714079200.1199796,-4.565157713713469
1714079200.1200924,-4.657388616491247
1714079200.1202054,-4.744949605729844
1714079200.1203184,-4.826673313423439
1714079200.1204312,-4.899057194038673
1714079200.1205442,-4.969105897126374
1714079200.120657,-5.027480037124068
1714079200.12077,-5.088188913133409
1714079200.1208827,-5.137223226052743
1714079200.1209958,-5.1839223614445435
1714079200.1211085,-5.225951583297164
1714079200.1212215,-5.259808346077247
1714079200.1213343,-5.291330372845684
1714079200.1214473,-5.314679940541585
1714079200.1215603,-5.338029508237486
1714079200.121673,-5.352039248855025
1714079200.121786,-5.361379075933385
1714079200.121899,-5.367216798994276
1714079200.122012,-5.368384167000099
1714079200.1221247,-5.368384167000099
1714079200.1222377,-5.361379075933385
1714079200.1223505,-5.356709162394205
1714079200.1224635,-5.345034599304199
1714079200.1225765,-5.334527404220015
1714079200.1226892,-5.319349854080765
1714079200.1228023,-5.305340113463225
1714079200.122915,-5.287827827312328
1714079200.123028,-5.265646069138138
1714079200.1231408,-5.242296501442238
1714079200.1232538,-5.215444388212981
1714079200.1233666,-5.1897596429895465
1714079200.1234796,-5.160572793748643
1714079200.1235926,-5.13021813498603
1714079200.1237054,-5.102198653750949
1714079200.1238184,-5.073011804510045
1714079200.1239312,-5.048494427292435
1714079200.1240442,-5.020474946057354
1714079200.124157,-4.994790642349808
1714079200.12427,-4.964435983587194
1714079200.1243827,-4.936416502352114
1714079200.1244957,-4.903727107577853
1714079200.1246088,-4.869869903281883
1714079200.1247215,-4.837180508507623
1714079200.1248345,-4.803323745727539
1714079200.1249473,-4.771801718959102
1714079200.1250603,-4.741447060196488
1714079200.125173,-4.718097492500587
1714079200.125286,-4.692413188793041
1714079200.1253989,-4.6678958115754305
1714079200.125512,-4.642211507867883
1714079200.1256247,-4.614192026632804
1714079200.1257377,-4.586172545397723
1714079200.1258507,-4.555817886635109
1714079200.1259634,-4.524295859866672
1714079200.1260765,-4.4927738330982345
1714079200.1261892,-4.462419615851508
1714079200.1263022,-4.436734870628074
1714079200.126415,-4.412217934926351
1714079200.126528,-4.39237047124792
1714079200.1266408,-4.371356081079553
1714079200.1267538,-4.345671335856119
1714079200.1268668,-4.3223217681602195
1714079200.1269796,-4.293134918919316
1714079200.1270926,-4.2639480696784124
1714079200.1272054,-4.231258233388265
1714079200.1273184,-4.199736648135715
1714079200.1274312,-4.169381989373101
1714079200.1275442,-4.139027330610487
1714079200.127657,-4.114510394908764
1714079200.12777,-4.0829883681403265
1714079200.127883,-4.0561362549110695
1714079200.1279957,-4.023446860136809
1714079200.1281087,-3.9907574653625484
1714079200.1282215,-3.9510629795215744
1714079200.1283345,-3.907866389663131
1714079200.1284473,-3.864669799804687
1714079200.1285603,-3.8179702228969994
1714079200.128673,-3.7689363514935526
1714079200.128786,-3.7210694065800416
1714079200.1288989,-3.670867946412828
1714079200.1290119,-3.6265037677906173
1714079200.1291249,-3.57163217332628
1714079200.1292377,-3.516760578861943
1714079200.1293507,-3.4595540276280152
1714079200.1294634,-3.395342606085318
1714079200.1295764,-3.3276286390092635
1714079200.1296892,-3.251742433618616
1714079200.1298022,-3.1770238169917353
1714079200.129915,-3.0964676980619075
1714079200.130028,-3.017078947137903
1714079200.130141,-2.9353554602022522
1714079200.1302538,-2.8489618389694775
1714079200.1303668,-2.7649031745062933
1714079200.1304796,-2.6738398604922824
1714079200.1305926,-2.5804413689507375
1714079200.1307054,-2.480038007100423
1714079200.1308184,-2.378467277244285
1714079200.1309311,-2.2698916770793773
1714079200.1310441,-2.1554785746115224
1714079200.1311572,-2.0375631473682545
1714079200.13127,-1.9173125425974527
1714079200.131383,-1.7947272018150047
1714079200.1314957,-1.6698067938839947
1714079200.1316087,-1.5448863859529847
1714079200.1317215,-1.4117937397073816
1714079200.1318345,-1.2787009830828064
1714079200.1319473,-1.1421057913038466
1714079200.1320603,-0.9996732076009114
1714079200.1321733,-0.8537381335541053
1714079200.132286,-0.7007982443880152
1714079200.132399,-0.543188386493259
1714079200.1325119,-0.3832436270183987
1714079200.1326249,-0.22096386938183393
1714079200.1327376,-0.06101908231223071
1714079200.1328506,0.10478360647404635
1714079200.1329634,0.2624242670006222
1714079200.1330764,0.432909721577609
1714079200.1331892,0.5917181019429807
1714079200.1333022,0.7587004590917517
1714079200.1334152,0.9291858584792525
1714079200.133528,1.0973359699602478
1714079200.133641,1.2713245771549366
1714079200.1337538,1.446480773113392
1714079200.1338668,1.6204693803080805
1714079200.1339796,1.794457987502769
1714079200.1340926,1.9614402894620542
1714079200.1342053,2.1272548922786005
1714079200.1343184,2.2907340968096697
1714079200.1344314,2.4518779030552613
1714079200.1345441,2.608350912729899
1714079200.1346571,2.764823922404536
1714079200.13477,2.9236323303646508
1714079200.134883,3.0754343227103904
1714079200.1349957,3.2319073323850276
1714079200.1351087,3.3860449437741877
1714079200.1352215,3.528505342978018
1714079200.1353345,3.6709657421818482
1714079200.1354475,3.80525235776548
1714079200.1355603,3.933700367256447
1714079200.1356733,4.052806342089617
1714079200.135786,4.170744948916965
1714079200.135899,4.281677581645824
1714079200.1360118,4.387938976287842
1714079200.1361248,4.495368180451569
1714079200.1362376,4.593455791473389
1714079200.1363506,4.69154296097932
1714079200.1364634,4.782624156386763
1714079200.1365764,4.866699377695719
1714079200.1366894,4.943768183390299
1714079200.1368022,5.012662763948794
1714079200.1369152,5.07571917993051
1714079200.137028,5.130601370776141
1714079200.137141,5.184316193615948
1714079200.1372538,5.231024600841381
1714079200.1373668,5.274229579501681
1714079200.1374795,5.315099380634448
1714079200.1375926,5.348963207668728
1714079200.1377056,5.3781557966161655
1714079200.1378183,5.406180576041892
1714079200.1379313,5.426032013363308
1714079200.138044,5.443547390125415
1714079200.1381571,5.44821818669637
1714079200.13827,5.452888983267324
1714079200.138383,5.456392411832456
1714079200.1384957,5.450553805739791
1714079200.1386087,5.4470503771746595
1714079200.1387217,5.440044403076172
1714079200.1388345,5.431870177940086
1714079200.1389475,5.4190255977489326
1714079200.1390603,5.409684004607024
1714079200.1391733,5.391000376807319
1714079200.139286,5.373485000045211
1714079200.139399,5.355969181767216
1714079200.1395118,5.3326151989124435
1714079200.1396248,5.311596393585205
1714079200.1397378,5.2870746012087215
1714079200.1398506,5.262552808832239
1714079200.1399636,5.235695397412335
1714079200.1400764,5.208837985992432
1714079200.1401894,5.184316193615948
1714079200.1403022,5.156290972674334
1714079200.1404152,5.131769180297852
1714079200.140528,5.103744400872125
1714079200.140641,5.079222166979754
1714079200.1407537,5.048861768510606
1714079200.1408668,5.0231721666124125
1714079200.1409798,4.997482564714219
1714079200.1410925,4.967122166245072
1714079200.1412055,4.939097386819345
1714079200.1413183,4.906401369306776
1714079200.1414313,4.879544399402759
1714079200.141544,4.849183559417725
1714079200.141657,4.8269973860846624
1714079200.14177,4.801307784186469
1714079200.141883,4.7721151952390315
1714079200.141996,4.749928580390082
1714079200.1421087,4.720735991442645
1714079200.1422217,4.693878580022741
1714079200.1423345,4.6670211686028376
1714079200.1424475,4.633157783084445
1714079200.1425602,4.6039647526211205
1714079200.1426733,4.574772163673683
1714079200.142786,4.543243955682825
1714079200.142899,4.518722163306342
1714079200.143012,4.490697383880615
1714079200.1431248,4.461504353417291
1714079200.1432378,4.436982561040807
1714079200.1433506,4.40662216257166
1714079200.1434636,4.376261764102511
1714079200.1435764,4.340062759540698
1714079200.1436894,4.302695945457176
1714079200.1438022,4.266496940895363
1714079200.1439152,4.230298377849437
1714079200.144028,4.190595944722493
1714079200.144141,4.153229572154857
1714079200.144254,4.114694948549624
1714079200.1443667,4.073825147416856
1714079200.1444798,4.032955346284089
1714079200.1445925,3.9920855451513217
1714079200.1447055,3.9418741508766453
1714079200.1448183,3.8893271375585483
1714079200.1449313,3.832109327669497
1714079200.145044,3.7713885307312007
1714079200.145157,3.7141711623580367
1714079200.14527,3.6499469368546094
1714079200.145383,3.585722932109126
1714079200.145496,3.5226667368853533
1714079200.1456087,3.4537719355689154
1714079200.1457217,3.3872125325379545
1714079200.1458344,3.313646934650562
1714079200.1459475,3.2319073323850276
1714079200.1460602,3.15133531888326
1714079200.1461732,3.0602541234758163
1714079200.1462862,2.9703405168321395
1714079200.146399,2.8745885248537415
1714079200.146512,2.7741655155464455
1714079200.1466248,2.673742506239149
1714079200.1467378,2.570984319404319
1714079200.1468506,2.464722704004358
1714079200.1469636,2.3584613093623408
1714079200.1470764,2.24169029129876
1714079200.1471894,2.1260873035148338
1714079200.1473022,2.0034779001165317
1714079200.1474152,1.8738620811038547
1714079200.1475282,1.7454141819918596
1714079200.147641,1.6087922785017224
1714079200.147754,1.4674995784406308
1714079200.1478667,1.3285422766650163
1714079200.1479797,1.1837463687967371
1714079200.1480925,1.0366150626429804
1714079200.1482055,0.891819209964187
1714079200.1483183,0.7388494080967373
1714079200.1484313,0.5835441527543244
1714079200.1485443,0.42823889741191157
1714079200.148657,0.265927392023581
1714079200.14877,0.10244818749251189
1714079200.1488829,-0.0656890027500965
1714079200.1489959,-0.23847608654587354
1714079200.1491086,-0.41126313584822194
1714079200.1492217,-0.5840502403400563
1714079200.1493344,-0.7545023052780716
1714079200.1494474,-0.9284569157494439
1714079200.1495605,-1.1024114158418443
1714079200.1496732,-1.2728635911588315
1714079200.1497862,-1.443315656096847
1714079200.149899,-1.617270266568219
1714079200.150012,-1.7877223315062345
1714079200.1501248,-1.9628443099834298
1714079200.1502378,-2.1367989204548024
1714079200.1503506,-2.3095859421624074
1714079200.1504636,-2.480038007100423
1714079200.1505766,-2.645820379257202
1714079200.1506894,-2.8092675738864474
1714079200.1508024,-2.9657098982069225
1714079200.1509151,-3.1174823089882175
1714079200.1510282,-3.266919762999923
1714079200.151141,-3.412854892236215
1714079200.151254,-3.554119887175383
1714079200.1513667,-3.695385102872495
1714079200.1514797,-3.8273100499753596
1714079200.1515925,-3.9592354385941113
1714079200.1517055,-4.084155736146149
1714079200.1518185,-4.203238752153184
1714079200.1519313,-4.317651854621039
1714079200.1520443,-4.423892498016357
1714079200.152157,-4.521961123855025
1714079200.15227,-4.615359394638626
1714079200.1523829,-4.706422929410581
1714079200.1524959,-4.786978827582465
1714079200.1526086,-4.866367799264413
1714079200.1527216,-4.936416502352114
1714079200.1528347,-5.002962659906458
1714079200.1529474,-5.0671740814491555
1714079200.1530604,-5.124380853441026
1714079200.1531732,-5.171079988832827
1714079200.1532862,-5.21894649223045
1714079200.153399,-5.253971064532244
1714079200.153512,-5.287827827312328
1714079200.1536248,-5.313512572535762
1714079200.1537378,-5.334527404220015
1714079200.1538508,-5.352039248855025
1714079200.1539636,-5.366048989472565
1714079200.1540766,-5.378891362084282
1714079200.1541893,-5.380059171605993
1714079200.1543024,-5.384729085145173
1714079200.1544151,-5.382393907617639
1714079200.1545281,-5.381226539611816
1714079200.154641,-5.371886712533456
1714079200.154754,-5.361379075933385
1714079200.1548667,-5.345034599304199
1714079200.1549797,-5.329857490680835
1714079200.1550927,-5.307675290990758
1714079200.1552055,-5.2854930913006815
1714079200.1553185,-5.260976155598958
1714079200.1554313,-5.234124042369701
1714079200.1555443,-5.207271929140444
1714079200.155657,-5.18158718391701
1714079200.15577,-5.155902880209463
1714079200.1558828,-5.13021813498603
1714079200.1559958,-5.101031285745126
1714079200.1561089,-5.073011804510045
1714079200.1562216,-5.041489777741608
1714079200.1563346,-5.007632573445638
1714079200.1564474,-4.973775810665554
1714079200.1565604,-4.93875123836376
1714079200.1566732,-4.904894475583677
1714079200.1567862,-4.874539816821063
1714079200.156899,-4.845352967580159
1714079200.157012,-4.818500854350902
1714079200.157125,-4.793983918649179
1714079200.1572378,-4.768299173425745
1714079200.1573508,-4.741447060196488
1714079200.1574636,-4.715762756488941
1714079200.1575766,-4.681905993708858
1714079200.1576893,-4.651551334946244
1714079200.1578023,-4.621196676183629
1714079200.157915,-4.590842458936903
1714079200.1580281,-4.562822977701822
1714079200.1581411,-4.538305600484212
1714079200.158254,-4.5137886647824885
1714079200.158367,-4.493941642619945
1714079200.1584797,-4.469424265402335
1714079200.1585927,-4.446074697706434
1714079200.1587055,-4.421557762004711
1714079200.1588185,-4.39237047124792
1714079200.1589313,-4.3596810764736595
1714079200.1590443,-4.329326859226933
1714079200.159157,-4.297804832458496
1714079200.15927,-4.268617983217593
1714079200.159383,-4.2429332379941584
1714079200.1594958,-4.2160811247649015
1714079200.1596088,-4.193898925074825
1714079200.1597216,-4.165879443839744
1714079200.1598346,-4.137859962604664
1714079200.1599474,-4.10750530384205
1714079200.1600604,-4.073648541061966
1714079200.1601732,-4.033954055220992
1714079200.1602862,-3.996594746907552
1714079200.1603992,-3.9557328930607545
1714079200.160512,-3.9137036712081343
1714079200.160625,-3.876344362894694
1714079200.1607378,-3.8354825090478966
1714079200.1608508,-3.798123200734456
1714079200.1609635,-3.7549266108760126
1714079200.1610765,-3.708227475484212
1714079200.1611893,-3.6568582057952876
1714079200.1613023,-3.6031539793367737
1714079200.1614153,-3.5436124713332564
1714079200.161528,-3.482903595323916
1714079200.1616411,-3.4163572170116283
1714079200.161754,-3.3486434706935175
1714079200.161867,-3.28209709238123
1714079200.1619797,-3.2120481685355857
1714079200.1620927,-3.143166833453708
1714079200.1622055,-3.0684482168268272
1714079200.1623185,-2.9890594659028227
1714079200.1624312,-2.909670714978818
1714079200.1625443,-2.8209423577343973
1714079200.1626573,-2.727543866192853
1714079200.16277,-2.630643049875895
1714079200.162883,-2.529072320019757
1714079200.1629958,-2.4263340013998524
1714079200.1631088,-2.3200933580045344
1714079200.1632216,-2.20801521230627
1714079200.1633346,-2.097104655371772
1714079200.1634474,-1.982691552903917
1714079200.1635604,-1.8612735801272922
1714079200.1636734,-1.7398556073506672
1714079200.1637862,-1.6149351994196572
1714079200.1638992,-1.480675074789259
1714079200.164012,-1.346414839779889
1714079200.164125,-1.205149734461749
1714079200.1642377,-1.059214715604429
1714079200.1643507,-0.9144471199424178
1714079200.1644635,-0.7615072307763275
1714079200.1645765,-0.6120697215751365
1714079200.1646895,-0.46263226756343134
1714079200.1648023,-0.3073574216277511
1714079200.1649153,-0.1544175048669179
1714079200.165028,0.0008575360105303978
1714079200.165141,0.15966591459733467
1714079200.1652539,0.3208096932481836
1714079200.165367,0.4889597495396932
1714079200.1654797,0.6582775049739413
1714079200.1655927,0.8240921077904877
1714079200.1657057,0.9980806597956904
1714079200.1658185,1.1650630721339472
1714079200.1659315,1.335548471521448
1714079200.1660442,1.502530883859705
1714079200.1661572,1.6648422788690636
1714079200.16627,1.8306569920645819
1714079200.166383,1.9953038957383897
1714079200.1664958,2.1587831002694586
1714079200.1666088,2.3269331013714822
1714079200.1667216,2.493915513709739
1714079200.1668346,2.6585623070045754
1714079200.1669476,2.823209321057355
1714079200.1670604,2.9820177290174694
1714079200.1671734,3.1349875308849193
1714079200.1672862,3.2856219344668918
1714079200.1673992,3.4257469353852446
1714079200.167512,3.5635365380181203
1714079200.167625,3.6966553440800416
1714079200.1677377,3.823935544049298
1714079200.1678507,3.953551363061975
1714079200.1679637,4.077328575981988
1714079200.1680765,4.196434550815158
1714079200.1681895,4.3120379801149715
1714079200.1683023,4.420634552284523
1714079200.1684153,4.519889972828052
1714079200.168528,4.61447415528474
1714079200.168641,4.70322017316465
1714079200.1687539,4.7814567883809405
1714079200.1688669,4.85735778455381
1714079200.16898,4.9274201746340145
1714079200.1690927,4.993979577664976
1714079200.1692057,5.058203803168403
1714079200.1693184,5.115421171541567
1714079200.1694314,5.174974600474039
1714079200.1695442,5.220515198177761
1714079200.1696572,5.263720176838062
1714079200.16977,5.302254800443296
1714079200.169883,5.331447389390733
1714079200.1699958,5.355969181767216
1714079200.1701088,5.375820177572744
1714079200.1702218,5.39450380537245
1714079200.1703346,5.408516195085313
1714079200.1704476,5.4190255977489326
1714079200.1705604,5.427199381369131
1714079200.1706734,5.431870177940086
1714079200.1707861,5.4330379874617964
1714079200.1708992,5.431870177940086
1714079200.171012,5.427199381369131
1714079200.171125,5.421360775276466
1714079200.171238,5.408516195085313
1714079200.1713507,5.395671614894161
1714079200.1714637,5.380490974143699
1714079200.1715765,5.361807787859881
1714079200.1716895,5.340788982532642
1714079200.1718023,5.316267190156159
1714079200.1719153,5.298751371878164
1714079200.172028,5.274229579501681
1714079200.172141,5.248539977603488
1714079200.172254,5.228688981797959
1714079200.1723669,5.201831570378056
1714079200.1724799,5.176141968479863
1714079200.1725926,5.149284998575846
1714079200.1727057,5.120091968112521
1714079200.1728184,5.089731569643374
1714079200.1729314,5.060538980695936
1714079200.1730442,5.031346391748499
1714079200.1731572,5.002153802801061
1714079200.1732702,4.974128581859447
1714079200.173383,4.94493599291201
1714079200.173496,4.92158156854135
1714079200.1736088,4.894724598637334
1714079200.1737218,4.871370174266674
1714079200.1738346,4.842177585319236
1714079200.1739476,4.819990970470287
1714079200.1740603,4.793133559050383
1714079200.1741734,4.761605792575412
1714079200.1742861,4.733580571633798
1714079200.1743991,4.70322017316465
1714079200.1745121,4.677530571266456
1714079200.174625,4.653008778889974
1714079200.174738,4.62731917699178
1714079200.1748507,4.602797384615298
1714079200.1749637,4.579442960244638
1714079200.1750765,4.552585990340621
1714079200.1751895,4.528063756448251
1714079200.1753023,4.497703357979103
1714079200.1754153,4.4626721629390005
1714079200.1755283,4.429976145426432
1714079200.175641,4.394944950386329
1714079200.175754,4.359913755346227
1714079200.1758668,4.328385547355369
1714079200.1759799,4.293354352315267
1714079200.1760926,4.264161763367829
1714079200.1762056,4.230298377849437
1714079200.1763184,4.192931563765914
1714079200.1764314,4.153229572154857
1714079200.1765444,4.114694948549624
1714079200.1766572,4.066819173318368
1714079200.1767702,4.020110766092936
1714079200.176883,3.9687315622965493
1714079200.176996,3.918520168021873
1714079200.1771088,3.864805345182065
1714079200.1772218,3.814593950907389
1714079200.1773345,3.7597117600617582
1714079200.1774476,3.7059969372219506
1714079200.1775603,3.6476115385691323
1714079200.1776733,3.5868907416308367
1714079200.1777864,3.5238345464070635
1714079200.1778991,3.449101138997961
1714079200.1780121,3.3767031298743353
1714079200.178125,3.299634324179755
1714079200.178238,3.219062531435931
1714079200.1783507,3.138490517934163
1714079200.1784637,3.0509125303339073
1714079200.1785765,2.965669720261185
1714079200.1786895,2.8769239231392185
1714079200.1788025,2.7846749182100647
1714079200.1789153,2.686587307188246
1714079200.1790283,2.583829120353416
1714079200.179141,2.4775675049534547
1714079200.179254,2.3631321059332953
1714079200.1793668,2.2463613086276584
1714079200.1794798,2.122584095707646
1714079200.1795926,1.9999746923093442
1714079200.1797056,1.8726944923400877
1714079200.1798186,1.7407433854209051
1714079200.1799314,1.6111277871661716
1714079200.1800444,1.4733380741543238
1714079200.1801572,1.335548471521448
1714079200.1802702,1.1930880723176178
1714079200.180383,1.0424536687356454
1714079200.180496,0.8941546634391502
1714079200.1806087,0.7376816537645128
1714079200.1807218,0.5777056018511454
1714079200.1808345,0.41422639732007627
1714079200.1809475,0.2507471927890071
1714079200.1810606,0.08259714339618329
1714079200.1811733,-0.08203372773196961
1714079200.1812863,-0.24898339200902866
1714079200.181399,-0.41826803375173494
1714079200.181512,-0.5863851971096462
1714079200.181625,-0.7591722740067376
1714079200.181738,-0.935461786058214
1714079200.1818507,-1.1082488077658192
1714079200.1819637,-1.2857058533915766
1714079200.1820767,-1.461995310253567
1714079200.1821895,-1.6394523558793244
1714079200.1823025,-1.8145743343565197
1714079200.1824152,-1.985026509673507
1714079200.1825283,-2.154311206605699
1714079200.182641,-2.3212607260103577
1714079200.182754,-2.482372963870013
1714079200.1828668,-2.643485422487612
1714079200.1829798,-2.8034300715835005
1714079200.1830928,-2.9598723959039757
1714079200.1832056,-3.1198172657578076
1714079200.1833186,-3.271589676539103
1714079200.1834314,-3.4221947193145748
1714079200.1835444,-3.5681296277929233
1714079200.1836572,-3.7070596659625017
1714079200.1837702,-3.8436549681204335
1714079200.183883,-3.9720778112058284
1714079200.183996,-4.091160827212863
1714079200.184109,-4.212578579231544
1714079200.1842217,-4.321154400154396
1714079200.1843348,-4.4285624115555375
1714079200.1844475,-4.532468318939209
1714079200.1845605,-4.629369135256167
1714079200.1846733,-4.722767406039767
1714079200.1847863,-4.811496204800076
1714079200.184899,-4.88854999895449
1714079200.185012,-4.962101247575547
1714079200.1851249,-5.026312227602358
1714079200.185238,-5.084686367600052
1714079200.185351,-5.136055416531033
1714079200.1854637,-5.185089729450366
1714079200.1855767,-5.22361640576963
1714079200.1856894,-5.260976155598958
1714079200.1858025,-5.292497740851508
1714079200.1859152,-5.319349854080765
1714079200.1860282,-5.342699421776665
1714079200.186141,-5.361379075933385
1714079200.186254,-5.373054080539279
1714079200.186367,-5.384729085145173
1714079200.1864798,-5.389398998684353
1714079200.1865928,-5.3917337346959995
1714079200.1867056,-5.3858964531509965
1714079200.1868186,-5.380059171605993
1714079200.1869314,-5.368384167000099
1714079200.1870444,-5.356709162394205
1714079200.1871572,-5.342699421776665
1714079200.1872702,-5.324019767619945
1714079200.1873832,-5.305340113463225
1714079200.187496,-5.2854930913006815
1714079200.187609,-5.2644782596164275
1714079200.1877217,-5.244631237453884
1714079200.1878347,-5.220114301752161
1714079200.1879475,-5.19092701099537
1714079200.1880605,-5.165242707287823
1714079200.1881733,-5.13021813498603
1714079200.1882863,-5.097528740211769
1714079200.188399,-5.066006713443332
1714079200.188512,-5.030982582657425
1714079200.188625,-5.001795291900635
1714079200.1887379,-4.973775810665554
1714079200.1888509,-4.9445889614246505
1714079200.1889637,-4.918904216201216
1714079200.1890767,-4.889717366960313
1714079200.1891894,-4.8593627081976996
1714079200.1893024,-4.826673313423439
1714079200.1894152,-4.792816550643355
1714079200.1895282,-4.756624610335738
1714079200.1896412,-4.726269951573125
1714079200.189754,-4.692413188793041
1714079200.189867,-4.66439370755796
1714079200.1899798,-4.63637422632288
1714079200.1900928,-4.61302465862698
1714079200.1902056,-4.589674649415192
1714079200.1903186,-4.562822977701822
1714079200.1904314,-4.538305600484212
1714079200.1905444,-4.512621296776666
1714079200.1906574,-4.483434006019874
1714079200.1907701,-4.450744611245614
1714079200.1908832,-4.421557762004711
1714079200.190996,-4.39237047124792
1714079200.191109,-4.366686167540373
1714079200.1912217,-4.34216923183865
1714079200.1913347,-4.319987032148573
1714079200.1914475,-4.296637464452672
1714079200.1915605,-4.277957810295953
1714079200.1916735,-4.249937887544985
1714079200.1917863,-4.224253583837438
1714079200.1918993,-4.192731557069001
1714079200.192012,-4.1577069847672075
1714079200.192125,-4.126185399514657
1714079200.1922379,-4.092328195218687
1714079200.1923509,-4.0561362549110695
1714079200.1924636,-4.025782037664342
1714079200.1925766,-3.9930926428900824
1714079200.1926894,-3.9604028065999346
1714079200.1928024,-3.9253786758140277
1714079200.1929154,-3.8856841899730536
1714079200.1930282,-3.844822336126257
1714079200.1931412,-3.798123200734456
1714079200.193254,-3.747921519809299
1714079200.193367,-3.691882557339138
1714079200.1934798,-3.637010962874801
1714079200.1935928,-3.5798044116408736
1714079200.1937056,-3.524932817176536
1714079200.1938186,-3.4653913091730186
1714079200.1939316,-3.409352346702858
1714079200.1940444,-3.3428059683905706
1714079200.1941574,-3.278594546847873
1714079200.1942701,-3.2073782549964056
1714079200.1943831,-3.1268221360665778
1714079200.194496,-3.0486009739063404
1714079200.194609,-2.9645423094431558
1714079200.1947217,-2.876981320204558
1714079200.1948347,-2.785918006190547
1714079200.1949477,-2.6936868826548257
1714079200.1950605,-2.6002886118712247
1714079200.1951735,-2.5045551635600902
1714079200.1952863,-2.4018168449401855
1714079200.1953993,-2.3002461150840476
1714079200.195512,-2.190502926155373
1714079200.195625,-2.0760900444454617
1714079200.1957378,-1.9570070284384267
1714079200.1958508,-1.8320866205074169
1714079200.1959636,-1.7071662125764069
1714079200.1960766,-1.5729059775670369
1714079200.1961896,-1.4386457425576669
1714079200.1963024,-1.3008830723939118
1714079200.1964154,-1.1631204022301567
1714079200.1965282,-1.0218552969120167
1714079200.1966412,-0.8735853212851065
1714079200.196754,-0.7276503024277863
1714079200.196867,-0.5770453148418002
1714079200.1969798,-0.420602990521325
1714079200.1970928,-0.26065820345172175
1714079200.1972058,-0.09604348904556698
1714079200.1973186,0.07208776142862107
1714079200.1974316,0.2379023918399104
1714079200.1975443,0.41189097143985604
1714079200.1976573,0.5823764536115857
1714079200.19777,0.7481910564281322
1714079200.1978831,0.9175088118623803
1714079200.197996,1.0833234698684127
1714079200.198109,1.2479703735422205
1714079200.198222,1.4172880737869826
1714079200.1983347,1.5901089818389327
1714079200.1984477,1.7629298898908825
1714079200.1985605,1.9310798909929063
1714079200.1986735,2.101565290380407
1714079200.1987863,2.2720509105258517
1714079200.1988993,2.435530115056921
1714079200.199012,2.594338302259092
1714079200.199125,2.7531467102192066
1714079200.199238,2.902613525037412
1714079200.1993508,3.052080119097674
1714079200.1994638,3.198043726108692
1714079200.1995766,3.3428395235979997
1714079200.1996896,3.484132334038063
1714079200.1998024,3.6289283522853144
1714079200.1999154,3.7655503661544234
1714079200.2000282,3.901004349743878
1714079200.2001412,4.028284549713135
1714079200.200254,4.147390966062193
1714079200.200367,4.264161763367829
1714079200.20048,4.3669201709606025
1714079200.2005928,4.4708459465592
1714079200.2007058,4.564262761010064
1714079200.2008185,4.656511765939218
1714079200.2009315,4.745257783819127
1714079200.2010443,4.828165195606372
1714079200.2011573,4.908736988350197
1714079200.20127,4.9823023654796454
1714079200.201383,5.051197387554027
1714079200.2014961,5.111918184492323
1714079200.201609,5.16563300733213
1714079200.201722,5.213508782563386
1714079200.2018347,5.255546393217863
1714079200.2019477,5.289409778736255
1714079200.2020605,5.320937986727114
1714079200.2021735,5.352466194717972
1714079200.2022862,5.373485000045211
1714079200.2023993,5.398006792421694
1714079200.2025123,5.413186991656268
1714079200.202625,5.427199381369131
1714079200.202738,5.436541416026928
1714079200.2028508,5.438876593554461
1714079200.2029638,5.441212212597882
1714079200.2030766,5.436541416026928
1714079200.2031896,5.429535000412552
1714079200.2033024,5.420193407270643
1714079200.2034154,5.409684004607024
1714079200.2035282,5.395671614894161
1714079200.2036412,5.38165878366541
1714079200.2037542,5.366478584430835
1714079200.203867,5.348963207668728
1714079200.20398,5.331447389390733
1714079200.2040927,5.312764203106915
1714079200.2042058,5.292913207301387
1714079200.2043185,5.267223605403194
1714079200.2044315,5.2462048000759545
1714079200.2045443,5.21934738865605
1714079200.2046573,5.193657786757857
1714079200.2047703,5.16446519781042
1714079200.204883,5.135272167347095
1714079200.204996,5.110750374970612
1714079200.205109,5.079222166979754
1714079200.205222,5.053532565081561
1714079200.2053347,5.025507785655834
1714079200.2054477,4.9998181837576405
1714079200.2055604,4.974128581859447
1714079200.2056735,4.94493599291201
1714079200.2057865,4.9180785814921055
1714079200.2058992,4.886550373501247
1714079200.2060122,4.8561899750321
1714079200.206125,4.825829576562952
1714079200.206238,4.795469178093804
1714079200.2063508,4.7686117666739
1714079200.2064638,4.744089974297418
1714079200.2065766,4.719568181920934
1714079200.2066896,4.692710770501031
1714079200.2068024,4.669356787646258
1714079200.2069154,4.6448345537538875
1714079200.2070284,4.617977583849871
1714079200.2071412,4.588784553386547
1714079200.2072542,4.556088977389865
1714079200.207367,4.528063756448251
1714079200.20748,4.493032561408149
1714079200.2075927,4.466175149988245
1714079200.2077057,4.436982561040807
1714079200.2078185,4.40662216257166
1714079200.2079315,4.379764751151756
1714079200.2080445,4.350572162204318
1714079200.2081573,4.320211763735171
1714079200.2082703,4.286348378216778
1714079200.208383,4.246645945089835
1714079200.208496,4.210446940528022
1714079200.2086089,4.1660741523460105
1714079200.2087219,4.124036541691533
1714079200.2088346,4.081999372552942
1714079200.2089477,4.039961761898464
1714079200.2090607,3.9979241512439865
1714079200.2091734,3.9512157440185542
1714079200.2092865,3.9080107653582536
1714079200.2093992,3.8554637520401562
1714079200.2095122,3.8040845482437695
1714079200.209625,3.7480345478764283
1714079200.209738,3.683810543130945
1714079200.2098508,3.6184189496216947
1714079200.2099638,3.5483563387835466
1714079200.2100768,3.4817969357525858
1714079200.2101896,3.40939892662896
1714079200.2103026,3.3370011382632785
1714079200.2104154,3.264603129139653
1714079200.2105284,3.1840313363958286
1714079200.2106411,3.1057947211795383
1714079200.2107542,3.0170489240575717
1714079200.210867,2.927135317413895
1714079200.21098,2.8325509141992637
1714079200.2110927,2.7321281256499113
1714079200.2112057,2.62586651024995
1714079200.2113187,2.5172697173224554
1714079200.2114315,2.4110081019224943
1714079200.2115445,2.295404893380624
1714079200.2116573,2.182137303882175
1714079200.2117703,2.066534095340305
1714079200.211883,1.9450925014637133
1714079200.211996,1.8201475894009624
1714079200.2121089,1.6893641816245184
1714079200.2122219,1.558580884227046
1714079200.2123349,1.4172880737869826
1714079200.2124476,1.2759953737258911
1714079200.2125607,1.127696368429396
1714079200.2126734,0.9793973631329006
1714079200.2127864,0.8287629595509282
1714079200.2128992,0.6722900050657766
1714079200.2130122,0.5216556014838042
1714079200.213125,0.3640149202611711
1714079200.213238,0.2028711278129507
1714079200.213351,0.0405596293233059
1714079200.2134638,-0.12990041739410824
1714079200.2135768,-0.296850088569853
1714079200.2136896,-0.46730218110261135
1714079200.2138026,-0.6412567363844978
1714079200.2139153,-0.8152112916663841
1714079200.2140284,-0.9961707724465264
1714079200.2141411,-1.1677903157693368
1714079200.2142541,-1.345247361395094
1714079200.214367,-1.5133644695635193
1714079200.21448,-1.6826490561167398
1714079200.214593,-1.854268709818522
1714079200.2147057,-2.021218449981124
1714079200.2148187,-2.1881679693857827
1714079200.2149315,-2.357452666317975
1714079200.2150445,-2.522067449710987
1714079200.2151573,-2.6855146443402322
1714079200.2152703,-2.8489618389694775
1714079200.215383,-3.003069206520363
1714079200.215496,-3.160679119604605
1714079200.215609,-3.3077816168467202
1714079200.2157218,-3.4478792437800654
1714079200.2158349,-3.5879768707134105
1714079200.2159476,-3.7187346705683955
1714079200.2160606,-3.850660059187147
1714079200.2161734,-3.975580356739185
1714079200.2162864,-4.0993332862854
1714079200.2163992,-4.218416302292435
1714079200.2165122,-4.330494227232756
1714079200.2166252,-4.439070048155608
1714079200.216738,-4.5406407780117455
1714079200.216851,-4.632871680789523
1714079200.2169638,-4.7216000380339445
1714079200.2170768,-4.798653832188359
1714079200.2171896,-4.87337244881524
1714079200.2173026,-4.941086415891294
1714079200.2174153,-5.006465205439815
1714079200.2175283,-5.066006713443332
1714079200.2176414,-5.118543571896023
1714079200.2177541,-5.169912620827003
1714079200.2178671,-5.211941842679624
1714079200.21798,-5.251636328520598
1714079200.218093,-5.284325723294859
1714079200.2182057,-5.310010027002405
1714079200.2183187,-5.334527404220015
1714079200.2184315,-5.349704512843379
1714079200.2185445,-5.361379075933385
1714079200.2186573,-5.3707189030117455
1714079200.2187703,-5.373054080539279
1714079200.2188833,-5.374221448545103
1714079200.218996,-5.3707189030117455
1714079200.219109,-5.367216798994276
1714079200.2192218,-5.357876971915916
1714079200.2193348,-5.349704512843379
1714079200.2194476,-5.335694772225839
1714079200.2195606,-5.318182486074941
1714079200.2196734,-5.300670199924045
1714079200.2197864,-5.277320632228145
1714079200.2198994,-5.255138432538067
1714079200.2200122,-5.224784215291341
1714079200.2201252,-5.19559692453455
1714079200.220238,-5.169912620827003
1714079200.220351,-5.138390594058566
1714079200.2204638,-5.111538480829309
1714079200.2205768,-5.082351631588406
1714079200.2206895,-5.057834254370795
1714079200.2208025,-5.028647405129892
1714079200.2209156,-4.997125378361455
1714079200.2210283,-4.970273265132198
1714079200.2211413,-4.93524913434629
1714079200.221254,-4.904894475583677
1714079200.2213671,-4.86870253527606
1714079200.22148,-4.836013140501799
1714079200.221593,-4.804491113733362
1714079200.2217057,-4.776471632498281
1714079200.2218187,-4.750787328790735
1714079200.2219315,-4.725102583567301
1714079200.2220445,-4.701753015871401
1714079200.2221575,-4.674900902642144
1714079200.2222703,-4.6468814214070635
1714079200.2223833,-4.61769457216616
1714079200.222496,-4.586172545397723
1714079200.222609,-4.555817886635109
1714079200.2227218,-4.523128491860849
1714079200.2228348,-4.497443746637415
1714079200.2229476,-4.467089529390688
1714079200.2230606,-4.4449073297006105
1714079200.2231736,-4.423892498016357
1714079200.2232864,-4.4017107398421675
1714079200.2233994,-4.3806959081579135
1714079200.2235122,-4.355011162934479
1714079200.2236252,-4.324656945687753
1714079200.223738,-4.296637464452672
1714079200.223851,-4.261612892150879
1714079200.2239637,-4.232426042909975
1714079200.2240767,-4.199736648135715
1714079200.2241898,-4.172884534906458
1714079200.2243025,-4.144865053671378
1714079200.2244155,-4.121515485975477
1714079200.2245283,-4.091160827212863
1714079200.2246413,-4.063141345977783
1714079200.224754,-4.032786687215169
1714079200.224867,-3.9954273789017285
1714079200.2249799,-3.9557328930607545
1714079200.225093,-3.9113689351964878
1714079200.225206,-3.868171903822157
1714079200.2253187,-3.82380794595789
1714079200.2254317,-3.779443546577736
1714079200.2255445,-3.735079147197582
1714079200.2256575,-3.6907149685753713
1714079200.2257702,-3.644015833183571
1714079200.2258832,-3.5938141522584135
1714079200.225996,-3.5389425577940763
1714079200.226109,-3.477066093020969
1714079200.2262218,-3.415189849005805
1714079200.2263348,-3.3439735571543374
1714079200.2264478,-3.271589676539103
1714079200.2265606,-3.1968708391542786
1714079200.2266736,-3.1198172657578076
1714079200.2267864,-3.0415961035975703
1714079200.2268994,-2.9610399846677424
1714079200.2270122,-2.879316276974148
1714079200.2271252,-2.7917552877355503
1714079200.227238,-2.700691752963596
1714079200.227351,-2.604958525410405
1714079200.227464,-2.505722752323857
1714079200.2275767,-2.4006494769343623
1714079200.2276897,-2.287403963230274
1714079200.2278025,-2.1753258175320096
1714079200.2279155,-2.0539078447553845
1714079200.2280283,-1.9359924175121166
1714079200.2281413,-1.8145743343565197
1714079200.228254,-1.6908215151892767
1714079200.228367,-1.5635661504886766
1714079200.22848,-1.4304733938641017
1714079200.2285929,-1.2985481156243217
1714079200.228706,-1.1561155319213867
1714079200.2288187,-1.0148504266032465
1714079200.2289317,-0.8595755254780804
1714079200.2290444,-0.7078031146967853
1714079200.2291574,-0.5513607903763099
1714079200.2292702,-0.3937509324815538
1714079200.2293832,-0.23614110218154058
1714079200.229496,-0.07386136524103305
1714079200.229609,0.08493255547903202
1714079200.229722,0.24724406776604826
1714079200.2298348,0.4107232722971174
1714079200.2299478,0.5742024492334437
1714079200.2300606,0.7446879589999164
1714079200.2301736,0.9163411127196417
1714079200.2302864,1.0879942664393671
1714079200.2303994,1.2596474753485785
1714079200.2305121,1.437139179971483
1714079200.2306252,1.6111277871661716
1714079200.2307382,1.7804454874109337
1714079200.230851,1.952098696320145
1714079200.230964,2.1120746930440264
1714079200.2310767,2.2790571053822832
1714079200.2311897,2.4390331021061646
1714079200.2313025,2.601344717873467
1714079200.2314155,2.7601531258335816
1714079200.2315283,2.9224645208429405
1714079200.2316413,3.082440517566822
1714079200.2317543,3.236578128955982
1714079200.231867,3.3872125325379545
1714079200.23198,3.5331761395489725
1714079200.2320929,3.674468949989036
1714079200.2322059,3.8064201672871905
1714079200.2323186,3.931364748213026
1714079200.2324317,4.049303355040373
1714079200.2325444,4.1660741523460105
1714079200.2326574,4.281677581645824
1714079200.2327704,4.387938976287842
1714079200.2328832,4.496535548457393
1714079200.2329962,4.596958778522632
1714079200.233109,4.6903755929734965
1714079200.233222,4.782624156386763
1714079200.2333348,4.860860771603054
1714079200.2334478,4.93442659024839
1714079200.2335606,5.002153802801061
1714079200.2336736,5.060538980695936
1714079200.2337863,5.117756790584988
1714079200.2338994,5.169135994381374
1714079200.2340124,5.221683007699472
1714079200.2341251,5.266055795881483
1714079200.2342381,5.310428584063494
1714079200.234351,5.345459779103597
1714079200.234464,5.374652809566921
1714079200.2345767,5.399174601943404
1714079200.2346897,5.420193407270643
1714079200.2348025,5.4330379874617964
1714079200.2349155,5.444715199647126
1714079200.2350285,5.450553805739791
1714079200.2351413,5.451721615261501
1714079200.2352543,5.451721615261501
1714079200.235367,5.445883009168837
1714079200.23548,5.4470503771746595
1714079200.2355928,5.4377087840327505
1714079200.2357059,5.426032013363308
1714079200.2358186,5.413186991656268
1714079200.2359316,5.399174601943404
1714079200.2360446,5.386329580236364
1714079200.2361574,5.362975597381592
1714079200.2362704,5.3419567920543525
1714079200.2363832,5.3186028091995805
1714079200.2364962,5.2917453977796765
1714079200.236609,5.267223605403194
1714079200.236722,5.241534003505
1714079200.2368348,5.213508782563386
1714079200.2369478,5.188986990186903
1714079200.2370605,5.160961769245288
1714079200.2371736,5.136439976868806
1714079200.2372866,5.108415197443079
1714079200.2373993,5.083893405066596
1714079200.2375124,5.0547003746032715
1714079200.2376251,5.024339976134123
1714079200.2377381,4.993979577664976
1714079200.237851,4.9636191791958275
1714079200.237964,4.93325878072668
1714079200.2380767,4.902898382257532
1714079200.2381897,4.878376589881049
1714079200.2383027,4.849183559417725
1714079200.2384155,4.8269973860846624
1714079200.2385285,4.798972165143048
1714079200.2386413,4.7767859918099855
1714079200.2387543,4.749928580390082
1714079200.238867,4.721903359448468
1714079200.23898,4.695046389544451
1714079200.2390928,4.664685991075303
1714079200.2392058,4.633157783084445
1714079200.2393188,4.602797384615298
1714079200.2394316,4.575939973195394
1714079200.2395446,4.54791475225378
1714079200.2396574,4.523392959877296
1714079200.2397704,4.500038977022524
1714079200.2398832,4.468510769031665
1714079200.2399962,4.442821167133472
1714079200.240109,4.4077899720933695
1714079200.240222,4.375093954580802
1714079200.2403347,4.338894950018989
1714079200.2404478,4.301528577451353
1714079200.2405608,4.262993953846118
1714079200.2406735,4.222124152713351
1714079200.2407866,4.187092957673249
1714079200.2408993,4.148558775583902
1714079200.2410123,4.113527139027913
1714079200.241125,4.073825147416856
1714079200.241238,4.030620168756555
1714079200.241351,3.9874147485803673
1714079200.241464,3.93486773526227
1714079200.241577,3.8823211634600603
1714079200.2416897,3.823935544049298
1714079200.2418027,3.770221162725378
1714079200.2419155,3.7141711623580367
1714079200.2420285,3.653450144661797
1714079200.2421412,3.593896936487268
1714079200.2422543,3.5296729317417848
1714079200.242367,3.4677845460397223
1714079200.24248,3.3965541256798635
1714079200.242593,3.3218209390287043
1714079200.2427058,3.2412489255269366
1714079200.2428188,3.1583417344976352
1714079200.2429316,3.070763526139436
1714079200.2430446,2.9785145212102817
1714079200.2431574,2.886265516281128
1714079200.2432704,2.787010316495542
1714079200.2433832,2.6900905149954335
1714079200.2434962,2.58733210740266
1714079200.2436092,2.482238301524409
1714079200.243722,2.3748090973606812
1714079200.243835,2.2568707112912776
1714079200.2439477,2.1412675027494075
1714079200.2440608,2.0163227010656284
1714079200.2441735,1.8878746915746616
1714079200.2442865,1.7535881863700018
1714079200.2443993,1.6193016811653418
1714079200.2445123,1.4780089811042503
1714079200.244625,1.3367161706641868
1714079200.244738,1.1942557714603566
1714079200.244851,1.049459863592077
1714079200.244964,0.9023286126278064
1714079200.245077,0.7481910564281322
1714079200.2451897,0.5952212545606824
1714079200.2453027,0.4340774483150906
1714079200.2454154,0.27293364206949866
1714079200.2455285,0.10828673149700517
1714079200.2456412,-0.06101908231223071
1714079200.2457542,-0.2279687534879755
1714079200.2458673,-0.3984208736154768
1714079200.24598,-0.5688729661482351
1714079200.246093,-0.7393250862757365
1714079200.2462058,-0.9086097280184428
1714079200.2463188,-1.081396804915534
1714079200.2464316,-1.2471789563143694
1714079200.2465446,-1.4176311316313566
1714079200.2466574,-1.591585631723757
1714079200.2467704,-1.7620378070407443
1714079200.2468834,-1.9348248287483496
1714079200.2469962,-2.108779439219722
1714079200.2471092,-2.276896547388147
1714079200.247222,-2.4438462875507496
1714079200.247335,-2.603790936646638
1714079200.2474477,-2.7649031745062933
1714079200.2475607,-2.917843174051355
1714079200.2476735,-3.0707831735964173
1714079200.2477865,-3.220220627608122
1714079200.2478993,-3.3673231248502375
1714079200.2480123,-3.513258033328586
1714079200.2481253,-3.654523249025698
1714079200.248238,-3.793453287195276
1714079200.248351,-3.926546043819851
1714079200.2484639,-4.053801518899423
1714079200.2485769,-4.175219270918104
1714079200.2486897,-4.287297637374312
1714079200.2488027,-4.39820819430881
1714079200.2489154,-4.497443746637415
1714079200.2490284,-4.59317719494855
1714079200.2491415,-4.683073361714681
1714079200.2492542,-4.765964437414098
1714079200.2493672,-4.847688145107693
1714079200.24948,-4.92123939372875
1714079200.249593,-4.990120728810628
1714079200.2497058,-5.050829604819969
1714079200.2498188,-5.1045338312784825
1714079200.2499316,-5.157070248215287
1714079200.2500446,-5.197932102062084
1714079200.2501576,-5.235291410375524
1714079200.2502704,-5.265646069138138
1714079200.2503834,-5.292497740851508
1714079200.2504961,-5.314679940541585
1714079200.2506092,-5.3333595946983055
1714079200.250722,-5.349704512843379
1714079200.250835,-5.359044339921739
1714079200.2509477,-5.368384167000099
1714079200.2510607,-5.373054080539279
1714079200.2511737,-5.375388816550926
1714079200.2512865,-5.3707189030117455
1714079200.2513995,-5.3648816214667425
1714079200.2515123,-5.356709162394205
1714079200.2516253,-5.341532053770842
1714079200.251738,-5.325187577141655
1714079200.251851,-5.304172745457402
1714079200.2519639,-5.280823177761501
1714079200.2520769,-5.260976155598958
1714079200.2521896,-5.234124042369701
1714079200.2523026,-5.211941842679624
1714079200.2524157,-5.187424906977901
1714079200.2525284,-5.161740161754467
1714079200.2526414,-5.136055416531033
1714079200.2527542,-5.1045338312784825
1714079200.2528672,-5.076513908527515
1714079200.25298,-5.041489777741608
1714079200.253093,-5.006465205439815
1714079200.2532058,-4.974943178671377
1714079200.2533188,-4.941086415891294
1714079200.2534318,-4.909564389122857
1714079200.2535446,-4.8803775398819536
1714079200.2536576,-4.852358058646873
1714079200.2537704,-4.826673313423439
1714079200.2538834,-4.797486464182535
1714079200.2539961,-4.7741368964866355
1714079200.2541091,-4.7426148697181985
1714079200.254222,-4.711092842949761
1714079200.254335,-4.678403448175501
1714079200.254448,-4.642211507867883
1714079200.2545607,-4.615359394638626
1714079200.2546737,-4.586172545397723
1714079200.2547865,-4.565157713713469
1714079200.2548995,-4.541808146017569
1714079200.2550123,-4.516123400794135
1714079200.2551253,-4.498611556159125
1714079200.255238,-4.475261988463225
1714079200.255351,-4.4449073297006105
1714079200.2554638,-4.419222584477177
1714079200.2555768,-4.39237047124792
1714079200.2556899,-4.362016254001193
1714079200.2558026,-4.330494227232756
1714079200.2559156,-4.304809482009322
1714079200.2560284,-4.277957810295953
1714079200.2561414,-4.258110346617522
1714079200.2562542,-4.233593410915798
1714079200.2563672,-4.209076475214075
1714079200.25648,-4.179889184457284
1714079200.256593,-4.151869703222204
1714079200.256706,-4.11801294044212
1714079200.2568188,-4.0829883681403265
1714079200.2569318,-4.044461691821063
1714079200.2570446,-4.003599837974265
1714079200.2571576,-3.9674078976666483
1714079200.2572703,-3.9277134118256742
1714079200.2573833,-3.8903541035122338
1714079200.257496,-3.8529947951987937
1714079200.2576091,-3.8121329413519964
1714079200.2577221,-3.771271087505199
1714079200.257835,-3.7222372161017523
1714079200.257948,-3.6720353144186513
1714079200.2580607,-3.614828763184724
1714079200.2581737,-3.556454843944973
1714079200.2582865,-3.4922434224022756
1714079200.2583995,-3.430366957629168
1714079200.2585123,-3.368490492856061
1714079200.2586253,-3.30311170330754
1714079200.2587383,-3.2342303682256626
1714079200.258851,-3.1641814443800182
1714079200.258964,-3.0941327412923174
1714079200.2590768,-3.0124090335987233
1714079200.2591898,-2.930685546663072
1714079200.2593026,-2.844291925430298
1714079200.2594156,-2.7520610226525197
1714079200.2595284,-2.6586625311109753
1714079200.2596414,-2.5594267580244274
1714079200.2597542,-2.4578560281682895
1714079200.2598672,-2.3562852983121516
1714079200.2599802,-2.25004443415889
1714079200.260093,-2.1391338772243924
1714079200.260206,-2.0270557315261275
1714079200.2603188,-1.9103076722886827
1714079200.2604318,-1.7865548531214395
1714079200.2605445,-1.6604669668056347
1714079200.2606575,-1.5273742101810595
1714079200.2607703,-1.3896115400173046
1714079200.2608833,-1.2460114779295743
1714079200.2609963,-1.1035788942266394
1714079200.261109,-0.9576438753693192
1714079200.2612221,-0.805871464588024
1714079200.261335,-0.6576014889611138
1714079200.261448,-0.5069965013751276
1714079200.2615607,-0.3528891338242425
1714079200.2616737,-0.19878175247598576
1714079200.2617865,-0.04000444034183467
1714079200.2618995,0.12346693763026484
1714079200.2620125,0.2892815680415542
1714079200.2621253,0.45509619845284355
1714079200.2622383,0.626749352172569
1714079200.262351,0.7960671076068171
1714079200.262464,0.9665525621838039
1714079200.2625768,1.133534864143089
1714079200.2626898,1.302852674766823
1714079200.2628026,1.4639964810124149
1714079200.2629156,1.627475685543484
1714079200.2630284,1.7932902883600303
1714079200.2631414,1.959104891176577
1714079200.2632544,2.122584095707646
1714079200.2633672,2.289566508045903
1714079200.2634802,2.456548699626216
1714079200.263593,2.6211957136789956
1714079200.263706,2.7823395199245873
1714079200.2638187,2.9376447200775146
1714079200.2639318,3.088279123659487
1714079200.2640445,3.2319073323850276
1714079200.2641575,3.3755355411105685
1714079200.2642705,3.5121573342217336
1714079200.2643833,3.6476115385691323
1714079200.2644963,3.7830657429165306
1714079200.264609,3.9150167394567417
1714079200.264722,4.044632558469419
1714079200.264835,4.1660741523460105
1714079200.264948,4.285180568695068
1714079200.2650607,4.394944950386329
1714079200.2651737,4.500038977022524
1714079200.2652867,4.596958778522632
1714079200.2653995,4.682201367837411
1714079200.2655125,4.76744395715219
1714079200.2656252,4.848016191411901
1714079200.2657382,4.9227493780630605
1714079200.265851,4.992811768143265
1714079200.265964,5.060538980695936
1714079200.2660768,5.123595396677652
1714079200.2661898,5.177309778001573
1714079200.2663026,5.228688981797959
1714079200.2664156,5.270726592452437
1714079200.2665286,5.30458997797083
1714079200.2666414,5.336118185961688
1714079200.2667544,5.361807787859881
1714079200.2668672,5.3828265931871195
1714079200.2669802,5.4015097794709375
1714079200.267093,5.417857788227222
1714079200.267206,5.430702809934263
1714079200.2673187,5.4377087840327505
1714079200.2674317,5.444715199647126
1714079200.2675447,5.4470503771746595
1714079200.2676575,5.443547390125415
1714079200.2677705,5.4377087840327505
1714079200.2678833,5.430702809934263
1714079200.2679963,5.417857788227222
1714079200.268109,5.403845398514359
1714079200.268222,5.388665199279785
1714079200.2683349,5.37114938100179
1714079200.2684479,5.351298385196261
1714079200.268561,5.330279579869023
1714079200.2686737,5.309260774541784
1714079200.2687867,5.284738982165301
1714079200.2688994,5.264887986359772
1714079200.2690125,5.24036619398329
1714079200.2691252,5.214676592085096
1714079200.2692382,5.187819180665192
1714079200.269351,5.16329738828871
1714079200.269464,5.130601370776141
1714079200.269577,5.102576591350414
1714079200.2696898,5.072216192881266
1714079200.2698028,5.038352365846987
1714079200.2699156,5.01032758642126
1714079200.2700286,4.984637984523067
1714079200.2701414,4.956612763581452
1714079200.2702544,4.930923161683259
1714079200.2703671,4.9040661917792425
1714079200.2704802,4.8772087803593385
1714079200.270593,4.848016191411901
1714079200.270706,4.8223265895137075
1714079200.270819,4.790798381522849
1714079200.2709317,4.761605792575412
1714079200.2710447,4.731245394106264
1714079200.2711575,4.705555792208071
1714079200.2712705,4.6763627617447465
1714079200.2713833,4.651840969368263
1714079200.2714963,4.628486986513491
1714079200.271609,4.6039647526211205
1714079200.271722,4.5806107697663485
1714079200.271835,4.554921167868155
1714079200.2719479,4.525728578920718
1714079200.2720609,4.493032561408149
1714079200.2721736,4.4626721629390005
1714079200.2722867,4.428808777420609
1714079200.2723994,4.398448378951461
1714079200.2725124,4.369255348488136
1714079200.2726252,4.336559772491455
1714079200.2727382,4.306199374022307
1714079200.2728512,4.275838975553159
1714079200.272964,4.24197514851888
1714079200.273077,4.204608775951244
1714079200.2731898,4.1660741523460105
1714079200.2733028,4.122869173685709
1714079200.2734156,4.077328575981988
1714079200.2735286,4.028284549713135
1714079200.2736413,3.980408332965992
1714079200.2737544,3.933700367256447
1714079200.2738671,3.8811533539383496
1714079200.2739801,3.832109327669497
1714079200.2740932,3.780730565388997
1714079200.274206,3.724680565021656
1714079200.274319,3.6616241490399393
1714079200.2744317,3.6020709408654104
1714079200.2745447,3.532008330027262
1714079200.2746575,3.4619459399470576
1714079200.2747705,3.3860449437741877
1714079200.2748833,3.3078083285578974
1714079200.2749963,3.2237333280068854
1714079200.2751093,3.1443291240268283
1714079200.275222,3.0590865347120495
1714079200.275335,2.975011313403094
1714079200.2754478,2.8815947197101734
1714079200.2755609,2.7881781260172525
1714079200.2756736,2.687755116709956
1714079200.2757866,2.5814935013099953
1714079200.2758994,2.4693935005753125
1714079200.2760124,2.3561259110768633
1714079200.2761254,2.240522702534993
1714079200.2762382,2.1179132991366916
1714079200.2763512,1.9953038957383897
1714079200.276464,1.8691912845329002
1714079200.276577,1.7430787837063824
1714079200.2766898,1.6111277871661716
1714079200.2768028,1.475673582818773
1714079200.2769156,1.3367161706641868
1714079200.2770286,1.1930880723176178
1714079200.2771416,1.0436213678783839
1714079200.2772543,0.8941546634391502
1714079200.2773674,0.7353462554790355
1714079200.2774801,0.5753702035656681
1714079200.2775931,0.4153940964628149
1714079200.277706,0.2519148919317457
1714079200.277819,0.08726797446056649
1714079200.2779317,-0.07736380729410383
1714079200.2780447,-0.24664843523943863
1714079200.2781575,-0.41359812021255493
1714079200.2782705,-0.5852177187248512
1714079200.2783835,-0.7615072307763275
1714079200.2784963,-0.936629264443009
1714079200.2786093,-1.1129187213049994
1714079200.278722,-1.2915432453155518
1714079200.278835,-1.4713351373319272
1714079200.2789478,-1.6464572261880943
1714079200.2790608,-1.8192442478956998
1714079200.2791736,-1.9908637912185103
1714079200.2792866,-2.1601484881507025
1714079200.2793996,-2.3247632715437145
1714079200.2795124,-2.487042877409193
1714079200.2796254,-2.649322704032615
1714079200.2797382,-2.8080999851226807
1714079200.2798512,-2.9680448549765126
1714079200.279964,-3.1244871792969877
1714079200.280077,-3.273924633308693
1714079200.2801898,-3.423362087320398
1714079200.2803028,-3.56462730301751
1714079200.2804158,-3.7035573411870883
1714079200.2805285,-3.8343151410420733
1714079200.2806416,-3.9592354385941113
1714079200.2807543,-4.08065363212868
1714079200.2808673,-4.197401470608181
1714079200.28098,-4.307144659536856
1714079200.2810931,-4.418055216471354
1714079200.281206,-4.521961123855025
1714079200.281319,-4.62236448570534
1714079200.2814317,-4.716930124494764
1714079200.2815447,-4.8009885682000055
1714079200.2816577,-4.883879643899423
1714079200.2817705,-4.957431334036367
1714079200.2818835,-5.020474946057354
1714079200.2819963,-5.082351631588406
1714079200.2821093,-5.137223226052743
1714079200.282222,-5.18158718391701
1714079200.282335,-5.22828631930881
1714079200.2824478,-5.267980805149785
1714079200.2825608,-5.298335463912398
1714079200.2826738,-5.328689681159125
1714079200.2827866,-5.352039248855025
1714079200.2828996,-5.3707189030117455
1714079200.2830124,-5.387063821156819
1714079200.2831254,-5.394068912223533
1714079200.2832382,-5.397571016241002
1714079200.2833512,-5.397571016241002
1714079200.283464,-5.3917337346959995
1714079200.283577,-5.382393907617639
1714079200.28369,-5.371886712533456
1714079200.2838027,-5.357876971915916
1714079200.2839158,-5.3438672312983755
1714079200.2840285,-5.324019767619945
1714079200.2841415,-5.305340113463225
1714079200.2842543,-5.286660459306504
1714079200.2843673,-5.265646069138138
1714079200.28448,-5.239961323914704
1714079200.284593,-5.21427657869127
1714079200.284706,-5.1839223614445435
1714079200.284819,-5.153567702681929
1714079200.284932,-5.123213485435203
1714079200.2850447,-5.089356281139232
1714079200.2851577,-5.057834254370795
1714079200.2852705,-5.028647405129892
1714079200.2853835,-4.999460555888988
1714079200.2854962,-4.973775810665554
1714079200.2856092,-4.945756329430474
1714079200.285722,-4.91540167066786
1714079200.285835,-4.889717366960313
1714079200.285948,-4.857027972186053
1714079200.2860608,-4.823170767890082
1714079200.2861738,-4.790481373115822
1714079200.2862866,-4.757791978341562
1714079200.2863996,-4.726269951573125
1714079200.2865124,-4.697083102332221
1714079200.2866254,-4.670230989102964
1714079200.2867382,-4.6468814214070635
1714079200.2868512,-4.62236448570534
1714079200.2869642,-4.600182286015263
1714079200.287077,-4.570994995258472
1714079200.28719,-4.546478059556748
1714079200.2873027,-4.5137886647824885
1714079200.2874157,-4.4822666380140515
1714079200.2875285,-4.451911979251437
1714079200.2876415,-4.418055216471354
1714079200.2877543,-4.394705648775454
1714079200.2878673,-4.3701887130737305
1714079200.2879803,-4.34683914537783
1714079200.288093,-4.3269916816994
1714079200.288206,-4.302474745997676
1714079200.2883189,-4.275622632768418
1714079200.288432,-4.249937887544985
1714079200.2885447,-4.217248492770724
1714079200.2886577,-4.184559097996464
1714079200.2887704,-4.151869703222204
1714079200.2888834,-4.116845572436297
1714079200.2889962,-4.087658281679507
1714079200.2891092,-4.0561362549110695
1714079200.2892222,-4.025782037664342
1714079200.289335,-3.9989299244350853
1714079200.289448,-3.962737984127468
1714079200.2895608,-3.9253786758140277
1714079200.2896738,-3.886851557978877
1714079200.2897866,-3.83781768657543
1714079200.2898996,-3.79111855118363
1714079200.2900124,-3.7420842382642956
1714079200.2901254,-3.6883800118057812
1714079200.2902384,-3.6358435948689776
1714079200.2903512,-3.5844743251800533
1714079200.2904642,-3.530770319479483
1714079200.290577,-3.474731136251379
1714079200.29069,-3.4140222602420383
1714079200.2908027,-3.349810838699341
1714079200.2909157,-3.285599417156643
1714079200.2910285,-3.2085458437601724
1714079200.2911415,-3.1303246815999346
1714079200.2912545,-3.05093593067593
1714079200.2913673,-2.9633749414373325
1714079200.2914803,-2.875813952198735
1714079200.291593,-2.788252962960137
1714079200.291706,-2.6948544714185925
1714079200.2918189,-2.6002886118712247
1714079200.2919319,-2.508057709093447
1714079200.2920446,-2.4041518017097756
1714079200.2921576,-2.2990787470782243
1714079200.2922704,-2.190502926155373
1714079200.2923834,-2.072587498912105
1714079200.2924964,-1.9546720716688366
1714079200.2926092,-1.8285841853530318
1714079200.2927222,-1.7013288206524317
1714079200.292835,-1.5717384991822418
1714079200.292948,-1.439813220942462
1714079200.2930608,-1.3032180291635018
1714079200.2931738,-1.1689577941541318
1714079200.2932866,-1.0276926888359916
1714079200.2933996,-0.8829251483634666
1714079200.2935126,-0.7381576078909414
1714079200.2936254,-0.5840502403400563
1714079200.2937384,-0.42760786083009505
1714079200.2938511,-0.2699980305300818
1714079200.2939641,-0.10538332992129855
1714079200.294077,0.055739842355251305
1714079200.29419,0.2215544658678549
1714079200.2943027,0.38970452215936446
1714079200.2944157,0.5531836990956907
1714079200.2945287,0.7166629036267598
1714079200.2946415,0.8813098624900535
1714079200.2947545,1.0436213678783839
1714079200.2948673,1.210603669837669
1714079200.2949803,1.3810891796041418
1714079200.295093,1.5539099772771199
1714079200.295206,1.7208923896153767
1714079200.2953188,1.8937132976673265
1714079200.2954319,2.065366285818594
1714079200.2955449,2.2276779015858965
1714079200.2956576,2.393492504402443
1714079200.2957706,2.5511331028408475
1714079200.2958834,2.7076061125154847
1714079200.2959964,2.858240516097457
1714079200.2961092,3.0100427292011402
1714079200.2962222,3.159509323261402
1714079200.296335,3.3066407397941306
1714079200.296448,3.45844273213987
1714079200.2965608,3.6009031313437
1714079200.2966738,3.7386929547345193
1714079200.2967868,3.8694761417530197
1714079200.2968996,3.9979241512439865
1714079200.2970126,4.114694948549624
1714079200.2971253,4.229130568327727
1714079200.2972383,4.3318889759205
1714079200.2973511,4.432311764469853
1714079200.2974641,4.530399375491672
1714079200.297577,4.621480570899116
1714079200.29769,4.71489738534998
1714079200.297803,4.800139974664758
1714079200.2979157,4.880711767408583
1714079200.2980287,4.957780573103163
1714079200.2981415,5.0231721666124125
1714079200.2982545,5.08622858259413
1714079200.2983673,5.139943405433937
1714079200.2984803,5.186651371143482
1714079200.298593,5.231024600841381
1714079200.298706,5.270726592452437
1714079200.298819,5.30458997797083
1714079200.2989318,5.338453805005108
1714079200.2990448,5.367646393952546
1714079200.2991576,5.3921681863290285
1714079200.2992706,5.413186991656268
1714079200.2993834,5.427199381369131
1714079200.2994964,5.435373606505217
1714079200.2996092,5.440044403076172
1714079200.2997222,5.442379580603705
1714079200.299835,5.438876593554461
1714079200.299948,5.431870177940086
1714079200.300061,5.422528584798177
1714079200.3001738,5.410851814128734
1714079200.3002868,5.396838982899983
1714079200.3003995,5.38399440270883
1714079200.3005126,5.3688142034742565
1714079200.3006253,5.350130575674551
1714079200.3007383,5.331447389390733
1714079200.300851,5.311596393585205
1714079200.300964,5.2870746012087215
1714079200.3010771,5.264887986359772
1714079200.30119,5.24036619398329
1714079200.301303,5.212340973041675
1714079200.3014157,5.183148384094238
1714079200.3015287,5.158626591717755
1714079200.3016415,5.131769180297852
1714079200.3017545,5.107247387921368
1714079200.3018672,5.079222166979754
1714079200.3019803,5.052365197075738
1714079200.3020933,5.029010772705078
1714079200.302206,5.004488980328595
1714079200.302319,4.975296391381158
1714079200.3024318,4.951941967010498
1714079200.3025448,4.919246391013816
1714079200.3026576,4.887718183022958
1714079200.3027706,4.859692962081343
1714079200.3028834,4.828165195606372
1714079200.3029964,4.802475593708179
1714079200.3031094,4.775618182288276
1714079200.3032222,4.752263757917616
1714079200.3033352,4.7265741560194225
1714079200.303448,4.70205236364294
1714079200.303561,4.678698380788167
1714079200.3036737,4.649505791840729
1714079200.3037868,4.621480570899116
1714079200.3038995,4.5899523629082575
1714079200.3040125,4.56192758348253
1714079200.3041253,4.530399375491672
1714079200.3042383,4.501206786544234
1714079200.3043513,4.474349375124331
1714079200.304464,4.446324154182716
1714079200.304577,4.418299374756989
1714079200.30469,4.392609772858796
1714079200.304803,4.362249374389648
1714079200.3049157,4.32955335687708
1714079200.3050287,4.292186542793556
1714079200.3051414,4.2524845511825
1714079200.3052545,4.213950369093153
1714079200.3053675,4.173080567960386
1714079200.3054802,4.131042957305908
1714079200.3055933,4.091340965694851
1714079200.305706,4.049303355040373
1714079200.305819,4.006097934864186
1714079200.3059318,3.964060765725595
1714079200.3060448,3.916184548978452
1714079200.3061576,3.865973154703776
1714079200.3062706,3.8134261413856785
1714079200.3063836,3.756208331496627
1714079200.3064964,3.690816737987377
1714079200.3066094,3.630095941049081
1714079200.3067222,3.564704347539831
1714079200.3068352,3.49814494450887
1714079200.306948,3.430417731956199
1714079200.307061,3.359187532354284
1714079200.3071737,3.287957332752369
1714079200.3072867,3.213223925343266
1714079200.3073995,3.126813526506777
1714079200.3075125,3.040403127670288
1714079200.3076255,2.9504895210266113
1714079200.3077383,2.8524019100047924
1714079200.3078513,2.7519791214554394
1714079200.307964,2.6480529043409557
1714079200.308077,2.540623700177228
1714079200.3081899,2.4331947167714434
1714079200.3083029,2.324597703086005
1714079200.3084157,2.208994494544135
1714079200.3085287,2.092223697238498
1714079200.3086417,1.9731175016473839
1714079200.3087544,1.844669492156417
1714079200.3088675,1.7127183852372345
1714079200.3089802,1.577264180889836
1714079200.3090932,1.4359714808287443
1714079200.309206,1.2935109712459423
1714079200.309319,1.1487150633776628
1714079200.3094318,1.0004161684601394
1714079200.3095448,0.8521171079741583
1714079200.3096578,0.6991473061067086
1714079200.3097706,0.5461774490497731
1714079200.3098836,0.3908722213021031
1714079200.3099964,0.23089614179399276
1714079200.3101094,0.06741693036423789
1714079200.3102221,-0.09721096743036199
1714079200.3103352,-0.2653281169909018
1714079200.310448,-0.4334452803488131
1714079200.310561,-0.6085672864207514
1714079200.310674,-0.7801868849330478
1714079200.3107867,-0.9541414402149341
1714079200.3108997,-1.1257610939167164
1714079200.3110125,-1.2927107237003468
1714079200.3111255,-1.461995310253567
1714079200.3112383,-1.6324474855705542
1714079200.3113513,-1.7982296369693895
1714079200.311464,-1.9710167690559668
1714079200.311577,-2.141468833993982
1714079200.3116899,-2.3119208989319975
1714079200.3118029,-2.4835405526337797
1714079200.3119159,-2.648155336026792
1714079200.3120286,-2.8139374874256275
1714079200.3121417,-2.971547179751926
1714079200.3122544,-3.125654547302811
1714079200.3123674,-3.27509222207246
1714079200.3124802,-3.421027130550808
1714079200.3125932,-3.561124757484153
1714079200.312706,-3.696552470878318
1714079200.312819,-3.8319804050304267
1714079200.312932,-3.961570616121645
1714079200.3130448,-4.0888256496853295
1714079200.3131578,-4.209076475214075
1714079200.3132706,-4.323489136166042
1714079200.3133836,-4.432064957088894
1714079200.3134964,-4.532468318939209
1714079200.3136094,-4.628201767250343
1714079200.3137221,-4.714595388483118
1714079200.3138351,-4.796318654660825
1714079200.3139482,-4.87337244881524
1714079200.314061,-4.942253783897117
1714079200.314174,-5.009967750973171
1714079200.3142867,-5.069509258976689
1714079200.3143997,-5.124380853441026
1714079200.3145125,-5.175749902372007
1714079200.3146255,-5.216611756218804
1714079200.3147383,-5.256306242059778
1714079200.3148513,-5.286660459306504
1714079200.314964,-5.313512572535762
1714079200.315077,-5.336862140231662
1714079200.31519,-5.352039248855025
1714079200.3153028,-5.361379075933385
1714079200.3154159,-5.3707189030117455
1714079200.3155286,-5.375388816550926
1714079200.3156416,-5.381226539611816
1714079200.3157544,-5.377723994078459
1714079200.3158674,-5.375388816550926
1714079200.3159802,-5.369551535005923
1714079200.3160932,-5.361379075933385
1714079200.3162062,-5.346201967310022
1714079200.316319,-5.331024858686659
1714079200.316432,-5.311177836524116
1714079200.3165448,-5.290163004839862
1714079200.3166578,-5.2644782596164275
1714079200.3167706,-5.234124042369701
1714079200.3168836,-5.204936751612911
1714079200.3169963,-5.17691727037783
1714079200.3171093,-5.150065157148573
1714079200.3172224,-5.122045675913492
1714079200.3173351,-5.092858826672589
1714079200.3174481,-5.063671977431685
1714079200.317561,-5.032149950663248
1714079200.317674,-5.001795291900635
1714079200.3177867,-4.969105897126374
1714079200.3178997,-4.9340813248245805
1714079200.3180125,-4.899057194038673
1714079200.3181255,-4.867535167270236
1714079200.3182385,-4.833678404490152
1714079200.3183513,-4.805658481739185
1714079200.3184643,-4.777639000504105
1714079200.318577,-4.754289432808204
1714079200.31869,-4.728605129100658
1714079200.3188028,-4.701753015871401
1714079200.3189158,-4.676068270647967
1714079200.3190286,-4.6468814214070635
1714079200.3191416,-4.614192026632804
1714079200.3192544,-4.585004735876012
1714079200.3193674,-4.553483150623462
1714079200.3194804,-4.527798405400029
1714079200.3195932,-4.499778924164948
1714079200.3197062,-4.4764293564690485
1714079200.319819,-4.4554145247847945
1714079200.319932,-4.4344001346164275
1714079200.3200448,-4.4133853029321735
1714079200.3201578,-4.3865331897029165
1714079200.3202705,-4.3596810764736595
1714079200.3203835,-4.329326859226933
1714079200.3204966,-4.297804832458496
1714079200.3206093,-4.268617983217593
1714079200.3207223,-4.234760778921622
1714079200.320835,-4.2102438432198985
1714079200.3209481,-4.183391729990641
1714079200.321061,-4.156539616761384
1714079200.321174,-4.13202268105966
1714079200.3212867,-4.100500654291223
1714079200.3213997,-4.070145995528609
1714079200.3215127,-4.033954055220992
1714079200.3216255,-3.9930926428900824
1714079200.3217385,-3.954565525054931
1714079200.3218513,-3.9090337576689542
1714079200.3219643,-3.8670045358163336
1714079200.322077,-3.824975313963713
1714079200.32219,-3.7817787241052696
1714079200.3223028,-3.7409168702584723
1714079200.3224158,-3.694217514108728
1714079200.3225286,-3.647518378716928
1714079200.3226416,-3.5938141522584135
1714079200.3227546,-3.535440233018663
1714079200.3228674,-3.4735637682455556
1714079200.3229804,-3.404682433163678
1714079200.3230932,-3.3381360548513905
1714079200.3232062,-3.264584806230333
1714079200.323319,-3.1898659688455084
1714079200.323432,-3.1174823089882175
1714079200.3235447,-3.0380935580642134
1714079200.3236578,-2.9610399846677424
1714079200.3237708,-2.879316276974148
1714079200.3238835,-2.7917552877355503
1714079200.3239965,-2.6995243849577726
1714079200.3241093,-2.603790936646638
1714079200.3242223,-2.503387795554267
1714079200.324335,-2.3971469314010054
1714079200.324448,-2.289738919999864
1714079200.3245609,-2.177660774301599
1714079200.324674,-2.0585777582945646
1714079200.324787,-1.9441646558267098
1714079200.3248997,-1.8215792046652899
1714079200.3250127,-1.6989938638828417
1714079200.3251255,-1.5717384991822418
1714079200.3252385,-1.4374782641728718
1714079200.3253512,-1.3020505507787068
1714079200.3254642,-1.1572830103061817
1714079200.325577,-1.0113479914488614
1714079200.32569,-0.8560730903236954
1714079200.3258028,-0.7031332011576051
1714079200.3259158,-0.5466908768371299
1714079200.3260288,-0.3879135405575787
1714079200.3261416,-0.23147118864236052
1714079200.3262546,-0.07152640847144304
1714079200.3263674,0.08960339344210094
1714079200.3264804,0.24724406776604826
1714079200.3265932,0.41305867058259466
1714079200.3267062,0.5765379027084068
1714079200.326819,0.745855658142655
1714079200.326932,0.9198442101478576
1714079200.327045,1.0891619655821059
1714079200.3271577,1.2654859710622717
1714079200.3272707,1.4359714808287443
1714079200.3273835,1.6076245793589838
1714079200.3274965,1.7734391821755302
1714079200.3276093,1.9392538953710483
1714079200.3277223,2.101565290380407
1714079200.327835,2.262709096625999
1714079200.327948,2.426188301157068
1714079200.328061,2.5861645186388933
1714079200.3281739,2.754314519740917
1714079200.328287,2.9142905164647983
1714079200.3283997,3.0754343227103904
1714079200.3285127,3.2307395228633173
1714079200.3286254,3.380206337681523
1714079200.3287385,3.5226667368853533
1714079200.3288512,3.656953352468985
1714079200.3289642,3.790072158530906
1714079200.3290772,3.918520168021873
1714079200.32919,4.041129571420175
1714079200.329303,4.162571165296766
1714079200.3294158,4.277006343558982
1714079200.3295288,4.392609772858796
1714079200.3296416,4.4988711675008135
1714079200.3297546,4.602797384615298
1714079200.3298674,4.698549376593696
1714079200.3299804,4.784959775430185
1714079200.3300931,4.864363758652298
1714079200.3302062,4.93442659024839
1714079200.3303192,5.003321170806885
1714079200.330432,5.0640419677451805
1714079200.330545,5.124763206199363
1714079200.3306577,5.177309778001573
1714079200.3307707,5.22752117227625
1714079200.3308835,5.271894401974148
1714079200.3309965,5.312764203106915
1714079200.3311093,5.350130575674551
1714079200.3312223,5.374652809566921
1714079200.3313353,5.399174601943404
1714079200.331448,5.417857788227222
1714079200.331561,5.431870177940086
1714079200.3316739,5.438876593554461
1714079200.3317869,5.444715199647126
1714079200.3318996,5.450553805739791
1714079200.3320127,5.4470503771746595
1714079200.3321254,5.445883009168837
1714079200.3322384,5.441212212597882
1714079200.3323514,5.4330379874617964
1714079200.3324642,5.424864203841597
1714079200.3325772,5.408516195085313
1714079200.33269,5.393335995850739
1714079200.332803,5.376987987094455
1714079200.3329158,5.355969181767216
1714079200.3330288,5.336118185961688
1714079200.3331416,5.311596393585205
1714079200.3332546,5.2870746012087215
1714079200.3333673,5.261384999310528
1714079200.3334804,5.234527587890625
1714079200.3335934,5.212340973041675
1714079200.3337061,5.187819180665192
1714079200.3338192,5.16329738828871
1714079200.333932,5.135272167347095
1714079200.334045,5.1095825654489015
1714079200.3341577,5.081557786023175
1714079200.3342707,5.051197387554027
1714079200.3343835,5.020836989084879
1714079200.3344965,4.990476590615732
1714079200.3346095,4.957780573103163
1714079200.3347223,4.932090971204969
1714079200.3348353,4.900562763214111
1714079200.334948,4.876040970837628
1714079200.335061,4.850351368939434
1714079200.3351738,4.824661767041241
1714079200.3352869,4.798972165143048
1714079200.3353996,4.770947385717321
1714079200.3355126,4.742922164775707
1714079200.3356256,4.71489738534998
1714079200.3357384,4.686872164408365
1714079200.3358514,4.657679575460929
1714079200.3359642,4.62498355794836
1714079200.3360772,4.605132562142831
1714079200.33619,4.574772163673683
1714079200.336303,4.5537533583464445
1714079200.3364158,4.526896388442427
1714079200.3365288,4.500038977022524
1714079200.3366418,4.474349375124331
1714079200.3367546,4.442821167133472
1714079200.3368676,4.410125149620904
1714079200.3369803,4.375093954580802
1714079200.3370934,4.341230569062409
1714079200.3372061,4.303863754978886
1714079200.3373191,4.268832559938784
1714079200.337432,4.230298377849437
1714079200.337545,4.198770169858579
1714079200.3376577,4.163738974818477
1714079200.3377707,4.124036541691533
1714079200.3378837,4.086670169123897
1714079200.3379965,4.0387939523767535
1714079200.3381095,3.993253354673032
1714079200.3382223,3.9395385318332248
1714079200.3383353,3.884656340987594
1714079200.338448,3.8309419596636736
1714079200.338561,3.7713885307312007
1714079200.3386738,3.7153385303638595
1714079200.3387868,3.6592887507544622
1714079200.3388999,3.597400144294456
1714079200.3390126,3.53551153783445
1714079200.3391256,3.4654489269963014
1714079200.3392384,3.3965541256798635
1714079200.3393514,3.320653129506994
1714079200.3394642,3.2389135272414595
1714079200.3395772,3.156006336212158
1714079200.33969,3.0684281278539585
1714079200.339803,2.9820177290174694
1714079200.339916,2.888600914566605
1714079200.3400288,2.796351909637451
1714079200.3401418,2.7005999176590527
1714079200.3402545,2.5978415100662793
1714079200.3403676,2.4962509119952165
1714079200.3404803,2.386486309546011
1714079200.3405933,2.2743863088113287
1714079200.340706,2.152944494176794
1714079200.3408191,2.030335090778492
1714079200.340932,1.9030548908092357
1714079200.341045,1.7722714830327917
1714079200.341158,1.6391527873498422
1714079200.3412707,1.502530883859705
1714079200.3413837,1.3624057725623802
1714079200.3414965,1.2246161699295044
1714079200.3416095,1.0786525629184864
1714079200.3417222,0.9315213671437016
1714079200.3418353,0.7820546075149818
1714079200.341948,0.6255816530298304
1714079200.342061,0.4714440968301561
1714079200.342174,0.30562949401360967
1714079200.3422868,0.13981486360232034
1714079200.3423998,-0.024827197194099426
1714079200.3425126,-0.19411182513943423
1714079200.3426256,-0.35989403172775547
1714079200.3427384,-0.5291786458757188
1714079200.3428514,-0.6961283308488351
1714079200.3429642,-0.8665804509763364
1714079200.3430772,-1.0370325159143519
1714079200.3431902,-1.208652169616134
1714079200.343303,-1.3849416264781245
1714079200.343416,-1.5542263234103166
1714079200.3435287,-1.7281808235027172
1714079200.3436418,-1.9021354339740892
1714079200.3437545,-2.0737550876758717
1714079200.3438675,-2.241872195844297
1714079200.3439803,-2.406486758479365
1714079200.3440933,-2.5675992170969644
1714079200.3442063,-2.7263764981870295
1714079200.344319,-2.881651233743738
1714079200.344432,-3.0334236445250333
1714079200.344545,-3.1828610985367383
1714079200.344658,-3.3346335093180337
1714079200.3447707,-3.4782336817847357
1714079200.3448837,-3.6230012222572605
1714079200.3449965,-3.7595965244151923
1714079200.3451095,-3.8903541035122338
1714079200.3452222,-4.016442210585982
1714079200.3453352,-4.135525226593018
1714079200.3454483,-4.251105697066695
1714079200.345561,-4.355011162934479
1714079200.345674,-4.457749702312328
1714079200.3457868,-4.558153064162642
1714079200.3458998,-4.648048789412886
1714079200.3460126,-4.739112324184841
1714079200.3461256,-4.820836031878436
1714079200.3462384,-4.90139193005032
1714079200.3463514,-4.969105897126374
1714079200.3464644,-5.034484686674895
1714079200.3465772,-5.0940261946784124
1714079200.3466902,-5.14422787560357
1714079200.346803,-5.188592274983724
1714079200.346916,-5.230621496836344
1714079200.3470287,-5.259808346077247
1714079200.3471417,-5.288995636834038
1714079200.3472545,-5.314679940541585
1714079200.3473675,-5.335694772225839
1714079200.3474805,-5.349704512843379
1714079200.3475933,-5.360211707927562
1714079200.3477063,-5.369551535005923
1714079200.347819,-5.373054080539279
1714079200.347932,-5.373054080539279
1714079200.3480449,-5.368384167000099
1714079200.348158,-5.360211707927562
1714079200.3482707,-5.352039248855025
1714079200.3483837,-5.3333595946983055
1714079200.3484964,-5.318182486074941
1714079200.3486094,-5.298335463912398
1714079200.3487225,-5.277320632228145
1714079200.3488352,-5.2586409780714245
1714079200.3489482,-5.235291410375524
1714079200.349061,-5.215444388212981
1714079200.349174,-5.193262188522904
1714079200.3492868,-5.165242707287823
1714079200.3493998,-5.13955796206439
1714079200.3495126,-5.110371112823486
1714079200.3496256,-5.080016454060872
1714079200.3497386,-5.0461596912807885
1714079200.3498514,-5.014637664512351
1714079200.3499644,-4.980780901732268
1714079200.3500772,-4.9504262429696535
1714079200.3501902,-4.922406761734574
1714079200.350303,-4.895554648505317
1714079200.350416,-4.867535167270236
1714079200.3505287,-4.843018231568513
1714079200.3506417,-4.812663572805898
1714079200.3507547,-4.783476723564996
1714079200.3508675,-4.750787328790735
1714079200.3509805,-4.716930124494764
1714079200.3510933,-4.6842407297205035
1714079200.3512063,-4.65388607095789
1714079200.351319,-4.624699221716987
1714079200.351432,-4.600182286015263
1714079200.3515449,-4.575664908797652
1714079200.3516579,-4.551147973095929
1714079200.3517706,-4.528965773405852
1714079200.3518836,-4.505616205709952
1714079200.3519967,-4.478764092480694
1714079200.3521094,-4.449577243239791
1714079200.3522224,-4.419222584477177
1714079200.3523352,-4.38770055770874
1714079200.3524482,-4.358513708467837
1714079200.352561,-4.329326859226933
1714079200.352674,-4.307144659536856
1714079200.3527868,-4.283795091840956
1714079200.3528998,-4.260445524145055
1714079200.3530128,-4.2370959564491555
1714079200.3531256,-4.211411211225721
1714079200.3532386,-4.183391729990641
1714079200.3533514,-4.151869703222204
1714079200.3534644,-4.114510394908764
1714079200.3535771,-4.079485822606969
1714079200.3536901,-4.04329432381524
1714079200.353803,-4.0082697515134456
1714079200.353916,-3.974412988733362
1714079200.354029,-3.939388416431568
1714079200.3541417,-3.904363844129774
1714079200.3542547,-3.8670045358163336
1714079200.3543675,-3.8273100499753596
1714079200.3544805,-3.782946092111093
1714079200.3545933,-3.7327444111859354
1714079200.3547063,-3.680207773491188
1714079200.354819,-3.6218338542514377
1714079200.354932,-3.56462730301751
1714079200.355045,-3.5050857950139926
1714079200.3551579,-3.4443766982467086
1714079200.3552709,-3.381332865467778
1714079200.3553836,-3.3182888119309033
1714079200.3554966,-3.2529100223823826
1714079200.3556094,-3.1851960553063283
1714079200.3557224,-3.109309849915681
1714079200.3558352,-3.0310886877554433
1714079200.3559482,-2.9435276985168457
1714079200.356061,-2.8559667092782477
1714079200.356174,-2.7625682177367032
1714079200.356287,-2.6691699469531023
1714079200.3563998,-2.5722691306361445
1714079200.3565128,-2.473033136791653
1714079200.3566256,-2.3714624069355152
1714079200.3567386,-2.2675567203097873
1714079200.3568513,-2.1601484881507025
1714079200.3569643,-2.0457353856828475
1714079200.3570771,-1.9301549152091697
1714079200.3571901,-1.8099044208173398
1714079200.3573031,-1.6849840128863298
1714079200.357416,-1.5460539747167517
1714079200.357529,-1.4141286964769715
1714079200.3576417,-1.2751985479284216
1714079200.3577547,-1.1374358777646665
1714079200.3578675,-0.9950032940617314
1714079200.3579805,-0.8479007416301303
1714079200.3580933,-0.7007982443880152
1714079200.3582063,-0.550193311991515
1714079200.3583193,-0.3984208736154768
1714079200.358432,-0.2443134784698486
1714079200.358545,-0.08086624934717461
1714079200.3586578,0.08376484943760765
1714079200.3587708,0.25308259107448433
1714079200.3588836,0.42240034650873254
1714079200.3589966,0.5952212545606824
1714079200.3591094,0.7657067091376693
1714079200.3592224,0.9350244645719175
1714079200.3593352,1.103174465673941
1714079200.3594482,1.2701567676332262
1714079200.3595612,1.4383068791142215
1714079200.359674,1.606456880216245
1714079200.359787,1.7746069916972407
1714079200.3598998,1.9485954885129575
1714079200.3600128,2.1179132991366916
1714079200.3601255,2.288398698524192
1714079200.3602386,2.455381110862449
1714079200.3603513,2.6200279041572854
1714079200.3604643,2.781171710402877
1714079200.3605773,2.935309321792037
1714079200.36069,3.0859437253740096
1714079200.3608031,3.2307395228633173
1714079200.360916,3.373200142825091
1714079200.361029,3.5133251437434443
1714079200.3611417,3.65111474637632
1714079200.3612547,3.787736539487485
1714079200.3613675,3.9208553455494064
1714079200.3614805,4.050471164562084
1714079200.3615935,4.173080567960386
1714079200.3617063,4.287515746222602
1714079200.3618193,4.397280569429751
1714079200.361932,4.496535548457393
1714079200.362045,4.5946231594792115
1714079200.3621578,4.681033558315701
1714079200.3622708,4.76744395715219
1714079200.3623836,4.84568057236848
1714079200.3624966,4.925084997106481
1714079200.3626096,4.99865037423593
1714079200.3627224,5.071048383359556
1714079200.3628354,5.134104799341272
1714079200.3629482,5.190154799708614
1714079200.3630612,5.239198384461579
1714079200.363174,5.284738982165301
1714079200.363287,5.319770177205403
1714079200.3633997,5.348963207668728
1714079200.3635128,5.375820177572744
1714079200.3636255,5.400342411465115
1714079200.3637385,5.420193407270643
1714079200.3638515,5.435373606505217
1714079200.3639643,5.44821818669637
1714079200.3640773,5.454056792789035
1714079200.36419,5.455224602310746
1714079200.364303,5.4598953988817
1714079200.364416,5.452888983267324
1714079200.364529,5.444715199647126
1714079200.3646417,5.4330379874617964
1714079200.3647547,5.421360775276466
1714079200.3648677,5.4050132080360695
1714079200.3649805,5.391000376807319
1714079200.3650935,5.369982012995967
1714079200.3652062,5.354801813761393
1714079200.3653193,5.333783008434154
1714079200.365432,5.312764203106915
1714079200.365545,5.292913207301387
1714079200.3656578,5.267223605403194
1714079200.3657708,5.2462048000759545
1714079200.3658838,5.21934738865605
1714079200.3659966,5.195993405801278
1714079200.3661096,5.169135994381374
1714079200.3662224,5.138775595912227
1714079200.3663354,5.1095825654489015
1714079200.3664482,5.076886989452221
1714079200.3665612,5.051197387554027
1714079200.366674,5.02200479860659
1714079200.366787,4.996315196708396
1714079200.3668997,4.970625594810203
1714079200.3670127,4.943768183390299
1714079200.3671257,4.9180785814921055
1714079200.3672385,4.887718183022958
1714079200.3673515,4.859692962081343
1714079200.3674643,4.8316681826556165
1714079200.3675773,4.798972165143048
1714079200.36769,4.7686117666739
1714079200.367803,4.739419177726463
1714079200.3679159,4.712561766306559
1714079200.3680289,4.688039973930076
1714079200.368142,4.662350372031883
1714079200.3682547,4.63899638917711
1714079200.3683677,4.613306787278916
1714079200.3684804,4.5852815663373026
1714079200.3685935,4.557256786911576
1714079200.3687062,4.525728578920718
1714079200.3688192,4.490697383880615
1714079200.368932,4.461504353417291
1714079200.369045,4.428808777420609
1714079200.369158,4.398448378951461
1714079200.3692708,4.369255348488136
1714079200.3693838,4.338894950018989
1714079200.3694966,4.3073667420281305
1714079200.3696096,4.277006343558982
1714079200.3697224,4.240807780513057
1714079200.3698354,4.201105347386113
1714079200.3699481,4.162571165296766
1714079200.3700612,4.115862758071334
1714079200.3701742,4.0703221603676125
1714079200.370287,4.0247815626638905
1714079200.3704,3.9780731554384583
1714079200.3705127,3.9325325577347363
1714079200.3706257,3.883488531465883
1714079200.3707385,3.833277137191207
1714079200.3708515,3.7830657429165306
1714079200.3709643,3.725847933027479
1714079200.3710773,3.6651271360891835
1714079200.37119,3.5997355425799333
1714079200.371303,3.528505342978018
1714079200.371416,3.457275143376103
1714079200.3715289,3.383709324730767
1714079200.3716419,3.30547293027242
1714079200.3717546,3.2307395228633173
1714079200.3718677,3.147832331834016
1714079200.3719804,3.0660927295684814
1714079200.3720934,2.9785145212102817
1714079200.3722062,2.887433325802838
1714079200.3723192,2.7905135243027295
1714079200.3724322,2.687755116709956
1714079200.372545,2.5814935013099953
1714079200.372658,2.4728967083825
1714079200.3727708,2.3584613093623408
1714079200.3728838,2.240522702534993
1714079200.3729966,2.1214165069438793
1714079200.3731096,1.9964714845021565
1714079200.3732224,1.875029890625565
1714079200.3733354,1.7465818811345983
1714079200.3734484,1.6146308845943873
1714079200.3735611,1.4791766802469888
1714079200.3736742,1.3378838698069253
1714079200.373787,1.1919203731748793
1714079200.3739,1.0412859695929066
1714079200.3740127,0.8894838116787097
1714079200.3741257,0.7330108571935583
1714079200.3742385,0.5753702035656681
1714079200.3743515,0.4165617956055535
1714079200.3744643,0.25425031781196594
1714079200.3745773,0.09427422450648414
1714079200.3746903,-0.07269388685623804
1714079200.374803,-0.23964356493066857
1714079200.374916,-0.40542574392424685
1714079200.3750288,-0.5793803268008761
1714079200.3751419,-0.7498323917388916
1714079200.3752546,-0.9284569157494439
1714079200.3753676,-1.1070813293810242
1714079200.3754804,-1.2822034182371915
1714079200.3755934,-1.4584928750991821
1714079200.3757064,-1.6301125288009644
1714079200.3758192,-1.8017320721237746
1714079200.3759322,-1.9733517258255568
1714079200.376045,-2.141468833993982
1714079200.376158,-2.3095859421624074
1714079200.3762708,-2.473033136791653
1714079200.3763838,-2.638815508948432
1714079200.3764966,-2.7987601580443204
1714079200.3766096,-2.966877266212746
1714079200.3767226,-3.1198172657578076
1714079200.3768353,-3.27742717884205
1714079200.3769484,-3.424529676084165
1714079200.3770611,-3.56929721655669
1714079200.3771741,-3.702389973181265
1714079200.377287,-3.83314777303625
1714079200.3774,-3.961570616121645
1714079200.3775127,-4.081821000134503
1714079200.3776257,-4.198568838614005
1714079200.3777387,-4.3118145730760356
1714079200.3778515,-4.420390393998887
1714079200.3779645,-4.524295859866672
1714079200.3780773,-4.6258665897228095
1714079200.3781903,-4.711092842949761
1714079200.378303,-4.796318654660825
1714079200.378416,-4.874539816821063
1714079200.3785288,-4.942253783897117
1714079200.3786418,-5.007632573445638
1714079200.3787546,-5.066006713443332
1714079200.3788676,-5.117375762374312
1714079200.3789806,-5.16874525282118
1714079200.3790934,-5.2107744746738005
1714079200.3792064,-5.251636328520598
1714079200.3793192,-5.284325723294859
1714079200.3794322,-5.314679940541585
1714079200.379545,-5.340364685765019
1714079200.379658,-5.360211707927562
1714079200.3797708,-5.3707189030117455
1714079200.3798838,-5.383561275623462
1714079200.3799968,-5.384729085145173
1714079200.3801095,-5.384729085145173
1714079200.3802226,-5.384729085145173
1714079200.3803353,-5.376556626072636
1714079200.3804483,-5.367216798994276
1714079200.380561,-5.356709162394205
1714079200.3806741,-5.341532053770842
1714079200.380787,-5.328689681159125
1714079200.3809,-5.310010027002405
1714079200.381013,-5.290163004839862
1714079200.3811257,-5.271483350683141
1714079200.3812387,-5.243463869448061
1714079200.3813515,-5.21894649223045
1714079200.3814645,-5.1897596429895465
1714079200.3815773,-5.154735070687753
1714079200.3816903,-5.1255482214468495
1714079200.381803,-5.091691458666766
1714079200.381916,-5.062504167909975
1714079200.3820288,-5.034484686674895
1714079200.3821418,-5.005297837433991
1714079200.3822548,-4.976110988193088
1714079200.3823676,-4.949258874963831
1714079200.3824806,-4.917736848195394
1714079200.3825934,-4.885047453421133
1714079200.3827064,-4.853525426652696
1714079200.3828192,-4.818500854350902
1714079200.3829322,-4.7858114595766414
1714079200.383045,-4.7589593463473845
1714079200.383158,-4.723935215561478
1714079200.383271,-4.699417838343868
1714079200.3833838,-4.677236080169678
1714079200.3834968,-4.651551334946244
1714079200.3836095,-4.628201767250343
1714079200.3837225,-4.601349654021086
1714079200.3838353,-4.575664908797652
1714079200.3839483,-4.542975514023392
1714079200.384061,-4.5137886647824885
1714079200.384174,-4.484601815541585
1714079200.384287,-4.454247156778971
1714079200.3844,-4.4285624115555375
1714079200.384513,-4.404045475853814
1714079200.3846257,-4.38303064416956
1714079200.3847387,-4.362016254001193
1714079200.3848515,-4.336331508777759
1714079200.3849645,-4.312981941081859
1714079200.3850772,-4.282627723835132
1714079200.3851902,-4.252273065072519
1714079200.385303,-4.220751038304082
1714079200.385416,-4.186894275523998
1714079200.385529,-4.151869703222204
1714079200.3856418,-4.1226828539813
1714079200.3857548,-4.091160827212863
1714079200.3858676,-4.063141345977783
1714079200.3859806,-4.032786687215169
1714079200.3860934,-3.9989299244350853
1714079200.3862064,-3.9650727201391147
1714079200.3863192,-3.9253786758140277
1714079200.3864322,-3.881014276433874
1714079200.3865452,-3.8389850545812534
1714079200.386658,-3.788783373656096
1714079200.386771,-3.7409168702584723
1714079200.3868837,-3.691882557339138
1714079200.3869967,-3.6428484651777477
1714079200.3871095,-3.5961491090280036
1714079200.3872225,-3.5412775145636664
1714079200.3873353,-3.4875735088630955
1714079200.3874483,-3.428032000859578
1714079200.3875613,-3.3626532113110574
1714079200.387674,-3.294939244235003
1714079200.387787,-3.2213879956139455
1714079200.3878999,-3.143166833453708
1714079200.388013,-3.063778303287647
1714079200.3881257,-2.9820545955940525
1714079200.3882387,-2.8956609743612782
1714079200.3883514,-2.8092675738864474
1714079200.3884645,-2.7205389958840827
1714079200.3885775,-2.6294754611121283
1714079200.3886902,-2.5337422335589372
1714079200.3888032,-2.4333388717086226
1714079200.388916,-2.3270982283133046
1714079200.389029,-2.2161876713788065
1714079200.3891418,-2.101774568910952
1714079200.3892548,-1.98152396414015
1714079200.3893676,-1.8601059913635252
1714079200.3894806,-1.7351856938114871
1714079200.3895934,-1.6079303291108873
1714079200.3897064,-1.4783401180196691
1714079200.3898194,-1.347582318164684
1714079200.3899322,-1.208652169616134
1714079200.3900452,-1.070889499452379
1714079200.390158,-0.9272894373646489
1714079200.390271,-0.7755169713938678
1714079200.3903837,-0.6272469957669575
1714079200.3904967,-0.46730218110261135
1714079200.3906095,-0.3073574216277511
1714079200.3907225,-0.14858009914557138
1714079200.3908355,0.01603774898857982
1714079200.3909483,0.17951695179497754
1714079200.3910613,0.3406607442431979
1714079200.391174,0.5029722496315284
1714079200.391287,0.6629483015448958
1714079200.3913999,0.8264275612654509
1714079200.3915129,0.9945775623674745
1714079200.3916256,1.160392165184021
1714079200.3917387,1.3308776749504936
1714079200.3918517,1.5036985830024436
1714079200.3919644,1.6730162832472057
1714079200.3920774,1.8435017930136786
1714079200.3921902,2.0128194932584407
1714079200.3923032,2.1739632995040328
1714079200.392416,2.338610313556812
1714079200.392529,2.4962509119952165
1714079200.3926418,2.6515561121481435
1714079200.3927548,2.8080291218227806
1714079200.3928676,2.963334321975708
1714079200.3929806,3.117471933364868
1714079200.3930936,3.2716093239960844
1714079200.3932064,3.41990832929258
1714079200.3933194,3.564704347539831
1714079200.3934321,3.7036615389364735
1714079200.3935452,3.8367805657563383
1714079200.393658,3.962892956203884
1714079200.393771,4.0796637535095215
1714079200.3938837,4.191763754244204
1714079200.3939967,4.301528577451353
1714079200.3941097,4.405454353049949
1714079200.3942225,4.504709773593478
1714079200.3943355,4.6039647526211205
1714079200.3944483,4.696213757550274
1714079200.3945613,4.784959775430185
1714079200.394674,4.864363758652298
1714079200.394787,4.9367617677759235
1714079200.3948998,5.004488980328595
1714079200.3950129,5.0640419677451805
1714079200.3951259,5.118924600106698
1714079200.3952386,5.169135994381374
1714079200.3953516,5.211173605035852
1714079200.3954644,5.256714202739574
1714079200.3955774,5.292913207301387
1714079200.3956902,5.3279444023414895
1714079200.3958032,5.359472610332348
1714079200.395916,5.38165878366541
1714079200.396029,5.403845398514359
1714079200.396142,5.420193407270643
1714079200.3962548,5.424864203841597
1714079200.3963678,5.430702809934263
1714079200.3964806,5.431870177940086
1714079200.3965936,5.431870177940086
1714079200.3967063,5.429535000412552
1714079200.3968194,5.4236963943198875
1714079200.3969321,5.410851814128734
1714079200.3970451,5.402677588992648
1714079200.397158,5.388665199279785
1714079200.397271,5.375820177572744
1714079200.397384,5.357136991288926
1714079200.3974967,5.343124601576063
1714079200.3976097,5.320937986727114
1714079200.3977225,5.297584003872341
1714079200.3978355,5.2730622114958585
1714079200.3979483,5.247372609597665
1714079200.3980613,5.222850375705295
1714079200.398174,5.197160773807101
1714079200.398287,5.170303803903085
1714079200.3984,5.138775595912227
1714079200.3985128,5.117756790584988
1714079200.3986259,5.093234998208505
1714079200.3987386,5.0640419677451805
1714079200.3988516,5.038352365846987
1714079200.3989644,5.01032758642126
1714079200.3990774,4.983470175001356
1714079200.3991902,4.953109776532208
1714079200.3993032,4.919246391013816
1714079200.3994162,4.892388979593912
1714079200.399529,4.864363758652298
1714079200.399642,4.83400336018315
1714079200.3997548,4.811817186850088
1714079200.3998678,4.784959775430185
1714079200.3999805,4.761605792575412
1714079200.4000936,4.740586987248173
1714079200.4002063,4.710226588779025
1714079200.4003193,4.689207783451787
1714079200.400432,4.661182562510172
1714079200.4005451,4.62731917699178
1714079200.4006581,4.600461765571876
1714079200.400771,4.570101367102729
1714079200.400884,4.543243955682825
1714079200.4009967,4.516386985778809
1714079200.4011097,4.491864751886438
1714079200.4012225,4.465007781982422
1714079200.4013355,4.436982561040807
1714079200.4014482,4.40662216257166
1714079200.4015613,4.377429573624222
1714079200.4016743,4.340062759540698
1714079200.401787,4.301528577451353
1714079200.4019,4.26532957288954
1714079200.4020128,4.223291962235062
1714079200.4021258,4.181254351580584
1714079200.4022386,4.145055347018771
1714079200.4023516,4.104185545886004
1714079200.4024644,4.066819173318368
1714079200.4025774,4.02361375314218
1714079200.4026904,3.9780731554384583
1714079200.4028032,3.9301969386913154
1714079200.4029162,3.876482557367395
1714079200.403029,3.820432557000054
1714079200.403142,3.7632147471110025
1714079200.4032547,3.7001585518872293
1714079200.4033678,3.63943753419099
1714079200.4034805,3.5752137502034502
1714079200.4035935,3.510989745457967
1714079200.4037066,3.4467657407124834
1714079200.4038193,3.3755355411105685
1714079200.4039323,3.3019697224652322
1714079200.404045,3.226068726292363
1714079200.404158,3.1431615352630615
1714079200.404271,3.0567509156686286
1714079200.404384,2.9668375297828953
1714079200.4044967,2.871085317046554
1714079200.4046097,2.7765009138319225
1714079200.4047225,2.6760779045246266
1714079200.4048355,2.572151908168086
1714079200.4049485,2.4670581022898355
1714079200.4050612,2.360796707647818
1714079200.4051743,2.247528897391425
1714079200.405287,2.1307581000857883
1714079200.4054,2.005813298402009
1714079200.4055128,1.8785330984327526
1714079200.4056258,1.7454141819918596
1714079200.4057386,1.609959977644461
1714079200.4058516,1.466331879297892
1714079200.4059646,1.3227036705723514
1714079200.4060774,1.1767401739403054
1714079200.4061904,1.0296088677865487
1714079200.4063032,0.8789744090150903
1714079200.4064162,0.7260046071476406
1714079200.406529,0.5718670509479664
1714079200.406642,0.41422639732007627
1714079200.4067547,0.2519148919317457
1714079200.4068677,0.08726797446056649
1714079200.4069808,-0.07969876406369385
1714079200.4070935,-0.25015087039382367
1714079200.4072065,-0.42177046890611997
1714079200.4073193,-0.5933900674184163
1714079200.4074323,-0.7661771443155077
1714079200.407545,-0.942466656366984
1714079200.407658,-1.1117512429202043
1714079200.4077709,-1.2833708966219866
1714079200.407884,-1.453822961560002
1714079200.4079967,-1.6266100936465793
1714079200.4081097,-1.7993971153541846
1714079200.4082227,-1.9710167690559668
1714079200.4083354,-2.147306336296929
1714079200.4084485,-2.3177584012349444
1714079200.4085612,-2.487042877409193
1714079200.4086742,-2.655160206335562
1714079200.408787,-2.8116025306560375
1714079200.4089,-2.969212222982336
1714079200.4090128,-3.123319590533221
1714079200.4091258,-3.269254719769513
1714079200.4092388,-3.415189849005805
1714079200.4093516,-3.55762243270874
1714079200.4094646,-3.693050146102905
1714079200.4095774,-3.8319804050304267
1714079200.4096904,-3.962737984127468
1714079200.4098032,-4.091160827212863
1714079200.4099162,-4.213746388753255
1714079200.410029,-4.3269916816994
1714079200.410142,-4.437902238633897
1714079200.410255,-4.538305600484212
1714079200.4103677,-4.6317043127837
1714079200.4104807,-4.722767406039767
1714079200.4105935,-4.803323745727539
1714079200.4107065,-4.882712275893599
1714079200.4108193,-4.9527609789813
1714079200.4109323,-5.021642314063178
1714079200.411045,-5.0835189995942285
1714079200.411158,-5.138390594058566
1714079200.4112709,-5.1839223614445435
1714079200.4113839,-5.22828631930881
1714079200.4114969,-5.263310891610605
1714079200.4116096,-5.293665550373218
1714079200.4117227,-5.319349854080765
1714079200.4118354,-5.338029508237486
1714079200.4119484,-5.355541794388382
1714079200.4120612,-5.369551535005923
1714079200.4121742,-5.375388816550926
1714079200.412287,-5.383561275623462
1714079200.4124,-5.383561275623462
1714079200.412513,-5.384729085145173
1714079200.4126258,-5.381226539611816
1714079200.4127388,-5.373054080539279
1714079200.4128516,-5.3648816214667425
1714079200.4129646,-5.352039248855025
1714079200.4130774,-5.334527404220015
1714079200.4131904,-5.313512572535762
1714079200.4133031,-5.290163004839862
1714079200.4134161,-5.265646069138138
1714079200.4135292,-5.241128691920528
1714079200.413642,-5.213109210685447
1714079200.413755,-5.187424906977901
1714079200.4138677,-5.161740161754467
1714079200.4139807,-5.136055416531033
1714079200.4140935,-5.108035935295953
1714079200.4142065,-5.078849086055049
1714079200.4143193,-5.0461596912807885
1714079200.4144323,-5.0134702965065285
1714079200.4145453,-4.978445724204734
1714079200.414658,-4.9445889614246505
1714079200.414771,-4.908397021117033
1714079200.4148839,-4.875707626342773
1714079200.4149969,-4.846520335585982
1714079200.4151096,-4.8173334863450785
1714079200.4152226,-4.791648741121645
1714079200.4153354,-4.765964437414098
1714079200.4154484,-4.737944956179018
1714079200.4155612,-4.707590297416404
1714079200.4156742,-4.676068270647967
1714079200.4157872,-4.643378875873706
1714079200.4159,-4.61302465862698
1714079200.416013,-4.581502631858543
1714079200.4161258,-4.553483150623462
1714079200.4162388,-4.526631037394205
1714079200.4163516,-4.502113660176595
1714079200.4164646,-4.481099270008228
1714079200.4165773,-4.462419615851508
1714079200.4166903,-4.437902238633897
1714079200.4168034,-4.414552670937997
1714079200.4169161,-4.381863276163736
1714079200.4170291,-4.35150905891701
1714079200.417142,-4.324656945687753
1714079200.417255,-4.294302286925139
1714079200.4173677,-4.262780260156702
1714079200.4174807,-4.240598060466625
1714079200.4175935,-4.214913756759078
1714079200.4177065,-4.191564189063178
1714079200.4178195,-4.165879443839744
1714079200.4179323,-4.135525226593018
1714079200.4180453,-4.10750530384205
1714079200.418158,-4.073648541061966
1714079200.418271,-4.037456600754349
1714079200.4183838,-3.9930926428900824
1714079200.4184968,-3.954565525054931
1714079200.4186096,-3.9113689351964878
1714079200.4187226,-3.8751769948888706
1714079200.4188354,-3.8343151410420733
1714079200.4189484,-3.7922859191894527
1714079200.4190614,-3.749088887815122
1714079200.4191742,-3.700055016411675
1714079200.4192872,-3.648685746722751
1714079200.4194,-3.5973166977917703
1714079200.419513,-3.535440233018663
1714079200.4196258,-3.4712288114759655
1714079200.4197388,-3.404682433163678
1714079200.4198515,-3.3346335093180337
1714079200.4199646,-3.263417217466566
1714079200.4200776,-3.1957034711484553
1714079200.4201903,-3.120984633763631
1714079200.4203033,-3.0486009739063404
1714079200.420416,-2.9703798117461027
1714079200.4205291,-2.883986190513328
1714079200.420642,-2.795257833268907
1714079200.420755,-2.7018593417273626
1714079200.4208677,-2.606125893416228
1714079200.4209807,-2.503387795554267
1714079200.4210937,-2.398314520164772
1714079200.4212065,-2.2909062880056874
1714079200.4213195,-2.1788281423074225
1714079200.4214323,-2.067917585372925
1714079200.4215453,-1.9511695261354798
1714079200.421658,-1.8309191421226219
1714079200.421771,-1.710668647730792
1714079200.4218838,-1.5822458046453969
1714079200.4219968,-1.4479855696360269
1714079200.4221098,-1.3125578562418618
1714079200.4222226,-1.1701252725389268
1714079200.4223356,-1.0195203401424267
1714079200.4224484,-0.8724178429003114
1714079200.4225614,-0.7183104201599403
1714079200.4226742,-0.5630355742242601
1714079200.4227872,-0.4100956574634269
1714079200.4229,-0.2524858271634137
1714079200.423013,-0.09370853227597695
1714079200.4231257,0.06741693036423789
1714079200.4232388,0.22972842885388267
1714079200.4233518,0.39437534632506194
1714079200.4234645,0.5660285000447873
1714079200.4235775,0.7388494080967373
1714079200.4236903,0.9116702609592013
1714079200.4238033,1.0868265672966286
1714079200.423916,1.2596474753485785
1714079200.424029,1.4301328747360793
1714079200.424142,1.6017860836452906
1714079200.424255,1.7687683856045757
1714079200.424368,1.9334152892783836
1714079200.4244807,2.0933915067602085
1714079200.4245937,2.260373698340522
1714079200.4247065,2.423852902871591
1714079200.4248195,2.58733210740266
1714079200.4249322,2.7519791214554394
1714079200.4250453,2.908452131130077
1714079200.425158,3.0684281278539585
1714079200.425271,3.216727133150454
1714079200.425384,3.3638583289252386
1714079200.4254968,3.5028157410798246
1714079200.4256098,3.635934547141746
1714079200.4257226,3.7667177341602462
1714079200.4258356,3.8928305661236795
1714079200.4259484,4.018942956571226
1714079200.4260614,4.140384550447817
1714079200.4261742,4.259490966796875
1714079200.4262872,4.373926145059091
1714079200.4264,4.480187981216996
1714079200.426513,4.581778579288058
1714079200.426626,4.674027584217212
1714079200.4267387,4.760437983053701
1714079200.4268517,4.836338979226571
1714079200.4269645,4.91107216587773
1714079200.4270775,4.978799378430401
1714079200.4271903,5.043023603933828
1714079200.4273033,5.1049117688779475
1714079200.427416,5.160961769245288
1714079200.427529,5.215844401606807
1714079200.427642,5.261384999310528
1714079200.4277549,5.301086990921585
1714079200.427868,5.338453805005108
1714079200.4279807,5.365310774909125
1714079200.4280937,5.389833008801495
1714079200.4282064,5.406180576041892
1714079200.4283195,5.420193407270643
1714079200.4284322,5.431870177940086
1714079200.4285452,5.436541416026928
1714079200.4286582,5.441212212597882
1714079200.428771,5.443547390125415
1714079200.428884,5.441212212597882
1714079200.4289968,5.4330379874617964
1714079200.4291098,5.429535000412552
1714079200.4292226,5.415522610699688
1714079200.4293356,5.402677588992648
1714079200.4294484,5.386329580236364
1714079200.4295614,5.3688142034742565
1714079200.4296744,5.351298385196261
1714079200.4297872,5.326776592819779
1714079200.4299002,5.308093406535961
1714079200.430013,5.28357117264359
1714079200.430126,5.262552808832239
1714079200.4302387,5.238030574939868
1714079200.4303517,5.21934738865605
1714079200.4304645,5.194825596279568
1714079200.4305775,5.169135994381374
1714079200.4306903,5.145781570010715
1714079200.4308033,5.118924600106698
1714079200.4309163,5.08856420163755
1714079200.431029,5.058203803168403
1714079200.431142,5.026675595177545
1714079200.4312549,4.996315196708396
1714079200.4313679,4.965954798239248
1714079200.4314806,4.937929577297634
1714079200.4315937,4.909904797871907
1714079200.4317064,4.883047386452003
1714079200.4318194,4.85735778455381
1714079200.4319324,4.8316681826556165
1714079200.4320452,4.803642961714003
1714079200.4321582,4.7767859918099855
1714079200.432271,4.748760770868372
1714079200.432384,4.71489738534998
1714079200.4324968,4.688039973930076
1714079200.4326098,4.658847384982638
1714079200.4327226,4.633157783084445
1714079200.4328356,4.605132562142831
1714079200.4329486,4.581778579288058
1714079200.4330614,4.557256786911576
1714079200.4331744,4.532734553019205
1714079200.4332871,4.504709773593478
1714079200.4334002,4.474349375124331
1714079200.433513,4.4439889766551826
1714079200.433626,4.4077899720933695
1714079200.4337387,4.376261764102511
1714079200.4338517,4.34239837858412
1714079200.4339645,4.3073667420281305
1714079200.4340775,4.274671166031449
1714079200.4341905,4.24197514851888
1714079200.4343033,4.2116147500497325
1714079200.4344163,4.171912758438675
1714079200.434529,4.135713753876862
1714079200.434642,4.096011762265806
1714079200.4347548,4.0481355455186625
1714079200.4348679,4.002594947814941
1714079200.4349806,3.9512157440185542
1714079200.4350936,3.8998365402221675
1714079200.4352067,3.8437865398548263
1714079200.4353194,3.7959107646235712
1714079200.4354324,3.7386929547345193
1714079200.4355452,3.6826427336092347
1714079200.4356582,3.6254251444781267
1714079200.435771,3.558865741447166
1714079200.435884,3.4923063384162054
1714079200.4359968,3.418740740528813
1714079200.4361098,3.341671934834233
1714079200.4362228,3.261099921332465
1714079200.4363356,3.180528128588641
1714079200.4364486,3.0952853185159186
1714079200.4365613,3.0065395213939525
1714079200.4366744,2.9201291225574635
1714079200.4367871,2.8290479271500195
1714079200.4369001,2.7321281256499113
1714079200.437013,2.631705116342615
1714079200.437126,2.530114518271552
1714079200.4372387,2.423852902871591
1714079200.4373517,2.3059142960442434
1714079200.4374647,2.190311308260317
1714079200.4375775,2.063030887533117
1714079200.4376905,1.9427568824202925
1714079200.4378033,1.8119735850228202
1714079200.4379163,1.6835256859108252
1714079200.438029,1.550406879848904
1714079200.438142,1.4137849763587669
1714079200.4382548,1.2783307720113684
1714079200.4383678,1.1323671650003504
1714079200.4384809,0.9852358588465937
1714079200.4385936,0.8334338113113685
1714079200.4387066,0.680463954254433
1714079200.4388194,0.5216556014838042
1714079200.4389324,0.35934409609547363
1714079200.4390452,0.18769091478100527
1714079200.4391582,0.028882543038990762
1714079200.439271,-0.1380727798850448
1714079200.439384,-0.3026874804938281
1714079200.439497,-0.47080461625699643
1714079200.4396098,-0.6400892579997027
1714079200.4397228,-0.809373899742409
1714079200.4398355,-0.9844959885985762
1714079200.4399486,-1.1572830103061817
1714079200.4400613,-1.328902553628992
1714079200.4401743,-1.5086945560243394
1714079200.440287,-1.6826490561167398
1714079200.4404001,-1.856603666588112
1714079200.4405131,-2.0270557315261275
1714079200.440626,-2.197507796464143
1714079200.440739,-2.363290168620922
1714079200.4408517,-2.5232348177168102
1714079200.4409647,-2.6855146443402322
1714079200.4410775,-2.8396220118911177
1714079200.4411905,-2.993729379442003
1714079200.4413033,-3.147836746992888
1714079200.4414163,-3.2996091577741833
1714079200.441529,-3.4478792437800654
1714079200.441642,-3.590311827483
1714079200.441755,-3.7269071296409324
1714079200.4418678,-3.8553299727263273
1714079200.4419808,-3.982585006290012
1714079200.4420936,-4.100500654291223
1714079200.4422066,-4.211411211225721
1714079200.4423194,-4.319987032148573
1714079200.4424324,-4.422725130010534
1714079200.4425452,-4.526631037394205
1714079200.4426582,-4.618861940171983
1714079200.4427712,-4.711092842949761
1714079200.442884,-4.795151286655002
1714079200.442997,-4.87337244881524
1714079200.4431098,-4.94809106544212
1714079200.4432228,-5.011135118978994
1714079200.4433355,-5.073011804510045
1714079200.4434485,-5.123213485435203
1714079200.4435613,-5.169912620827003
1714079200.4436743,-5.213109210685447
1714079200.4437873,-5.249301150993064
1714079200.4439,-5.280823177761501
1714079200.444013,-5.307675290990758
1714079200.444126,-5.3333595946983055
1714079200.444239,-5.349704512843379
1714079200.4443517,-5.366048989472565
1714079200.4444647,-5.376556626072636
1714079200.4445775,-5.380059171605993
1714079200.4446905,-5.381226539611816
1714079200.4448032,-5.377723994078459
1714079200.4449162,-5.3707189030117455
1714079200.4450293,-5.359044339921739
1714079200.445142,-5.345034599304199
1714079200.445255,-5.329857490680835
1714079200.4453678,-5.310010027002405
1714079200.4454808,-5.294832918379042
1714079200.4455936,-5.272650718688965
1714079200.4457066,-5.253971064532244
1714079200.4458194,-5.230621496836344
1714079200.4459324,-5.20610456113462
1714079200.4460454,-5.179252447905363
1714079200.4461582,-5.148897789142749
1714079200.4462712,-5.118543571896023
1714079200.446384,-5.084686367600052
1714079200.446497,-5.054332150353326
1714079200.4466097,-5.018140210045709
1714079200.4467227,-4.988952919288917
1714079200.4468355,-4.958598702042191
1714079200.4469485,-4.9294114112854
1714079200.4470615,-4.903727107577853
1714079200.4471743,-4.874539816821063
1714079200.4472873,-4.847688145107693
1714079200.4474,-4.814998308817545
1714079200.447513,-4.782308914043285
1714079200.4476259,-4.750787328790735
1714079200.447739,-4.716930124494764
1714079200.4478517,-4.687743275253861
1714079200.4479647,-4.660891162024604
1714079200.4480777,-4.6317043127837
1714079200.4481905,-4.6095221130936235
1714079200.4483035,-4.5885072814093695
1714079200.4484162,-4.566325081719293
1714079200.4485292,-4.539473410005923
1714079200.448642,-4.5137886647824885
1714079200.448755,-4.484601815541585
1714079200.4488678,-4.453079788773148
1714079200.4489808,-4.423892498016357
1714079200.4490936,-4.39237047124792
1714079200.4492066,-4.36551879953455
1714079200.4493196,-4.338666686305293
1714079200.4494324,-4.314149309087682
1714079200.4495454,-4.296637464452672
1714079200.4496582,-4.268617983217593
1714079200.4497712,-4.244100605999981
1714079200.449884,-4.212578579231544
1714079200.449997,-4.184559097996464
1714079200.4501097,-4.150702335216381
1714079200.4502227,-4.115677762914586
1714079200.4503357,-4.081821000134503
1714079200.4504485,-4.046796427832709
1714079200.4505615,-4.017609578591806
1714079200.4506743,-3.9849201838175454
1714079200.4507873,-3.954565525054931
1714079200.4509,-3.9195413942690247
1714079200.451013,-3.8833494539614075
1714079200.4511259,-3.8389850545812534
1714079200.4512389,-3.793453287195276
1714079200.451352,-3.744418974275942
1714079200.4514647,-3.689547600569548
1714079200.4515777,-3.6381785516385676
1714079200.4516904,-3.5774694548712835
1714079200.4518034,-3.5261004059403027
1714079200.4519162,-3.4677262659426087
1714079200.4520292,-3.409352346702858
1714079200.452142,-3.3486434706935175
1714079200.452255,-3.278594546847873
1714079200.4523678,-3.2120481685355857
1714079200.4524808,-3.131492049605758
1714079200.4525938,-3.0521032986817533
1714079200.4527066,-2.966877266212746
1714079200.4528196,-2.875813952198735
1714079200.4529324,-2.788252962960137
1714079200.4530454,-2.6925195146490024
1714079200.4531581,-2.5979536551016347
1714079200.4532712,-2.498717882015087
1714079200.453384,-2.3994818881705955
1714079200.453497,-2.2944088335390442
1714079200.45361,-2.1823306878407793
1714079200.4537227,-2.067917585372925
1714079200.4538357,-1.9476672013600667
1714079200.4539485,-1.82624911820447
1714079200.4540615,-1.6931564719588668
1714079200.4541743,-1.5623986721038818
1714079200.4542873,-1.4246360019401267
1714079200.4544,-1.2880408101611667
1714079200.454513,-1.1491106616126165
1714079200.454626,-1.0078455562944766
1714079200.4547389,-0.8665804509763364
1714079200.4548519,-0.7148079850055553
1714079200.4549646,-0.5665380093786451
1714079200.4550776,-0.4089281790786319
1714079200.4551904,-0.2524858271634137
1714079200.4553034,-0.09137356860770118
1714079200.4554162,0.07909401147453873
1714079200.4555292,0.24257321600560788
1714079200.4556422,0.41305867058259466
1714079200.455755,0.5823764536115857
1714079200.455868,0.7493587555708708
1714079200.4559808,0.9175088118623803
1714079200.4560938,1.0833234698684127
1714079200.4562066,1.2514734709704363
1714079200.4563196,1.4196234720724599
1714079200.4564323,1.59244438012441
1714079200.4565454,1.7629298898908825
1714079200.4566581,1.9357506875638608
1714079200.4567711,2.1085717059947826
1714079200.4568841,2.28022469414605
1714079200.456997,2.4483749160060175
1714079200.45711,2.609518722251609
1714079200.4572227,2.7694947189754906
1714079200.4573357,2.925967728650128
1714079200.4574485,3.073098924424913
1714079200.4575615,3.2237333280068854
1714079200.4576743,3.3696969350179033
1714079200.4577873,3.5121573342217336
1714079200.4579003,3.654617733425564
1714079200.458013,3.7947429551018605
1714079200.458126,3.927861761163782
1714079200.4582388,4.058644948182282
1714079200.4583519,4.1754157454879195
1714079200.4584646,4.294522161836977
1714079200.4585776,4.39611275990804
1714079200.4586904,4.495368180451569
1714079200.4588034,4.588784553386547
1714079200.4589164,4.677530571266456
1714079200.4590292,4.766276589146367
1714079200.4591422,4.849183559417725
1714079200.459255,4.928587984155725
1714079200.459368,4.997482564714219
1714079200.4594808,5.0687127643161345
1714079200.4595938,5.129434002770318
1714079200.4597065,5.183148384094238
1714079200.4598196,5.231024600841381
1714079200.4599323,5.271894401974148
1714079200.4600453,5.310428584063494
1714079200.4601583,5.339621173010932
1714079200.4602711,5.369982012995967
1714079200.4603841,5.39450380537245
1714079200.460497,5.417857788227222
1714079200.46061,5.436541416026928
1714079200.4607227,5.450553805739791
1714079200.4608357,5.46106320840341
1714079200.4609485,5.463398385930944
1714079200.4610615,5.463398385930944
1714079200.4611745,5.45872758935999
1714079200.4612873,5.451721615261501
1714079200.4614003,5.442379580603705
1714079200.461513,5.429535000412552
1714079200.461626,5.416689978705512
1714079200.4617388,5.396838982899983
1714079200.4618518,5.38165878366541
1714079200.4619646,5.359472610332348
1714079200.4620776,5.340788982532642
1714079200.4621906,5.31743499967787
1714079200.4623034,5.292913207301387
1714079200.4624164,5.270726592452437
1714079200.4625292,5.245036990554244
1714079200.4626422,5.214676592085096
1714079200.462755,5.190154799708614
1714079200.462868,5.16446519781042
1714079200.4629807,5.130601370776141
1714079200.4630938,5.103744400872125
1714079200.4632068,5.073384002402976
1714079200.4633195,5.046526590983072
1714079200.4634326,5.02200479860659
1714079200.4635453,4.993979577664976
1714079200.4636583,4.969457785288492
1714079200.463771,4.941432564346878
1714079200.463884,4.9134077849211515
1714079200.463997,4.885382563979537
1714079200.46411,4.85735778455381
1714079200.4642227,4.825829576562952
1714079200.4643357,4.795469178093804
1714079200.4644487,4.76744395715219
1714079200.4645615,4.739419177726463
1714079200.4646745,4.717232562877514
1714079200.4647872,4.69154296097932
1714079200.4649003,4.668188978124547
1714079200.465013,4.643667185748065
1714079200.465126,4.61447415528474
1714079200.4652388,4.587617185380723
1714079200.4653518,4.556088977389865
1714079200.4654648,4.525728578920718
1714079200.4655776,4.491864751886438
1714079200.4656906,4.460336985411467
1714079200.4658034,4.431143954948142
1714079200.4659164,4.399615746957284
1714079200.4660292,4.375093954580802
1714079200.4661422,4.34239837858412
1714079200.466255,4.3120379801149715
1714079200.466368,4.277006343558982
1714079200.466481,4.243142958040591
1714079200.4665937,4.201105347386113
1714079200.4667068,4.155564749682391
1714079200.4668195,4.114694948549624
1714079200.4669325,4.0703221603676125
1714079200.4670453,4.025949372185601
1714079200.4671583,3.980408332965992
1714079200.467271,3.937203354305691
1714079200.467384,3.888159769552725
1714079200.4674969,3.8379479337621616
1714079200.46761,3.7854013619599516
1714079200.467723,3.724680565021656
1714079200.4678357,3.662791737803706
1714079200.4679487,3.5962323347727456
1714079200.4680614,3.5273375334563077
1714079200.4681745,3.4561073338543924
1714079200.4682872,3.38137392644529
1714079200.4684002,3.3101437268433744
1714079200.468513,3.2330749211487944
1714079200.468626,3.156006336212158
1714079200.468739,3.071931335661146
1714079200.4688518,2.984353127302947
1714079200.4689648,2.8921041223737927
1714079200.4690776,2.795184320873684
1714079200.4691906,2.693593722802621
1714079200.4693034,2.58733210740266
1714079200.4694164,2.4787353144751654
1714079200.4695292,2.3654675042187723
1714079200.4696422,2.2521996939623796
1714079200.4697552,2.131925688849555
1714079200.469868,2.0128194932584407
1714079200.469981,1.8878746915746616
1714079200.4700937,1.761762190748144
1714079200.4702067,1.6263079864007455
1714079200.4703195,1.4861828751034205
1714079200.4704325,1.344890175042329
1714079200.4705453,1.1977588688885723
1714079200.4706583,1.049459863592077
1714079200.470771,0.8929869091069256
1714079200.470884,0.7411848063822145
1714079200.470997,0.5800410001366226
1714079200.4711099,0.42590347153169134
1714079200.4712229,0.26359196614336083
1714079200.4713356,0.10478360647404635
1714079200.4714487,-0.05868412554264068
1714079200.4715614,-0.2268012751031805
1714079200.4716744,-0.39258345409675877
1714079200.4717872,-0.5665380093786451
1714079200.4719002,-0.7369901295061464
1714079200.4720132,-0.9132796415576228
1714079200.472126,-1.0872341968395092
1714079200.472239,-1.2600212185471145
1714079200.4723518,-1.4316408722488967
1714079200.4724648,-1.6020929371869121
1714079200.4725776,-1.7725451125038993
1714079200.4726906,-1.9371597855179397
1714079200.4728034,-2.106444482450132
1714079200.4729164,-2.2722266338489674
1714079200.4730294,-2.4380087852478027
1714079200.4731421,-2.602623568640815
1714079200.4732552,-2.7649031745062933
1714079200.473368,-2.9248480443601252
1714079200.473481,-3.0836253254501904
1714079200.4735937,-3.235397736231486
1714079200.4737067,-3.383667822237368
1714079200.4738195,-3.5237654491707127
1714079200.4739325,-3.660360530570701
1714079200.4740455,-3.789950741661919
1714079200.4741583,-3.918373584747314
1714079200.4742713,-4.045629059826886
1714079200.474384,-4.163544707828097
1714079200.474497,-4.282627723835132
1714079200.4746099,-4.39237047124792
1714079200.4747229,-4.497443746637415
1714079200.4748356,-4.596679740481906
1714079200.4749486,-4.690078011265507
1714079200.4750614,-4.775304264492458
1714079200.4751744,-4.852358058646873
1714079200.4752874,-4.92590930726793
1714079200.4754002,-4.988952919288917
1714079200.4755132,-5.050829604819969
1714079200.475626,-5.105701199284306
1714079200.475739,-5.155902880209463
1714079200.4758518,-5.2002668380737305
1714079200.4759648,-5.239961323914704
1714079200.4760776,-5.273818086694788
1714079200.4761906,-5.301837567929868
1714079200.4763036,-5.326354945147479
1714079200.4764163,-5.345034599304199
1714079200.4765294,-5.356709162394205
1714079200.4766421,-5.366048989472565
1714079200.4767551,-5.367216798994276
1714079200.476868,-5.371886712533456
1714079200.476981,-5.368384167000099
1714079200.4770937,-5.366048989472565
1714079200.4772067,-5.361379075933385
1714079200.4773197,-5.348537144837556
1714079200.4774325,-5.338029508237486
1714079200.4775455,-5.327522313153302
1714079200.4776583,-5.312345204529938
1714079200.4777713,-5.294832918379042
1714079200.477884,-5.269148173155608
1714079200.477997,-5.242296501442238
1714079200.4781098,-5.21427657869127
1714079200.4782228,-5.188592274983724
1714079200.4783356,-5.155902880209463
1714079200.4784486,-5.129050766980206
1714079200.4785616,-5.099863917739302
1714079200.4786744,-5.069509258976689
1714079200.4787874,-5.041489777741608
1714079200.4789002,-5.012302486984818
1714079200.4790132,-4.985450815271448
1714079200.479126,-4.953928788503011
1714079200.479239,-4.92474149774622
1714079200.4793518,-4.8862148214269565
1714079200.4794648,-4.851190249125162
1714079200.4795778,-4.8173334863450785
1714079200.4796906,-4.790481373115822
1714079200.4798036,-4.757791978341562
1714079200.4799163,-4.728605129100658
1714079200.4800293,-4.707590297416404
1714079200.480142,-4.680738184187147
1714079200.4802551,-4.656221248485424
1714079200.480368,-4.628201767250343
1714079200.480481,-4.600182286015263
1714079200.480594,-4.573330172786006
1714079200.4807067,-4.5406407780117455
1714079200.4808197,-4.511453487254955
1714079200.4809325,-4.483434006019874
1714079200.4810455,-4.454247156778971
1714079200.4811583,-4.432064957088894
1714079200.4812713,-4.409882757398817
1714079200.481384,-4.38770055770874
1714079200.481497,-4.367853535546197
1714079200.48161,-4.341001422316939
1714079200.4817228,-4.315317118609393
1714079200.4818358,-4.286129827852602
1714079200.4819486,-4.254608242600052
1714079200.4820616,-4.2219184063099044
1714079200.4821744,-4.193898925074825
1714079200.4822874,-4.162376898306388
1714079200.4824002,-4.13669259459884
1714079200.4825132,-4.111007849375406
1714079200.482626,-4.081821000134503
1714079200.482739,-4.053801518899423
1714079200.482852,-4.019944314603452
1714079200.4829648,-3.9814176382841886
1714079200.4830778,-3.939388416431568
1714079200.4831905,-3.896191385057237
1714079200.4833035,-3.8471575136537903
1714079200.4834163,-3.801625746267813
1714079200.4835293,-3.7549266108760126
1714079200.483642,-3.7058922979566784
1714079200.483755,-3.660360530570701
1714079200.4838681,-3.6089914816397206
1714079200.483981,-3.556454843944973
1714079200.484094,-3.5027508382444026
1714079200.4842067,-3.4397067847075284
1714079200.4843197,-3.3766629519285978
1714079200.4844325,-3.3077816168467202
1714079200.4845455,-3.233062779461896
1714079200.4846582,-3.159511530840838
1714079200.4847713,-3.0824579574443676
1714079200.4848843,-3.0019018385145397
1714079200.484997,-2.9271830011297153
1714079200.48511,-2.841956968660708
1714079200.4852228,-2.75439597942211
1714079200.4853358,-2.666834990183512
1714079200.4854486,-2.5687665851027877
1714079200.4855616,-2.4671958552466497
1714079200.4856744,-2.364457536626745
1714079200.4857874,-2.25004443415889
1714079200.4859002,-2.1344639636852123
1714079200.4860132,-2.0177159044477673
1714079200.4861262,-1.8951305636653193
1714079200.486239,-1.7725451125038993
1714079200.486352,-1.6487921829576844
1714079200.4864647,-1.5180343831026994
1714079200.4865777,-1.3884440616325096
1714079200.4866905,-1.2530163482383445
1714079200.4868035,-1.1129187213049994
1714079200.4869163,-0.9704861376020643
1714079200.4870293,-0.8198812052055641
1714079200.4871423,-0.6657738376546789
1714079200.487255,-0.5128339484885887
1714079200.487368,-0.3540566122090375
1714079200.4874809,-0.19411182513943423
1714079200.487594,-0.03533451990396888
1714079200.4877067,0.12580236351048504
1714079200.4878197,0.28694614216133396
1714079200.4879324,0.4480899484069259
1714079200.4880455,0.6139045512234723
1714079200.4881585,0.7773837557545414
1714079200.4882712,0.9467015663782755
1714079200.4883842,1.1206900631939922
1714079200.488497,1.291175572960465
1714079200.48861,1.4651641801551536
1714079200.4887228,1.6379850882071034
1714079200.4888358,1.806135089309127
1714079200.4889486,1.9707818826039631
1714079200.4890616,2.1354288966567427
1714079200.4891746,2.2942373046168574
1714079200.4892874,2.4518779030552613
1714079200.4894004,2.609518722251609
1714079200.4895132,2.764823922404536
1714079200.4896262,2.9224645208429405
1714079200.489739,3.0777697209958674
1714079200.489852,3.2307395228633173
1714079200.4899647,3.38137392644529
1714079200.4900777,3.526169944692541
1714079200.4901905,3.6616241490399393
1714079200.4903035,3.7947429551018605
1714079200.4904165,3.919687536027696
1714079200.4905293,4.041129571420175
1714079200.4906423,4.157900368725811
1714079200.490755,4.270000369460494
1714079200.490868,4.380932560673466
1714079200.4909809,4.488361764837194
1714079200.4910939,4.5899523629082575
1714079200.4912066,4.6857043548866555
1714079200.4913197,4.777953359815809
1714079200.4914327,4.8561899750321
1714079200.4915454,4.930923161683259
1714079200.4916584,4.996315196708396
1714079200.4917712,5.058203803168403
1714079200.4918842,5.115421171541567
1714079200.491997,5.166800375337954
1714079200.49211,5.21701176961263
1714079200.4922228,5.259049380267108
1714079200.4923358,5.301086990921585
1714079200.4924488,5.336118185961688
1714079200.4925616,5.366478584430835
1714079200.4926746,5.3921681863290285
1714079200.4927874,5.410851814128734
1714079200.4929004,5.422528584798177
1714079200.4930131,5.435373606505217
1714079200.4931262,5.438876593554461
1714079200.493239,5.441212212597882
1714079200.493352,5.441212212597882
1714079200.4934647,5.440044403076172
1714079200.4935777,5.434205796983506
1714079200.4936907,5.427199381369131
1714079200.4938035,5.416689978705512
1714079200.4939165,5.406180576041892
1714079200.4940293,5.391000376807319
1714079200.4941423,5.372317190523501
1714079200.494255,5.354801813761393
1714079200.494368,5.3326151989124435
1714079200.4944808,5.308093406535961
1714079200.4945939,5.2870746012087215
1714079200.4947069,5.260217189788818
1714079200.4948196,5.2321924103630915
1714079200.4949327,5.2100057955141414
1714079200.4950454,5.183148384094238
1714079200.4951584,5.156290972674334
1714079200.4952712,5.130601370776141
1714079200.4953842,5.1049117688779475
1714079200.495497,5.076886989452221
1714079200.49561,5.051197387554027
1714079200.495723,5.020836989084879
1714079200.4958358,4.990476590615732
1714079200.4959488,4.962451369674117
1714079200.4960616,4.929755793677436
1714079200.4961746,4.900562763214111
1714079200.4962873,4.876040970837628
1714079200.4964004,4.846848381890191
1714079200.4965131,4.821158779991998
1714079200.4966261,4.793133559050383
1714079200.496739,4.7721151952390315
1714079200.496852,4.747592961346661
1714079200.496965,4.720735991442645
1714079200.4970777,4.6903755929734965
1714079200.4971907,4.660014752988462
1714079200.4973035,4.629654354519314
1714079200.4974165,4.599293956050166
1714079200.4975293,4.573604354151973
1714079200.4976423,4.543243955682825
1714079200.497755,4.521057782349763
1714079200.497868,4.493032561408149
1714079200.497981,4.465007781982422
1714079200.4980938,4.436982561040807
1714079200.4982069,4.410125149620904
1714079200.4983196,4.376261764102511
1714079200.4984326,4.340062759540698
1714079200.4985454,4.303863754978886
1714079200.4986584,4.266496940895363
1714079200.4987712,4.230298377849437
1714079200.4988842,4.197602360336869
1714079200.4989972,4.156732559204102
1714079200.49911,4.122869173685709
1714079200.499223,4.086670169123897
1714079200.4993358,4.0434647489477085
1714079200.4994488,3.9967563417222762
1714079200.4995615,3.9465449474475998
1714079200.4996746,3.893997934129503
1714079200.4997873,3.8344449467129174
1714079200.4999003,3.777227136823866
1714079200.5000134,3.7153385303638595
1714079200.5001261,3.6557855429472745
1714079200.5002391,3.595064746008979
1714079200.500352,3.5308407412634955
1714079200.500465,3.4631135287108243
1714079200.5005777,3.3930511386306197
1714079200.5006907,3.3183177312215166
1714079200.5008035,3.2377459384776928
1714079200.5009165,3.1548385266904475
1714079200.5010293,3.0649249200467708
1714079200.5011423,2.9738437246393272
1714079200.5012553,2.8839301179956505
1714079200.501368,2.7846749182100647
1714079200.501481,2.685419718424479
1714079200.5015938,2.58733210740266
1714079200.5017068,2.482238301524409
1714079200.5018196,2.3736415085969145
1714079200.5019326,2.260373698340522
1714079200.5020454,2.140099693227697
1714079200.5021584,2.0163227010656284
1714079200.5022714,1.8867068820529513
1714079200.5023842,1.7512527880845246
1714079200.5024972,1.6193016811653418
1714079200.50261,1.4768412819615115
1714079200.502723,1.335548471521448
1714079200.5028358,1.1907526740321406
1714079200.5029488,1.0447890670211226
1714079200.5030615,0.897657760867366
1714079200.5031745,0.7446879589999164
1714079200.5032876,0.588214949325279
1714079200.5034003,0.4294065965546502
1714079200.5035133,0.26359196614336083
1714079200.503626,0.09777734952944296
1714079200.503739,-0.07035892318796227
1714079200.503852,-0.24664843523943863
1714079200.503965,-0.41710055536693996
1714079200.5040777,-0.5910551106488263
1714079200.5041907,-0.7626747091611226
1714079200.5043035,-0.935461786058214
1714079200.5044165,-1.1094162861506143
1714079200.5045295,-1.2810359398523965
1714079200.5046422,-1.454990439944797
1714079200.5047553,-1.6277775720313743
1714079200.504868,-1.8017320721237746
1714079200.504981,-1.975686682595147
1714079200.5050938,-2.1508086610723423
1714079200.5052068,-2.3165908124711776
1714079200.5053196,-2.487042877409193
1714079200.5054326,-2.648155336026792
1714079200.5055456,-2.8069326171168574
1714079200.5056584,-2.9622073526735657
1714079200.5057714,-3.112812395449038
1714079200.5058842,-3.2599148926911528
1714079200.5059972,-3.4081847579390914
1714079200.50611,-3.5517849304057934
1714079200.506223,-3.6907149685753713
1714079200.5063357,-3.829645227502893
1714079200.5064487,-3.9604028065999346
1714079200.5065618,-4.087658281679507
1714079200.5066745,-4.206741297686541
1714079200.5067875,-4.3223217681602195
1714079200.5069003,-4.429730221077247
1714079200.5070133,-4.527798405400029
1714079200.507126,-4.623531853711163
1714079200.507239,-4.714595388483118
1714079200.5073519,-4.796318654660825
1714079200.507465,-4.878042362354419
1714079200.507578,-4.953928788503011
1714079200.5076907,-5.020474946057354
1714079200.5078037,-5.085853735605875
1714079200.5079165,-5.13955796206439
1714079200.5080295,-5.188592274983724
1714079200.5081422,-5.234124042369701
1714079200.5082552,-5.271483350683141
1714079200.508368,-5.300670199924045
1714079200.508481,-5.328689681159125
1714079200.5085938,-5.348537144837556
1714079200.5087068,-5.366048989472565
1714079200.5088198,-5.377723994078459
1714079200.5089326,-5.389398998684353
1714079200.5090456,-5.3917337346959995
1714079200.5091584,-5.39640364823518
1714079200.5092714,-5.392901102701822
1714079200.5093842,-5.387063821156819
1714079200.5094972,-5.380059171605993
1714079200.50961,-5.366048989472565
1714079200.509723,-5.348537144837556
1714079200.509836,-5.331024858686659
1714079200.5099487,-5.307675290990758
1714079200.5100617,-5.2854930913006815
1714079200.5101745,-5.259808346077247
1714079200.5102875,-5.23295623284799
1714079200.5104003,-5.20960666515209
1714079200.5105133,-5.1839223614445435
1714079200.510626,-5.155902880209463
1714079200.510739,-5.1313855029918525
1714079200.510852,-5.102198653750949
1714079200.5109649,-5.070676626982512
1714079200.511078,-5.0403224097357855
1714079200.5111907,-5.004130469428168
1714079200.5113037,-4.972608442659731
1714079200.5114164,-4.937583870357937
1714079200.5115294,-4.903727107577853
1714079200.5116422,-4.876874994348596
1714079200.5117552,-4.847688145107693
1714079200.511868,-4.822003399884259
1714079200.511981,-4.796318654660825
1714079200.512094,-4.767131805419922
1714079200.5122068,-4.739112324184841
1714079200.5123198,-4.707590297416404
1714079200.5124326,-4.674900902642144
1714079200.5125456,-4.64454624387953
1714079200.5126584,-4.614192026632804
1714079200.5127714,-4.583837367870189
1714079200.5128841,-4.560487800174289
1714079200.5129972,-4.5348034964667425
1714079200.5131102,-4.5137886647824885
1714079200.513223,-4.493941642619945
1714079200.513336,-4.467089529390688
1714079200.5134487,-4.443739961694788
1714079200.5135617,-4.4133853029321735
1714079200.5136745,-4.381863276163736
1714079200.5137875,-4.355011162934479
1714079200.5139003,-4.3223217681602195
1714079200.5140133,-4.291967550913492
1714079200.5141263,-4.267450173695882
1714079200.514239,-4.240598060466625
1714079200.514352,-4.217248492770724
1714079200.5144649,-4.193898925074825
1714079200.5145779,-4.165879443839744
1714079200.5146906,-4.13669259459884
1714079200.5148036,-4.10283539030287
1714079200.5149164,-4.06664389151114
1714079200.5150294,-4.030451951203522
1714079200.5151424,-3.9919248333683717
1714079200.5152552,-3.9510629795215744
1714079200.5153682,-3.916038848735668
1714079200.515481,-3.877511730900517
1714079200.515594,-3.8401524225870767
1714079200.5157068,-3.798123200734456
1714079200.5158198,-3.757261346887659
1714079200.5159326,-3.708227475484212
1714079200.5160456,-3.6568582057952876
1714079200.5161583,-3.5973166977917703
1714079200.5162714,-3.537775189788253
1714079200.5163844,-3.4712288114759655
1714079200.5164971,-3.407017389933268
1714079200.5166101,-3.3381360548513905
1714079200.516723,-3.271589676539103
1714079200.516836,-3.2038759302209923
1714079200.5169487,-3.129157092836168
1714079200.5170617,-3.0544382554513434
1714079200.5171745,-2.9727147685156927
1714079200.5172875,-2.886321147282918
1714079200.5174005,-2.797592790038497
1714079200.5175133,-2.7018593417273626
1714079200.5176263,-2.601455979877048
1714079200.517739,-2.49988525002091
1714079200.517852,-2.393644606625592
1714079200.5179648,-2.2885713312360974
1714079200.5180779,-2.1764931855378324
1714079200.5181906,-2.066749996609158
1714079200.5183036,-1.9511695261354798
1714079200.5184166,-1.8320866205074169
1714079200.5185294,-1.7071662125764069
1714079200.5186424,-1.577575891106217
1714079200.5187552,-1.443315656096847
1714079200.5188682,-1.309055421087477
1714079200.518981,-1.1642878806149517
1714079200.519094,-1.0206878185272217
1714079200.5192068,-0.8689154077459265
1714079200.5193198,-0.7241478672734013
1714079200.5194325,-0.5723754013026202
1714079200.5195456,-0.41826803375173494
1714079200.5196586,-0.2664955953756968
1714079200.5197713,-0.11122073564264509
1714079200.5198843,0.04873358885999079
1714079200.5199971,0.21221280373908855
1714079200.5201101,0.38153054537596526
1714079200.520223,0.5496806016674748
1714079200.520336,0.7166629036267598
1714079200.5204487,0.8929869091069256
1714079200.5205617,1.0623046645411738
1714079200.5206747,1.2327901743076466
1714079200.5207875,1.4009401754096702
1714079200.5209005,1.5667547782262166
1714079200.5210133,1.7314016819000242
1714079200.5211263,1.8948808864310935
1714079200.521239,2.059527900483873
1714079200.521352,2.2265100920641863
1714079200.5214648,2.3923249156386763
1714079200.5215778,2.5593071072189892
1714079200.5216908,2.722786311750059
1714079200.5218036,2.8804269101884628
1714079200.5219166,3.0357323310993336
1714079200.5220294,3.187534323445073
1714079200.5221424,3.3276593243634256
1714079200.5222552,3.4654489269963014
1714079200.5223682,3.597400144294456
1714079200.522481,3.731686539120144
1714079200.522594,3.8613023581328214
1714079200.522707,3.9874147485803673
1714079200.5228198,4.11235977102209
1714079200.5229328,4.227962758806016
1714079200.5230455,4.343565746589943
1714079200.5231586,4.4486597732261375
1714079200.5232713,4.545579574726245
1714079200.5233843,4.6401637571829335
1714079200.523497,4.721903359448468
1714079200.52361,4.801307784186469
1714079200.523723,4.876040970837628
1714079200.523836,4.946103360917832
1714079200.523949,5.016166192513925
1714079200.5240617,5.081557786023175
1714079200.5241747,5.138775595912227
1714079200.5242875,5.192489977236147
1714079200.5244005,5.24036619398329
1714079200.5245132,5.281235995116057
1714079200.5246263,5.31743499967787
1714079200.524739,5.343124601576063
1714079200.524852,5.369982012995967
1714079200.524965,5.3874973897580745
1714079200.5250778,5.402677588992648
1714079200.5251908,5.416689978705512
1714079200.5253036,5.424864203841597
1714079200.5254166,5.4330379874617964
1714079200.5255294,5.434205796983506
1714079200.5256424,5.436541416026928
1714079200.5257552,5.431870177940086
1714079200.5258682,5.422528584798177
1714079200.5259812,5.413186991656268
1714079200.526094,5.399174601943404
1714079200.526207,5.38399440270883
1714079200.5263197,5.366478584430835
1714079200.5264328,5.347795398147017
1714079200.5265455,5.329112211863199
1714079200.5266585,5.3057577874925395
1714079200.5267713,5.28357117264359
1714079200.5268843,5.260217189788818
1714079200.526997,5.2368632069340455
1714079200.52711,5.213508782563386
1714079200.527223,5.1913226092303235
1714079200.527336,5.16446519781042
1714079200.527449,5.137607786390516
1714079200.5275617,5.111918184492323
1714079200.5276747,5.081557786023175
1714079200.5277874,5.050029578032317
1714079200.5279005,5.0231721666124125
1714079200.5280132,4.992811768143265
1714079200.5281262,4.967122166245072
1714079200.5282393,4.942600373868589
1714079200.528352,4.916910771970396
1714079200.528465,4.890053360550492
1714079200.5285778,4.866699377695719
1714079200.5286908,4.839841966275816
1714079200.5288036,4.811817186850088
1714079200.5289166,4.782624156386763
1714079200.5290294,4.752263757917616
1714079200.5291424,4.723071168970178
1714079200.5292554,4.695046389544451
1714079200.5293682,4.668188978124547
1714079200.5294812,4.643667185748065
1714079200.529594,4.617977583849871
1714079200.529707,4.593455791473389
1714079200.5298197,4.568933557581018
1714079200.5299327,4.539740968633581
1714079200.5300455,4.512883557213677
1714079200.5301585,4.481355349222818
1714079200.5302713,4.446324154182716
1714079200.5303843,4.4171315652352785
1714079200.5304973,4.380932560673466
1714079200.53061,4.350572162204318
1714079200.530723,4.31904395421346
1714079200.5308359,4.288683555744312
1714079200.5309489,4.255987979747631
1714079200.5310616,4.223291962235062
1714079200.5311747,4.187092957673249
1714079200.5312874,4.149726143589726
1714079200.5314004,4.1030177363642935
1714079200.5315135,4.059812757703993
1714079200.5316262,4.009601363429317
1714079200.5317392,3.960557337160463
1714079200.531852,3.9115137524074974
1714079200.531965,3.8601345486111107
1714079200.5320778,3.8075875352930137
1714079200.5321908,3.7550409634908037
1714079200.5323036,3.698990742365519
1714079200.5324166,3.63943753419099
1714079200.5325296,3.5752137502034502
1714079200.5326424,3.5063189488870123
1714079200.5327554,3.4339209397633867
1714079200.5328681,3.3556843245470964
1714079200.5329812,3.27861573961046
1714079200.533094,3.1992115356304027
1714079200.533207,3.1139687255576805
1714079200.5333197,3.0298937250066684
1714079200.5334327,2.942315516648469
1714079200.5335457,2.850066511719315
1714079200.5336585,2.756649918026394
1714079200.5337715,2.657394718240808
1714079200.5338843,2.5499655140770803
1714079200.5339973,2.4402009116278753
1714079200.53411,2.3257655126077155
1714079200.534223,2.2043236979731806
1714079200.5343359,2.0852175023820663
1714079200.5344489,1.9614402894620542
1714079200.5345616,1.8364954877782749
1714079200.5346746,1.7068798895235413
1714079200.5347877,1.57376108346162
1714079200.5349004,1.4418099765424375
1714079200.5350134,1.2993495773386072
1714079200.5351262,1.1580567668985438
1714079200.5352392,1.010925460744787
1714079200.535352,0.8579556588773374
1714079200.535465,0.7038181578671491
1714079200.5355778,0.5450097499070343
1714079200.5356908,0.38386597125618543
1714079200.5358038,0.2215544658678549
1714079200.5359166,0.0604106734196345
1714079200.5360296,-0.10188088786822777
1714079200.5361423,-0.2641606386061068
1714079200.5362554,-0.43227780196401805
1714079200.5363681,-0.6003949377271863
1714079200.5364811,-0.7673446227003027
1714079200.536594,-0.942466656366984
1714079200.536707,-1.1164211564593844
1714079200.53682,-1.2915432453155518
1714079200.5369327,-1.4678327021775421
1714079200.5370457,-1.6371173991097343
1714079200.5371585,-1.8087369424325448
1714079200.5372715,-1.97918900737056
1714079200.5373843,-2.148473704302752
1714079200.5374973,-2.3130884876957643
1714079200.53761,-2.47653568232501
1714079200.537723,-2.637647920184665
1714079200.5378358,-2.799927746808087
1714079200.5379488,-2.9598723959039757
1714079200.5380619,-3.1174823089882175
1714079200.5381746,-3.269254719769513
1714079200.5382876,-3.423362087320398
1714079200.5384004,-3.56462730301751
1714079200.5385134,-3.7058922979566784
1714079200.5386262,-3.83781768657543
1714079200.5387392,-3.9639053521332914
1714079200.538852,-4.0829883681403265
1714079200.538965,-4.197401470608181
1714079200.539078,-4.309479395548502
1714079200.5391908,-4.420390393998887
1714079200.5393038,-4.520793314333315
1714079200.5394166,-4.62236448570534
1714079200.5395296,-4.711092842949761
1714079200.5396423,-4.797486464182535
1714079200.5397553,-4.878042362354419
1714079200.539868,-4.946923697436297
1714079200.5399811,-5.0134702965065285
1714079200.5400941,-5.071843994988336
1714079200.540207,-5.123213485435203
1714079200.54032,-5.171079988832827
1714079200.5404327,-5.211941842679624
1714079200.5405457,-5.249301150993064
1714079200.5406585,-5.286660459306504
1714079200.5407715,-5.312345204529938
1714079200.5408843,-5.335694772225839
1714079200.5409973,-5.353207058376736
1714079200.5411103,-5.366048989472565
1714079200.541223,-5.376556626072636
1714079200.541336,-5.381226539611816
1714079200.5414488,-5.382393907617639
1714079200.5415618,-5.377723994078459
1714079200.5416746,-5.369551535005923
1714079200.5417876,-5.361379075933385
1714079200.5419004,-5.349704512843379
1714079200.5420134,-5.335694772225839
1714079200.5421262,-5.319349854080765
1714079200.5422392,-5.301837567929868
1714079200.5423522,-5.281990545767324
1714079200.542465,-5.263310891610605
1714079200.542578,-5.242296501442238
1714079200.5426908,-5.21427657869127
1714079200.5428038,-5.187424906977901
1714079200.5429165,-5.153567702681929
1714079200.5430295,-5.120878307907669
1714079200.5431423,-5.091691458666766
1714079200.5432553,-5.0566668863649715
1714079200.5433683,-5.027480037124068
1714079200.543481,-4.9982927463672775
1714079200.5435941,-4.969105897126374
1714079200.543707,-4.942253783897117
1714079200.54382,-4.9130669346562135
1714079200.5439327,-4.885047453421133
1714079200.5440457,-4.851190249125162
1714079200.5441585,-4.819668663872613
1714079200.5442715,-4.786978827582465
1714079200.5443845,-4.7531220648023815
1714079200.5444973,-4.722767406039767
1714079200.5446103,-4.692413188793041
1714079200.544723,-4.66906362109714
1714079200.544836,-4.64454624387953
1714079200.5449488,-4.62236448570534
1714079200.5450618,-4.59784710848773
1714079200.5451746,-4.570994995258472
1714079200.5452876,-4.546478059556748
1714079200.5454004,-4.5137886647824885
1714079200.5455134,-4.485769183547408
1714079200.5456264,-4.454247156778971
1714079200.5457392,-4.425060307538067
1714079200.5458522,-4.399375562314634
1714079200.545965,-4.371356081079553
1714079200.546078,-4.352676426922833
1714079200.5461907,-4.329326859226933
1714079200.5463037,-4.308312027542679
1714079200.5464165,-4.282627723835132
1714079200.5465295,-4.254608242600052
1714079200.5466425,-4.224253583837438
1714079200.5467553,-4.191564189063178
1714079200.5468683,-4.1577069847672075
1714079200.546981,-4.121515485975477
1714079200.547094,-4.091160827212863
1714079200.5472069,-4.059638800444426
1714079200.54732,-4.026949405670166
1714079200.5474327,-3.997762556429262
1714079200.5475457,-3.962737984127468
1714079200.5476587,-3.9277134118256742
1714079200.5477715,-3.8856841899730536
1714079200.5478845,-3.8389850545812534
1714079200.5479972,-3.7922859191894527
1714079200.5481102,-3.739749060736762
1714079200.548223,-3.6883800118057812
1714079200.548336,-3.634676006105211
1714079200.5484488,-3.5809720004046404
1714079200.5485618,-3.527267773946126
1714079200.5486748,-3.4700612227121987
1714079200.5487876,-3.4163572170116283
1714079200.5489006,-3.3509784274631076
1714079200.5490134,-3.28676700592041
1714079200.5491264,-3.2132157572993525
1714079200.5492392,-3.133827006375348
1714079200.5493522,-3.05560584421511
1714079200.549465,-2.969212222982336
1714079200.549578,-2.8828188225075047
1714079200.5496907,-2.792922876499317
1714079200.5498037,-2.7041942984969527
1714079200.5499167,-2.607293482179995
1714079200.5500295,-2.51156003386886
1714079200.5501425,-2.4099893040127225
1714079200.5502553,-2.3025810718536377
1714079200.5503683,-2.192837882924963
1714079200.550481,-2.0737550876758717
1714079200.550594,-1.9523371148992466
1714079200.5507069,-1.825081639819675
1714079200.5508199,-1.6966589071132518
1714079200.550933,-1.5612311937190868
1714079200.5510457,-1.4293059154793066
1714079200.5511587,-1.2892082885459617
1714079200.5512714,-1.1514456183822066
1714079200.5513844,-1.0125154698336565
1714079200.5514972,-0.8642454942067463
1714079200.5516102,-0.7183104201599403
1714079200.551723,-0.5642030526090551
1714079200.551836,-0.4077607006938369
1714079200.551949,-0.24781591362423366
1714079200.5520618,-0.08553616978504039
1714079200.5521748,0.07792630543311437
1714079200.5522876,0.24724406776604826
1714079200.5524006,0.41305867058259466
1714079200.5525134,0.5800410001366226
1714079200.5526264,0.7435202046676918
1714079200.5527391,0.9105025618164627
1714079200.5528522,1.0763171646330092
1714079200.552965,1.2444672761140045
1714079200.553078,1.4126172772160281
1714079200.553191,1.5854381852679782
1714079200.5533037,1.7605944916054053
1714079200.5534167,1.9299120814711959
1714079200.5535295,2.103900688665884
1714079200.5536425,2.270883101004141
1714079200.5537553,2.435530115056921
1714079200.5538683,2.5966739213025125
1714079200.553981,2.7554821085046837
1714079200.554094,2.907284321608367
1714079200.554207,3.0579187251903392
1714079200.5543199,3.2108885270577887
1714079200.5544329,3.359187532354284
1714079200.5545456,3.5098219359362566
1714079200.5546587,3.652282335140087
1714079200.5547714,3.7924073360584396
1714079200.5548844,3.927861761163782
1714079200.5549972,4.057477138660572
1714079200.5551102,4.1754157454879195
1714079200.5552232,4.287515746222602
1714079200.555336,4.394944950386329
1714079200.555449,4.495368180451569
1714079200.5555618,4.593455791473389
1714079200.5556748,4.686872164408365
1714079200.5557876,4.777953359815809
1714079200.5559006,4.862028581124765
1714079200.5560133,4.940265196341055
1714079200.5561264,5.012662763948794
1714079200.5562391,5.076886989452221
1714079200.5563521,5.135272167347095
1714079200.5564651,5.187819180665192
1714079200.556578,5.231024600841381
1714079200.556691,5.2730622114958585
1714079200.5568037,5.3057577874925395
1714079200.5569167,5.339621173010932
1714079200.5570295,5.367646393952546
1714079200.5571425,5.39450380537245
1714079200.5572553,5.417857788227222
1714079200.5573683,5.431870177940086
1714079200.5574813,5.44821818669637
1714079200.557594,5.452888983267324
1714079200.557707,5.457559779838279
1714079200.5578198,5.455224602310746
1714079200.5579329,5.452888983267324
1714079200.5580456,5.445883009168837
1714079200.5581586,5.435373606505217
1714079200.5582714,5.4236963943198875
1714079200.5583844,5.410851814128734
1714079200.5584974,5.39450380537245
1714079200.5586102,5.375820177572744
1714079200.5587232,5.359472610332348
1714079200.558836,5.336118185961688
1714079200.558949,5.316267190156159
1714079200.5590618,5.292913207301387
1714079200.5591748,5.266055795881483
1714079200.5592875,5.243869181032534
1714079200.5594006,5.21701176961263
1714079200.5595136,5.181980574572528
1714079200.5596263,5.159794401239465
1714079200.5597394,5.125930574205186
1714079200.5598521,5.097905794779459
1714079200.5599651,5.069880573837845
1714079200.560078,5.046526590983072
1714079200.560191,5.020836989084879
1714079200.5603037,4.991644400137441
1714079200.5604167,4.965954798239248
1714079200.5605295,4.9367617677759235
1714079200.5606425,4.909904797871907
1714079200.5607555,4.876040970837628
1714079200.5608683,4.848016191411901
1714079200.5609813,4.8129849963717986
1714079200.561094,4.790798381522849
1714079200.561207,4.763940970102945
1714079200.5613198,4.740586987248173
1714079200.5614328,4.717232562877514
1714079200.5615456,4.689207783451787
1714079200.5616586,4.6670211686028376
1714079200.5617716,4.6378285796554
1714079200.5618844,4.609803358713785
1714079200.5619974,4.579442960244638
1714079200.5621102,4.551418180818911
1714079200.5622232,4.517554353784631
1714079200.562336,4.4895295743589045
1714079200.562449,4.4626721629390005
1714079200.5625618,4.433479573991563
1714079200.5626748,4.40662216257166
1714079200.5627878,4.377429573624222
1714079200.5629005,4.349404352682608
1714079200.5630136,4.315540967164216
1714079200.5631263,4.278174153080693
1714079200.5632393,4.240807780513057
1714079200.563352,4.198770169858579
1714079200.563465,4.155564749682391
1714079200.563578,4.11235977102209
1714079200.563691,4.072657337895146
1714079200.5638037,4.031787536762379
1714079200.5639167,3.9885825581020775
1714079200.5640297,3.944209769920066
1714079200.5641425,3.893997934129503
1714079200.5642555,3.841451362327293
1714079200.5643682,3.7842335524382413
1714079200.5644813,3.724680565021656
1714079200.564594,3.660456339518229
1714079200.564707,3.5962323347727456
1714079200.5648198,3.5273375334563077
1714079200.5649328,3.4561073338543924
1714079200.5650458,3.3872125325379545
1714079200.5651586,3.313646934650562
1714079200.5652716,3.2412489255269366
1714079200.5653844,3.159509323261402
1714079200.5654974,3.0766021322321007
1714079200.5656102,2.986688525588424
1714079200.5657232,2.8956073301809804
1714079200.565836,2.7975197191591614
1714079200.565949,2.694761311566388
1714079200.566062,2.5920029039736145
1714079200.5661747,2.4845736998098866
1714079200.5662878,2.3771444956461587
1714079200.5664005,2.2638769061477095
1714079200.5665135,2.1494415071275497
1714079200.5666263,2.0315029003002025
1714079200.5667393,1.9077256873801902
1714079200.566852,1.7792777882681952
1714079200.566965,1.6449912830635351
1714079200.567078,1.5072016804306594
1714079200.567191,1.3647411708478574
1714079200.567304,1.21994537335855
1714079200.5674167,1.0716463680620545
1714079200.5675297,0.9210119092905962
1714079200.5676425,0.7703775057086237
1714079200.5677555,0.6162400046984354
1714079200.5678682,0.4609347493560226
1714079200.5679812,0.30095864225316926
1714079200.568094,0.13981486360232034
1714079200.568207,-0.023659717084632978
1714079200.56832,-0.19411182513943423
1714079200.5684328,-0.35989403172775547
1714079200.5685458,-0.5338485594148988
1714079200.5686586,-0.7066356363119902
1714079200.5687716,-0.8805901915938765
1714079200.5688844,-1.0557122804500438
1714079200.5689974,-1.226164345388059
1714079200.5691102,-1.3977838887108696
1714079200.5692232,-1.5670685856430617
1714079200.5693362,-1.7386881289658722
1714079200.569449,-1.9044703907436793
1714079200.569562,-2.072587498912105
1714079200.5696747,-2.241872195844297
1714079200.5697877,-2.4076543472431324
1714079200.5699005,-2.5734364986419678
1714079200.5700135,-2.736883693271213
1714079200.5701263,-2.896828563125045
1714079200.5702393,-3.0474333851425732
1714079200.5703523,-3.2003733846876354
1714079200.570465,-3.3439735571543374
1714079200.570578,-3.482903595323916
1714079200.5706909,-3.6171637199543136
1714079200.5708039,-3.751424065342656
1714079200.5709167,-3.8798469084280507
1714079200.5710297,-4.005934573985912
1714079200.5711424,-4.13202268105966
1714079200.5712554,-4.249937887544985
1714079200.5713682,-4.36084888599537
1714079200.5714812,-4.469424265402335
1714079200.5715942,-4.566325081719293
1714079200.571707,-4.660891162024604
1714079200.57182,-4.746117415251555
1714079200.5719328,-4.8278406814292625
1714079200.5720458,-4.89788982603285
1714079200.5721586,-4.966771161114727
1714079200.5722716,-5.028647405129892
1714079200.5723844,-5.087021545127586
1714079200.5724974,-5.140725330070213
1714079200.5726104,-5.18625709745619
1714079200.5727232,-5.22828631930881
1714079200.5728362,-5.260976155598958
1714079200.572949,-5.292497740851508
1714079200.573062,-5.314679940541585
1714079200.5731747,-5.3333595946983055
1714079200.5732877,-5.347369335315845
1714079200.5734005,-5.355541794388382
1714079200.5735135,-5.361379075933385
1714079200.5736265,-5.363714253460919
1714079200.5737393,-5.363714253460919
1714079200.5738523,-5.359044339921739
1714079200.573965,-5.354374426382559
1714079200.574078,-5.345034599304199
1714079200.5741909,-5.3333595946983055
1714079200.5743039,-5.321685031608299
1714079200.5744166,-5.301837567929868
1714079200.5745296,-5.284325723294859
1714079200.5746427,-5.259808346077247
1714079200.5747554,-5.235291410375524
1714079200.5748684,-5.20960666515209
1714079200.5749812,-5.182754993438721
1714079200.5750942,-5.154735070687753
1714079200.575207,-5.129050766980206
1714079200.57532,-5.103366021756773
1714079200.5754328,-5.076513908527515
1714079200.5755458,-5.053164340831615
1714079200.5756586,-5.0251448595965345
1714079200.5757716,-4.994790642349808
1714079200.5758846,-4.962101247575547
1714079200.5759974,-4.931746588812934
1714079200.5761104,-4.89672201651114
1714079200.5762231,-4.862865253731056
1714079200.5763361,-4.832510594968443
1714079200.576449,-4.802156377721715
1714079200.576562,-4.772969086964925
1714079200.5766747,-4.749619519269024
1714079200.5767877,-4.7216000380339445
1714079200.5769007,-4.695915734326397
1714079200.5770135,-4.66906362109714
1714079200.5771265,-4.637541594328703
1714079200.5772393,-4.607186935566089
1714079200.5773523,-4.576832718319363
1714079200.577465,-4.544143323545103
1714079200.577578,-4.516123400794135
1714079200.5776908,-4.488103919559054
1714079200.5778039,-4.468256897396511
1714079200.5779169,-4.442572152173077
1714079200.5780296,-4.422725130010534
1714079200.5781426,-4.400542930320457
1714079200.5782554,-4.374858626612911
1714079200.5783684,-4.348006513383653
1714079200.5784812,-4.317651854621039
1714079200.5785942,-4.287297637374312
1714079200.578707,-4.255775610605875
1714079200.57882,-4.225420951843262
1714079200.5789328,-4.199736648135715
1714079200.5790458,-4.172884534906458
1714079200.5791588,-4.150702335216381
1714079200.5792716,-4.121515485975477
1714079200.5793846,-4.09466337274622
1714079200.5794973,-4.059638800444426
1714079200.5796103,-4.023446860136809
1714079200.5797231,-3.9860875518233687
1714079200.5798361,-3.9463930659823947
1714079200.579949,-3.9020291081181275
1714079200.580062,-3.8599998862655074
1714079200.580175,-3.810965573346173
1714079200.5802877,-3.771271087505199
1714079200.5804007,-3.7280744976467552
1714079200.5805135,-3.680207773491188
1714079200.5806265,-3.6335086380993875
1714079200.5807393,-3.5763020868654603
1714079200.5808523,-3.5237654491707127
1714079200.580965,-3.4583864388642485
1714079200.581078,-3.3906726925461377
1714079200.581191,-3.32179135746426
1714079200.5813038,-3.2494074768490258
1714079200.5814168,-3.1735212714583785
1714079200.5815296,-3.1011376116010876
1714079200.5816426,-3.0205814926712597
1714079200.5817554,-2.9435276985168457
1714079200.5818684,-2.860636622817428
1714079200.5819812,-2.7742430015846535
1714079200.5820942,-2.680844730801052
1714079200.582207,-2.5862788712536844
1714079200.58232,-2.484707920639603
1714079200.582433,-2.377299909238462
1714079200.5825458,-2.2698916770793773
1714079200.5826588,-2.1531436178419323
1714079200.5827715,-2.0398981041378446
1714079200.5828846,-1.9208150881308095
1714079200.5829973,-1.8017320721237746
1714079200.5831103,-1.6791466209623547
1714079200.583223,-1.5518913666407266
1714079200.583336,-1.4223010451705367
1714079200.5834491,-1.2857058533915766
1714079200.583562,-1.1467757048430265
1714079200.583675,-1.0020081643705014
1714079200.5837877,-0.8537381335541053
1714079200.5839007,-0.6984632876184251
1714079200.5840135,-0.5443559200675399
1714079200.5841265,-0.3855785837879887
1714079200.5842392,-0.22913623187277052
1714079200.5843523,-0.07035892318796227
1714079200.5844653,0.08843568050199084
1714079200.584578,0.24957946605152553
1714079200.584691,0.4153940964628149
1714079200.5848038,0.578873300993884
1714079200.5849168,0.751694209045834
1714079200.5850296,0.924515061908298
1714079200.5851426,1.0961682708175093
1714079200.5852554,1.2713245771549366
1714079200.5853684,1.4453130739706532
1714079200.5854814,1.6181339820226033
1714079200.5855942,1.7816131865536724
1714079200.5857072,1.9497632980346677
1714079200.58582,2.1120746930440264
1714079200.585933,2.2732184992896185
1714079200.5860457,2.43436230553521
1714079200.5861588,2.5955061117808023
1714079200.5862715,2.757817506790161
1714079200.5863845,2.9154583259865086
1714079200.5864973,3.0754343227103904
1714079200.5866103,3.2295719340995506
1714079200.5867233,3.3755355411105685
1714079200.586836,3.5179959403143988
1714079200.586949,3.653450144661797
1714079200.587062,3.7818979333948204
1714079200.587175,3.9091781333640765
1714079200.5872877,4.031787536762379
1714079200.5874007,4.148558775583902
1714079200.5875134,4.26532957288954
1714079200.5876265,4.378597383145933
1714079200.5877395,4.488361764837194
1714079200.5878522,4.592287981951678
1714079200.5879653,4.6857043548866555
1714079200.588078,4.775618182288276
1714079200.588191,4.853854797504566
1714079200.5883038,4.929755793677436
1714079200.5884168,4.997482564714219
1714079200.5885296,5.0593711711742255
1714079200.5886426,5.121259777634232
1714079200.5887556,5.174974600474039
1714079200.5888684,5.226353804270426
1714079200.5889814,5.270726592452437
1714079200.5890942,5.315099380634448
1714079200.5892072,5.352466194717972
1714079200.58932,5.380490974143699
1714079200.589433,5.4050132080360695
1714079200.5895457,5.421360775276466
1714079200.5896587,5.436541416026928
1714079200.5897715,5.445883009168837
1714079200.5898845,5.449385996218081
1714079200.5899975,5.452888983267324
1714079200.5901103,5.450553805739791
1714079200.5902233,5.44821818669637
1714079200.590336,5.444715199647126
1714079200.590449,5.4330379874617964
1714079200.5905619,5.424864203841597
1714079200.5906749,5.409684004607024
1714079200.5907876,5.395671614894161
1714079200.5909007,5.375820177572744
1714079200.5910137,5.357136991288926
1714079200.5911264,5.333783008434154
1714079200.5912395,5.309260774541784
1714079200.5913522,5.289409778736255
1714079200.5914652,5.263720176838062
1714079200.591578,5.238030574939868
1714079200.591691,5.215844401606807
1714079200.5918038,5.192489977236147
1714079200.5919168,5.167968184859664
1714079200.5920298,5.1411107734397605
1714079200.5921426,5.115421171541567
1714079200.5922556,5.08856420163755
1714079200.5923684,5.060538980695936
1714079200.5924814,5.031346391748499
1714079200.5925941,4.99865037423593
1714079200.5927072,4.969457785288492
1714079200.59282,4.939097386819345
1714079200.592933,4.91107216587773
1714079200.593046,4.885382563979537
1714079200.5931587,4.859692962081343
1714079200.5932717,4.836338979226571
1714079200.5933845,4.809481567806667
1714079200.5934975,4.782624156386763
1714079200.5936103,4.752263757917616
1714079200.5937233,4.723071168970178
1714079200.593836,4.693878580022741
1714079200.593949,4.660014752988462
1714079200.5940619,4.6308221640410245
1714079200.5941749,4.607468181186252
1714079200.5942879,4.579442960244638
1714079200.5944006,4.5537533583464445
1714079200.5945137,4.526896388442427
1714079200.5946264,4.502374154550058
1714079200.5947394,4.47318156560262
1714079200.5948522,4.442821167133472
1714079200.5949652,4.410125149620904
1714079200.595078,4.373926145059091
1714079200.595191,4.336559772491455
1714079200.595304,4.301528577451353
1714079200.5954168,4.266496940895363
1714079200.5955298,4.229130568327727
1714079200.5956426,4.196434550815158
1714079200.5957556,4.159068178247522
1714079200.5958683,4.122869173685709
1714079200.5959814,4.0843345500804755
1714079200.5960941,4.0387939523767535
1714079200.5962071,3.9920855451513217
1714079200.5963202,3.940706341354935
1714079200.596433,3.885824150509304
1714079200.596546,3.832109327669497
1714079200.5966587,3.7737241497746217
1714079200.5967717,3.7176741494072805
1714079200.5968845,3.6592887507544622
1714079200.5969975,3.597400144294456
1714079200.5971103,3.537846936119927
1714079200.5972233,3.468952134803489
1714079200.597336,3.3965541256798635
1714079200.597449,3.31715014245775
1714079200.597562,3.236578128955982
1714079200.5976748,3.1489999205977828
1714079200.5977879,3.0625895217612937
1714079200.5979006,2.9703405168321395
1714079200.5980136,2.8780915119029857
1714079200.5981264,2.7835071086883545
1714079200.5982394,2.6819165106172913
1714079200.5983522,2.580325912546228
1714079200.5984652,2.479902903238932
1714079200.5985782,2.364299694697062
1714079200.598691,2.251032105198613
1714079200.598804,2.131925688849555
1714079200.5989168,2.006980887165776
1714079200.5990298,1.8773652889110424
1714079200.5991426,1.7465818811345983
1714079200.5992556,1.6111277871661716
1714079200.5993683,1.4721703750115853
1714079200.5994813,1.3273745775222778
1714079200.5995944,1.1895849748894018
1714079200.5997071,1.0424536687356454
1714079200.5998201,0.897657760867366
1714079200.599933,0.7470233572853936
1714079200.600046,0.5905504028002421
1714079200.6001587,0.4247357723889527
1714079200.6002717,0.2647596928808424
1714079200.6003845,0.09544193744659424
1714079200.6004975,-0.07035892318796227
1714079200.6006105,-0.2431460000850536
1714079200.6007233,-0.4089281790786319
1714079200.6008363,-0.5793803268008761
1714079200.600949,-0.7521673485084815
1714079200.601062,-0.9202845118663928
1714079200.6011748,-1.0965740239178692
1714079200.6012878,-1.2658587208500613
1714079200.6014006,-1.4363107857880768
1714079200.6015136,-1.6126002426500672
1714079200.6016264,-1.7935597234302096
1714079200.6017394,-1.966346855516787
1714079200.6018524,-2.1426362019998053
1714079200.6019652,-2.3119208989319975
1714079200.6020782,-2.477703050330833
1714079200.602191,-2.643485422487612
1714079200.602304,-2.8022627035776773
1714079200.6024168,-2.9587050278981524
1714079200.6025298,-3.1139797634548607
1714079200.6026425,-3.263417217466566
1714079200.6027555,-3.411687303472448
1714079200.6028686,-3.55995738947833
1714079200.6029813,-3.7012223844174983
1714079200.6030943,-3.8389850545812534
1714079200.603207,-3.969742633678295
1714079200.6033201,-4.091160827212863
1714079200.603433,-4.211411211225721
1714079200.603546,-4.321154400154396
1714079200.6036587,-4.422725130010534
1714079200.6037717,-4.524295859866672
1714079200.6038847,-4.616526762644449
1714079200.6039975,-4.707590297416404
1714079200.6041105,-4.791648741121645
1714079200.6042233,-4.871037712803593
1714079200.6043363,-4.946923697436297
1714079200.604449,-5.015805032518174
1714079200.604562,-5.076513908527515
1714079200.6046748,-5.13021813498603
1714079200.6047878,-5.182754993438721
1714079200.6049006,-5.222449037763807
1714079200.6050136,-5.2586409780714245
1714079200.6051266,-5.290163004839862
1714079200.6052394,-5.315847750063296
1714079200.6053524,-5.338029508237486
1714079200.6054652,-5.356709162394205
1714079200.6055782,-5.3707189030117455
1714079200.605691,-5.380059171605993
1714079200.605804,-5.388231189162642
1714079200.6059167,-5.389398998684353
1714079200.6060297,-5.389398998684353
1714079200.6061428,-5.383561275623462
1714079200.6062555,-5.373054080539279
1714079200.6063685,-5.361379075933385
1714079200.6064813,-5.345034599304199
1714079200.6065943,-5.327522313153302
1714079200.606707,-5.307675290990758
1714079200.60682,-5.284325723294859
1714079200.6069329,-5.262143523604781
1714079200.607046,-5.238793955908881
1714079200.607159,-5.215444388212981
1714079200.6072717,-5.193262188522904
1714079200.6073847,-5.165242707287823
1714079200.6074975,-5.138390594058566
1714079200.6076105,-5.108035935295953
1714079200.6077232,-5.074179172515869
1714079200.6078362,-5.041489777741608
1714079200.607949,-5.005297837433991
1714079200.608062,-4.9714410746539075
1714079200.608175,-4.942253783897117
1714079200.6082878,-4.909564389122857
1714079200.6084008,-4.882712275893599
1714079200.6085136,-4.853525426652696
1714079200.6086266,-4.826673313423439
1714079200.6087394,-4.799821200194182
1714079200.6088524,-4.769466982947455
1714079200.6089652,-4.737944956179018
1714079200.6090782,-4.706422929410581
1714079200.609191,-4.6737335346363205
1714079200.609304,-4.643378875873706
1714079200.609417,-4.616526762644449
1714079200.6095297,-4.589674649415192
1714079200.6096427,-4.567492891241002
1714079200.6097555,-4.542975514023392
1714079200.6098685,-4.521961123855025
1714079200.6099813,-4.497443746637415
1714079200.6100943,-4.474094178941514
1714079200.610207,-4.442572152173077
1714079200.61032,-4.411050566920528
1714079200.610433,-4.3806959081579135
1714079200.6105459,-4.35150905891701
1714079200.610659,-4.319987032148573
1714079200.6107717,-4.296637464452672
1714079200.6108847,-4.272120087235062
1714079200.6109974,-4.247603151533339
1714079200.6111104,-4.225420951843262
1714079200.6112232,-4.196234102602358
1714079200.6113362,-4.1682146213672775
1714079200.6114492,-4.135525226593018
1714079200.611562,-4.096998108757867
1714079200.611675,-4.063141345977783
1714079200.6117878,-4.021112124125162
1714079200.6119008,-3.9849201838175454
1714079200.6120136,-3.9498956115157515
1714079200.6121266,-3.9113689351964878
1714079200.6122394,-3.877511730900517
1714079200.6123524,-3.836650318569607
1714079200.6124651,-3.7957884647228095
1714079200.6125782,-3.751424065342656
1714079200.6126912,-3.700055016411675
1714079200.612804,-3.647518378716928
1714079200.612917,-3.5891442387192334
1714079200.6130297,-3.529602730715716
1714079200.6131427,-3.4688938547063755
1714079200.6132555,-3.4035148443999113
1714079200.6133685,-3.3451409251601607
1714079200.6134813,-3.278594546847873
1714079200.6135943,-3.2108808005297624
1714079200.6137073,-3.139664508678295
1714079200.61382,-3.063778303287647
1714079200.613933,-2.9867245091332326
1714079200.6140459,-2.9003308879004583
1714079200.6141589,-2.8116025306560375
1714079200.6142716,-2.7182040391144926
1714079200.6143847,-2.620135634033768
1714079200.6144974,-2.52089986094722
1714079200.6146104,-2.416994174321492
1714079200.6147234,-2.3119208989319975
1714079200.6148362,-2.2068476235425027
1714079200.6149492,-2.095937066608005
1714079200.615062,-1.980356596134327
1714079200.615175,-1.8612735801272922
1714079200.6152878,-1.7375206505810772
1714079200.6154008,-1.6079303291108873
1714079200.6155136,-1.4713351373319272
1714079200.6156266,-1.335907534316734
1714079200.6157393,-1.193474840234827
1714079200.6158524,-1.051042256531892
1714079200.6159654,-0.9051072928640577
1714079200.6160781,-0.7580047956219426
1714079200.6161911,-0.6109022431903415
1714079200.616304,-0.4614647891786363
1714079200.616417,-0.3085249000125461
1714079200.6165297,-0.1532500264821229
1714079200.6166427,0.006696079098791987
1714079200.6167555,0.17017528966621115
1714079200.6168685,0.3371576192202391
1714079200.6169815,0.5076431013919689
1714079200.6170943,0.6746254033512539
1714079200.6172073,0.8451108579282407
1714079200.61732,1.010925460744787
1714079200.617433,1.1790755722257826
1714079200.6175458,1.344890175042329
1714079200.6176589,1.5072016804306594
1714079200.6177716,1.675351681532683
1714079200.6178846,1.8423340938709398
1714079200.6179976,2.009316285451253
1714079200.6181104,2.1798019055966975
1714079200.6182234,2.346784097177011
1714079200.6183362,2.5125986999935574
1714079200.6184492,2.678413523568047
1714079200.618562,2.8360541220064515
1714079200.618675,2.9890239238739014
1714079200.6187878,3.1373229291703963
1714079200.6189008,3.2797833283742266
1714079200.6190138,3.42107613881429
1714079200.6191266,3.5576979319254556
1714079200.6192396,3.6954875345583313
1714079200.6193523,3.8286063406202526
1714079200.6194654,3.9593899691546404
1714079200.6195781,4.0843345500804755
1714079200.6196911,4.205776143957067
1714079200.619804,4.314373157642505
1714079200.619917,4.4194671842787
1714079200.6200297,4.517554353784631
1714079200.6201427,4.609803358713785
1714079200.6202557,4.696213757550274
1714079200.6203685,4.777953359815809
1714079200.6204815,4.853854797504566
1714079200.6205943,4.929755793677436
1714079200.6207073,4.995147387186686
1714079200.62082,5.061706790217647
1714079200.620933,5.122427587155943
1714079200.6210458,5.174974600474039
1714079200.6211588,5.221683007699472
1714079200.6212718,5.260217189788818
1714079200.6213846,5.292913207301387
1714079200.6214976,5.322105796248824
1714079200.6216104,5.351298385196261
1714079200.6217234,5.372317190523501
1714079200.6218362,5.393335995850739
1714079200.6219492,5.406180576041892
1714079200.622062,5.420193407270643
1714079200.622175,5.430702809934263
1714079200.622288,5.435373606505217
1714079200.6224008,5.435373606505217
1714079200.6225138,5.434205796983506
1714079200.6226265,5.4283671908908415
1714079200.6227396,5.416689978705512
1714079200.6228523,5.408516195085313
1714079200.6229653,5.391000376807319
1714079200.623078,5.372317190523501
1714079200.623191,5.357136991288926
1714079200.623304,5.336118185961688
1714079200.623417,5.316267190156159
1714079200.62353,5.2964161943506305
1714079200.6236427,5.271894401974148
1714079200.6237557,5.250875596646909
1714079200.6238685,5.226353804270426
1714079200.6239815,5.198328583328812
1714079200.6240942,5.173806790952329
1714079200.6242073,5.144614202004892
1714079200.62432,5.116588981063277
1714079200.624433,5.089731569643374
1714079200.624546,5.058203803168403
1714079200.6246588,5.031346391748499
1714079200.6247718,5.004488980328595
1714079200.6248846,4.981134997473823
1714079200.6249976,4.956612763581452
1714079200.6251104,4.929755793677436
1714079200.6252234,4.906401369306776
1714079200.6253362,4.878376589881049
1714079200.6254492,4.848016191411901
1714079200.6255622,4.819990970470287
1714079200.625675,4.790798381522849
1714079200.625788,4.759270173531991
1714079200.6259007,4.732412762112087
1714079200.6260138,4.70322017316465
1714079200.6261265,4.679866190309878
1714079200.6262395,4.655343956417507
1714079200.6263523,4.6308221640410245
1714079200.6264653,4.605132562142831
1714079200.6265783,4.578275150722927
1714079200.626691,4.5502503712972
1714079200.626804,4.517554353784631
1714079200.626917,4.48602658730966
1714079200.62703,4.455665747324625
1714079200.6271427,4.420634552284523
1714079200.6272557,4.392609772858796
1714079200.6273685,4.362249374389648
1714079200.6274815,4.3307211663987895
1714079200.6275942,4.303863754978886
1714079200.6277072,4.266496940895363
1714079200.6278203,4.232633555376971
1714079200.627933,4.194099373287624
1714079200.628046,4.150893953111436
1714079200.6281588,4.107688974451135
1714079200.6282718,4.059812757703993
1714079200.6283846,4.010769172951027
1714079200.6284976,3.9675637527748386
1714079200.6286104,3.9173523585001626
1714079200.6287234,3.8694761417530197
1714079200.6288364,3.8192647474783437
1714079200.6289492,3.7632147471110025
1714079200.6290622,3.710667733792905
1714079200.629175,3.6476115385691323
1714079200.629288,3.584555343345359
1714079200.6294007,3.516828130792688
1714079200.6295137,3.4444303424270064
1714079200.6296265,3.3673615367324263
1714079200.6297395,3.2972989258942778
1714079200.6298525,3.216727133150454
1714079200.6299653,3.138490517934163
1714079200.6300783,3.0579187251903392
1714079200.630191,2.9703405168321395
1714079200.630304,2.8839301179956505
1714079200.6304169,2.7881781260172525
1714079200.6305299,2.6819165106172913
1714079200.6306427,2.579158103024518
1714079200.6307557,2.4682259118115457
1714079200.6308684,2.3584613093623408
1714079200.6309814,2.24169029129876
1714079200.6310945,2.122584095707646
1714079200.6312072,2.0011425018310547
1714079200.6313202,1.8761977001472754
1714079200.631433,1.7500850889417858
1714079200.631546,1.6181339820226033
1714079200.6316588,1.481512078532466
1714079200.6317718,1.3425547767568518
1714079200.6318846,1.1942557714603566
1714079200.6319976,1.0436213678783839
1714079200.6321106,0.8894838116787097
1714079200.6322234,0.7353462554790355
1714079200.6323364,0.5753702035656681
1714079200.6324492,0.41189097143985604
1714079200.6325622,0.2507471927890071
1714079200.632675,0.08843568050199084
1714079200.632788,-0.07619632890930882
1714079200.6329007,-0.2431460000850536
1714079200.6330137,-0.41126313584822194
1714079200.6331267,-0.5828827619552612
1714079200.6332395,-0.7568373172371475
1714079200.6333525,-0.9319593509038289
1714079200.6334653,-1.1070813293810242
1714079200.6335783,-1.2857058533915766
1714079200.633691,-1.459660353483977
1714079200.633804,-1.6324474855705542
1714079200.6339169,-1.8040670288933647
1714079200.6340299,-1.9710167690559668
1714079200.6341429,-2.1403012452302153
1714079200.6342556,-2.3049160286232278
1714079200.6343687,-2.468363223252473
1714079200.6344814,-2.6318104178817183
1714079200.6345944,-2.7940902445051403
1714079200.6347072,-2.9552024823647955
1714079200.6348202,-3.1139797634548607
1714079200.634933,-3.266919762999923
1714079200.635046,-3.4163572170116283
1714079200.6351588,-3.558789800714563
1714079200.6352718,-3.695385102872495
1714079200.6353848,-3.8261426819695363
1714079200.6354976,-3.9533981570491084
1714079200.6356106,-4.078318454601146
1714079200.6357234,-4.193898925074825
1714079200.6358364,-4.310647205070213
1714079200.6359491,-4.420390393998887
1714079200.6360621,-4.527798405400029
1714079200.636175,-4.62703439924452
1714079200.636288,-4.718097492500587
1714079200.636401,-4.804491113733362
1714079200.6365137,-4.883879643899423
1714079200.6366267,-4.955096156508834
1714079200.6367395,-5.0193075780515315
1714079200.6368525,-5.080016454060872
1714079200.6369653,-5.1313855029918525
1714079200.6370783,-5.182754993438721
1714079200.637191,-5.224784215291341
1714079200.637304,-5.260976155598958
1714079200.637417,-5.2960002863848645
1714079200.6375299,-5.3228523996141215
1714079200.6376429,-5.346201967310022
1714079200.6377556,-5.366048989472565
1714079200.6378686,-5.377723994078459
1714079200.6379814,-5.3858964531509965
1714079200.6380944,-5.3917337346959995
1714079200.6382072,-5.389398998684353
1714079200.6383202,-5.384729085145173
1714079200.638433,-5.377723994078459
1714079200.638546,-5.369551535005923
1714079200.638659,-5.359044339921739
1714079200.6387718,-5.345034599304199
1714079200.6388848,-5.331024858686659
1714079200.6389976,-5.312345204529938
1714079200.6391106,-5.2960002863848645
1714079200.6392233,-5.273818086694788
1714079200.6393363,-5.248133782987241
1714079200.6394491,-5.221281669757984
1714079200.6395621,-5.193262188522904
1714079200.6396751,-5.161740161754467
1714079200.639788,-5.132553312513563
1714079200.639901,-5.098696108217593
1714079200.6400137,-5.069509258976689
1714079200.6401267,-5.043824513753255
1714079200.6402395,-5.011135118978994
1714079200.6403525,-4.985450815271448
1714079200.6404653,-4.955096156508834
1714079200.6405783,-4.922406761734574
1714079200.6406913,-4.890884734966137
1714079200.640804,-4.8593627081976996
1714079200.640917,-4.822003399884259
1714079200.6410298,-4.791648741121645
1714079200.6411428,-4.756624610335738
1714079200.6412556,-4.728605129100658
1714079200.6413686,-4.700585647865577
1714079200.6414814,-4.6737335346363205
1714079200.6415944,-4.651551334946244
1714079200.6417072,-4.6258665897228095
1714079200.6418202,-4.603684390032733
1714079200.6419332,-4.569827627252649
1714079200.642046,-4.539473410005923
1714079200.642159,-4.510286119249131
1714079200.6422718,-4.478764092480694
1714079200.6423848,-4.446074697706434
1714079200.6424975,-4.422725130010534
1714079200.6426105,-4.39820819430881
1714079200.6427233,-4.376025994618733
1714079200.6428363,-4.353843794928657
1714079200.6429493,-4.3328294047602895
1714079200.643062,-4.309479395548502
1714079200.6431751,-4.282627723835132
1714079200.643288,-4.252273065072519
1714079200.643401,-4.223086215831615
1714079200.6435137,-4.1892290115356445
1714079200.6436267,-4.1577069847672075
1714079200.6437395,-4.128520135526304
1714079200.6438525,-4.095830740752043
1714079200.6439655,-4.068978627522786
1714079200.6440783,-4.0409591462877055
1714079200.6441913,-4.0082697515134456
1714079200.644304,-3.974412988733362
1714079200.644417,-3.934718502892388
1714079200.6445298,-3.8891867355064105
1714079200.6446428,-3.84248760011461
1714079200.6447556,-3.7922859191894527
1714079200.6448686,-3.7385816927309388
1714079200.6449816,-3.689547600569548
1714079200.6450944,-3.6381785516385676
1714079200.6452074,-3.5856419139438205
1714079200.6453202,-3.534272644254896
1714079200.6454332,-3.477066093020969
1714079200.645546,-3.415189849005805
1714079200.645659,-3.3533133842326976
1714079200.6457717,-3.28209709238123
1714079200.6458848,-3.2108808005297624
1714079200.6459975,-3.1326596383695247
1714079200.6461105,-3.0497683419121633
1714079200.6462235,-2.969212222982336
1714079200.6463363,-2.881651233743738
1714079200.6464493,-2.797592790038497
1714079200.646562,-2.7076968440303095
1714079200.646675,-2.6166333092583547
1714079200.646788,-2.51856490417763
1714079200.646901,-2.4216640878606723
1714079200.6470137,-2.3084185741565846
1714079200.6471267,-2.1963404284583197
1714079200.6472397,-2.0807599579846414
1714079200.6473525,-1.95583943967466
1714079200.6474655,-1.8297516637378268
1714079200.6475782,-1.7059987341916119
1714079200.6476912,-1.574073455951832
1714079200.647804,-1.442148177712052
1714079200.647917,-1.307887942702682
1714079200.6480298,-1.1701252725389268
1714079200.6481428,-1.0276926888359916
1714079200.6482558,-0.8829251483634666
1714079200.6483686,-0.7323202159669664
1714079200.6484816,-0.5793803268008761
1714079200.6485944,-0.42177046890611997
1714079200.6487074,-0.2583232466821317
1714079200.6488202,-0.0925410469924962
1714079200.6489332,0.06741693036423789
1714079200.649046,0.2379023918399104
1714079200.649159,0.4025492955137182
1714079200.6492717,0.5683639535197504
1714079200.6493847,0.7341785563362969
1714079200.6494977,0.8988254600101047
1714079200.6496105,1.0693109697765772
1714079200.6497235,1.2409640683068168
1714079200.6498363,1.4137849763587669
1714079200.6499493,1.5901089818389327
1714079200.650062,1.7640975890336212
1714079200.650175,1.936918497085571
1714079200.6502879,2.105068498187595
1714079200.6504009,2.269715291482431
1714079200.650514,2.432026907249733
1714079200.6506267,2.5884999169243703
1714079200.6507397,2.7438051170772972
1714079200.6508524,2.896774918944747
1714079200.6509655,3.049744720812197
1714079200.6510782,3.2015469339158797
1714079200.6511912,3.351013527976142
1714079200.651304,3.5004803427943476
1714079200.651417,3.6382699454272234
1714079200.65153,3.777227136823866
1714079200.6516428,3.9080107653582536
1714079200.6517558,4.032955346284089
1714079200.6518686,4.148558775583902
1714079200.6519816,4.257155347753454
1714079200.6520944,4.3669201709606025
1714079200.6522074,4.468510769031665
1714079200.6523201,4.567766189575195
1714079200.6524332,4.665853359081127
1714079200.6525462,4.754599376961036
1714079200.652659,4.843345394840947
1714079200.652772,4.923917187584771
1714079200.6528847,4.992811768143265
1714079200.6529977,5.058203803168403
1714079200.6531105,5.115421171541567
1714079200.6532235,5.166800375337954
1714079200.6533363,5.213508782563386
1714079200.6534493,5.254378583696153
1714079200.653562,5.292913207301387
1714079200.653675,5.330279579869023
1714079200.653788,5.359472610332348
1714079200.6539009,5.385162212230541
1714079200.6540139,5.408516195085313
1714079200.6541266,5.4236963943198875
1714079200.6542397,5.438876593554461
1714079200.6543524,5.443547390125415
1714079200.6544654,5.4470503771746595
1714079200.6545782,5.443547390125415
1714079200.6546912,5.441212212597882
1714079200.6548042,5.436541416026928
1714079200.654917,5.427199381369131
1714079200.65503,5.416689978705512
1714079200.6551428,5.4050132080360695
1714079200.6552558,5.391000376807319
1714079200.6553686,5.375820177572744
1714079200.6554816,5.358304800810637
1714079200.6555943,5.337285995483398
1714079200.6557074,5.31743499967787
1714079200.6558204,5.29408057530721
1714079200.6559331,5.267223605403194
1714079200.6560462,5.245036990554244
1714079200.656159,5.215844401606807
1714079200.656272,5.188986990186903
1714079200.6563847,5.162129578766999
1714079200.6564977,5.135272167347095
1714079200.6566105,5.1095825654489015
1714079200.6567235,5.081557786023175
1714079200.6568363,5.057035993646692
1714079200.6569493,5.029010772705078
1714079200.6570623,5.002153802801061
1714079200.657175,4.971792962816026
1714079200.657288,4.941432564346878
1714079200.6574008,4.91107216587773
1714079200.6575139,4.880711767408583
1714079200.6576266,4.850351368939434
1714079200.6577396,4.818823160948576
1714079200.6578524,4.797804797137225
1714079200.6579654,4.770947385717321
1714079200.6580784,4.746425593340838
1714079200.6581912,4.721903359448468
1714079200.6583042,4.696213757550274
1714079200.658417,4.669356787646258
1714079200.65853,4.6401637571829335
1714079200.6586428,4.612138977757207
1714079200.6587558,4.578275150722927
1714079200.6588686,4.551418180818911
1714079200.6589816,4.521057782349763
1714079200.6590946,4.496535548457393
1714079200.6592073,4.469678578553376
1714079200.6593204,4.441653357611762
1714079200.6594331,4.415963755713569
1714079200.6595461,4.384435547722711
1714079200.659659,4.355242958775273
1714079200.659772,4.317876144691749
1714079200.6598847,4.285180568695068
1714079200.6599977,4.240807780513057
1714079200.6601107,4.204608775951244
1714079200.6602235,4.161403355775056
1714079200.6603365,4.124036541691533
1714079200.6604493,4.083166740558766
1714079200.6605623,4.042296939425998
1714079200.660675,4.000259770287408
1714079200.660788,3.9558865405895087
1714079200.6609008,3.9091781333640765
1714079200.6610138,3.8554637520401562
1714079200.6611266,3.7959107646235712
1714079200.6612396,3.73986076425623
1714079200.6613526,3.674468949989036
1714079200.6614654,3.61258034352903
1714079200.6615784,3.54718875001978
1714079200.6616912,3.480629346988819
1714079200.6618042,3.4164053422433356
1714079200.661917,3.34400733311971
1714079200.66203,3.2692739257106074
1714079200.6621428,3.187534323445073
1714079200.6622558,3.1057947211795383
1714079200.6623688,3.0170489240575717
1714079200.6624815,2.9212967113212303
1714079200.6625946,2.8220415115356445
1714079200.6627073,2.723954121271769
1714079200.6628203,2.6200279041572854
1714079200.662933,2.5161019078007447
1714079200.6630461,2.40750511487325
1714079200.663159,2.297740512424045
1714079200.663272,2.1833048926459417
1714079200.663385,2.066534095340305
1714079200.6634977,1.9427568824202925
1714079200.6636107,1.8119735850228202
1714079200.6637235,1.6823579867680867
1714079200.6638365,1.5434006849924722
1714079200.6639493,1.4032755736951474
1714079200.6640623,1.2619828736340557
1714079200.664175,1.1171869657657765
1714079200.664288,0.9688879604692812
1714079200.6644008,0.8194213112195332
1714079200.6645138,0.6687868524480749
1714079200.6646268,0.5123138979629234
1714079200.6647396,0.3546732443350333
1714079200.6648526,0.1911940398039641
1714079200.6649654,0.027714835272894964
1714079200.6650784,-0.14040773665463482
1714079200.6651912,-0.3131948135517261
1714079200.6653042,-0.4848144120640225
1714079200.665417,-0.6611039241154988
1714079200.66553,-0.8327235226277951
1714079200.665643,-1.0066780779096816
1714079200.6657557,-1.1794650996172868
1714079200.6658688,-1.348749796549479
1714079200.6659815,-1.5203693398722895
1714079200.6660945,-1.6896540368044817
1714079200.6662073,-1.8624409481331152
1714079200.6663203,-2.0305582770594843
1714079200.666433,-2.2045126667729127
1714079200.666546,-2.374964952468872
1714079200.666659,-2.5407471038677074
1714079200.666772,-2.703026709733186
1714079200.666885,-2.8618042115811946
1714079200.6669977,-3.01591157913208
1714079200.6671107,-3.1641814443800182
1714079200.6672235,-3.3101165736163103
1714079200.6673365,-3.4513815685554783
1714079200.6674492,-3.5891442387192334
1714079200.6675622,-3.723404584107575
1714079200.6676753,-3.8529947951987937
1714079200.667788,-3.9814176382841886
1714079200.667901,-4.10283539030287
1714079200.6680138,-4.220751038304082
1714079200.6681268,-4.33166159523858
1714079200.6682396,-4.435567502622251
1714079200.6683526,-4.531300950933385
1714079200.6684654,-4.624699221716987
1714079200.6685784,-4.709925474943938
1714079200.6686912,-4.790481373115822
1714079200.6688042,-4.866367799264413
1714079200.6689172,-4.93524913434629
1714079200.66903,-5.005297837433991
1714079200.669143,-5.064839345437509
1714079200.6692557,-5.120878307907669
1714079200.6693687,-5.16757744329947
1714079200.6694815,-5.21427657869127
1714079200.6695945,-5.251636328520598
1714079200.6697073,-5.281990545767324
1714079200.6698203,-5.310010027002405
1714079200.6699333,-5.327522313153302
1714079200.670046,-5.347369335315845
1714079200.670159,-5.357876971915916
1714079200.6702719,-5.369551535005923
1714079200.670385,-5.374221448545103
1714079200.6704977,-5.375388816550926
1714079200.6706107,-5.375388816550926
1714079200.6707234,-5.369551535005923
1714079200.6708364,-5.363714253460919
1714079200.6709495,-5.352039248855025
1714079200.6710622,-5.338029508237486
1714079200.6711752,-5.320517663602476
1714079200.671288,-5.298335463912398
1714079200.671401,-5.277320632228145
1714079200.6715138,-5.249301150993064
1714079200.6716268,-5.22361640576963
1714079200.6717396,-5.19676473405626
1714079200.6718526,-5.169912620827003
1714079200.6719654,-5.141893139591923
1714079200.6720784,-5.116208394368489
1714079200.6721914,-5.089356281139232
1714079200.6723042,-5.060169431898329
1714079200.6724172,-5.028647405129892
1714079200.67253,-4.997125378361455
1714079200.672643,-4.963268615581371
1714079200.6727557,-4.927076675273754
1714079200.6728687,-4.89672201651114
1714079200.6729815,-4.86403262173688
1714079200.6730945,-4.834845772495976
1714079200.6732075,-4.807993659266719
1714079200.6733203,-4.781141546037461
1714079200.6734333,-4.760127155869095
1714079200.673546,-4.730939865112305
1714079200.673659,-4.701753015871401
1714079200.6737719,-4.67256572511461
1714079200.6738849,-4.638708962334527
1714079200.6739976,-4.6083547450878
1714079200.6741107,-4.575664908797652
1714079200.6742237,-4.547645427562572
1714079200.6743364,-4.5196259463274915
1714079200.6744494,-4.498611556159125
1714079200.6745622,-4.471759442929868
1714079200.6746752,-4.453079788773148
1714079200.674788,-4.432064957088894
1714079200.674901,-4.404045475853814
1714079200.6750138,-4.377193362624556
1714079200.6751268,-4.345671335856119
1714079200.6752396,-4.316484486615216
1714079200.6753526,-4.283795091840956
1714079200.6754656,-4.2534404330783415
1714079200.6755784,-4.227756129370795
1714079200.6756914,-4.200904016141538
1714079200.6758041,-4.178721816451461
1714079200.6759171,-4.153037071228027
1714079200.67603,-4.12735276752048
1714079200.676143,-4.09466337274622
1714079200.6762557,-4.063141345977783
1714079200.6763687,-4.026949405670166
1714079200.6764817,-3.983752815811722
1714079200.6765945,-3.9452256979765714
1714079200.6767075,-3.9020291081181275
1714079200.6768203,-3.864669799804687
1714079200.6769333,-3.82380794595789
1714079200.677046,-3.782946092111093
1714079200.677159,-3.744418974275942
1714079200.6772718,-3.696552470878318
1714079200.6773849,-3.647518378716928
1714079200.6774979,-3.59264678425259
1714079200.6776106,-3.531937687485306
1714079200.6777236,-3.472396179481789
1714079200.6778364,-3.404682433163678
1714079200.6779494,-3.3358010980818005
1714079200.6780622,-3.262249849460743
1714079200.6781752,-3.1945358823846886
1714079200.678288,-3.1221522225273977
1714079200.678401,-3.0474333851425732
1714079200.678514,-2.9657098982069225
1714079200.6786268,-2.883986190513328
1714079200.6787398,-2.795257833268907
1714079200.6788526,-2.700691752963596
1714079200.6789656,-2.602623568640815
1714079200.6790783,-2.49755029325132
1714079200.6791914,-2.391309649856002
1714079200.6793041,-2.2839014176969172
1714079200.6794171,-2.1706559039928295
1714079200.67953,-2.0585777582945646
1714079200.679643,-1.9394947422875297
1714079200.679756,-1.8215792046652899
1714079200.6798687,-1.6978263854980467
1714079200.6799817,-1.5694035424126518
1714079200.6800945,-1.4363107857880768
1714079200.6802075,-1.2985481156243217
1714079200.6803203,-1.1572830103061817
1714079200.6804333,-1.0090130346792714
1714079200.680546,-0.8584080470932854
1714079200.680659,-0.7043006795424002
1714079200.680772,-0.5513607903763099
1714079200.6808848,-0.39725339523068176
1714079200.6809978,-0.2431460000850536
1714079200.6811106,-0.08203372773196961
1714079200.6812236,0.07325547436873117
1714079200.6813364,0.2367346926971718
1714079200.6814494,0.39787847134802073
1714079200.6815622,0.5683639535197504
1714079200.6816752,0.7400171072394759
1714079200.6817882,0.91283796010194
1714079200.681901,1.08565886815389
1714079200.682014,1.25847977620584
1714079200.6821268,1.4301328747360793
1714079200.6822398,1.5994506853598134
1714079200.6823525,1.7664329873190985
1714079200.6824656,1.9334152892783836
1714079200.6825783,2.0992298920949297
1714079200.6826913,2.2650444949114763
1714079200.682804,2.4285236994425454
1714079200.682917,2.593170713495325
1714079200.6830301,2.762488524119059
1714079200.683143,2.925967728650128
1714079200.683256,3.0836083270885326
1714079200.6833687,3.236578128955982
1714079200.6834817,3.3848771342524775
1714079200.6835945,3.5250021351708303
1714079200.6837075,3.6592887507544622
1714079200.6838202,3.7924073360584396
1714079200.6839333,3.916184548978452
1714079200.6840463,4.041129571420175
1714079200.684159,4.161403355775056
1714079200.684272,4.278174153080693
1714079200.6843848,4.392609772858796
1714079200.6844978,4.497703357979103
1714079200.6846106,4.599293956050166
1714079200.6847236,4.689207783451787
1714079200.6848364,4.775618182288276
1714079200.6849494,4.852686987982856
1714079200.6850624,4.925084997106481
1714079200.6851752,4.993979577664976
1714079200.6852882,5.055868184124981
1714079200.685401,5.121259777634232
1714079200.685514,5.174974600474039
1714079200.6856267,5.22985679131967
1714079200.6857398,5.276565198545103
1714079200.6858525,5.319770177205403
1714079200.6859655,5.352466194717972
1714079200.6860785,5.380490974143699
1714079200.6861913,5.403845398514359
1714079200.6863043,5.422528584798177
1714079200.686417,5.434205796983506
1714079200.68653,5.445883009168837
1714079200.686643,5.454056792789035
1714079200.686756,5.455224602310746
1714079200.6868687,5.455224602310746
1714079200.6869817,5.454056792789035
1714079200.6870944,5.450553805739791
1714079200.6872075,5.443547390125415
1714079200.6873205,5.431870177940086
1714079200.6874332,5.417857788227222
1714079200.6875463,5.4015097794709375
1714079200.687659,5.38399440270883
1714079200.687772,5.36063997833817
1714079200.6878848,5.340788982532642
1714079200.6879978,5.315099380634448
1714079200.6881106,5.2917453977796765
1714079200.6882236,5.266055795881483
1714079200.6883366,5.245036990554244
1714079200.6884494,5.21934738865605
1714079200.6885624,5.193657786757857
1714079200.6886752,5.167968184859664
1714079200.6887882,5.139943405433937
1714079200.688901,5.114253803535743
1714079200.689014,5.081557786023175
1714079200.6891267,5.053532565081561
1714079200.6892397,5.0231721666124125
1714079200.6893528,4.992811768143265
1714079200.6894655,4.964786988717538
1714079200.6895785,4.935594399770101
1714079200.6896913,4.91107216587773
1714079200.6898043,4.885382563979537
1714079200.689917,4.85735778455381
1714079200.69003,4.835171169704861
1714079200.6901429,4.807146390279134
1714079200.6902559,4.78028897885923
1714079200.6903687,4.752263757917616
1714079200.6904817,4.720735991442645
1714079200.6905947,4.69154296097932
1714079200.6907074,4.660014752988462
1714079200.6908205,4.635492960611979
1714079200.6909332,4.607468181186252
1714079200.6910462,4.584113756815592
1714079200.691159,4.557256786911576
1714079200.691272,4.532734553019205
1714079200.6913848,4.505877583115189
1714079200.6914978,4.476684552651864
1714079200.6916108,4.441653357611762
1714079200.6917236,4.4077899720933695
1714079200.6918366,4.370423158009847
1714079200.6919494,4.337727582013165
1714079200.6920624,4.300360767929642
1714079200.6921751,4.268832559938784
1714079200.6922882,4.2349691744203914
1714079200.692401,4.201105347386113
1714079200.692514,4.1660741523460105
1714079200.692627,4.126372160734953
1714079200.6927397,4.0843345500804755
1714079200.6928527,4.03645877484922
1714079200.6929655,3.9885825581020775
1714079200.6930785,3.933700367256447
1714079200.6931913,3.883488531465883
1714079200.6933043,3.829774150141963
1714079200.693417,3.7737241497746217
1714079200.69353,3.720009326934814
1714079200.693643,3.6616241490399393
1714079200.6937559,3.603238750387121
1714079200.6938689,3.5413501439271147
1714079200.6939816,3.4712875330889665
1714079200.6940947,3.397721935201574
1714079200.6942074,3.322988527792471
1714079200.6943204,3.2424167350486472
1714079200.6944332,3.1583417344976352
1714079200.6945462,3.070763526139436
1714079200.694659,2.980849919495759
1714079200.694772,2.8909363128520824
1714079200.694885,2.7975197191591614
1714079200.6949978,2.7005999176590527
1714079200.6951108,2.59900931958799
1714079200.6952236,2.4892447171387846
1714079200.6953366,2.3794801146895797
1714079200.6954494,2.261541507862232
1714079200.6955624,2.1424350915131742
1714079200.6956751,2.0128194932584407
1714079200.6957881,1.8878746915746616
1714079200.6959012,1.752420487227263
1714079200.696014,1.6193016811653418
1714079200.696127,1.4826797776752048
1714079200.6962397,1.3437224758995903
1714079200.6963527,1.2024296654595268
1714079200.6964655,1.0541307705420033
1714079200.6965785,0.9069994091987609
1714079200.6966913,0.751694209045834
1714079200.6968043,0.5975566528461597
1714079200.6969173,0.4340774483150906
1714079200.69703,0.2705982161892785
1714079200.697143,0.10595131251547071
1714079200.6972558,-0.06218656069702572
1714079200.6973689,-0.2268012751031805
1714079200.6974816,-0.3960859168458868
1714079200.6975946,-0.5630355742242601
1714079200.6977074,-0.7323202159669664
1714079200.6978204,-0.9051072928640577
1714079200.6979332,-1.081396804915534
1714079200.6980462,-1.2506813914687545
1714079200.6981592,-1.4258034803249218
1714079200.698272,-1.6020929371869121
1714079200.698385,-1.7783825044278745
1714079200.6984978,-1.9511695261354798
1714079200.6986108,-2.1216215910734952
1714079200.6987236,-2.2909062880056874
1714079200.6988366,-2.4531861146291094
1714079200.6989493,-2.615465720494588
1714079200.6990623,-2.77074067680924
1714079200.6991754,-2.928350589893482
1714079200.6992881,-3.0801230006747775
1714079200.6994011,-3.2318954114560725
1714079200.699514,-3.3825002334736007
1714079200.699627,-3.530770319479483
1714079200.6997397,-3.673202903182418
1714079200.6998527,-3.806295659806993
1714079200.6999655,-3.9370532389040345
1714079200.7000785,-4.063141345977783
1714079200.7001915,-4.177554448445638
1714079200.7003043,-4.291967550913492
1714079200.7004173,-4.394705648775454
1714079200.70053,-4.499778924164948
1714079200.700643,-4.595512372476083
1714079200.7007558,-4.6842407297205035
1714079200.7008688,-4.772969086964925
1714079200.7009816,-4.852358058646873
1714079200.7010946,-4.93057922080711
1714079200.7012074,-4.994790642349808
1714079200.7013204,-5.059002063892505
1714079200.7014334,-5.106868567290129
1714079200.7015462,-5.154735070687753
1714079200.7016592,-5.197932102062084
1714079200.701772,-5.235291410375524
1714079200.701885,-5.265646069138138
1714079200.7019978,-5.298335463912398
1714079200.7021108,-5.319349854080765
1714079200.7022235,-5.342699421776665
1714079200.7023365,-5.355541794388382
1714079200.7024496,-5.368384167000099
1714079200.7025623,-5.378891362084282
1714079200.7026753,-5.382393907617639
1714079200.702788,-5.384729085145173
1714079200.7029011,-5.375388816550926
1714079200.703014,-5.369551535005923
1714079200.703127,-5.356709162394205
1714079200.7032397,-5.345034599304199
1714079200.7033527,-5.325187577141655
1714079200.7034657,-5.305340113463225
1714079200.7035785,-5.2854930913006815
1714079200.7036915,-5.263310891610605
1714079200.7038043,-5.242296501442238
1714079200.7039173,-5.220114301752161
1714079200.70403,-5.193262188522904
1714079200.704143,-5.165242707287823
1714079200.7042558,-5.13488804852521
1714079200.7043688,-5.102198653750949
1714079200.7044818,-5.0671740814491555
1714079200.7045946,-5.0403224097357855
1714079200.7047076,-5.001795291900635
1714079200.7048204,-4.9714410746539075
1714079200.7049334,-4.942253783897117
1714079200.7050462,-4.914234302662036
1714079200.7051592,-4.88854999895449
1714079200.705272,-4.8593627081976996
1714079200.705385,-4.831343226962619
1714079200.7054977,-4.8009885682000055
1714079200.7056108,-4.768299173425745
1714079200.7057238,-4.735609778651485
1714079200.7058365,-4.701753015871401
1714079200.7059495,-4.671398357108787
1714079200.7060623,-4.63987633034035
1714079200.7061753,-4.61769457216616
1714079200.706288,-4.589674649415192
1714079200.706401,-4.568660259246826
1714079200.706514,-4.548813237084283
1714079200.706627,-4.523128491860849
1714079200.70674,-4.497443746637415
1714079200.7068527,-4.469424265402335
1714079200.7069657,-4.437902238633897
1714079200.7070785,-4.411050566920528
1714079200.7071915,-4.3806959081579135
1714079200.7073042,-4.353843794928657
1714079200.7074172,-4.329326859226933
1714079200.70753,-4.305977291531033
1714079200.707643,-4.286129827852602
1714079200.707756,-4.262780260156702
1714079200.7078688,-4.235928146927445
1714079200.7079818,-4.209076475214075
1714079200.7080946,-4.176386638923927
1714079200.7082076,-4.143697244149667
1714079200.7083204,-4.105170567830403
1714079200.7084334,-4.067811259516963
1714079200.7085462,-4.0351218647427025
1714079200.7086592,-3.9989299244350853
1714079200.708772,-3.9650727201391147
1714079200.708885,-3.9335511348865646
1714079200.708998,-3.896191385057237
1714079200.7091107,-3.8553299727263273
1714079200.7092237,-3.81446811887953
1714079200.7093365,-3.766601173966019
1714079200.7094495,-3.711729579501682
1714079200.7095623,-3.660360530570701
1714079200.7096753,-3.6008190225671837
1714079200.709788,-3.5436124713332564
1714079200.709901,-3.4852385520935054
1714079200.710014,-3.426864632853755
1714079200.7101269,-3.3673231248502375
1714079200.71024,-3.3042790713133634
1714079200.7103527,-3.235397736231486
1714079200.7104657,-3.165349033143785
1714079200.7105784,-3.0859602822197805
1714079200.7106915,-3.005404163289953
1714079200.7108042,-2.921345719584712
1714079200.7109172,-2.8291145960489907
1714079200.7110302,-2.739218650040803
1714079200.711143,-2.644652790493435
1714079200.711256,-2.547751974176477
1714079200.7113688,-2.4520185258653426
1714079200.7114818,-2.3504477960092047
1714079200.7115946,-2.24303956385012
1714079200.7117076,-2.1332963749214455
1714079200.7118204,-2.0177159044477673
1714079200.7119334,-1.8986328884407324
1714079200.7120464,-1.7748800692734894
1714079200.7121592,-1.6452897478032995
1714079200.7122722,-1.5110295127939295
1714079200.712385,-1.3744343210149694
1714079200.712498,-1.2331692156968292
1714079200.7126107,-1.0942390671482791
1714079200.7127237,-0.9541414402149341
1714079200.7128365,-0.8035365078184339
1714079200.7129495,-0.6564340105763188
1714079200.7130623,-0.5058290229903327
1714079200.7131753,-0.3505541770546524
1714079200.7132883,-0.19294434675463923
1714079200.713401,-0.030664596016760224
1714079200.713514,0.13631173857936152
1714079200.7136269,0.30095864225316926
1714079200.7137399,0.4714440968301561
1714079200.7138526,0.6372587548361884
1714079200.7139657,0.8042410567954734
1714079200.7140784,0.9712233587547584
1714079200.7141914,1.133534864143089
1714079200.7143044,1.3016849756240845
1714079200.7144172,1.4674995784406308
1714079200.7145302,1.6333141812571772
1714079200.714643,1.8002964832164623
1714079200.714756,1.9731175016473839
1714079200.7148688,2.140099693227697
1714079200.7149818,2.308249694329721
1714079200.7150946,2.4728967083825
1714079200.7152076,2.6340405146280923
1714079200.7153206,2.7905135243027295
1714079200.7154334,2.9399801183629917
1714079200.7155464,3.0894469331811973
1714079200.7156591,3.234242730670505
1714079200.7157722,3.3755355411105685
1714079200.715885,3.5191635290781655
1714079200.715998,3.6592887507544622
1714079200.7161107,3.7959107646235712
1714079200.7162237,3.931364748213026
1714079200.7163365,4.057477138660572
1714079200.7164495,4.17775136453134
1714079200.7165625,4.289851365266022
1714079200.7166753,4.394944950386329
1714079200.7167883,4.495368180451569
1714079200.716901,4.588784553386547
1714079200.717014,4.677530571266456
1714079200.7171268,4.765108779624656
1714079200.7172399,4.846848381890191
1714079200.7173526,4.926252365112305
1714079200.7174656,4.9998181837576405
1714079200.7175786,5.0640419677451805
1714079200.7176914,5.127098383726897
1714079200.7178044,5.180813206566705
1714079200.7179172,5.225185994748716
1714079200.7180302,5.266055795881483
1714079200.718143,5.301086990921585
1714079200.718256,5.331447389390733
1714079200.7183688,5.359472610332348
1714079200.7184818,5.38165878366541
1714079200.7185948,5.402677588992648
1714079200.7187076,5.417857788227222
1714079200.7188206,5.430702809934263
1714079200.7189333,5.440044403076172
1714079200.7190464,5.444715199647126
1714079200.7191591,5.444715199647126
1714079200.7192721,5.4377087840327505
1714079200.719385,5.4330379874617964
1714079200.719498,5.4236963943198875
1714079200.719611,5.413186991656268
1714079200.7197237,5.399174601943404
1714079200.7198367,5.38399440270883
1714079200.7199495,5.365310774909125
1714079200.7200625,5.350130575674551
1714079200.7201753,5.3326151989124435
1714079200.7202883,5.312764203106915
1714079200.720401,5.289409778736255
1714079200.720514,5.267223605403194
1714079200.7206268,5.24036619398329
1714079200.7207398,5.215844401606807
1714079200.7208529,5.187819180665192
1714079200.7209656,5.157458782196045
1714079200.7210786,5.129434002770318
1714079200.7211914,5.096737985257749
1714079200.7213044,5.069880573837845
1714079200.7214172,5.037184997841163
1714079200.7215302,5.01149539594297
1714079200.721643,4.984637984523067
1714079200.721756,4.9589483826248735
1714079200.721869,4.932090971204969
1714079200.7219818,4.906401369306776
1714079200.7220948,4.872537983788384
1714079200.7222075,4.84451276284677
1714079200.7223206,4.815320173899332
1714079200.7224333,4.784959775430185
1714079200.7225463,4.755767186482747
1714079200.722659,4.732412762112087
1714079200.7227721,4.709058779257315
1714079200.7228851,4.681033558315701
1714079200.722998,4.662350372031883
1714079200.723111,4.635492960611979
1714079200.7232237,4.609803358713785
1714079200.7233367,4.582946388809769
1714079200.7234495,4.5537533583464445
1714079200.7235625,4.518722163306342
1714079200.7236753,4.4895295743589045
1714079200.7237883,4.4580013663680464
1714079200.723901,4.428808777420609
1714079200.724014,4.404286985044126
1714079200.724127,4.372758777053267
1714079200.7242398,4.345901365633364
1714079200.7243528,4.315540967164216
1714079200.7244656,4.280509772124113
1714079200.7245786,4.2443107675623
1714079200.7246914,4.203440966429533
1714079200.7248044,4.161403355775056
1714079200.7249172,4.119365745120578
1714079200.7250302,4.073825147416856
1714079200.7251432,4.030620168756555
1714079200.725256,3.983911761531123
1714079200.725369,3.937203354305691
1714079200.7254817,3.8928305661236795
1714079200.7255948,3.839115743283872
1714079200.7257075,3.7842335524382413
1714079200.7258205,3.7293513615926104
1714079200.7259333,3.6639595473254167
1714079200.7260463,3.597400144294456
1714079200.7261593,3.528505342978018
1714079200.726272,3.4561073338543924
1714079200.726385,3.382541735967
1714079200.726498,3.3089761380796077
1714079200.726611,3.2319073323850276
1714079200.7267237,3.1525031284049705
1714079200.7268367,3.0695957166177252
1714079200.7269495,2.9820177290174694
1714079200.7270625,2.888600914566605
1714079200.7271755,2.7905135243027295
1714079200.7272882,2.6889227054737233
1714079200.7274013,2.583829120353416
1714079200.727514,2.47172889886079
1714079200.727627,2.360796707647818
1714079200.7277398,2.2451934991059477
1714079200.7278528,2.1260873035148338
1714079200.7279656,2.008148696687486
1714079200.7280786,1.8808684967182299
1714079200.7281914,1.7535881863700018
1714079200.7283044,1.6228047785935578
1714079200.7284174,1.485015175960682
1714079200.7285302,1.344890175042329
1714079200.7286432,1.1977588688885723
1714079200.728756,1.0471244653065999
1714079200.728869,0.8953223625818888
1714079200.7289817,0.7400171072394759
1714079200.7290947,0.5847118518970631
1714079200.7292075,0.42707119826917295
1714079200.7293205,0.265927392023581
1714079200.7294335,0.10361589353393624
1714079200.7295463,-0.059851603927435694
1714079200.7296593,-0.22913623187277052
1714079200.729772,-0.3995883520002718
1714079200.729885,-0.5735428796874152
1714079200.7299979,-0.7474974349693015
1714079200.730111,-0.9296243941342388
1714079200.7302237,-1.1047463726114344
1714079200.7303367,-1.2810359398523965
1714079200.7304497,-1.454990439944797
1714079200.7305624,-1.6266100936465793
1714079200.7306755,-1.7982296369693895
1714079200.7307882,-1.96751422352261
1714079200.7309012,-2.1367989204548024
1714079200.731014,-2.3025810718536377
1714079200.731127,-2.468363223252473
1714079200.7312398,-2.635312963415075
1714079200.7313528,-2.795257833268907
1714079200.7314656,-2.9563700711285623
1714079200.7315786,-3.115147352218628
1714079200.7316916,-3.265752174236156
1714079200.7318044,-3.4140222602420383
1714079200.7319174,-3.5517849304057934
1714079200.7320302,-3.6883800118057812
1714079200.7321432,-3.8226401364361795
1714079200.732256,-3.9487282435099282
1714079200.732369,-4.073648541061966
1714079200.7324817,-4.193898925074825
1714079200.7325947,-4.310647205070213
1714079200.7327077,-4.421557762004711
1714079200.7328205,-4.5301331414116754
1714079200.7329335,-4.629369135256167
1714079200.7330463,-4.720432670028121
1714079200.7331593,-4.804491113733362
1714079200.733272,-4.8862148214269565
1714079200.733385,-4.9527609789813
1714079200.7334979,-5.018140210045709
1714079200.7336109,-5.081183822066695
1714079200.7337239,-5.132553312513563
1714079200.7338367,-5.18625709745619
1714079200.7339497,-5.2317888648421675
1714079200.7340624,-5.270315982677318
1714079200.7341754,-5.305340113463225
1714079200.7342882,-5.3333595946983055
1714079200.7344012,-5.355541794388382
1714079200.734514,-5.375388816550926
1714079200.734627,-5.3858964531509965
1714079200.7347398,-5.3917337346959995
1714079200.7348528,-5.399906193768536
1714079200.7349658,-5.394068912223533
1714079200.7350786,-5.392901102701822
1714079200.7351916,-5.384729085145173
1714079200.7353044,-5.374221448545103
1714079200.7354174,-5.362546885455096
1714079200.7355301,-5.348537144837556
1714079200.7356431,-5.332192226692482
1714079200.735756,-5.315847750063296
1714079200.735869,-5.293665550373218
1714079200.735982,-5.269148173155608
1714079200.7360947,-5.243463869448061
1714079200.7362077,-5.21427657869127
1714079200.7363205,-5.1839223614445435
1714079200.7364335,-5.151232966670284
1714079200.7365463,-5.120878307907669
1714079200.7366593,-5.092858826672589
1714079200.736772,-5.062504167909975
1714079200.736885,-5.034484686674895
1714079200.736998,-5.011135118978994
1714079200.7371109,-4.9819482697380915
1714079200.7372239,-4.9504262429696535
1714079200.7373366,-4.92007158420704
1714079200.7374496,-4.885047453421133
1714079200.7375624,-4.852358058646873
1714079200.7376754,-4.820836031878436
1714079200.7377882,-4.7858114595766414
1714079200.7379012,-4.7589593463473845
1714079200.7380142,-4.730939865112305
1714079200.738127,-4.7052555614047575
1714079200.73824,-4.683073361714681
1714079200.7383528,-4.656221248485424
1714079200.7384658,-4.629369135256167
1714079200.7385786,-4.60251702202691
1714079200.7386916,-4.569827627252649
1714079200.7388043,-4.539473410005923
1714079200.7389174,-4.510286119249131
1714079200.7390301,-4.478764092480694
1714079200.7391431,-4.449577243239791
1714079200.7392561,-4.427395043549714
1714079200.739369,-4.40287810784799
1714079200.739482,-4.381863276163736
1714079200.7395947,-4.3596810764736595
1714079200.7397077,-4.3328294047602895
1714079200.7398205,-4.307144659536856
1714079200.7399335,-4.275622632768418
1714079200.7400463,-4.245267974005805
1714079200.7401593,-4.2160811247649015
1714079200.7402723,-4.182224361984818
1714079200.740385,-4.153037071228027
1714079200.740498,-4.125017589992947
1714079200.7406108,-4.09816547676369
1714079200.7407238,-4.070145995528609
1714079200.7408366,-4.042126514293529
1714079200.7409496,-4.005934573985912
1714079200.7410624,-3.969742633678295
1714079200.7411754,-3.9300485893532078
1714079200.7412884,-3.8856841899730536
1714079200.7414012,-3.83781768657543
1714079200.7415142,-3.79111855118363
1714079200.741627,-3.743251606270119
1714079200.74174,-3.694217514108728
1714079200.7418528,-3.649853335486518
1714079200.7419658,-3.6008190225671837
1714079200.7420785,-3.5412775145636664
1714079200.7421916,-3.4852385520935054
1714079200.7423043,-3.419859762544985
1714079200.7424173,-3.3568157090081105
1714079200.7425303,-3.28209709238123
1714079200.742643,-3.2085458437601724
1714079200.7427561,-3.125654547302811
1714079200.742869,-3.0486009739063404
1714079200.742982,-2.9645423094431558
1714079200.7430947,-2.876981320204558
1714079200.7432077,-2.795257833268907
1714079200.7433205,-2.7041942984969527
1714079200.7434335,-2.610795806955408
1714079200.7435465,-2.510392665863037
1714079200.7436593,-2.4076543472431324
1714079200.7437723,-2.2979111583144576
1714079200.743885,-2.1881679693857827
1714079200.743998,-2.069084953378748
1714079200.7441108,-1.9476672013600667
1714079200.7442238,-1.82624911820447
1714079200.7443366,-1.7001613422676367
1714079200.7444496,-1.5729059775670369
1714079200.7445626,-1.443315656096847
1714079200.7446754,-1.3102228994722718
1714079200.7447884,-1.1759626644629018
1714079200.7449012,-1.0323626023751717
1714079200.7450142,-0.8875950619026466
1714079200.745127,-0.7393250862757365
1714079200.74524,-0.5828827619552612
1714079200.7453527,-0.4264403824453
1714079200.7454658,-0.26883055214528684
1714079200.7455788,-0.10655080830609356
1714079200.7456915,0.05340442337371685
1714079200.7458045,0.21454821582193725
1714079200.7459173,0.379195119495745
1714079200.7460303,0.5391711990038554
1714079200.746143,0.7061535561526263
1714079200.746256,0.8731358581119113
1714079200.746369,1.0401182704501681
1714079200.746482,1.214106767265885
1714079200.7465947,1.3857599761750963
1714079200.7467077,1.5597485833697848
1714079200.7468207,1.7337371905644734
1714079200.7469335,1.9007194925237583
1714079200.7470465,2.0700373031474926
1714079200.7471592,2.232348698156851
1714079200.7472723,2.3911571061169656
1714079200.747385,2.5523009123625577
1714079200.747498,2.706438523751718
1714079200.7476108,2.8594083256191674
1714079200.7477238,3.0158811145358615
1714079200.7478368,3.171186535446732
1714079200.7479496,3.3194855407432273
1714079200.7480626,3.4654489269963014
1714079200.7481754,3.606741737436365
1714079200.7482884,3.741028132262053
1714079200.7484012,3.865973154703776
1714079200.7485142,3.9874147485803673
1714079200.748627,4.101850368358471
1714079200.74874,4.215118178614864
1714079200.748853,4.3213795732568805
1714079200.7489657,4.428808777420609
1714079200.7490788,4.530399375491672
1714079200.7491915,4.628486986513491
1714079200.7493045,4.720735991442645
1714079200.7494173,4.809481567806667
1714079200.7495303,4.886550373501247
1714079200.749643,4.960116192146583
1714079200.749756,5.024339976134123
1714079200.7498689,5.083893405066596
1714079200.7499819,5.139943405433937
1714079200.750095,5.186651371143482
1714079200.7502077,5.235695397412335
1714079200.7503207,5.276565198545103
1714079200.7504334,5.313932012628626
1714079200.7505465,5.347795398147017
1714079200.7506592,5.376987987094455
1714079200.7507722,5.398006792421694
1714079200.750885,5.416689978705512
1714079200.750998,5.4283671908908415
1714079200.751111,5.4330379874617964
1714079200.7512238,5.4377087840327505
1714079200.7513368,5.436541416026928
1714079200.7514496,5.4330379874617964
1714079200.7515626,5.430702809934263
1714079200.7516754,5.422528584798177
1714079200.7517884,5.412019182134557
1714079200.7519011,5.4015097794709375
1714079200.7520142,5.3874973897580745
1714079200.7521272,5.373485000045211
1714079200.75224,5.355969181767216
1714079200.752353,5.336118185961688
1714079200.7524657,5.316267190156159
1714079200.7525787,5.289409778736255
1714079200.7526915,5.266055795881483
1714079200.7528045,5.241534003505
1714079200.7529173,5.211173605035852
1714079200.7530303,5.185484003137659
1714079200.7531433,5.159794401239465
1714079200.753256,5.131769180297852
1714079200.753369,5.106079578399658
1714079200.7534819,5.080389976501465
1714079200.7535949,5.051197387554027
1714079200.7537076,5.027842963183367
1714079200.7538207,4.997482564714219
1714079200.7539334,4.971792962816026
1714079200.7540464,4.940265196341055
1714079200.7541592,4.908736988350197
1714079200.7542722,4.883047386452003
1714079200.7543852,4.855022165510389
1714079200.754498,4.8269973860846624
1714079200.754611,4.803642961714003
1714079200.7547238,4.77912116933752
1714079200.7548368,4.758102364010281
1714079200.7549496,4.732412762112087
1714079200.7550626,4.70205236364294
1714079200.7551754,4.6763627617447465
1714079200.7552884,4.646002363275598
1714079200.7554014,4.615641964806451
1714079200.7555141,4.586449375859013
1714079200.7556272,4.557256786911576
1714079200.75574,4.529231565969962
1714079200.755853,4.504709773593478
1714079200.7559657,4.477852362173575
1714079200.7560787,4.449827582747847
1714079200.7561915,4.422970171327944
1714079200.7563045,4.392609772858796
1714079200.7564175,4.3575785778186935
1714079200.7565303,4.322547382778591
1714079200.7566433,4.284012759173358
1714079200.756756,4.2443107675623
1714079200.756869,4.206943953478778
1714079200.7569818,4.168409771389431
1714079200.7570949,4.133378576349329
1714079200.7572076,4.0936761432223845
1714079200.7573206,4.052806342089617
1714079200.7574334,4.010769172951027
1714079200.7575464,3.9663959432531284
1714079200.7576594,3.9138489299350314
1714079200.7577722,3.8613023581328214
1714079200.7578852,3.8075875352930137
1714079200.757998,3.7456989288330074
1714079200.758111,3.6861459414164224
1714079200.7582238,3.6277605427636037
1714079200.7583368,3.564704347539831
1714079200.7584496,3.5004803427943476
1714079200.7585626,3.4350885285271535
1714079200.7586756,3.362690740161472
1714079200.7587883,3.287957332752369
1714079200.7589014,3.207385540008545
1714079200.7590141,3.1221427299358226
1714079200.7591271,3.032229123292146
1714079200.75924,2.9376447200775146
1714079200.759353,2.841892728099116
1714079200.7594657,2.742637307555587
1714079200.7595787,2.639879120720757
1714079200.7596917,2.539456111413461
1714079200.7598045,2.4308590977280224
1714079200.7599175,2.3210944952788175
1714079200.7600303,2.208994494544135
1714079200.7601433,2.0852175023820663
1714079200.760256,1.9626080989837644
1714079200.760369,1.8353277886355364
1714079200.7604818,1.7033766817163536
1714079200.7605948,1.5655870790834778
1714079200.7607076,1.4254620781651248
1714079200.7608206,1.2841692677250613
1714079200.7609336,1.1428765676639698
1714079200.7610464,0.9969129606529518
1714079200.7611594,0.8486140105459424
1714079200.7612722,0.7003150052494472
1714079200.7613852,0.5450097499070343
1714079200.761498,0.38503367039892405
1714079200.761611,0.22622530383092385
1714079200.7617238,0.06274609240116896
1714079200.7618368,-0.10771829358957431
1714079200.7619498,-0.27350049327920983
1714079200.7620625,-0.44628754258155817
1714079200.7621756,-0.6179071686885974
1714079200.7622883,-0.7883592336266129
1714079200.7624013,-0.9541414402149341
1714079200.762514,-1.1269285723015114
1714079200.7626271,-1.2938782020851416
1714079200.76274,-1.466665223792747
1714079200.762853,-1.6347824423401442
1714079200.762966,-1.8075694640477498
1714079200.7630787,-1.97918900737056
1714079200.7631917,-2.1554785746115224
1714079200.7633045,-2.3247632715437145
1714079200.7634175,-2.49288037971214
1714079200.7635303,-2.657495163105152
1714079200.7636433,-2.816272444195217
1714079200.763756,-2.9750497252852828
1714079200.763869,-3.1221522225273977
1714079200.763982,-3.2704223085332798
1714079200.7640948,-3.4163572170116283
1714079200.7642078,-3.561124757484153
1714079200.7643206,-3.7012223844174983
1714079200.7644336,-3.83781768657543
1714079200.7645464,-3.966240529660825
1714079200.7646594,-4.091160827212863
1714079200.7647722,-4.207908665692364
1714079200.7648852,-4.3223217681602195
1714079200.764998,-4.423892498016357
1714079200.765111,-4.525463227872495
1714079200.765224,-4.618861940171983
1714079200.7653368,-4.704087751883048
1714079200.7654498,-4.789314005109999
1714079200.7655625,-4.8651999897427025
1714079200.7656755,-4.93991904788547
1714079200.7657883,-5.007632573445638
1714079200.7659013,-5.069509258976689
1714079200.766014,-5.126715589452672
1714079200.766127,-5.17224735683865
1714079200.7662401,-5.21894649223045
1714079200.766353,-5.252803696526421
1714079200.766466,-5.284325723294859
1714079200.7665787,-5.308842658996582
1714079200.7666917,-5.331024858686659
1714079200.7668045,-5.348537144837556
1714079200.7669175,-5.361379075933385
1714079200.7670302,-5.371886712533456
1714079200.7671432,-5.377723994078459
1714079200.7672563,-5.381226539611816
1714079200.767369,-5.380059171605993
1714079200.767482,-5.375388816550926
1714079200.7675948,-5.3707189030117455
1714079200.7677078,-5.357876971915916
1714079200.7678206,-5.345034599304199
1714079200.7679336,-5.325187577141655
1714079200.7680464,-5.304172745457402
1714079200.7681594,-5.278488000233968
1714079200.7682722,-5.255138432538067
1714079200.7683852,-5.2317888648421675
1714079200.7684982,-5.203769383607087
1714079200.768611,-5.18158718391701
1714079200.768724,-5.154735070687753
1714079200.7688367,-5.129050766980206
1714079200.7689497,-5.098696108217593
1714079200.7690625,-5.066006713443332
1714079200.7691755,-5.032149950663248
1714079200.7692883,-4.997125378361455
1714079200.7694013,-4.963268615581371
1714079200.7695143,-4.927076675273754
1714079200.769627,-4.899057194038673
1714079200.76974,-4.86403262173688
1714079200.7698529,-4.837180508507623
1714079200.769966,-4.810328395278365
1714079200.7700787,-4.786978827582465
1714079200.7701917,-4.757791978341562
1714079200.7703044,-4.728605129100658
1714079200.7704175,-4.701753015871401
1714079200.7705305,-4.66906362109714
1714079200.7706432,-4.63637422632288
1714079200.7707562,-4.6095221130936235
1714079200.770869,-4.580334822336832
1714079200.770982,-4.555817886635109
1714079200.7710948,-4.532468318939209
1714079200.7712078,-4.5137886647824885
1714079200.7713206,-4.4927738330982345
1714079200.7714336,-4.469424265402335
1714079200.7715466,-4.442572152173077
1714079200.7716594,-4.415720480459708
1714079200.7717724,-4.385365821697094
1714079200.7718852,-4.355011162934479
1714079200.7719982,-4.324656945687753
1714079200.772111,-4.296637464452672
1714079200.772224,-4.268617983217593
1714079200.7723367,-4.241765869988336
1714079200.7724497,-4.219583670298258
1714079200.7725625,-4.196234102602358
1714079200.7726755,-4.165879443839744
1714079200.7727885,-4.13669259459884
1714079200.7729013,-4.10283539030287
1714079200.7730143,-4.067811259516963
1714079200.773127,-4.028116773675989
1714079200.77324,-3.9884227293509023
1714079200.7733529,-3.9487282435099282
1714079200.7734659,-3.907866389663131
1714079200.7735786,-3.8705070813496905
1714079200.7736917,-3.8308125955087164
1714079200.7738047,-3.7922859191894527
1714079200.7739174,-3.744418974275942
1714079200.7740304,-3.6988874276479082
1714079200.7741432,-3.645183421947338
1714079200.7742562,-3.5891442387192334
1714079200.774369,-3.5284353627098928
1714079200.774482,-3.4653913091730186
1714079200.7745948,-3.401179887630321
1714079200.7747078,-3.3334661413122104
1714079200.7748208,-3.266919762999923
1714079200.7749336,-3.1968708391542786
1714079200.7750466,-3.125654547302811
1714079200.7751594,-3.05093593067593
1714079200.7752724,-2.9727147685156927
1714079200.7753851,-2.889823692816275
1714079200.7754982,-2.8010951148139105
1714079200.775611,-2.708864212036133
1714079200.775724,-2.607293482179995
1714079200.7758367,-2.5068901203296803
1714079200.7759497,-2.4018168449401855
1714079200.7760627,-2.2944088335390442
1714079200.7761755,-2.1846656446103694
1714079200.7762885,-2.0714199101483377
1714079200.7764013,-1.9546720716688366
1714079200.7765143,-1.8355890556618017
1714079200.776627,-1.710668647730792
1714079200.77674,-1.5787433694910118
1714079200.7768528,-1.443315656096847
1714079200.7769659,-1.3008830723939118
1714079200.7770789,-1.1561155319213867
1714079200.7771916,-1.0078455562944766
1714079200.7773046,-0.8549056119389004
1714079200.7774174,-0.7054681579271952
1714079200.7775304,-0.5513607903763099
1714079200.7776432,-0.3984208736154768
1714079200.7777562,-0.24081104331546357
1714079200.777869,-0.08787112655463042
1714079200.777982,0.07325547436873117
1714079200.778095,0.23556696595969023
1714079200.7782078,0.4025492955137182
1714079200.7783208,0.573034750090705
1714079200.7784336,0.7411848063822145
1714079200.7785466,0.9151734135769031
1714079200.7786593,1.0879942664393671
1714079200.7787724,1.2561442675413907
1714079200.7788851,1.4231266798796476
1714079200.7789981,1.5901089818389327
1714079200.7791111,1.7582589829409563
1714079200.779224,1.9217382978509971
1714079200.779337,2.0875529006675437
1714079200.7794497,2.2545350922478566
1714079200.7795627,2.4215175045861135
1714079200.7796755,2.5896675056881375
1714079200.7797885,2.754314519740917
1714079200.7799013,2.9166259147502758
1714079200.7800143,3.071931335661146
1714079200.780127,3.2225657392431186
1714079200.78024,3.3673615367324263
1714079200.780353,3.5063189488870123
1714079200.7804658,3.642940741998178
1714079200.7805789,3.7737241497746217
1714079200.7806916,3.9080107653582536
1714079200.7808046,4.032955346284089
1714079200.7809174,4.157900368725811
1714079200.7810304,4.278174153080693
1714079200.7811432,4.390274153815375
1714079200.7812562,4.4988711675008135
1714079200.7813692,4.596958778522632
1714079200.781482,4.69154296097932
1714079200.781595,4.775618182288276
1714079200.7817078,4.852686987982856
1714079200.7818208,4.928587984155725
1714079200.7819335,4.996315196708396
1714079200.7820466,5.0640419677451805
1714079200.7821593,5.124763206199363
1714079200.7822723,5.185484003137659
1714079200.7823853,5.231024600841381
1714079200.7824981,5.278900376072636
1714079200.7826111,5.315099380634448
1714079200.782724,5.350130575674551
1714079200.782837,5.376987987094455
1714079200.7829497,5.396838982899983
1714079200.7830627,5.408516195085313
1714079200.7831755,5.4283671908908415
1714079200.7832885,5.436541416026928
1714079200.7834013,5.4470503771746595
1714079200.7835143,5.44821818669637
1714079200.7836273,5.451721615261501
1714079200.78374,5.452888983267324
1714079200.783853,5.443547390125415
1714079200.7839658,5.440044403076172
1714079200.7840788,5.424864203841597
1714079200.7841916,5.4143548011779785
1714079200.7843046,5.396838982899983
1714079200.7844174,5.3781557966161655
1714079200.7845304,5.355969181767216
1714079200.7846434,5.337285995483398
1714079200.7847562,5.315099380634448
1714079200.7848692,5.2917453977796765
1714079200.784982,5.267223605403194
1714079200.785095,5.245036990554244
1714079200.7852077,5.21701176961263
1714079200.7853208,5.193657786757857
1714079200.7854335,5.16563300733213
1714079200.7855465,5.139943405433937
1714079200.7856596,5.1095825654489015
1714079200.7857723,5.079222166979754
1714079200.7858853,5.048861768510606
1714079200.785998,5.017334002035635
1714079200.786111,4.989308781094021
1714079200.786224,4.960116192146583
1714079200.786337,4.93325878072668
1714079200.7864497,4.908736988350197
1714079200.7865627,4.884215195973714
1714079200.7866755,4.859692962081343
1714079200.7867885,4.8316681826556165
1714079200.7869015,4.801307784186469
1714079200.7870142,4.773282563244854
1714079200.7871273,4.745257783819127
1714079200.78724,4.71489738534998
1714079200.787353,4.689207783451787
1714079200.7874658,4.658847384982638
1714079200.7875788,4.634325592606156
1714079200.7876916,4.612138977757207
1714079200.7878046,4.586449375859013
1714079200.7879176,4.563094951488353
1714079200.7880304,4.533902362540916
1714079200.7881434,4.507044951121012
1714079200.7882562,4.474349375124331
1714079200.7883692,4.441653357611762
1714079200.788482,4.4077899720933695
1714079200.788595,4.372758777053267
1714079200.7887077,4.343565746589943
1714079200.7888207,4.309702361071551
1714079200.7889338,4.280509772124113
1714079200.7890465,4.246645945089835
1714079200.7891595,4.2116147500497325
1714079200.7892723,4.1754157454879195
1714079200.7893853,4.1298751477841975
1714079200.789498,4.08783753712972
1714079200.789611,4.037626142855044
1714079200.7897239,3.9885825581020775
1714079200.789837,3.93486773526227
1714079200.78995,3.8823211634600603
1714079200.7900627,3.832109327669497
1714079200.7901757,3.778394946345576
1714079200.7902884,3.7235127554999456
1714079200.7904015,3.6662949456108938
1714079200.7905142,3.6020709408654104
1714079200.7906272,3.537846936119927
1714079200.79074,3.466616736518012
1714079200.790853,3.3930511386306197
1714079200.7909658,3.314814523414329
1714079200.7910788,3.236578128955982
1714079200.7911918,3.15133531888326
1714079200.7913046,3.067260318332248
1714079200.7914176,2.980849919495759
1714079200.7915304,2.89443952065927
1714079200.7916434,2.802190515730116
1714079200.7917562,2.706438523751718
1714079200.7918692,2.6048477049227112
1714079200.791982,2.4985863102806936
1714079200.792095,2.3888217078314886
1714079200.792208,2.269715291482431
1714079200.7923207,2.154112303698504
1714079200.7924337,2.030335090778492
1714079200.7925465,1.904222700330946
1714079200.7926595,1.7757746908399792
1714079200.7927723,1.6473266813490124
1714079200.7928853,1.5130401761443526
1714079200.792998,1.3764182726542153
1714079200.793111,1.2362932717358623
1714079200.793224,1.0879942664393671
1714079200.7933369,0.9396952611428719
1714079200.7934499,0.784390005800459
1714079200.7935627,0.6279170513153076
1714079200.7936757,0.46443784678423844
1714079200.7937884,0.3032940681333895
1714079200.7939014,0.1374794515194716
1714079200.7940142,-0.029497117631965213
1714079200.7941272,-0.19411182513943423
1714079200.79424,-0.35989403172775547
1714079200.794353,-0.5280111674909238
1714079200.794466,-0.6996307660032202
1714079200.7945788,-0.8677479293611314
1714079200.7946918,-1.0440373862231218
1714079200.7948046,-1.216824518309699
1714079200.7949176,-1.3919464967868946
1714079200.7950304,-1.5670685856430617
1714079200.7951434,-1.7375206505810772
1714079200.7952561,-1.9103076722886827
1714079200.7953691,-2.0760900444454617
1714079200.7954822,-2.24303956385012
1714079200.795595,-2.4029844337039523
1714079200.795708,-2.565264039569431
1714079200.7958207,-2.7205389958840827
1714079200.7959337,-2.880483865737915
1714079200.7960465,-3.0357586012946234
1714079200.7961595,-3.1922009256150985
1714079200.7962723,-3.3416386003847474
1714079200.7963853,-3.4887410976268627
1714079200.7964983,-3.6323410493356207
1714079200.796611,-3.7677689834877293
1714079200.796724,-3.8973591945789474
1714079200.7968369,-4.022279492130986
1714079200.7969499,-4.139027330610487
1714079200.7970626,-4.254608242600052
1714079200.7971756,-4.36435099001284
1714079200.7972884,-4.469424265402335
1714079200.7974014,-4.567492891241002
1714079200.7975144,-4.66322589803625
1714079200.7976272,-4.754289432808204
1714079200.7977402,-4.833678404490152
1714079200.797853,-4.9130669346562135
1714079200.797966,-4.978445724204734
1714079200.7980788,-5.042657145747432
1714079200.7981918,-5.096361372205946
1714079200.7983046,-5.147730421136926
1714079200.7984176,-5.1897596429895465
1714079200.7985303,-5.229454128830521
1714079200.7986434,-5.263310891610605
1714079200.7987564,-5.291330372845684
1714079200.7988691,-5.3170151180691185
1714079200.7989821,-5.338029508237486
1714079200.799095,-5.354374426382559
1714079200.799208,-5.363714253460919
1714079200.7993207,-5.3707189030117455
1714079200.7994337,-5.373054080539279
1714079200.7995465,-5.3707189030117455
1714079200.7996595,-5.366048989472565
1714079200.7997725,-5.354374426382559
1714079200.7998853,-5.346201967310022
1714079200.7999983,-5.328689681159125
1714079200.800111,-5.312345204529938
1714079200.800224,-5.297167654390688
1714079200.8003368,-5.277320632228145
1714079200.8004498,-5.259808346077247
1714079200.8005626,-5.239961323914704
1714079200.8006756,-5.21894649223045
1714079200.8007886,-5.19092701099537
1714079200.8009014,-5.165242707287823
1714079200.8010144,-5.13488804852521
1714079200.8011272,-5.103366021756773
1714079200.8012402,-5.071843994988336
1714079200.801353,-5.042657145747432
1714079200.801466,-5.0134702965065285
1714079200.8015788,-4.983115637743914
1714079200.8016918,-4.956263524514657
1714079200.8018045,-4.9294114112854
1714079200.8019176,-4.90139193005032
1714079200.8020306,-4.875707626342773
1714079200.8021433,-4.841850422046802
1714079200.8022563,-4.811496204800076
1714079200.802369,-4.7799741780316385
1714079200.8024821,-4.746117415251555
1714079200.802595,-4.714595388483118
1714079200.802708,-4.686575907248038
1714079200.8028207,-4.65972379401878
1714079200.8029337,-4.634039048795347
1714079200.8030467,-4.61302465862698
1714079200.8031595,-4.585004735876012
1714079200.8032725,-4.562822977701822
1714079200.8033853,-4.537138232478389
1714079200.8034983,-4.504448837704128
1714079200.803611,-4.475261988463225
1714079200.803724,-4.443739961694788
1714079200.8038368,-4.414552670937997
1714079200.8039498,-4.38770055770874
1714079200.8040628,-4.357346340462013
1714079200.8041756,-4.339834054311116
1714079200.8042886,-4.315317118609393
1714079200.8044014,-4.2954696549309626
1714079200.8045144,-4.265115437684235
1714079200.8046272,-4.239430692460801
1714079200.8047402,-4.2102438432198985
1714079200.804853,-4.178721816451461
1714079200.804966,-4.142529876143843
1714079200.805079,-4.1098404813695835
1714079200.8051918,-4.074815909067789
1714079200.8053048,-4.04329432381524
1714079200.8054175,-4.012939665052626
1714079200.8055305,-3.9814176382841886
1714079200.8056433,-3.947560875504105
1714079200.8057563,-3.9113689351964878
1714079200.805869,-3.8716744493555137
1714079200.805982,-3.821472768430356
1714079200.806095,-3.7771088105660895
1714079200.806208,-3.7245719521133984
1714079200.806321,-3.670867946412828
1714079200.8064337,-3.6136613951789007
1714079200.8065467,-3.55995738947833
1714079200.8066595,-3.506253163019816
1714079200.8067725,-3.4478792437800654
1714079200.8068852,-3.3883377357765476
1714079200.8069983,-3.32412631423385
1714079200.807111,-3.2552449791519726
1714079200.807224,-3.1816937305309154
1714079200.807337,-3.1011376116010876
1714079200.8074498,-3.0205814926712597
1714079200.8075628,-2.9341878714384855
1714079200.8076756,-2.846626882199888
1714079200.8077886,-2.755563347427933
1714079200.8079014,-2.6691699469531023
1714079200.8080144,-2.5699341738665544
1714079200.8081272,-2.47420072555542
1714079200.8082402,-2.3737973637051053
1714079200.8083532,-2.265221763540197
1714079200.808466,-2.1578135313811124
1714079200.808579,-2.0398981041378446
1714079200.8086917,-1.9231500449003995
1714079200.8088048,-1.7958946801997997
1714079200.8089175,-1.6698067938839947
1714079200.8090305,-1.5390489940290097
1714079200.8091433,-1.4047887590196397
1714079200.8092563,-1.2705286343892415
1714079200.809369,-1.1304310074558963
1714079200.809482,-0.9938358156769364
1714079200.809595,-0.8455657848605402
1714079200.8097079,-0.7019657227728101
1714079200.809821,-0.5478583552219249
1714079200.8099337,-0.39258345409675877
1714079200.8100467,-0.23263866702715555
1714079200.8101594,-0.06919144480316727
1714079200.8102725,0.09777734952944296
1714079200.8103852,0.2647596928808424
1714079200.8104982,0.432909721577609
1714079200.8106112,0.599892051131637
1714079200.810724,0.7657067091376693
1714079200.810837,0.9326890662864402
1714079200.8109498,1.1008390673884638
1714079200.8110628,1.2666536702050102
1714079200.8111756,1.4383068791142215
1714079200.8112886,1.6076245793589838
1714079200.8114014,1.7816131865536724
1714079200.8115144,1.9544340946056222
1714079200.8116274,2.1260873035148338
1714079200.8117402,2.295404893380624
1714079200.8118532,2.455381110862449
1714079200.811966,2.616524917108041
1714079200.812079,2.770662307739258
1714079200.8121917,2.9224645208429405
1714079200.8123047,3.0695957166177252
1714079200.8124175,3.2202301201996977
1714079200.8125305,3.365026138446949
1714079200.8126435,3.5098219359362566
1714079200.8127563,3.652282335140087
1714079200.8128693,3.790072158530906
1714079200.812982,3.922023155071117
1714079200.813095,4.045800367991129
1714079200.8132079,4.16724196186772
1714079200.8133209,4.275838975553159
1714079200.8134336,4.383268179716887
1714079200.8135467,4.482523158744529
1714079200.8136594,4.5806107697663485
1714079200.8137724,4.671691965173792
1714079200.8138855,4.763940970102945
1714079200.8139982,4.846848381890191
1714079200.8141112,4.928587984155725
1714079200.814224,5.003321170806885
1714079200.814337,5.071048383359556
1714079200.8144498,5.132936989819561
1714079200.8145628,5.183148384094238
1714079200.8146756,5.2321924103630915
1714079200.8147886,5.271894401974148
1714079200.8149016,5.310428584063494
1714079200.8150144,5.343124601576063
1714079200.8151274,5.37114938100179
1714079200.8152401,5.395671614894161
1714079200.8153532,5.416689978705512
1714079200.815466,5.436541416026928
1714079200.815579,5.4470503771746595
1714079200.8156917,5.455224602310746
1714079200.8158047,5.455224602310746
1714079200.8159177,5.455224602310746
1714079200.8160305,5.450553805739791
1714079200.8161435,5.441212212597882
1714079200.8162563,5.430702809934263
1714079200.8163693,5.4190255977489326
1714079200.816482,5.403845398514359
1714079200.816595,5.3874973897580745
1714079200.8167078,5.373485000045211
1714079200.8168209,5.354801813761393
1714079200.8169336,5.333783008434154
1714079200.8170466,5.31743499967787
1714079200.8171597,5.290577588257966
1714079200.8172724,5.270726592452437
1714079200.8173854,5.241534003505
1714079200.8174982,5.218179579134341
1714079200.8176112,5.190154799708614
1714079200.817724,5.160961769245288
1714079200.817837,5.132936989819561
1714079200.8179498,5.106079578399658
1714079200.8180628,5.080389976501465
1714079200.8181758,5.052365197075738
1714079200.8182886,5.029010772705078
1714079200.8184016,5.000985993279351
1714079200.8185143,4.976464200902868
1714079200.8186274,4.947271170439543
1714079200.8187401,4.9180785814921055
1714079200.8188531,4.888885992544668
1714079200.818966,4.85735778455381
1714079200.819079,4.8269973860846624
1714079200.819192,4.797804797137225
1714079200.8193047,4.769779576195611
1714079200.8194177,4.742922164775707
1714079200.8195305,4.720735991442645
1714079200.8196435,4.696213757550274
1714079200.8197563,4.670524155652081
1714079200.8198693,4.646002363275598
1714079200.819982,4.615641964806451
1714079200.820095,4.5852815663373026
1714079200.8202078,4.556088977389865
1714079200.8203208,4.523392959877296
1714079200.8204339,4.491864751886438
1714079200.8205466,4.463839972460711
1714079200.8206596,4.436982561040807
1714079200.8207724,4.40662216257166
1714079200.8208854,4.379764751151756
1714079200.8209982,4.348236543160898
1714079200.8211112,4.3167087766859265
1714079200.821224,4.277006343558982
1714079200.821337,4.240807780513057
1714079200.82145,4.198770169858579
1714079200.8215628,4.153229572154857
1714079200.8216758,4.113527139027913
1714079200.8217885,4.067986541324191
1714079200.8219016,4.025949372185601
1714079200.8220143,3.9850795710528337
1714079200.8221273,3.9383711638274015
1714079200.82224,3.893997934129503
1714079200.8223531,3.841451362327293
1714079200.8224661,3.7842335524382413
1714079200.822579,3.724680565021656
1714079200.822692,3.6616241490399393
1714079200.8228047,3.595064746008979
1714079200.8229177,3.5296729317417848
1714079200.8230305,3.4537719355689154
1714079200.8231435,3.383709324730767
1714079200.8232563,3.3101437268433744
1714079200.8233693,3.2354105401922153
1714079200.8234823,3.157173924975925
1714079200.823595,3.073098924424913
1714079200.823708,2.979682330731992
1714079200.8238208,2.888600914566605
1714079200.8239338,2.7881781260172525
1714079200.8240466,2.6819165106172913
1714079200.8241596,2.5756551159752736
1714079200.8242724,2.4658905135260687
1714079200.8243854,2.354958101555153
1714079200.8244982,2.24169029129876
1714079200.8246112,2.1237519052293563
1714079200.8247242,1.9999746923093442
1714079200.824837,1.8820360854819969
1714079200.82495,1.7535881863700018
1714079200.8250628,1.6193016811653418
1714079200.8251758,1.4803443793897275
1714079200.8252885,1.341387077614113
1714079200.8254015,1.1930880723176178
1714079200.8255143,1.0471244653065999
1714079200.8256273,0.8941546634391502
1714079200.8257403,0.7411848063822145
1714079200.825853,0.5870472501825403
1714079200.8259661,0.4294065965546502
1714079200.826079,0.2705982161892785
1714079200.826192,0.10828673149700517
1714079200.8263047,-0.05634916187436492
1714079200.8264177,-0.2268012751031805
1714079200.8265305,-0.39725339523068176
1714079200.8266435,-0.5712079229178252
1714079200.8267565,-0.7463299565845065
1714079200.8268692,-0.9272894373646489
1714079200.8269823,-1.1012439374570493
1714079200.827095,-1.2728635911588315
1714079200.827208,-1.450320526405617
1714079200.8273208,-1.618437744953014
1714079200.8274338,-1.7900572882758246
1714079200.8275466,-1.9628443099834298
1714079200.8276596,-2.1309614181518555
1714079200.8277724,-2.3002461150840476
1714079200.8278854,-2.46953081201624
1714079200.8279984,-2.637647920184665
1714079200.8281112,-2.8034300715835005
1714079200.8282242,-2.9622073526735657
1714079200.828337,-3.1198172657578076
1714079200.82845,-3.269254719769513
1714079200.8285627,-3.415189849005805
1714079200.8286757,-3.55762243270874
1714079200.8287885,-3.691882557339138
1714079200.8289015,-3.82380794595789
1714079200.8290145,-3.9510629795215744
1714079200.8291273,-4.074815909067789
1714079200.8292403,-4.197401470608181
1714079200.829353,-4.3118145730760356
1714079200.829466,-4.420390393998887
1714079200.8295789,-4.525463227872495
1714079200.829692,-4.62236448570534
1714079200.8298047,-4.711092842949761
1714079200.8299177,-4.791648741121645
1714079200.8300307,-4.867535167270236
1714079200.8301435,-4.941086415891294
1714079200.8302565,-5.002962659906458
1714079200.8303692,-5.064839345437509
1714079200.8304822,-5.119710939901846
1714079200.830595,-5.169912620827003
1714079200.830708,-5.215444388212981
1714079200.8308208,-5.256306242059778
1714079200.8309338,-5.290163004839862
1714079200.8310468,-5.320517663602476
1714079200.8311596,-5.340364685765019
1714079200.8312726,-5.360211707927562
1714079200.8313854,-5.371886712533456
1714079200.8314984,-5.380059171605993
1714079200.8316112,-5.383561275623462
1714079200.8317242,-5.387063821156819
1714079200.831837,-5.384729085145173
1714079200.83195,-5.381226539611816
1714079200.8320627,-5.373054080539279
1714079200.8321757,-5.363714253460919
1714079200.8322887,-5.353207058376736
1714079200.8324015,-5.336862140231662
1714079200.8325145,-5.319349854080765
1714079200.8326273,-5.299502831918222
1714079200.8327403,-5.272650718688965
1714079200.832853,-5.248133782987241
1714079200.832966,-5.217779124224627
1714079200.8330789,-5.188592274983724
1714079200.8331919,-5.159404984226933
1714079200.833305,-5.13021813498603
1714079200.8334177,-5.102198653750949
1714079200.8335307,-5.073011804510045
1714079200.8336434,-5.044992323274966
1714079200.8337564,-5.016972400523998
1714079200.8338692,-4.983115637743914
1714079200.8339822,-4.951593610975477
1714079200.834095,-4.917736848195394
1714079200.834208,-4.881544907887776
1714079200.834321,-4.846520335585982
1714079200.8344338,-4.819668663872613
1714079200.8345468,-4.788146637104175
1714079200.8346596,-4.760127155869095
1714079200.8347726,-4.737944956179018
1714079200.8348854,-4.711092842949761
1714079200.8349984,-4.686575907248038
1714079200.8351111,-4.65972379401878
1714079200.8352242,-4.628201767250343
1714079200.835337,-4.600182286015263
1714079200.83545,-4.570994995258472
1714079200.835563,-4.539473410005923
1714079200.8356757,-4.512621296776666
1714079200.8357887,-4.483434006019874
1714079200.8359015,-4.460084438323975
1714079200.8360145,-4.441404784167254
1714079200.8361273,-4.415720480459708
1714079200.8362403,-4.394705648775454
1714079200.836353,-4.367853535546197
1714079200.836466,-4.341001422316939
1714079200.836579,-4.309479395548502
1714079200.8366919,-4.277957810295953
1714079200.8368049,-4.2429332379941584
1714079200.8369176,-4.213746388753255
1714079200.8370306,-4.181056552463107
1714079200.8371434,-4.153037071228027
1714079200.8372564,-4.12735276752048
1714079200.8373692,-4.096998108757867
1714079200.8374822,-4.06664389151114
1714079200.8375952,-4.036289232748526
1714079200.837708,-3.9989299244350853
1714079200.837821,-3.9592354385941113
1714079200.8379338,-3.9195413942690247
1714079200.8380468,-3.8740096268830473
1714079200.8381596,-3.8319804050304267
1714079200.8382726,-3.787616005650273
1714079200.8383853,-3.743251606270119
1714079200.8384984,-3.700055016411675
1714079200.8386114,-3.654523249025698
1714079200.8387241,-3.6031539793367737
1714079200.8388371,-3.55061756239997
1714079200.83895,-3.4934110111660424
1714079200.839063,-3.426864632853755
1714079200.8391757,-3.3626532113110574
1714079200.8392887,-3.2891019626899998
1714079200.8394015,-3.2132157572993525
1714079200.8395145,-3.139664508678295
1714079200.8396273,-3.061443346518057
1714079200.8397403,-2.983221963599876
1714079200.8398533,-2.901498476664225
1714079200.839966,-2.816272444195217
1714079200.840079,-2.727543866192853
1714079200.8401918,-2.635312963415075
1714079200.8403049,-2.5349096015647605
1714079200.8404176,-2.4298365469332093
1714079200.8405306,-2.3235956827799478
1714079200.8406434,-2.209182580312093
1714079200.8407564,-2.093602109838415
1714079200.8408694,-1.975686682595147
1714079200.8409822,-1.856603666588112
1714079200.8410952,-1.734018215426692
1714079200.841208,-1.6067628507260923
1714079200.841321,-1.4783401180196691
1714079200.8414338,-1.345247361395094
1714079200.8415468,-1.208652169616134
1714079200.8416595,-1.0650521075284038
1714079200.8417726,-0.9191170334815978
1714079200.8418856,-0.7661771443155077
1714079200.8419983,-0.6132371999599315
1714079200.8421113,-0.4579623540242513
1714079200.8422241,-0.29918504533944307
1714079200.8423371,-0.14274269342422485
1714079200.84245,0.01603774898857982
1714079200.842563,0.1771815397121288
1714079200.8426757,0.3359899200775005
1714079200.8427887,0.4994690970138267
1714079200.8429015,0.6641160558771204
1714079200.8430145,0.8299306586936668
1714079200.8431275,1.001583867602878
1714079200.8432403,1.1732369661331177
1714079200.8433533,1.3425547767568518
1714079200.843466,1.520046481379756
1714079200.843579,1.6858610841963024
1714079200.8436918,1.8551788948200365
1714079200.8438048,2.020993497636583
1714079200.8439176,2.184472702167652
1714079200.8440306,2.3409457118422896
1714079200.8441436,2.500921708566171
1714079200.8442564,2.66323310357553
1714079200.8443694,2.8255447193428322
1714079200.8444822,2.9820177290174694
1714079200.8445952,3.138490517934163
1714079200.844708,3.2926281293233233
1714079200.844821,3.4350885285271535
1714079200.8449337,3.5787167372526945
1714079200.8450468,3.709499924271195
1714079200.8451598,3.8379479337621616
1714079200.8452725,3.962892956203884
1714079200.8453856,4.081999372552942
1714079200.8454983,4.192931563765914
1714079200.8456113,4.306199374022307
1714079200.845724,4.415963755713569
1714079200.845837,4.518722163306342
1714079200.84595,4.617977583849871
1714079200.846063,4.709058779257315
1714079200.8461757,4.794301368572094
1714079200.8462887,4.870202364744963
1714079200.8464017,4.941432564346878
1714079200.8465145,5.002153802801061
1714079200.8466275,5.062874599739357
1714079200.8467402,5.118924600106698
1714079200.8468533,5.170303803903085
1714079200.846966,5.21701176961263
1714079200.847079,5.263720176838062
1714079200.8471918,5.298751371878164
1714079200.8473048,5.336118185961688
1714079200.8474178,5.365310774909125
1714079200.8475306,5.3874973897580745
1714079200.8476436,5.403845398514359
1714079200.8477564,5.4190255977489326
1714079200.8478694,5.424864203841597
1714079200.8479822,5.429535000412552
1714079200.8480952,5.434205796983506
1714079200.848208,5.431870177940086
1714079200.848321,5.429535000412552
1714079200.848434,5.426032013363308
1714079200.8485467,5.416689978705512
1714079200.8486598,5.409684004607024
1714079200.8487725,5.395671614894161
1714079200.8488855,5.379323606137876
1714079200.8489983,5.361807787859881
1714079200.8491113,5.340788982532642
1714079200.849224,5.319770177205403
1714079200.849337,5.29408057530721
1714079200.84945,5.2730622114958585
1714079200.849563,5.247372609597665
1714079200.849676,5.221683007699472
1714079200.8497887,5.198328583328812
1714079200.8499017,5.172638981430619
1714079200.8500144,5.148117189054136
1714079200.8501275,5.123595396677652
1714079200.8502402,5.096737985257749
1714079200.8503532,5.069880573837845
1714079200.850466,5.040687984890408
1714079200.850579,5.0091597768995495
1714079200.850692,4.981134997473823
1714079200.8508048,4.950774599004674
1714079200.8509178,4.920414200535527
1714079200.8510306,4.893556789115623
1714079200.8511436,4.866699377695719
1714079200.8512564,4.838674598269992
1714079200.8513694,4.8176557929427535
1714079200.8514822,4.789630572001139
1714079200.8515952,4.766276589146367
1714079200.8517082,4.738251368204752
1714079200.851821,4.709058779257315
1714079200.851934,4.682201367837411
1714079200.8520467,4.651840969368263
1714079200.8521597,4.619144951855694
1714079200.8522725,4.5946231594792115
1714079200.8523855,4.570101367102729
1714079200.8524983,4.542076587677002
1714079200.8526113,4.519889972828052
1714079200.8527243,4.493032561408149
1714079200.852837,4.465007781982422
1714079200.85295,4.432311764469853
1714079200.8530629,4.401951366000705
1714079200.8531759,4.368087980482313
1714079200.8532887,4.32955335687708
1714079200.8534017,4.293354352315267
1714079200.8535144,4.257155347753454
1714079200.8536274,4.219788975185818
1714079200.8537402,4.18826076719496
1714079200.8538532,4.147390966062193
1714079200.8539662,4.11119196150038
1714079200.854079,4.071489969889322
1714079200.854192,4.0247815626638905
1714079200.8543048,3.9769053459167476
1714079200.8544178,3.925526142120361
1714079200.8545306,3.8683083322313094
1714079200.8546436,3.8157617604290994
1714079200.8547564,3.7550409634908037
1714079200.8548694,3.698990742365519
1714079200.8549824,3.6406053437127004
1714079200.8550951,3.5775491484889277
1714079200.8552082,3.5179959403143988
1714079200.855321,3.451436537283438
1714079200.855434,3.3767031298743353
1714079200.8555467,3.3019697224652322
1714079200.8556597,3.219062531435931
1714079200.8557725,3.138490517934163
1714079200.8558855,3.049744720812197
1714079200.8559985,2.957495715883043
1714079200.8561113,2.867582109239366
1714079200.8562243,2.770662307739258
1714079200.856337,2.671407107953672
1714079200.85645,2.5744873064535634
1714079200.8565629,2.4682259118115457
1714079200.8566759,2.3584613093623408
1714079200.8567886,2.244025910342181
1714079200.8569016,2.1214165069438793
1714079200.8570147,1.9988071035455772
1714079200.8571274,1.8680236957691332
1714079200.8572404,1.7360725888499506
1714079200.8573532,1.6006183845025521
1714079200.8574662,1.4604932732052271
1714079200.857579,1.3192005731441356
1714079200.857692,1.1767401739403054
1714079200.8578048,1.0307765669292872
1714079200.8579178,0.8813098624900535
1714079200.8580306,0.7295077045758565
1714079200.8581436,0.5695316526624891
1714079200.8582566,0.40955554555963586
1714079200.8583694,0.2460763410285667
1714079200.8584824,0.07909401147453873
1714079200.8585951,-0.08787112655463042
1714079200.8587081,-0.2583232466821317
1714079200.858821,-0.43227780196401805
1714079200.858934,-0.6003949377271863
1714079200.8590467,-0.7685121010850976
1714079200.8591597,-0.940131699597394
1714079200.8592727,-1.1082488077658192
1714079200.8593855,-1.2833708966219866
1714079200.8594985,-1.452655483175207
1714079200.8596113,-1.6254426152617842
1714079200.8597243,-1.8017320721237746
1714079200.859837,-1.9733517258255568
1714079200.85995,-2.146138747533162
1714079200.8600628,-2.3142558557015875
1714079200.8601758,-2.477703050330833
1714079200.8602889,-2.641150465718022
1714079200.8604016,-2.7987601580443204
1714079200.8605146,-2.9505325688256154
1714079200.8606274,-3.1058075251402677
1714079200.8607404,-3.2552449791519726
1714079200.8608532,-3.402347476394088
1714079200.8609662,-3.5494499736362033
1714079200.861079,-3.691882557339138
1714079200.861192,-3.829645227502893
1714079200.8613048,-3.962737984127468
1714079200.8614178,-4.087658281679507
1714079200.8615308,-4.209076475214075
1714079200.8616436,-4.319987032148573
1714079200.8617566,-4.426227675543891
1714079200.8618693,-4.526631037394205
1714079200.8619823,-4.62236448570534
1714079200.862095,-4.711092842949761
1714079200.8622081,-4.798653832188359
1714079200.862321,-4.874539816821063
1714079200.862434,-4.9504262429696535
1714079200.862547,-5.015805032518174
1714079200.8626597,-5.0776817180492255
1714079200.8627727,-5.132553312513563
1714079200.8628855,-5.179252447905363
1714079200.8629985,-5.221281669757984
1714079200.8631113,-5.256306242059778
1714079200.8632243,-5.286660459306504
1714079200.863337,-5.315847750063296
1714079200.86345,-5.334527404220015
1714079200.863563,-5.353207058376736
1714079200.8636758,-5.3707189030117455
1714079200.8637888,-5.378891362084282
1714079200.8639016,-5.387063821156819
1714079200.8640146,-5.389398998684353
1714079200.8641274,-5.387063821156819
1714079200.8642404,-5.383561275623462
1714079200.8643532,-5.377723994078459
1714079200.8644662,-5.361379075933385
1714079200.8645792,-5.352039248855025
1714079200.864692,-5.332192226692482
1714079200.864805,-5.311177836524116
1714079200.8649178,-5.291330372845684
1714079200.8650308,-5.263310891610605
1714079200.8651435,-5.242296501442238
1714079200.8652565,-5.220114301752161
1714079200.8653693,-5.19676473405626
1714079200.8654823,-5.16757744329947
1714079200.865595,-5.13955796206439
1714079200.865708,-5.109203744817663
1714079200.8658211,-5.0776817180492255
1714079200.865934,-5.042657145747432
1714079200.866047,-5.008800382967348
1714079200.8661597,-4.974943178671377
1714079200.8662727,-4.942253783897117
1714079200.8663855,-4.91073175712868
1714079200.8664985,-4.885047453421133
1714079200.8666112,-4.855860162664342
1714079200.8667243,-4.826673313423439
1714079200.8668373,-4.799821200194182
1714079200.86695,-4.769466982947455
1714079200.867063,-4.737944956179018
1714079200.8671758,-4.706422929410581
1714079200.8672888,-4.670230989102964
1714079200.8674016,-4.63987633034035
1714079200.8675146,-4.61302465862698
1714079200.8676274,-4.583837367870189
1714079200.8677404,-4.560487800174289
1714079200.8678534,-4.5406407780117455
1714079200.8679662,-4.514956032788311
1714079200.8680792,-4.4927738330982345
1714079200.868192,-4.467089529390688
1714079200.868305,-4.437902238633897
1714079200.8684177,-4.409882757398817
1714079200.8685308,-4.37836073063038
1714079200.8686435,-4.350341249395299
1714079200.8687565,-4.3223217681602195
1714079200.8688693,-4.293134918919316
